-0.97135 1.92839
-0.97116 1.92824
-0.97097 1.92810
-0.97078 1.92795
-0.97059 1.92780
-0.97040 1.92766
-0.97021 1.92751
-0.97002 1.92736
-0.96983 1.92722
-0.96965 1.92707
-0.96946 1.92692
-0.96927 1.92678
-0.96908 1.92663
-0.96889 1.92648
-0.96870 1.92633
-0.96851 1.92619
-0.96832 1.92604
-0.96813 1.92589
-0.96794 1.92575
-0.96776 1.92560
-0.96757 1.92545
-0.96738 1.92530
-0.96719 1.92516
-0.96700 1.92501
-0.96681 1.92486
-0.96662 1.92471
-0.96643 1.92457
-0.96624 1.92442
-0.96606 1.92427
-0.96587 1.92412
-0.96568 1.92398
-0.96549 1.92383
-0.96530 1.92368
-0.96511 1.92353
-0.96492 1.92339
-0.96473 1.92324
-0.96454 1.92309
-0.96436 1.92294
-0.96417 1.92280
-0.96398 1.92265
-0.96379 1.92250
-0.96360 1.92235
-0.96341 1.92220
-0.96322 1.92206
-0.96303 1.92191
-0.96285 1.92176
-0.96266 1.92161
-0.96247 1.92146
-0.96228 1.92132
-0.96209 1.92117
-0.96190 1.92102
-0.96171 1.92087
-0.96153 1.92072
-0.96134 1.92057
-0.96115 1.92043
-0.96096 1.92028
-0.96077 1.92013
-0.96058 1.91998
-0.96039 1.91983
-0.96021 1.91968
-0.96002 1.91953
-0.95983 1.91939
-0.95964 1.91924
-0.95945 1.91909
-0.95926 1.91894
-0.95908 1.91879
-0.95889 1.91864
-0.95870 1.91849
-0.95851 1.91834
-0.95832 1.91820
-0.95813 1.91805
-0.95794 1.91790
-0.95776 1.91775
-0.95757 1.91760
-0.95738 1.91745
-0.95721 1.91734
-0.95710 1.91736
-0.95699 1.91739
-0.95688 1.91741
-0.95677 1.91743
-0.95666 1.91745
-0.95655 1.91747
-0.95643 1.91750
-0.95632 1.91752
-0.95621 1.91754
-0.95610 1.91756
-0.95599 1.91758
-0.95588 1.91760
-0.95577 1.91763
-0.95566 1.91765
-0.95555 1.91767
-0.95544 1.91769
-0.95533 1.91771
-0.95521 1.91773
-0.95510 1.91776
-0.95499 1.91778
-0.95488 1.91780
-0.95477 1.91782
-0.95466 1.91784
-0.95455 1.91786
-0.95444 1.91788
-0.95433 1.91791
-0.95421 1.91793
-0.95410 1.91795
-0.95399 1.91797
-0.95388 1.91799
-0.95377 1.91801
-0.95366 1.91803
-0.95355 1.91805
-0.95344 1.91808
-0.95333 1.91810
-0.95321 1.91812
-0.95310 1.91814
-0.95299 1.91816
-0.95288 1.91818
-0.95277 1.91820
-0.95266 1.91822
-0.95255 1.91824
-0.95244 1.91827
-0.95232 1.91829
-0.95221 1.91831
-0.95210 1.91833
-0.95199 1.91835
-0.95188 1.91837
-0.95177 1.91839
-0.95166 1.91841
-0.95155 1.91843
-0.95143 1.91845
-0.95132 1.91847
-0.95121 1.91849
-0.95110 1.91852
-0.95099 1.91854
-0.95088 1.91856
-0.95077 1.91858
-0.95065 1.91860
-0.95054 1.91862
-0.95043 1.91864
-0.95032 1.91866
-0.95021 1.91868
-0.95010 1.91870
-0.94999 1.91872
-0.94987 1.91874
-0.94976 1.91876
-0.94965 1.91878
-0.94954 1.91880
-0.94943 1.91882
-0.94932 1.91885
-0.94920 1.91887
-0.94909 1.91889
-0.94898 1.91891
-0.94887 1.91893
-0.94876 1.91895
-0.94865 1.91897
-0.94854 1.91899
-0.94842 1.91901
-0.94831 1.91903
-0.94820 1.91905
-0.94809 1.91907
-0.94798 1.91909
-0.94787 1.91911
-0.94775 1.91913
-0.94764 1.91915
-0.94753 1.91917
-0.94742 1.91919
-0.94731 1.91921
-0.94719 1.91923
-0.94708 1.91925
-0.94697 1.91927
-0.94686 1.91929
-0.94675 1.91931
-0.94664 1.91933
-0.94652 1.91935
-0.94641 1.91937
-0.94630 1.91939
-0.94619 1.91941
-0.94608 1.91943
-0.94596 1.91945
-0.94585 1.91947
-0.94574 1.91949
-0.94563 1.91951
-0.94552 1.91953
-0.94540 1.91955
-0.94529 1.91957
-0.94518 1.91959
-0.94507 1.91961
-0.94496 1.91963
-0.94484 1.91965
-0.94473 1.91967
-0.94462 1.91969
-0.94451 1.91970
-0.94440 1.91972
-0.94428 1.91974
-0.94417 1.91976
-0.94406 1.91978
-0.94395 1.91980
-0.94384 1.91982
-0.94372 1.91984
-0.94361 1.91986
-0.94350 1.91988
-0.94339 1.91990
-0.94328 1.91992
-0.94316 1.91994
-0.94305 1.91996
-0.94294 1.91998
-0.94283 1.92000
-0.94271 1.92001
-0.94260 1.92003
-0.94249 1.92005
-0.94238 1.92007
-0.94227 1.92009
-0.94215 1.92011
-0.94204 1.92013
-0.94193 1.92015
-0.94182 1.92017
-0.94170 1.92019
-0.94159 1.92021
-0.94148 1.92023
-0.94137 1.92024
-0.94126 1.92026
-0.94114 1.92028
-0.94103 1.92030
-0.94092 1.92032
-0.94081 1.92034
-0.94069 1.92036
-0.94058 1.92038
-0.94047 1.92040
-0.94036 1.92041
-0.94024 1.92043
-0.94013 1.92045
-0.94002 1.92047
-0.93991 1.92049
-0.93979 1.92051
-0.93968 1.92053
-0.93957 1.92054
-0.93946 1.92056
-0.93934 1.92058
-0.93923 1.92060
-0.93912 1.92062
-0.93901 1.92064
-0.93889 1.92066
-0.93878 1.92067
-0.93867 1.92069
-0.93856 1.92071
-0.93844 1.92073
-0.93833 1.92075
-0.93822 1.92077
-0.93811 1.92079
-0.93799 1.92080
-0.93788 1.92082
-0.93777 1.92084
-0.93765 1.92086
-0.93754 1.92088
-0.93743 1.92090
-0.93732 1.92091
-0.93720 1.92093
-0.93709 1.92095
-0.93698 1.92097
-0.93687 1.92099
-0.93675 1.92100
-0.93664 1.92102
-0.93653 1.92104
-0.93641 1.92106
-0.93630 1.92108
-0.93619 1.92110
-0.93608 1.92111
-0.93596 1.92113
-0.93585 1.92115
-0.93574 1.92117
-0.93562 1.92118
-0.93551 1.92120
-0.93540 1.92122
-0.93529 1.92124
-0.93517 1.92126
-0.93506 1.92127
-0.93495 1.92129
-0.93483 1.92131
-0.93472 1.92133
-0.93461 1.92135
-0.93450 1.92136
-0.93438 1.92138
-0.93427 1.92140
-0.93416 1.92142
-0.93404 1.92143
-0.93393 1.92145
-0.93382 1.92147
-0.93370 1.92149
-0.93359 1.92150
-0.93348 1.92152
-0.93336 1.92154
-0.93325 1.92156
-0.93314 1.92157
-0.93303 1.92159
-0.93291 1.92161
-0.93280 1.92163
-0.93269 1.92164
-0.93257 1.92166
-0.93246 1.92168
-0.93235 1.92170
-0.93223 1.92171
-0.93212 1.92173
-0.93201 1.92175
-0.93189 1.92177
-0.93178 1.92178
-0.93167 1.92180
-0.93155 1.92182
-0.93144 1.92183
-0.93133 1.92185
-0.93121 1.92187
-0.93110 1.92189
-0.93099 1.92190
-0.93087 1.92192
-0.93076 1.92194
-0.93065 1.92195
-0.93053 1.92197
-0.93042 1.92199
-0.93031 1.92200
-0.93019 1.92202
-0.93008 1.92204
-0.92997 1.92206
-0.92985 1.92207
-0.92974 1.92209
-0.92963 1.92211
-0.92951 1.92212
-0.92940 1.92214
-0.92929 1.92216
-0.92917 1.92217
-0.92906 1.92219
-0.92895 1.92221
-0.92883 1.92222
-0.92872 1.92224
-0.92861 1.92226
-0.92849 1.92227
-0.92838 1.92229
-0.92827 1.92231
-0.92815 1.92232
-0.92804 1.92234
-0.92792 1.92236
-0.92781 1.92237
-0.92770 1.92239
-0.92758 1.92241
-0.92747 1.92242
-0.92736 1.92244
-0.92724 1.92246
-0.92713 1.92247
-0.92702 1.92249
-0.92690 1.92250
-0.92679 1.92252
-0.92667 1.92254
-0.92656 1.92255
-0.92645 1.92257
-0.92633 1.92259
-0.92622 1.92260
-0.92611 1.92262
-0.92599 1.92263
-0.92588 1.92265
-0.92576 1.92267
-0.92565 1.92268
-0.92554 1.92270
-0.92542 1.92272
-0.92531 1.92273
-0.92520 1.92275
-0.92508 1.92276
-0.92497 1.92278
-0.92485 1.92280
-0.92474 1.92281
-0.92463 1.92283
-0.92451 1.92284
-0.92440 1.92286
-0.92428 1.92287
-0.92417 1.92289
-0.92406 1.92291
-0.92394 1.92292
-0.92383 1.92294
-0.92371 1.92295
-0.92360 1.92297
-0.92349 1.92299
-0.92337 1.92300
-0.92326 1.92302
-0.92315 1.92303
-0.92303 1.92305
-0.92292 1.92306
-0.92280 1.92308
-0.92269 1.92309
-0.92257 1.92311
-0.92246 1.92313
-0.92235 1.92314
-0.92223 1.92316
-0.92212 1.92317
-0.92200 1.92319
-0.92189 1.92320
-0.92178 1.92322
-0.92166 1.92323
-0.92155 1.92325
-0.92143 1.92327
-0.92132 1.92328
-0.92121 1.92330
-0.92109 1.92331
-0.92098 1.92333
-0.92086 1.92334
-0.92075 1.92336
-0.92063 1.92337
-0.92052 1.92339
-0.92041 1.92340
-0.92029 1.92342
-0.92018 1.92343
-0.92006 1.92345
-0.91995 1.92346
-0.91983 1.92348
-0.91972 1.92349
-0.91961 1.92351
-0.91949 1.92352
-0.91938 1.92354
-0.91926 1.92355
-0.91915 1.92357
-0.91903 1.92358
-0.91892 1.92360
-0.91881 1.92361
-0.91869 1.92363
-0.91858 1.92364
-0.91846 1.92366
-0.91835 1.92367
-0.91823 1.92369
-0.91812 1.92370
-0.91800 1.92372
-0.91789 1.92373
-0.91778 1.92375
-0.91766 1.92376
-0.91755 1.92378
-0.91743 1.92379
-0.91732 1.92380
-0.91720 1.92382
-0.91709 1.92383
-0.91697 1.92385
-0.91686 1.92386
-0.91674 1.92388
-0.91663 1.92389
-0.91652 1.92391
-0.91640 1.92392
-0.91629 1.92394
-0.91617 1.92395
-0.91606 1.92396
-0.91594 1.92398
-0.91583 1.92399
-0.91571 1.92401
-0.91560 1.92402
-0.91548 1.92404
-0.91537 1.92405
-0.91525 1.92406
-0.91514 1.92408
-0.91502 1.92409
-0.91491 1.92411
-0.91480 1.92412
-0.91468 1.92414
-0.91457 1.92415
-0.91446 1.92419
-0.91437 1.92426
-0.91428 1.92433
-0.91419 1.92440
-0.91410 1.92447
-0.91401 1.92454
-0.91392 1.92462
-0.91383 1.92469
-0.91374 1.92476
-0.91364 1.92483
-0.91355 1.92490
-0.91346 1.92497
-0.91337 1.92504
-0.91328 1.92511
-0.91319 1.92518
-0.91310 1.92526
-0.91301 1.92533
-0.91292 1.92540
-0.91283 1.92547
-0.91273 1.92554
-0.91264 1.92561
-0.91255 1.92568
-0.91246 1.92575
-0.91237 1.92582
-0.91228 1.92589
-0.91219 1.92596
-0.91210 1.92603
-0.91200 1.92610
-0.91191 1.92618
-0.91182 1.92625
-0.91173 1.92632
-0.91164 1.92639
-0.91155 1.92646
-0.91146 1.92653
-0.91136 1.92660
-0.91127 1.92667
-0.91118 1.92674
-0.91109 1.92681
-0.91100 1.92688
-0.91091 1.92695
-0.91082 1.92702
-0.91072 1.92709
-0.91063 1.92716
-0.91054 1.92723
-0.91045 1.92730
-0.91036 1.92737
-0.91027 1.92744
-0.91017 1.92751
-0.91008 1.92758
-0.90999 1.92765
-0.90990 1.92772
-0.90981 1.92779
-0.90972 1.92786
-0.90962 1.92793
-0.90953 1.92800
-0.90944 1.92807
-0.90935 1.92814
-0.90926 1.92821
-0.90916 1.92828
-0.90907 1.92835
-0.90898 1.92842
-0.90889 1.92849
-0.90880 1.92856
-0.90871 1.92863
-0.90861 1.92870
-0.90852 1.92877
-0.90843 1.92884
-0.90834 1.92891
-0.90824 1.92898
-0.90815 1.92905
-0.90806 1.92912
-0.90797 1.92919
-0.90788 1.92926
-0.90778 1.92933
-0.90769 1.92940
-0.90760 1.92947
-0.90751 1.92954
-0.90741 1.92961
-0.90732 1.92968
-0.90723 1.92975
-0.90714 1.92982
-0.90705 1.92989
-0.90695 1.92996
-0.90686 1.93003
-0.90677 1.93010
-0.90668 1.93017
-0.90658 1.93024
-0.90649 1.93031
-0.90640 1.93038
-0.90631 1.93044
-0.90621 1.93051
-0.90612 1.93058
-0.90603 1.93065
-0.90594 1.93072
-0.90584 1.93079
-0.90575 1.93086
-0.90566 1.93093
-0.90557 1.93100
-0.90547 1.93107
-0.90538 1.93114
-0.90529 1.93121
-0.90519 1.93128
-0.90510 1.93134
-0.90501 1.93141
-0.90492 1.93148
-0.90482 1.93155
-0.90473 1.93162
-0.90464 1.93169
-0.90454 1.93176
-0.90445 1.93183
-0.90436 1.93190
-0.90427 1.93197
-0.90417 1.93203
-0.90408 1.93210
-0.90399 1.93217
-0.90389 1.93224
-0.90380 1.93231
-0.90371 1.93238
-0.90361 1.93245
-0.90352 1.93252
-0.90343 1.93258
-0.90333 1.93265
-0.90324 1.93272
-0.90315 1.93279
-0.90306 1.93286
-0.90296 1.93293
-0.90287 1.93300
-0.90278 1.93306
-0.90268 1.93313
-0.90259 1.93320
-0.90250 1.93327
-0.90240 1.93334
-0.90231 1.93341
-0.90222 1.93348
-0.90212 1.93354
-0.90203 1.93361
-0.90193 1.93368
-0.90184 1.93375
-0.90175 1.93382
-0.90165 1.93389
-0.90156 1.93395
-0.90147 1.93402
-0.90137 1.93409
-0.90128 1.93416
-0.90119 1.93423
-0.90109 1.93429
-0.90100 1.93436
-0.90091 1.93443
-0.90081 1.93450
-0.90072 1.93457
-0.90062 1.93464
-0.90053 1.93470
-0.90044 1.93477
-0.90034 1.93484
-0.90025 1.93491
-0.90016 1.93498
-0.90006 1.93504
-0.89997 1.93511
-0.89987 1.93518
-0.89978 1.93525
-0.89969 1.93531
-0.89959 1.93538
-0.89950 1.93545
-0.89940 1.93552
-0.89931 1.93559
-0.89922 1.93565
-0.89912 1.93572
-0.89903 1.93579
-0.89893 1.93586
-0.89884 1.93592
-0.89875 1.93599
-0.89865 1.93606
-0.89856 1.93613
-0.89846 1.93619
-0.89837 1.93626
-0.89827 1.93633
-0.89818 1.93640
-0.89809 1.93646
-0.89799 1.93653
-0.89790 1.93660
-0.89780 1.93667
-0.89771 1.93673
-0.89761 1.93680
-0.89752 1.93687
-0.89742 1.93694
-0.89733 1.93700
-0.89724 1.93707
-0.89714 1.93714
-0.89705 1.93721
-0.89695 1.93727
-0.89686 1.93734
-0.89676 1.93741
-0.89667 1.93747
-0.89657 1.93754
-0.89648 1.93761
-0.89638 1.93768
-0.89629 1.93774
-0.89620 1.93781
-0.89610 1.93788
-0.89601 1.93794
-0.89591 1.93801
-0.89582 1.93808
-0.89572 1.93814
-0.89563 1.93821
-0.89553 1.93828
-0.89544 1.93835
-0.89534 1.93841
-0.89525 1.93848
-0.89515 1.93855
-0.89506 1.93861
-0.89496 1.93868
-0.89487 1.93875
-0.89477 1.93881
-0.89468 1.93888
-0.89458 1.93895
-0.89449 1.93901
-0.89439 1.93908
-0.89430 1.93915
-0.89420 1.93921
-0.89411 1.93928
-0.89401 1.93935
-0.89392 1.93941
-0.89382 1.93948
-0.89373 1.93955
-0.89363 1.93961
-0.89354 1.93968
-0.89344 1.93975
-0.89334 1.93980
-0.89322 1.93981
-0.89311 1.93982
-0.89299 1.93983
-0.89287 1.93984
-0.89275 1.93985
-0.89263 1.93986
-0.89252 1.93987
-0.89240 1.93988
-0.89228 1.93989
-0.89216 1.93990
-0.89204 1.93990
-0.89192 1.93991
-0.89181 1.93992
-0.89169 1.93993
-0.89157 1.93994
-0.89145 1.93995
-0.89133 1.93996
-0.89122 1.93997
-0.89110 1.93998
-0.89098 1.93999
-0.89086 1.94000
-0.89074 1.94000
-0.89062 1.94001
-0.89051 1.94002
-0.89039 1.94003
-0.89027 1.94004
-0.89015 1.94005
-0.89003 1.94006
-0.88991 1.94007
-0.88980 1.94008
-0.88968 1.94009
-0.88956 1.94009
-0.88944 1.94010
-0.88932 1.94011
-0.88920 1.94012
-0.88909 1.94013
-0.88897 1.94014
-0.88885 1.94015
-0.88873 1.94015
-0.88861 1.94016
-0.88849 1.94017
-0.88838 1.94018
-0.88826 1.94019
-0.88814 1.94020
-0.88802 1.94021
-0.88790 1.94021
-0.88778 1.94022
-0.88767 1.94023
-0.88755 1.94024
-0.88743 1.94025
-0.88731 1.94026
-0.88719 1.94027
-0.88707 1.94027
-0.88695 1.94028
-0.88684 1.94029
-0.88672 1.94030
-0.88660 1.94031
-0.88648 1.94032
-0.88636 1.94032
-0.88624 1.94033
-0.88612 1.94034
-0.88601 1.94035
-0.88589 1.94036
-0.88577 1.94036
-0.88565 1.94037
-0.88553 1.94038
-0.88541 1.94039
-0.88529 1.94040
-0.88518 1.94040
-0.88506 1.94041
-0.88494 1.94042
-0.88482 1.94043
-0.88470 1.94044
-0.88458 1.94044
-0.88446 1.94045
-0.88435 1.94048
-0.88426 1.94055
-0.88416 1.94061
-0.88406 1.94068
-0.88397 1.94074
-0.88387 1.94081
-0.88378 1.94087
-0.88368 1.94094
-0.88358 1.94100
-0.88349 1.94107
-0.88339 1.94113
-0.88329 1.94120
-0.88320 1.94126
-0.88310 1.94133
-0.88300 1.94139
-0.88291 1.94145
-0.88281 1.94152
-0.88271 1.94158
-0.88262 1.94165
-0.88252 1.94171
-0.88242 1.94178
-0.88233 1.94184
-0.88223 1.94191
-0.88213 1.94197
-0.88204 1.94203
-0.88194 1.94210
-0.88184 1.94216
-0.88175 1.94223
-0.88165 1.94229
-0.88155 1.94236
-0.88145 1.94242
-0.88136 1.94248
-0.88126 1.94255
-0.88116 1.94261
-0.88107 1.94268
-0.88097 1.94274
-0.88087 1.94280
-0.88078 1.94287
-0.88068 1.94293
-0.88058 1.94300
-0.88048 1.94306
-0.88039 1.94312
-0.88029 1.94319
-0.88019 1.94325
-0.88010 1.94332
-0.88000 1.94338
-0.87990 1.94344
-0.87980 1.94351
-0.87971 1.94357
-0.87961 1.94364
-0.87951 1.94370
-0.87941 1.94376
-0.87932 1.94383
-0.87922 1.94389
-0.87912 1.94395
-0.87902 1.94402
-0.87893 1.94408
-0.87883 1.94414
-0.87873 1.94421
-0.87863 1.94427
-0.87854 1.94434
-0.87844 1.94440
-0.87834 1.94446
-0.87824 1.94453
-0.87815 1.94459
-0.87805 1.94465
-0.87795 1.94472
-0.87785 1.94478
-0.87776 1.94484
-0.87766 1.94491
-0.87756 1.94497
-0.87746 1.94503
-0.87737 1.94510
-0.87727 1.94516
-0.87717 1.94522
-0.87707 1.94529
-0.87697 1.94535
-0.87688 1.94541
-0.87678 1.94548
-0.87668 1.94554
-0.87658 1.94560
-0.87649 1.94567
-0.87639 1.94573
-0.87629 1.94579
-0.87619 1.94585
-0.87609 1.94592
-0.87600 1.94598
-0.87590 1.94604
-0.87580 1.94611
-0.87570 1.94617
-0.87560 1.94623
-0.87550 1.94630
-0.87541 1.94636
-0.87531 1.94642
-0.87521 1.94648
-0.87511 1.94655
-0.87501 1.94661
-0.87492 1.94667
-0.87482 1.94673
-0.87472 1.94680
-0.87462 1.94686
-0.87452 1.94692
-0.87442 1.94699
-0.87433 1.94705
-0.87423 1.94711
-0.87413 1.94717
-0.87403 1.94724
-0.87393 1.94730
-0.87383 1.94736
-0.87374 1.94742
-0.87364 1.94749
-0.87354 1.94755
-0.87344 1.94761
-0.87334 1.94767
-0.87324 1.94774
-0.87314 1.94780
-0.87305 1.94786
-0.87295 1.94792
-0.87285 1.94798
-0.87275 1.94805
-0.87265 1.94811
-0.87255 1.94817
-0.87245 1.94823
-0.87235 1.94830
-0.87226 1.94836
-0.87216 1.94842
-0.87206 1.94848
-0.87196 1.94854
-0.87186 1.94861
-0.87176 1.94867
-0.87166 1.94873
-0.87156 1.94879
-0.87147 1.94885
-0.87137 1.94892
-0.87127 1.94898
-0.87117 1.94904
-0.87107 1.94910
-0.87097 1.94916
-0.87087 1.94923
-0.87077 1.94929
-0.87067 1.94935
-0.87057 1.94941
-0.87048 1.94947
-0.87038 1.94954
-0.87028 1.94960
-0.87018 1.94966
-0.87008 1.94972
-0.86998 1.94978
-0.86988 1.94984
-0.86978 1.94991
-0.86968 1.94997
-0.86958 1.95003
-0.86948 1.95009
-0.86938 1.95015
-0.86928 1.95021
-0.86919 1.95027
-0.86909 1.95034
-0.86899 1.95040
-0.86889 1.95046
-0.86879 1.95052
-0.86869 1.95058
-0.86859 1.95064
-0.86849 1.95070
-0.86839 1.95077
-0.86829 1.95083
-0.86819 1.95089
-0.86809 1.95095
-0.86799 1.95101
-0.86789 1.95107
-0.86779 1.95113
-0.86769 1.95119
-0.86759 1.95126
-0.86749 1.95132
-0.86739 1.95138
-0.86729 1.95144
-0.86719 1.95150
-0.86709 1.95156
-0.86699 1.95162
-0.86689 1.95168
-0.86679 1.95174
-0.86669 1.95181
-0.86659 1.95187
-0.86650 1.95193
-0.86640 1.95199
-0.86630 1.95205
-0.86620 1.95211
-0.86610 1.95217
-0.86600 1.95223
-0.86590 1.95229
-0.86580 1.95235
-0.86570 1.95241
-0.86560 1.95247
-0.86550 1.95254
-0.86540 1.95260
-0.86530 1.95266
-0.86519 1.95272
-0.86509 1.95278
-0.86499 1.95284
-0.86489 1.95290
-0.86479 1.95296
-0.86469 1.95302
-0.86459 1.95308
-0.86449 1.95314
-0.86439 1.95320
-0.86429 1.95326
-0.86419 1.95332
-0.86409 1.95338
-0.86399 1.95344
-0.86389 1.95350
-0.86379 1.95356
-0.86369 1.95362
-0.86359 1.95368
-0.86349 1.95374
-0.86339 1.95380
-0.86329 1.95386
-0.86319 1.95393
-0.86309 1.95399
-0.86299 1.95405
-0.86289 1.95411
-0.86279 1.95417
-0.86269 1.95423
-0.86259 1.95429
-0.86248 1.95435
-0.86238 1.95441
-0.86228 1.95447
-0.86218 1.95453
-0.86208 1.95459
-0.86198 1.95464
-0.86186 1.95464
-0.86173 1.95464
-0.86161 1.95465
-0.86149 1.95465
-0.86137 1.95465
-0.86125 1.95466
-0.86113 1.95466
-0.86100 1.95466
-0.86088 1.95467
-0.86076 1.95467
-0.86064 1.95467
-0.86052 1.95467
-0.86039 1.95468
-0.86027 1.95468
-0.86015 1.95468
-0.86003 1.95469
-0.85991 1.95469
-0.85978 1.95469
-0.85966 1.95469
-0.85954 1.95470
-0.85942 1.95470
-0.85930 1.95470
-0.85917 1.95471
-0.85905 1.95471
-0.85893 1.95471
-0.85881 1.95471
-0.85869 1.95472
-0.85856 1.95472
-0.85844 1.95472
-0.85832 1.95472
-0.85820 1.95473
-0.85808 1.95473
-0.85795 1.95473
-0.85783 1.95473
-0.85771 1.95474
-0.85759 1.95474
-0.85747 1.95474
-0.85734 1.95474
-0.85722 1.95475
-0.85710 1.95475
-0.85698 1.95475
-0.85686 1.95475
-0.85673 1.95475
-0.85661 1.95476
-0.85649 1.95476
-0.85637 1.95476
-0.85625 1.95476
-0.85612 1.95477
-0.85600 1.95477
-0.85588 1.95477
-0.85576 1.95477
-0.85563 1.95477
-0.85551 1.95478
-0.85539 1.95478
-0.85527 1.95478
-0.85515 1.95478
-0.85502 1.95478
-0.85490 1.95479
-0.85478 1.95479
-0.85466 1.95479
-0.85453 1.95479
-0.85441 1.95479
-0.85429 1.95480
-0.85417 1.95480
-0.85405 1.95480
-0.85392 1.95480
-0.85380 1.95480
-0.85368 1.95481
-0.85356 1.95481
-0.85343 1.95481
-0.85331 1.95481
-0.85319 1.95481
-0.85307 1.95481
-0.85294 1.95482
-0.85282 1.95482
-0.85271 1.95484
-0.85261 1.95490
-0.85250 1.95496
-0.85240 1.95501
-0.85230 1.95507
-0.85220 1.95513
-0.85210 1.95519
-0.85199 1.95525
-0.85189 1.95531
-0.85179 1.95536
-0.85169 1.95542
-0.85159 1.95548
-0.85149 1.95554
-0.85138 1.95560
-0.85128 1.95565
-0.85118 1.95571
-0.85108 1.95577
-0.85098 1.95583
-0.85087 1.95589
-0.85077 1.95594
-0.85067 1.95600
-0.85057 1.95606
-0.85046 1.95612
-0.85036 1.95618
-0.85026 1.95623
-0.85016 1.95629
-0.85006 1.95635
-0.84995 1.95641
-0.84985 1.95646
-0.84975 1.95652
-0.84965 1.95658
-0.84954 1.95664
-0.84944 1.95670
-0.84934 1.95675
-0.84924 1.95681
-0.84914 1.95687
-0.84903 1.95693
-0.84893 1.95698
-0.84883 1.95704
-0.84873 1.95710
-0.84862 1.95716
-0.84852 1.95721
-0.84842 1.95727
-0.84832 1.95733
-0.84821 1.95739
-0.84811 1.95744
-0.84801 1.95750
-0.84791 1.95756
-0.84780 1.95761
-0.84770 1.95767
-0.84760 1.95773
-0.84749 1.95779
-0.84739 1.95784
-0.84729 1.95790
-0.84719 1.95796
-0.84708 1.95802
-0.84698 1.95807
-0.84688 1.95813
-0.84678 1.95819
-0.84667 1.95824
-0.84657 1.95830
-0.84647 1.95836
-0.84636 1.95841
-0.84626 1.95847
-0.84616 1.95853
-0.84605 1.95859
-0.84595 1.95864
-0.84585 1.95870
-0.84575 1.95876
-0.84564 1.95881
-0.84554 1.95887
-0.84544 1.95893
-0.84533 1.95898
-0.84523 1.95904
-0.84513 1.95910
-0.84502 1.95915
-0.84492 1.95921
-0.84482 1.95927
-0.84472 1.95932
-0.84461 1.95938
-0.84451 1.95944
-0.84441 1.95949
-0.84430 1.95955
-0.84420 1.95961
-0.84410 1.95966
-0.84399 1.95972
-0.84389 1.95978
-0.84379 1.95983
-0.84368 1.95989
-0.84358 1.95994
-0.84348 1.96000
-0.84337 1.96006
-0.84327 1.96011
-0.84316 1.96017
-0.84306 1.96023
-0.84296 1.96028
-0.84285 1.96034
-0.84275 1.96040
-0.84265 1.96045
-0.84254 1.96051
-0.84244 1.96056
-0.84234 1.96062
-0.84223 1.96068
-0.84213 1.96073
-0.84203 1.96079
-0.84192 1.96084
-0.84182 1.96090
-0.84171 1.96096
-0.84161 1.96101
-0.84151 1.96107
-0.84140 1.96112
-0.84130 1.96118
-0.84120 1.96124
-0.84109 1.96129
-0.84099 1.96135
-0.84088 1.96140
-0.84078 1.96146
-0.84068 1.96151
-0.84057 1.96157
-0.84047 1.96163
-0.84036 1.96168
-0.84026 1.96174
-0.84016 1.96179
-0.84005 1.96185
-0.83995 1.96190
-0.83984 1.96196
-0.83974 1.96202
-0.83964 1.96207
-0.83953 1.96213
-0.83943 1.96218
-0.83932 1.96224
-0.83922 1.96229
-0.83912 1.96235
-0.83901 1.96240
-0.83891 1.96246
-0.83880 1.96252
-0.83870 1.96257
-0.83859 1.96263
-0.83849 1.96268
-0.83839 1.96274
-0.83828 1.96279
-0.83818 1.96285
-0.83807 1.96290
-0.83797 1.96296
-0.83786 1.96301
-0.83776 1.96307
-0.83765 1.96312
-0.83755 1.96318
-0.83745 1.96323
-0.83734 1.96329
-0.83724 1.96334
-0.83713 1.96340
-0.83703 1.96345
-0.83692 1.96351
-0.83682 1.96356
-0.83671 1.96362
-0.83661 1.96367
-0.83650 1.96373
-0.83640 1.96378
-0.83630 1.96384
-0.83619 1.96389
-0.83609 1.96395
-0.83598 1.96400
-0.83588 1.96406
-0.83577 1.96411
-0.83567 1.96417
-0.83556 1.96422
-0.83546 1.96428
-0.83535 1.96433
-0.83525 1.96438
-0.83514 1.96444
-0.83504 1.96449
-0.83493 1.96455
-0.83483 1.96460
-0.83472 1.96466
-0.83462 1.96471
-0.83451 1.96477
-0.83441 1.96482
-0.83430 1.96488
-0.83420 1.96493
-0.83409 1.96498
-0.83399 1.96504
-0.83388 1.96509
-0.83378 1.96515
-0.83367 1.96520
-0.83357 1.96526
-0.83346 1.96531
-0.83336 1.96536
-0.83325 1.96542
-0.83315 1.96547
-0.83304 1.96553
-0.83294 1.96558
-0.83283 1.96564
-0.83273 1.96569
-0.83262 1.96574
-0.83251 1.96580
-0.83241 1.96585
-0.83230 1.96591
-0.83220 1.96596
-0.83209 1.96601
-0.83199 1.96607
-0.83188 1.96612
-0.83178 1.96618
-0.83167 1.96623
-0.83157 1.96628
-0.83146 1.96634
-0.83135 1.96639
-0.83125 1.96644
-0.83114 1.96650
-0.83104 1.96655
-0.83093 1.96661
-0.83083 1.96666
-0.83072 1.96671
-0.83062 1.96677
-0.83051 1.96682
-0.83040 1.96687
-0.83030 1.96693
-0.83019 1.96698
-0.83009 1.96703
-0.82998 1.96709
-0.82987 1.96714
-0.82977 1.96719
-0.82966 1.96725
-0.82956 1.96730
-0.82945 1.96736
-0.82935 1.96741
-0.82924 1.96746
-0.82913 1.96751
-0.82901 1.96751
-0.82888 1.96750
-0.82876 1.96750
-0.82863 1.96750
-0.82851 1.96749
-0.82838 1.96749
-0.82826 1.96749
-0.82813 1.96748
-0.82800 1.96748
-0.82788 1.96748
-0.82775 1.96747
-0.82763 1.96747
-0.82750 1.96747
-0.82738 1.96746
-0.82725 1.96746
-0.82713 1.96746
-0.82700 1.96745
-0.82688 1.96745
-0.82675 1.96745
-0.82663 1.96744
-0.82650 1.96744
-0.82638 1.96743
-0.82625 1.96743
-0.82612 1.96743
-0.82600 1.96742
-0.82587 1.96742
-0.82575 1.96742
-0.82562 1.96741
-0.82550 1.96741
-0.82537 1.96740
-0.82525 1.96740
-0.82512 1.96740
-0.82500 1.96739
-0.82487 1.96739
-0.82475 1.96738
-0.82462 1.96738
-0.82449 1.96738
-0.82437 1.96737
-0.82424 1.96737
-0.82412 1.96736
-0.82399 1.96736
-0.82387 1.96736
-0.82374 1.96735
-0.82362 1.96735
-0.82349 1.96734
-0.82337 1.96734
-0.82324 1.96734
-0.82311 1.96733
-0.82299 1.96733
-0.82286 1.96732
-0.82274 1.96732
-0.82261 1.96732
-0.82249 1.96731
-0.82236 1.96731
-0.82224 1.96730
-0.82211 1.96730
-0.82198 1.96729
-0.82186 1.96729
-0.82173 1.96728
-0.82161 1.96728
-0.82148 1.96728
-0.82136 1.96727
-0.82123 1.96727
-0.82110 1.96726
-0.82098 1.96726
-0.82085 1.96725
-0.82073 1.96725
-0.82060 1.96724
-0.82048 1.96724
-0.82035 1.96723
-0.82023 1.96723
-0.82010 1.96723
-0.81997 1.96722
-0.81985 1.96722
-0.81972 1.96721
-0.81960 1.96723
-0.81950 1.96728
-0.81939 1.96733
-0.81928 1.96738
-0.81918 1.96743
-0.81907 1.96748
-0.81896 1.96754
-0.81885 1.96759
-0.81875 1.96764
-0.81864 1.96769
-0.81853 1.96774
-0.81843 1.96779
-0.81832 1.96784
-0.81821 1.96790
-0.81811 1.96795
-0.81800 1.96800
-0.81789 1.96805
-0.81778 1.96810
-0.81768 1.96815
-0.81757 1.96820
-0.81746 1.96826
-0.81736 1.96831
-0.81725 1.96836
-0.81714 1.96841
-0.81703 1.96846
-0.81693 1.96851
-0.81682 1.96856
-0.81671 1.96861
-0.81660 1.96867
-0.81650 1.96872
-0.81639 1.96877
-0.81628 1.96882
-0.81618 1.96887
-0.81607 1.96892
-0.81596 1.96897
-0.81585 1.96902
-0.81575 1.96907
-0.81564 1.96912
-0.81553 1.96918
-0.81542 1.96923
-0.81532 1.96928
-0.81521 1.96933
-0.81510 1.96938
-0.81499 1.96943
-0.81488 1.96948
-0.81478 1.96953
-0.81467 1.96958
-0.81456 1.96963
-0.81445 1.96968
-0.81435 1.96973
-0.81424 1.96978
-0.81413 1.96983
-0.81402 1.96989
-0.81392 1.96994
-0.81381 1.96999
-0.81370 1.97004
-0.81359 1.97009
-0.81348 1.97014
-0.81338 1.97019
-0.81327 1.97024
-0.81316 1.97029
-0.81305 1.97034
-0.81294 1.97039
-0.81284 1.97044
-0.81273 1.97049
-0.81262 1.97054
-0.81251 1.97059
-0.81240 1.97064
-0.81230 1.97069
-0.81219 1.97074
-0.81208 1.97079
-0.81197 1.97084
-0.81186 1.97089
-0.81176 1.97094
-0.81165 1.97099
-0.81154 1.97104
-0.81143 1.97109
-0.81132 1.97114
-0.81122 1.97119
-0.81111 1.97124
-0.81100 1.97129
-0.81089 1.97134
-0.81078 1.97139
-0.81067 1.97144
-0.81057 1.97149
-0.81046 1.97154
-0.81035 1.97159
-0.81024 1.97164
-0.81013 1.97169
-0.81002 1.97174
-0.80992 1.97179
-0.80981 1.97184
-0.80970 1.97189
-0.80959 1.97194
-0.80948 1.97199
-0.80937 1.97204
-0.80926 1.97209
-0.80916 1.97214
-0.80905 1.97219
-0.80894 1.97224
-0.80883 1.97229
-0.80872 1.97234
-0.80861 1.97239
-0.80850 1.97244
-0.80840 1.97248
-0.80829 1.97253
-0.80818 1.97258
-0.80807 1.97263
-0.80796 1.97268
-0.80785 1.97273
-0.80774 1.97278
-0.80763 1.97283
-0.80752 1.97288
-0.80742 1.97293
-0.80731 1.97298
-0.80720 1.97303
-0.80709 1.97308
-0.80698 1.97312
-0.80687 1.97317
-0.80676 1.97322
-0.80665 1.97327
-0.80654 1.97332
-0.80644 1.97337
-0.80633 1.97342
-0.80622 1.97347
-0.80611 1.97352
-0.80600 1.97357
-0.80589 1.97361
-0.80578 1.97366
-0.80567 1.97371
-0.80556 1.97376
-0.80545 1.97381
-0.80534 1.97386
-0.80524 1.97391
-0.80513 1.97396
-0.80502 1.97401
-0.80491 1.97405
-0.80480 1.97410
-0.80469 1.97415
-0.80458 1.97420
-0.80447 1.97425
-0.80436 1.97430
-0.80425 1.97435
-0.80414 1.97439
-0.80403 1.97444
-0.80392 1.97449
-0.80381 1.97454
-0.80371 1.97459
-0.80360 1.97464
-0.80349 1.97468
-0.80338 1.97473
-0.80327 1.97478
-0.80316 1.97483
-0.80305 1.97488
-0.80294 1.97493
-0.80283 1.97497
-0.80272 1.97502
-0.80261 1.97507
-0.80250 1.97512
-0.80239 1.97517
-0.80228 1.97522
-0.80217 1.97526
-0.80206 1.97531
-0.80195 1.97536
-0.80184 1.97541
-0.80173 1.97546
-0.80162 1.97550
-0.80151 1.97555
-0.80140 1.97560
-0.80129 1.97565
-0.80118 1.97570
-0.80107 1.97574
-0.80096 1.97579
-0.80085 1.97584
-0.80074 1.97589
-0.80063 1.97594
-0.80052 1.97598
-0.80041 1.97603
-0.80030 1.97608
-0.80019 1.97613
-0.80008 1.97617
-0.79997 1.97622
-0.79986 1.97627
-0.79975 1.97632
-0.79964 1.97636
-0.79953 1.97641
-0.79942 1.97646
-0.79931 1.97651
-0.79920 1.97656
-0.79909 1.97660
-0.79898 1.97665
-0.79887 1.97670
-0.79876 1.97675
-0.79865 1.97679
-0.79854 1.97684
-0.79843 1.97689
-0.79832 1.97693
-0.79821 1.97698
-0.79810 1.97703
-0.79799 1.97708
-0.79788 1.97712
-0.79777 1.97717
-0.79766 1.97722
-0.79755 1.97727
-0.79744 1.97731
-0.79733 1.97736
-0.79722 1.97741
-0.79711 1.97745
-0.79700 1.97750
-0.79689 1.97755
-0.79678 1.97760
-0.79666 1.97764
-0.79655 1.97769
-0.79644 1.97774
-0.79633 1.97778
-0.79622 1.97783
-0.79611 1.97788
-0.79600 1.97792
-0.79589 1.97797
-0.79578 1.97802
-0.79567 1.97806
-0.79556 1.97811
-0.79545 1.97816
-0.79534 1.97820
-0.79523 1.97825
-0.79512 1.97830
-0.79500 1.97834
-0.79489 1.97839
-0.79476 1.97838
-0.79464 1.97837
-0.79451 1.97836
-0.79438 1.97835
-0.79425 1.97834
-0.79412 1.97833
-0.79399 1.97832
-0.79387 1.97831
-0.79374 1.97830
-0.79361 1.97829
-0.79348 1.97828
-0.79335 1.97827
-0.79322 1.97826
-0.79310 1.97825
-0.79297 1.97824
-0.79284 1.97823
-0.79271 1.97822
-0.79258 1.97821
-0.79245 1.97820
-0.79233 1.97819
-0.79220 1.97818
-0.79207 1.97817
-0.79194 1.97816
-0.79181 1.97815
-0.79168 1.97814
-0.79156 1.97813
-0.79143 1.97812
-0.79130 1.97811
-0.79117 1.97810
-0.79104 1.97809
-0.79091 1.97808
-0.79078 1.97807
-0.79066 1.97806
-0.79053 1.97805
-0.79040 1.97804
-0.79027 1.97803
-0.79014 1.97802
-0.79001 1.97801
-0.78989 1.97800
-0.78976 1.97799
-0.78963 1.97798
-0.78950 1.97796
-0.78937 1.97795
-0.78924 1.97794
-0.78911 1.97793
-0.78899 1.97792
-0.78886 1.97791
-0.78873 1.97790
-0.78860 1.97789
-0.78847 1.97788
-0.78834 1.97787
-0.78821 1.97786
-0.78809 1.97785
-0.78796 1.97784
-0.78783 1.97783
-0.78770 1.97782
-0.78757 1.97781
-0.78744 1.97779
-0.78731 1.97778
-0.78719 1.97777
-0.78706 1.97776
-0.78693 1.97775
-0.78680 1.97774
-0.78667 1.97773
-0.78654 1.97772
-0.78641 1.97771
-0.78629 1.97770
-0.78616 1.97768
-0.78603 1.97767
-0.78590 1.97766
-0.78577 1.97765
-0.78564 1.97764
-0.78551 1.97763
-0.78539 1.97762
-0.78526 1.97761
-0.78513 1.97761
-0.78502 1.97764
-0.78490 1.97767
-0.78478 1.97770
-0.78467 1.97773
-0.78455 1.97776
-0.78444 1.97779
-0.78432 1.97783
-0.78420 1.97786
-0.78409 1.97789
-0.78397 1.97792
-0.78386 1.97795
-0.78374 1.97798
-0.78362 1.97801
-0.78351 1.97804
-0.78339 1.97807
-0.78328 1.97810
-0.78316 1.97813
-0.78304 1.97816
-0.78293 1.97819
-0.78281 1.97822
-0.78269 1.97825
-0.78258 1.97828
-0.78246 1.97832
-0.78235 1.97835
-0.78223 1.97838
-0.78211 1.97841
-0.78200 1.97844
-0.78188 1.97847
-0.78176 1.97850
-0.78165 1.97853
-0.78153 1.97856
-0.78142 1.97859
-0.78130 1.97862
-0.78118 1.97865
-0.78107 1.97868
-0.78095 1.97871
-0.78083 1.97874
-0.78072 1.97877
-0.78060 1.97880
-0.78048 1.97883
-0.78037 1.97886
-0.78025 1.97889
-0.78013 1.97892
-0.78002 1.97895
-0.77990 1.97898
-0.77979 1.97901
-0.77967 1.97904
-0.77955 1.97907
-0.77944 1.97910
-0.77932 1.97913
-0.77920 1.97916
-0.77909 1.97919
-0.77897 1.97922
-0.77885 1.97925
-0.77874 1.97928
-0.77862 1.97931
-0.77850 1.97934
-0.77839 1.97937
-0.77827 1.97940
-0.77815 1.97943
-0.77804 1.97946
-0.77792 1.97949
-0.77780 1.97952
-0.77769 1.97955
-0.77757 1.97957
-0.77745 1.97960
-0.77734 1.97963
-0.77722 1.97966
-0.77710 1.97969
-0.77698 1.97972
-0.77687 1.97975
-0.77675 1.97978
-0.77663 1.97981
-0.77652 1.97984
-0.77640 1.97987
-0.77628 1.97990
-0.77617 1.97993
-0.77605 1.97996
-0.77593 1.97999
-0.77582 1.98001
-0.77570 1.98004
-0.77558 1.98007
-0.77546 1.98010
-0.77535 1.98013
-0.77523 1.98016
-0.77511 1.98019
-0.77500 1.98022
-0.77488 1.98025
-0.77476 1.98028
-0.77464 1.98031
-0.77453 1.98033
-0.77441 1.98036
-0.77429 1.98039
-0.77418 1.98042
-0.77406 1.98045
-0.77394 1.98048
-0.77382 1.98051
-0.77371 1.98054
-0.77359 1.98057
-0.77347 1.98059
-0.77336 1.98062
-0.77324 1.98065
-0.77312 1.98068
-0.77300 1.98071
-0.77289 1.98074
-0.77277 1.98077
-0.77265 1.98080
-0.77253 1.98082
-0.77242 1.98085
-0.77230 1.98088
-0.77218 1.98091
-0.77206 1.98094
-0.77195 1.98097
-0.77183 1.98099
-0.77171 1.98102
-0.77159 1.98105
-0.77148 1.98108
-0.77136 1.98111
-0.77124 1.98114
-0.77112 1.98116
-0.77101 1.98119
-0.77089 1.98122
-0.77077 1.98125
-0.77065 1.98128
-0.77054 1.98131
-0.77042 1.98133
-0.77030 1.98136
-0.77018 1.98139
-0.77007 1.98142
-0.76995 1.98145
-0.76983 1.98147
-0.76971 1.98150
-0.76960 1.98153
-0.76948 1.98156
-0.76936 1.98159
-0.76924 1.98162
-0.76912 1.98164
-0.76901 1.98167
-0.76889 1.98170
-0.76877 1.98173
-0.76865 1.98175
-0.76854 1.98178
-0.76842 1.98181
-0.76830 1.98184
-0.76818 1.98187
-0.76806 1.98189
-0.76795 1.98192
-0.76783 1.98195
-0.76771 1.98198
-0.76759 1.98200
-0.76747 1.98203
-0.76736 1.98206
-0.76724 1.98209
-0.76712 1.98211
-0.76700 1.98214
-0.76688 1.98217
-0.76677 1.98220
-0.76665 1.98222
-0.76653 1.98225
-0.76641 1.98228
-0.76629 1.98231
-0.76618 1.98233
-0.76606 1.98236
-0.76594 1.98239
-0.76582 1.98242
-0.76570 1.98244
-0.76559 1.98247
-0.76547 1.98250
-0.76535 1.98253
-0.76523 1.98255
-0.76511 1.98258
-0.76499 1.98261
-0.76488 1.98263
-0.76476 1.98266
-0.76464 1.98269
-0.76452 1.98272
-0.76440 1.98274
-0.76429 1.98277
-0.76417 1.98280
-0.76405 1.98282
-0.76393 1.98285
-0.76381 1.98288
-0.76369 1.98290
-0.76358 1.98293
-0.76346 1.98296
-0.76334 1.98298
-0.76322 1.98301
-0.76310 1.98304
-0.76298 1.98307
-0.76286 1.98309
-0.76275 1.98312
-0.76263 1.98315
-0.76251 1.98317
-0.76239 1.98320
-0.76227 1.98323
-0.76215 1.98325
-0.76204 1.98328
-0.76192 1.98331
-0.76180 1.98333
-0.76168 1.98336
-0.76156 1.98339
-0.76144 1.98341
-0.76132 1.98344
-0.76121 1.98346
-0.76109 1.98349
-0.76097 1.98352
-0.76085 1.98354
-0.76073 1.98357
-0.76061 1.98360
-0.76049 1.98362
-0.76037 1.98365
-0.76026 1.98368
-0.76014 1.98370
-0.76002 1.98373
-0.75990 1.98375
-0.75978 1.98378
-0.75966 1.98381
-0.75954 1.98383
-0.75942 1.98386
-0.75931 1.98388
-0.75919 1.98391
-0.75907 1.98394
-0.75895 1.98396
-0.75883 1.98399
-0.75871 1.98401
-0.75859 1.98404
-0.75847 1.98407
-0.75835 1.98409
-0.75824 1.98412
-0.75812 1.98414
-0.75800 1.98417
-0.75788 1.98420
-0.75776 1.98422
-0.75764 1.98425
-0.75752 1.98427
-0.75740 1.98430
-0.75728 1.98433
-0.75716 1.98435
-0.75704 1.98438
-0.75693 1.98440
-0.75681 1.98443
-0.75669 1.98445
-0.75657 1.98448
-0.75645 1.98450
-0.75633 1.98453
-0.75621 1.98456
-0.75609 1.98458
-0.75597 1.98461
-0.75585 1.98463
-0.75573 1.98466
-0.75561 1.98468
-0.75550 1.98471
-0.75538 1.98473
-0.75526 1.98476
-0.75514 1.98478
-0.75502 1.98481
-0.75490 1.98483
-0.75478 1.98486
-0.75466 1.98489
-0.75454 1.98491
-0.75442 1.98494
-0.75430 1.98496
-0.75418 1.98499
-0.75406 1.98501
-0.75394 1.98504
-0.75382 1.98506
-0.75371 1.98509
-0.75359 1.98511
-0.75347 1.98514
-0.75335 1.98516
-0.75323 1.98519
-0.75311 1.98521
-0.75299 1.98524
-0.75287 1.98526
-0.75275 1.98529
-0.75263 1.98531
-0.75251 1.98534
-0.75239 1.98536
-0.75227 1.98539
-0.75215 1.98541
-0.75203 1.98543
-0.75191 1.98546
-0.75179 1.98548
-0.75167 1.98551
-0.75155 1.98553
-0.75143 1.98556
-0.75131 1.98558
-0.75119 1.98561
-0.75107 1.98563
-0.75095 1.98566
-0.75083 1.98568
-0.75072 1.98571
-0.75060 1.98573
-0.75048 1.98575
-0.75036 1.98578
-0.75024 1.98580
-0.75012 1.98583
-0.75000 1.98585
-0.74988 1.98588
-0.74976 1.98590
-0.74964 1.98592
-0.74952 1.98595
-0.74939 1.98596
-0.74926 1.98594
-0.74913 1.98593
-0.74900 1.98591
-0.74887 1.98589
-0.74874 1.98587
-0.74861 1.98586
-0.74847 1.98584
-0.74834 1.98582
-0.74821 1.98580
-0.74808 1.98578
-0.74795 1.98577
-0.74782 1.98575
-0.74769 1.98573
-0.74756 1.98571
-0.74742 1.98569
-0.74729 1.98568
-0.74716 1.98566
-0.74703 1.98564
-0.74690 1.98562
-0.74677 1.98560
-0.74664 1.98559
-0.74650 1.98557
-0.74637 1.98555
-0.74624 1.98553
-0.74611 1.98551
-0.74598 1.98550
-0.74585 1.98548
-0.74572 1.98546
-0.74558 1.98544
-0.74545 1.98542
-0.74532 1.98540
-0.74519 1.98539
-0.74506 1.98537
-0.74493 1.98535
-0.74480 1.98533
-0.74466 1.98531
-0.74453 1.98529
-0.74440 1.98527
-0.74427 1.98526
-0.74414 1.98524
-0.74401 1.98522
-0.74388 1.98520
-0.74374 1.98518
-0.74361 1.98516
-0.74348 1.98514
-0.74335 1.98513
-0.74322 1.98511
-0.74309 1.98509
-0.74296 1.98507
-0.74282 1.98505
-0.74269 1.98503
-0.74256 1.98501
-0.74243 1.98500
-0.74230 1.98498
-0.74217 1.98496
-0.74203 1.98494
-0.74190 1.98492
-0.74177 1.98490
-0.74164 1.98488
-0.74151 1.98486
-0.74138 1.98484
-0.74125 1.98483
-0.74111 1.98481
-0.74098 1.98479
-0.74085 1.98477
-0.74072 1.98475
-0.74059 1.98473
-0.74046 1.98471
-0.74032 1.98469
-0.74019 1.98467
-0.74006 1.98465
-0.73993 1.98463
-0.73980 1.98461
-0.73967 1.98460
-0.73953 1.98458
-0.73939 1.98451
-0.73924 1.98441
-0.73908 1.98431
-0.73893 1.98420
-0.73878 1.98410
-0.73862 1.98400
-0.73847 1.98389
-0.73832 1.98379
-0.73816 1.98369
-0.73801 1.98359
-0.73785 1.98348
-0.73770 1.98338
-0.73755 1.98328
-0.73739 1.98317
-0.73724 1.98307
-0.73709 1.98297
-0.73693 1.98286
-0.73678 1.98276
-0.73662 1.98265
-0.73647 1.98255
-0.73632 1.98245
-0.73616 1.98234
-0.73601 1.98224
-0.73586 1.98214
-0.73570 1.98203
-0.73555 1.98193
-0.73539 1.98183
-0.73524 1.98172
-0.73509 1.98162
-0.73493 1.98152
-0.73478 1.98141
-0.73463 1.98131
-0.73447 1.98120
-0.73432 1.98110
-0.73417 1.98100
-0.73401 1.98089
-0.73386 1.98079
-0.73371 1.98068
-0.73355 1.98058
-0.73340 1.98048
-0.73325 1.98037
-0.73309 1.98027
-0.73294 1.98016
-0.73278 1.98006
-0.73263 1.97996
-0.73248 1.97985
-0.73232 1.97975
-0.73217 1.97964
-0.73202 1.97954
-0.73186 1.97944
-0.73171 1.97933
-0.73156 1.97923
-0.73140 1.97912
-0.73125 1.97902
-0.73110 1.97892
-0.73094 1.97881
-0.73079 1.97871
-0.73064 1.97860
-0.73048 1.97850
-0.73033 1.97839
-0.73018 1.97829
-0.73002 1.97819
-0.72987 1.97808
-0.72972 1.97798
-0.72956 1.97787
-0.72941 1.97777
-0.72926 1.97766
-0.72910 1.97756
-0.72895 1.97745
-0.72880 1.97735
-0.72864 1.97724
-0.72849 1.97714
-0.72834 1.97704
-0.72818 1.97693
-0.72803 1.97683
-0.72788 1.97672
-0.72772 1.97662
-0.72757 1.97651
-0.72742 1.97641
-0.72726 1.97630
-0.72711 1.97620
-0.72696 1.97609
-0.72681 1.97599
-0.72665 1.97588
-0.72650 1.97578
-0.72635 1.97567
-0.72619 1.97557
-0.72604 1.97546
-0.72589 1.97536
-0.72573 1.97525
-0.72558 1.97515
-0.72543 1.97504
-0.72527 1.97494
-0.72512 1.97483
-0.72497 1.97473
-0.72481 1.97462
-0.72466 1.97452
-0.72451 1.97441
-0.72436 1.97431
-0.72420 1.97420
-0.72405 1.97410
-0.72390 1.97399
-0.72374 1.97389
-0.72359 1.97378
-0.72344 1.97368
-0.72328 1.97357
-0.72313 1.97346
-0.72298 1.97336
-0.72283 1.97325
-0.72267 1.97315
-0.72252 1.97304
-0.72237 1.97294
-0.72221 1.97283
-0.72206 1.97273
-0.72191 1.97262
-0.72175 1.97252
-0.72160 1.97241
-0.72145 1.97230
-0.72130 1.97220
-0.72114 1.97209
-0.72099 1.97199
-0.72084 1.97188
-0.72068 1.97178
-0.72053 1.97167
-0.72038 1.97156
-0.72023 1.97146
-0.72007 1.97135
-0.71992 1.97125
-0.71977 1.97114
-0.71961 1.97103
-0.71946 1.97093
-0.71931 1.97082
-0.71916 1.97072
-0.71900 1.97061
-0.71885 1.97051
-0.71870 1.97040
-0.71855 1.97029
-0.71839 1.97019
-0.71824 1.97008
-0.71809 1.96997
-0.71793 1.96987
-0.71778 1.96976
-0.71763 1.96966
-0.71748 1.96955
-0.71732 1.96944
-0.71717 1.96934
-0.71702 1.96923
-0.71687 1.96913
-0.71671 1.96902
-0.71656 1.96891
-0.71641 1.96881
-0.71626 1.96870
