-0.80743 1.38175
-0.80733 1.38156
-0.80724 1.38137
-0.80715 1.38119
-0.80705 1.38100
-0.80696 1.38081
-0.80686 1.38062
-0.80677 1.38044
-0.80668 1.38025
-0.80658 1.38006
-0.80649 1.37988
-0.80639 1.37969
-0.80630 1.37950
-0.80621 1.37932
-0.80611 1.37913
-0.80602 1.37894
-0.80592 1.37875
-0.80583 1.37857
-0.80573 1.37838
-0.80564 1.37819
-0.80555 1.37801
-0.80545 1.37782
-0.80536 1.37763
-0.80526 1.37744
-0.80517 1.37726
-0.80508 1.37707
-0.80498 1.37688
-0.80489 1.37670
-0.80479 1.37651
-0.80470 1.37632
-0.80461 1.37613
-0.80451 1.37595
-0.80442 1.37576
-0.80432 1.37557
-0.80423 1.37538
-0.80413 1.37520
-0.80404 1.37501
-0.80395 1.37482
-0.80385 1.37463
-0.80376 1.37445
-0.80366 1.37426
-0.80357 1.37407
-0.80347 1.37388
-0.80338 1.37370
-0.80329 1.37351
-0.80319 1.37332
-0.80310 1.37313
-0.80300 1.37294
-0.80291 1.37276
-0.80281 1.37257
-0.80272 1.37238
-0.80262 1.37219
-0.80253 1.37201
-0.80244 1.37182
-0.80234 1.37163
-0.80225 1.37144
-0.80215 1.37125
-0.80206 1.37107
-0.80196 1.37088
-0.80187 1.37069
-0.80177 1.37050
-0.80168 1.37031
-0.80159 1.37013
-0.80149 1.36994
-0.80140 1.36975
-0.80130 1.36956
-0.80121 1.36937
-0.80111 1.36919
-0.80102 1.36900
-0.80092 1.36881
-0.80083 1.36862
-0.80074 1.36843
-0.80064 1.36824
-0.80055 1.36806
-0.80045 1.36787
-0.80036 1.36768
-0.80026 1.36749
-0.80017 1.36730
-0.80007 1.36711
-0.79998 1.36693
-0.79988 1.36674
-0.79979 1.36655
-0.79969 1.36636
-0.79960 1.36617
-0.79950 1.36598
-0.79941 1.36579
-0.79932 1.36561
-0.79922 1.36542
-0.79913 1.36523
-0.79903 1.36504
-0.79894 1.36485
-0.79884 1.36466
-0.79875 1.36447
-0.79865 1.36428
-0.79856 1.36410
-0.79846 1.36391
-0.79837 1.36372
-0.79827 1.36353
-0.79818 1.36334
-0.79808 1.36315
-0.79799 1.36296
-0.79789 1.36277
-0.79780 1.36258
-0.79770 1.36240
-0.79761 1.36221
-0.79751 1.36202
-0.79742 1.36183
-0.79732 1.36164
-0.79723 1.36145
-0.79713 1.36126
-0.79704 1.36107
-0.79694 1.36088
-0.79685 1.36069
-0.79675 1.36050
-0.79666 1.36032
-0.79656 1.36013
-0.79647 1.35994
-0.79637 1.35975
-0.79628 1.35956
-0.79618 1.35937
-0.79609 1.35918
-0.79599 1.35899
-0.79590 1.35880
-0.79580 1.35861
-0.79571 1.35842
-0.79561 1.35823
-0.79552 1.35804
-0.79542 1.35785
-0.79533 1.35766
-0.79523 1.35747
-0.79514 1.35728
-0.79504 1.35709
-0.79495 1.35691
-0.79485 1.35672
-0.79476 1.35653
-0.79466 1.35634
-0.79457 1.35615
-0.79447 1.35596
-0.79438 1.35577
-0.79428 1.35558
-0.79419 1.35539
-0.79409 1.35520
-0.79400 1.35501
-0.79390 1.35482
-0.79381 1.35463
-0.79371 1.35444
-0.79362 1.35425
-0.79352 1.35406
-0.79342 1.35387
-0.79333 1.35368
-0.79323 1.35349
-0.79314 1.35330
-0.79304 1.35311
-0.79295 1.35292
-0.79285 1.35273
-0.79276 1.35254
-0.79266 1.35235
-0.79257 1.35216
-0.79247 1.35197
-0.79238 1.35178
-0.79228 1.35159
-0.79219 1.35140
-0.79209 1.35121
-0.79199 1.35102
-0.79190 1.35082
-0.79180 1.35063
-0.79171 1.35044
-0.79161 1.35025
-0.79152 1.35006
-0.79142 1.34987
-0.79133 1.34968
-0.79123 1.34949
-0.79113 1.34930
-0.79104 1.34911
-0.79094 1.34892
-0.79087 1.34872
-0.79080 1.34851
-0.79074 1.34830
-0.79067 1.34809
-0.79060 1.34788
-0.79054 1.34767
-0.79047 1.34746
-0.79041 1.34725
-0.79034 1.34705
-0.79027 1.34684
-0.79021 1.34663
-0.79014 1.34642
-0.79008 1.34621
-0.79001 1.34600
-0.78994 1.34579
-0.78988 1.34558
-0.78981 1.34537
-0.78975 1.34516
-0.78968 1.34495
-0.78961 1.34474
-0.78955 1.34453
-0.78948 1.34433
-0.78942 1.34412
-0.78935 1.34391
-0.78928 1.34370
-0.78922 1.34349
-0.78915 1.34328
-0.78908 1.34307
-0.78902 1.34286
-0.78895 1.34265
-0.78889 1.34244
-0.78882 1.34223
-0.78875 1.34202
-0.78869 1.34181
-0.78862 1.34160
-0.78855 1.34139
-0.78849 1.34118
-0.78842 1.34097
-0.78835 1.34076
-0.78829 1.34055
-0.78822 1.34034
-0.78816 1.34013
-0.78809 1.33992
-0.78802 1.33971
-0.78796 1.33950
-0.78789 1.33929
-0.78782 1.33908
-0.78776 1.33887
-0.78769 1.33866
-0.78762 1.33845
-0.78756 1.33824
-0.78749 1.33803
-0.78742 1.33782
-0.78736 1.33761
-0.78729 1.33740
-0.78722 1.33719
-0.78716 1.33698
-0.78709 1.33677
-0.78702 1.33655
-0.78695 1.33634
-0.78689 1.33613
-0.78682 1.33592
-0.78675 1.33571
-0.78669 1.33550
-0.78662 1.33529
-0.78655 1.33508
-0.78649 1.33487
-0.78642 1.33466
-0.78635 1.33445
-0.78629 1.33424
-0.78622 1.33403
-0.78615 1.33382
-0.78608 1.33360
-0.78602 1.33339
-0.78595 1.33318
-0.78588 1.33297
-0.78582 1.33276
-0.78575 1.33255
-0.78568 1.33234
-0.78561 1.33213
-0.78555 1.33192
-0.78548 1.33170
-0.78541 1.33149
-0.78534 1.33128
-0.78528 1.33107
-0.78521 1.33086
-0.78514 1.33065
-0.78508 1.33044
-0.78501 1.33023
-0.78494 1.33001
-0.78487 1.32980
-0.78481 1.32959
-0.78474 1.32938
-0.78467 1.32917
-0.78460 1.32896
-0.78454 1.32874
-0.78447 1.32853
-0.78440 1.32832
-0.78433 1.32811
-0.78427 1.32790
-0.78420 1.32769
-0.78413 1.32747
-0.78406 1.32726
-0.78399 1.32705
-0.78393 1.32684
-0.78386 1.32663
-0.78379 1.32642
-0.78372 1.32620
-0.78366 1.32599
-0.78359 1.32578
-0.78352 1.32557
-0.78345 1.32535
-0.78339 1.32514
-0.78332 1.32493
-0.78325 1.32472
-0.78318 1.32451
-0.78311 1.32429
-0.78305 1.32408
-0.78298 1.32387
-0.78291 1.32366
-0.78284 1.32344
-0.78277 1.32323
-0.78271 1.32302
-0.78264 1.32281
-0.78257 1.32259
-0.78250 1.32238
-0.78243 1.32217
-0.78237 1.32196
-0.78230 1.32174
-0.78223 1.32153
-0.78216 1.32132
-0.78209 1.32111
-0.78202 1.32089
-0.78196 1.32068
-0.78189 1.32047
-0.78182 1.32026
-0.78175 1.32004
-0.78168 1.31983
-0.78161 1.31962
-0.78155 1.31940
-0.78148 1.31919
-0.78141 1.31898
-0.78134 1.31877
-0.78127 1.31855
-0.78120 1.31834
-0.78114 1.31813
-0.78107 1.31791
-0.78100 1.31770
-0.78093 1.31749
-0.78086 1.31727
-0.78079 1.31706
-0.78072 1.31685
-0.78066 1.31663
-0.78059 1.31642
-0.78052 1.31621
-0.78045 1.31599
-0.78038 1.31578
-0.78031 1.31557
-0.78024 1.31535
-0.78017 1.31514
-0.78011 1.31493
-0.78004 1.31471
-0.77997 1.31450
-0.77990 1.31428
-0.77983 1.31407
-0.77976 1.31386
-0.77969 1.31364
-0.77962 1.31343
-0.77956 1.31322
-0.77949 1.31300
-0.77942 1.31279
-0.77935 1.31257
-0.77928 1.31236
-0.77921 1.31215
-0.77914 1.31193
-0.77907 1.31172
-0.77900 1.31150
-0.77893 1.31129
-0.77886 1.31108
-0.77880 1.31086
-0.77873 1.31065
-0.77866 1.31043
-0.77859 1.31022
-0.77852 1.31000
-0.77845 1.30979
-0.77838 1.30958
-0.77831 1.30936
-0.77824 1.30915
-0.77817 1.30893
-0.77810 1.30872
-0.77803 1.30850
-0.77796 1.30829
-0.77790 1.30807
-0.77783 1.30786
-0.77776 1.30765
-0.77769 1.30743
-0.77762 1.30722
-0.77755 1.30700
-0.77748 1.30679
-0.77741 1.30657
-0.77734 1.30636
-0.77727 1.30614
-0.77720 1.30593
-0.77713 1.30571
-0.77706 1.30550
-0.77699 1.30528
-0.77692 1.30507
-0.77685 1.30485
-0.77678 1.30464
-0.77671 1.30442
-0.77664 1.30421
-0.77657 1.30399
-0.77650 1.30378
-0.77643 1.30356
-0.77636 1.30335
-0.77629 1.30313
-0.77622 1.30292
-0.77615 1.30270
-0.77608 1.30248
-0.77601 1.30227
-0.77594 1.30205
-0.77587 1.30184
-0.77580 1.30162
-0.77573 1.30141
-0.77566 1.30119
-0.77559 1.30098
-0.77552 1.30076
-0.77545 1.30054
-0.77538 1.30033
-0.77531 1.30011
-0.77524 1.29990
-0.77517 1.29968
-0.77510 1.29947
-0.77503 1.29925
-0.77496 1.29903
-0.77489 1.29882
-0.77482 1.29860
-0.77475 1.29839
-0.77468 1.29817
-0.77461 1.29795
-0.77454 1.29774
-0.77447 1.29752
-0.77440 1.29731
-0.77433 1.29709
-0.77426 1.29687
-0.77419 1.29666
-0.77412 1.29644
-0.77405 1.29622
-0.77398 1.29601
-0.77391 1.29579
-0.77384 1.29558
-0.77377 1.29536
-0.77370 1.29514
-0.77363 1.29493
-0.77355 1.29471
-0.77348 1.29449
-0.77341 1.29428
-0.77334 1.29406
-0.77327 1.29384
-0.77320 1.29363
-0.77313 1.29341
-0.77306 1.29319
-0.77299 1.29298
-0.77292 1.29276
-0.77285 1.29254
-0.77278 1.29233
-0.77271 1.29211
-0.77264 1.29189
-0.77256 1.29168
-0.77249 1.29146
-0.77242 1.29124
-0.77235 1.29102
-0.77228 1.29081
-0.77221 1.29059
-0.77214 1.29037
-0.77207 1.29016
-0.77200 1.28994
-0.77193 1.28972
-0.77185 1.28950
-0.77178 1.28929
-0.77171 1.28907
-0.77164 1.28885
-0.77157 1.28863
-0.77150 1.28842
-0.77143 1.28820
-0.77136 1.28798
-0.77129 1.28776
-0.77121 1.28755
-0.77114 1.28733
-0.77107 1.28711
-0.77100 1.28689
-0.77093 1.28668
-0.77086 1.28646
-0.77079 1.28624
-0.77071 1.28602
-0.77064 1.28580
-0.77057 1.28559
-0.77050 1.28537
-0.77043 1.28515
-0.77036 1.28493
-0.77029 1.28471
-0.77021 1.28450
-0.77014 1.28428
-0.77007 1.28406
-0.77000 1.28384
-0.76993 1.28362
-0.76986 1.28341
-0.76978 1.28319
-0.76971 1.28297
-0.76964 1.28275
-0.76957 1.28253
-0.76950 1.28231
-0.76943 1.28210
-0.76935 1.28188
-0.76928 1.28166
-0.76921 1.28144
-0.76914 1.28122
-0.76907 1.28100
-0.76899 1.28078
-0.76892 1.28057
-0.76885 1.28035
-0.76878 1.28013
-0.76871 1.27991
-0.76863 1.27969
-0.76856 1.27947
-0.76849 1.27925
-0.76842 1.27903
-0.76835 1.27882
-0.76827 1.27860
-0.76820 1.27838
-0.76813 1.27816
-0.76806 1.27794
-0.76799 1.27772
-0.76791 1.27750
-0.76784 1.27728
-0.76777 1.27706
-0.76770 1.27684
-0.76762 1.27662
-0.76755 1.27641
-0.76748 1.27619
-0.76741 1.27597
-0.76734 1.27575
-0.76726 1.27553
-0.76719 1.27531
-0.76712 1.27509
-0.76705 1.27487
-0.76697 1.27465
-0.76690 1.27443
-0.76683 1.27421
-0.76676 1.27399
-0.76668 1.27377
-0.76664 1.27353
-0.76659 1.27329
-0.76655 1.27305
-0.76650 1.27281
-0.76646 1.27258
-0.76641 1.27234
-0.76637 1.27210
-0.76632 1.27186
-0.76628 1.27162
-0.76623 1.27138
-0.76619 1.27114
-0.76614 1.27089
-0.76610 1.27065
-0.76605 1.27041
-0.76601 1.27017
-0.76596 1.26993
-0.76592 1.26969
-0.76587 1.26945
-0.76583 1.26921
-0.76578 1.26897
-0.76573 1.26873
-0.76569 1.26849
-0.76564 1.26825
-0.76560 1.26801
-0.76555 1.26777
-0.76551 1.26753
-0.76546 1.26729
-0.76542 1.26705
-0.76537 1.26680
-0.76533 1.26656
-0.76528 1.26632
-0.76523 1.26608
-0.76519 1.26584
-0.76514 1.26560
-0.76510 1.26536
-0.76505 1.26512
-0.76500 1.26487
-0.76496 1.26463
-0.76491 1.26439
-0.76487 1.26415
-0.76482 1.26391
-0.76477 1.26367
-0.76473 1.26343
-0.76468 1.26318
-0.76464 1.26294
-0.76459 1.26270
-0.76454 1.26246
-0.76450 1.26222
-0.76445 1.26197
-0.76441 1.26173
-0.76436 1.26149
-0.76431 1.26125
-0.76427 1.26101
-0.76422 1.26076
-0.76417 1.26052
-0.76413 1.26028
-0.76408 1.26004
-0.76403 1.25979
-0.76399 1.25955
-0.76394 1.25931
-0.76389 1.25907
-0.76385 1.25882
-0.76380 1.25858
-0.76375 1.25834
-0.76371 1.25810
-0.76366 1.25785
-0.76361 1.25761
-0.76357 1.25737
-0.76352 1.25712
-0.76347 1.25688
-0.76342 1.25664
-0.76338 1.25639
-0.76333 1.25615
-0.76328 1.25591
-0.76324 1.25567
-0.76319 1.25542
-0.76314 1.25518
-0.76309 1.25494
-0.76305 1.25469
-0.76300 1.25445
-0.76295 1.25420
-0.76290 1.25396
-0.76286 1.25372
-0.76281 1.25347
-0.76276 1.25323
-0.76271 1.25299
-0.76267 1.25274
-0.76262 1.25250
-0.76257 1.25225
-0.76252 1.25201
-0.76248 1.25177
-0.76243 1.25152
-0.76238 1.25128
-0.76233 1.25103
-0.76228 1.25079
-0.76224 1.25054
-0.76219 1.25030
-0.76214 1.25006
-0.76209 1.24981
-0.76204 1.24957
-0.76200 1.24932
-0.76195 1.24908
-0.76190 1.24883
-0.76185 1.24859
-0.76180 1.24834
-0.76176 1.24810
-0.76171 1.24785
-0.76166 1.24761
-0.76161 1.24736
-0.76156 1.24712
-0.76151 1.24687
-0.76147 1.24663
-0.76142 1.24638
-0.76137 1.24614
-0.76132 1.24589
-0.76127 1.24565
-0.76122 1.24540
-0.76117 1.24516
-0.76113 1.24491
-0.76108 1.24467
-0.76103 1.24442
-0.76098 1.24417
-0.76093 1.24393
-0.76088 1.24368
-0.76083 1.24344
-0.76078 1.24319
-0.76073 1.24295
-0.76069 1.24270
-0.76064 1.24245
-0.76059 1.24221
-0.76054 1.24196
-0.76049 1.24172
-0.76044 1.24147
-0.76039 1.24122
-0.76034 1.24098
-0.76029 1.24073
-0.76024 1.24048
-0.76019 1.24024
-0.76014 1.23999
-0.76009 1.23974
-0.76005 1.23950
-0.76000 1.23925
-0.75995 1.23900
-0.75990 1.23876
-0.75985 1.23851
-0.75980 1.23826
-0.75975 1.23802
-0.75970 1.23777
-0.75965 1.23752
-0.75960 1.23728
-0.75955 1.23703
-0.75950 1.23678
-0.75945 1.23653
-0.75940 1.23629
-0.75935 1.23604
-0.75930 1.23579
-0.75925 1.23555
-0.75920 1.23530
-0.75915 1.23505
-0.75910 1.23480
-0.75905 1.23456
-0.75900 1.23431
-0.75895 1.23406
-0.75890 1.23381
-0.75885 1.23356
-0.75880 1.23332
-0.75875 1.23307
-0.75870 1.23282
-0.75865 1.23257
-0.75859 1.23232
-0.75854 1.23208
-0.75849 1.23183
-0.75844 1.23158
-0.75839 1.23133
-0.75834 1.23108
-0.75829 1.23083
-0.75824 1.23059
-0.75819 1.23034
-0.75814 1.23009
-0.75809 1.22984
-0.75804 1.22959
-0.75799 1.22934
-0.75794 1.22909
-0.75788 1.22884
-0.75783 1.22860
-0.75778 1.22835
-0.75773 1.22810
-0.75768 1.22785
-0.75763 1.22760
-0.75758 1.22735
-0.75753 1.22710
-0.75747 1.22685
-0.75742 1.22660
-0.75737 1.22635
-0.75732 1.22610
-0.75727 1.22585
-0.75722 1.22560
-0.75717 1.22536
-0.75711 1.22511
-0.75706 1.22486
-0.75701 1.22461
-0.75696 1.22436
-0.75691 1.22411
-0.75686 1.22386
-0.75680 1.22361
-0.75675 1.22336
-0.75670 1.22311
-0.75665 1.22286
-0.75660 1.22261
-0.75655 1.22236
-0.75649 1.22211
-0.75644 1.22186
-0.75639 1.22160
-0.75634 1.22135
-0.75629 1.22110
-0.75623 1.22085
-0.75618 1.22060
-0.75613 1.22035
-0.75608 1.22010
-0.75602 1.21985
-0.75597 1.21960
-0.75592 1.21935
-0.75587 1.21910
-0.75581 1.21885
-0.75576 1.21860
-0.75571 1.21834
-0.75566 1.21809
-0.75560 1.21784
-0.75555 1.21759
-0.75550 1.21734
-0.75545 1.21709
-0.75539 1.21684
-0.75534 1.21659
-0.75529 1.21633
-0.75524 1.21608
-0.75518 1.21583
-0.75513 1.21558
-0.75508 1.21533
-0.75502 1.21508
-0.75497 1.21482
-0.75492 1.21457
-0.75486 1.21432
-0.75481 1.21407
-0.75476 1.21382
-0.75471 1.21356
-0.75465 1.21331
-0.75460 1.21306
-0.75455 1.21281
-0.75449 1.21255
-0.75444 1.21230
-0.75439 1.21205
-0.75433 1.21180
-0.75428 1.21154
-0.75423 1.21129
-0.75417 1.21104
-0.75412 1.21079
-0.75406 1.21053
-0.75401 1.21028
-0.75396 1.21003
-0.75390 1.20978
-0.75385 1.20952
-0.75380 1.20927
-0.75374 1.20902
-0.75369 1.20876
-0.75363 1.20851
-0.75358 1.20826
-0.75353 1.20800
-0.75347 1.20775
-0.75342 1.20750
-0.75336 1.20724
-0.75331 1.20699
-0.75326 1.20674
-0.75320 1.20648
-0.75315 1.20623
-0.75309 1.20597
-0.75304 1.20572
-0.75298 1.20547
-0.75293 1.20521
-0.75288 1.20496
-0.75282 1.20470
-0.75277 1.20445
-0.75271 1.20420
-0.75266 1.20394
-0.75260 1.20369
-0.75255 1.20343
-0.75249 1.20318
-0.75244 1.20292
-0.75238 1.20267
-0.75233 1.20242
-0.75227 1.20216
-0.75222 1.20191
-0.75216 1.20165
-0.75211 1.20140
-0.75205 1.20114
-0.75200 1.20089
-0.75194 1.20063
-0.75189 1.20038
-0.75183 1.20012
-0.75178 1.19987
-0.75172 1.19961
-0.75167 1.19936
-0.75161 1.19910
-0.75156 1.19885
-0.75150 1.19859
-0.75145 1.19833
-0.75139 1.19808
-0.75134 1.19782
-0.75128 1.19757
-0.75123 1.19731
-0.75117 1.19706
-0.75111 1.19680
-0.75106 1.19654
-0.75100 1.19629
-0.75095 1.19603
-0.75089 1.19578
-0.75084 1.19552
-0.75078 1.19526
-0.75072 1.19501
-0.75067 1.19475
-0.75061 1.19450
-0.75056 1.19424
-0.75050 1.19398
-0.75044 1.19373
-0.75039 1.19347
-0.75033 1.19321
-0.75028 1.19296
-0.75022 1.19270
-0.75016 1.19244
-0.75011 1.19219
-0.75005 1.19193
-0.74999 1.19167
-0.74994 1.19142
-0.74988 1.19116
-0.74983 1.19090
-0.74977 1.19064
-0.74971 1.19039
-0.74966 1.19013
-0.74960 1.18987
-0.74954 1.18962
-0.74949 1.18936
-0.74943 1.18910
-0.74937 1.18884
-0.74932 1.18858
-0.74926 1.18833
-0.74920 1.18807
-0.74914 1.18781
-0.74909 1.18755
-0.74903 1.18730
-0.74897 1.18704
-0.74892 1.18678
-0.74886 1.18652
-0.74877 1.18629
-0.74869 1.18605
-0.74861 1.18582
-0.74853 1.18558
-0.74844 1.18535
-0.74836 1.18511
-0.74828 1.18488
-0.74820 1.18464
-0.74812 1.18441
-0.74803 1.18417
-0.74795 1.18394
-0.74787 1.18370
-0.74779 1.18347
-0.74770 1.18323
-0.74762 1.18300
-0.74754 1.18276
-0.74745 1.18253
-0.74737 1.18229
-0.74729 1.18206
-0.74721 1.18182
-0.74712 1.18158
-0.74704 1.18135
-0.74696 1.18111
-0.74688 1.18088
-0.74679 1.18064
-0.74671 1.18040
-0.74663 1.18017
-0.74654 1.17993
-0.74646 1.17970
-0.74638 1.17946
-0.74630 1.17922
-0.74621 1.17899
-0.74613 1.17875
-0.74605 1.17852
-0.74596 1.17828
-0.74588 1.17804
-0.74580 1.17781
-0.74571 1.17757
-0.74563 1.17733
-0.74555 1.17710
-0.74546 1.17686
-0.74538 1.17662
-0.74530 1.17639
-0.74521 1.17615
-0.74513 1.17591
-0.74505 1.17568
-0.74496 1.17544
-0.74488 1.17520
-0.74480 1.17497
-0.74471 1.17473
-0.74463 1.17449
-0.74455 1.17426
-0.74446 1.17402
-0.74438 1.17378
-0.74430 1.17354
-0.74421 1.17331
-0.74413 1.17307
-0.74405 1.17283
-0.74396 1.17260
-0.74388 1.17236
-0.74380 1.17212
-0.74371 1.17188
-0.74363 1.17165
-0.74354 1.17141
-0.74346 1.17117
-0.74338 1.17093
-0.74329 1.17070
-0.74321 1.17046
-0.74313 1.17022
-0.74304 1.16998
-0.74296 1.16974
-0.74287 1.16951
-0.74279 1.16927
-0.74271 1.16903
-0.74262 1.16879
-0.74254 1.16855
-0.74245 1.16832
-0.74237 1.16808
-0.74228 1.16784
-0.74220 1.16760
-0.74212 1.16736
-0.74203 1.16713
-0.74195 1.16689
-0.74186 1.16665
-0.74178 1.16641
-0.74170 1.16617
-0.74161 1.16593
-0.74153 1.16569
-0.74144 1.16546
-0.74136 1.16522
-0.74127 1.16498
-0.74119 1.16474
-0.74110 1.16450
-0.74102 1.16426
-0.74094 1.16402
-0.74085 1.16378
-0.74077 1.16354
-0.74068 1.16331
-0.74060 1.16307
-0.74051 1.16283
-0.74043 1.16259
-0.74034 1.16235
-0.74026 1.16211
-0.74017 1.16187
-0.74009 1.16163
-0.74000 1.16139
-0.73992 1.16115
-0.73983 1.16091
-0.73975 1.16067
-0.73966 1.16043
-0.73958 1.16019
-0.73949 1.15995
-0.73941 1.15971
-0.73932 1.15948
-0.73924 1.15924
-0.73915 1.15900
-0.73907 1.15876
-0.73898 1.15852
-0.73890 1.15828
-0.73881 1.15804
-0.73873 1.15780
-0.73864 1.15756
-0.73856 1.15732
-0.73847 1.15708
-0.73839 1.15683
-0.73830 1.15659
-0.73822 1.15635
-0.73813 1.15611
-0.73805 1.15587
-0.73796 1.15563
-0.73788 1.15539
-0.73779 1.15515
-0.73771 1.15491
-0.73762 1.15467
-0.73753 1.15443
-0.73745 1.15419
-0.73736 1.15395
-0.73728 1.15371
-0.73719 1.15347
-0.73711 1.15323
-0.73702 1.15298
-0.73693 1.15274
-0.73685 1.15250
-0.73676 1.15226
-0.73668 1.15202
-0.73659 1.15178
-0.73651 1.15154
-0.73642 1.15130
-0.73633 1.15106
-0.73625 1.15081
-0.73616 1.15057
-0.73608 1.15033
-0.73599 1.15009
-0.73590 1.14985
-0.73582 1.14961
-0.73573 1.14936
-0.73565 1.14912
-0.73556 1.14888
-0.73547 1.14864
-0.73539 1.14840
-0.73530 1.14816
-0.73522 1.14791
-0.73513 1.14767
-0.73504 1.14743
-0.73496 1.14719
-0.73487 1.14695
-0.73478 1.14670
-0.73470 1.14646
-0.73461 1.14622
-0.73453 1.14598
-0.73444 1.14573
-0.73435 1.14549
-0.73427 1.14525
-0.73418 1.14501
-0.73409 1.14476
-0.73402 1.14450
-0.73396 1.14424
-0.73390 1.14397
-0.73384 1.14370
-0.73377 1.14343
-0.73371 1.14317
-0.73365 1.14290
-0.73359 1.14263
-0.73352 1.14237
-0.73346 1.14210
-0.73340 1.14183
-0.73333 1.14156
-0.73327 1.14129
-0.73321 1.14103
-0.73315 1.14076
-0.73308 1.14049
-0.73302 1.14022
-0.73296 1.13995
-0.73289 1.13969
-0.73283 1.13942
-0.73277 1.13915
-0.73270 1.13888
-0.73264 1.13861
-0.73258 1.13834
-0.73251 1.13808
-0.73245 1.13781
-0.73239 1.13754
-0.73232 1.13727
-0.73226 1.13700
-0.73219 1.13673
-0.73213 1.13646
-0.73207 1.13619
-0.73200 1.13593
-0.73194 1.13566
-0.73188 1.13539
-0.73181 1.13512
-0.73175 1.13485
-0.73168 1.13458
-0.73162 1.13431
-0.73156 1.13404
-0.73149 1.13377
-0.73143 1.13350
-0.73136 1.13323
-0.73130 1.13296
-0.73124 1.13269
-0.73117 1.13242
-0.73111 1.13215
-0.73104 1.13188
-0.73098 1.13161
-0.73091 1.13134
-0.73085 1.13107
-0.73078 1.13080
-0.73072 1.13053
-0.73065 1.13026
-0.73059 1.12999
-0.73053 1.12972
-0.73046 1.12945
-0.73040 1.12918
-0.73033 1.12891
-0.73027 1.12864
-0.73020 1.12836
-0.73014 1.12809
-0.73007 1.12782
-0.73001 1.12755
-0.72994 1.12728
-0.72988 1.12701
-0.72981 1.12674
-0.72975 1.12647
-0.72968 1.12619
-0.72962 1.12592
-0.72955 1.12565
-0.72948 1.12538
-0.72942 1.12511
-0.72935 1.12484
-0.72929 1.12456
-0.72922 1.12429
-0.72916 1.12402
-0.72909 1.12375
-0.72903 1.12348
-0.72896 1.12320
-0.72889 1.12293
-0.72883 1.12266
-0.72876 1.12239
-0.72870 1.12211
-0.72863 1.12184
-0.72857 1.12157
-0.72850 1.12130
-0.72843 1.12102
-0.72837 1.12075
-0.72830 1.12048
-0.72823 1.12020
-0.72817 1.11993
-0.72810 1.11966
-0.72804 1.11939
-0.72797 1.11911
-0.72790 1.11884
-0.72784 1.11857
-0.72777 1.11829
-0.72770 1.11802
-0.72764 1.11775
-0.72757 1.11747
-0.72750 1.11720
-0.72744 1.11692
-0.72737 1.11665
-0.72730 1.11638
-0.72724 1.11610
-0.72717 1.11583
-0.72710 1.11555
-0.72704 1.11528
-0.72697 1.11501
-0.72690 1.11473
-0.72684 1.11446
-0.72677 1.11418
-0.72670 1.11391
-0.72663 1.11363
-0.72657 1.11336
-0.72650 1.11308
-0.72643 1.11281
-0.72637 1.11253
-0.72630 1.11226
-0.72623 1.11198
-0.72616 1.11171
-0.72610 1.11143
-0.72603 1.11116
-0.72596 1.11088
-0.72589 1.11061
-0.72583 1.11033
-0.72576 1.11006
-0.72569 1.10978
-0.72562 1.10951
-0.72555 1.10923
-0.72549 1.10895
-0.72542 1.10868
-0.72535 1.10840
-0.72528 1.10813
-0.72521 1.10785
-0.72515 1.10757
-0.72508 1.10730
-0.72501 1.10702
-0.72494 1.10675
-0.72487 1.10647
-0.72480 1.10619
-0.72474 1.10592
-0.72467 1.10564
-0.72460 1.10536
-0.72453 1.10509
-0.72446 1.10481
-0.72439 1.10453
-0.72433 1.10425
-0.72426 1.10398
-0.72419 1.10370
-0.72412 1.10342
-0.72405 1.10315
-0.72398 1.10287
-0.72391 1.10259
-0.72384 1.10231
-0.72378 1.10204
-0.72371 1.10176
-0.72364 1.10148
-0.72357 1.10120
-0.72350 1.10093
-0.72343 1.10065
-0.72336 1.10037
-0.72329 1.10009
-0.72322 1.09981
-0.72315 1.09953
-0.72308 1.09926
-0.72301 1.09898
-0.72294 1.09870
-0.72287 1.09842
-0.72281 1.09814
-0.72274 1.09786
-0.72267 1.09759
-0.72260 1.09731
-0.72253 1.09703
-0.72243 1.09678
-0.72229 1.09658
-0.72216 1.09638
-0.72202 1.09618
-0.72188 1.09598
-0.72174 1.09578
-0.72161 1.09558
-0.72147 1.09538
-0.72133 1.09518
-0.72119 1.09498
-0.72106 1.09478
-0.72092 1.09458
-0.72078 1.09438
-0.72064 1.09418
-0.72050 1.09398
-0.72037 1.09378
-0.72023 1.09358
-0.72009 1.09338
-0.71995 1.09318
-0.71982 1.09298
-0.71968 1.09278
-0.71954 1.09258
-0.71940 1.09237
-0.71926 1.09217
-0.71913 1.09197
-0.71899 1.09177
-0.71885 1.09157
-0.71871 1.09137
-0.71858 1.09117
-0.71844 1.09097
-0.71830 1.09077
-0.71816 1.09057
-0.71802 1.09037
-0.71789 1.09017
-0.71775 1.08996
-0.71761 1.08976
-0.71747 1.08956
-0.71733 1.08936
-0.71720 1.08916
-0.71706 1.08896
-0.71692 1.08876
-0.71678 1.08856
-0.71664 1.08835
-0.71651 1.08815
-0.71637 1.08795
-0.71623 1.08775
-0.71609 1.08755
-0.71595 1.08735
-0.71581 1.08714
-0.71568 1.08694
-0.71554 1.08674
-0.71540 1.08654
-0.71526 1.08634
-0.71512 1.08614
-0.71499 1.08593
-0.71485 1.08573
-0.71471 1.08553
-0.71457 1.08533
-0.71443 1.08513
-0.71429 1.08492
-0.71416 1.08472
-0.71402 1.08452
-0.71388 1.08432
-0.71374 1.08411
-0.71360 1.08391
-0.71346 1.08371
-0.71332 1.08351
-0.71319 1.08331
-0.71305 1.08310
-0.71291 1.08290
-0.71277 1.08270
-0.71263 1.08249
-0.71249 1.08229
-0.71236 1.08209
-0.71222 1.08189
-0.71208 1.08168
-0.71194 1.08148
-0.71180 1.08128
-0.71166 1.08108
-0.71152 1.08087
-0.71139 1.08067
-0.71125 1.08047
-0.71111 1.08026
-0.71097 1.08006
-0.71083 1.07986
-0.71069 1.07965
-0.71055 1.07945
-0.71041 1.07925
-0.71028 1.07904
-0.71014 1.07884
-0.71000 1.07864
-0.70986 1.07843
-0.70972 1.07823
-0.70958 1.07803
-0.70944 1.07782
-0.70930 1.07762
-0.70917 1.07741
-0.70903 1.07721
-0.70889 1.07701
-0.70875 1.07680
-0.70861 1.07660
-0.70847 1.07640
-0.70833 1.07619
-0.70819 1.07599
-0.70805 1.07578
-0.70792 1.07558
-0.70778 1.07538
-0.70764 1.07517
-0.70750 1.07497
-0.70736 1.07476
-0.70722 1.07456
-0.70708 1.07435
-0.70694 1.07415
-0.70680 1.07395
-0.70666 1.07374
-0.70652 1.07354
-0.70639 1.07333
-0.70625 1.07313
-0.70611 1.07292
-0.70597 1.07272
-0.70583 1.07251
-0.70569 1.07231
-0.70555 1.07210
-0.70541 1.07190
-0.70527 1.07169
-0.70513 1.07149
-0.70499 1.07128
-0.70485 1.07108
-0.70471 1.07087
-0.70458 1.07067
-0.70444 1.07046
-0.70430 1.07026
-0.70416 1.07005
-0.70402 1.06985
-0.70388 1.06964
-0.70374 1.06944
-0.70360 1.06923
-0.70346 1.06903
-0.70332 1.06882
-0.70318 1.06861
-0.70304 1.06841
-0.70290 1.06820
-0.70276 1.06800
-0.70262 1.06779
-0.70248 1.06759
-0.70234 1.06738
-0.70220 1.06717
-0.70207 1.06697
-0.70193 1.06676
-0.70179 1.06656
-0.70165 1.06635
-0.70151 1.06614
-0.70137 1.06594
-0.70123 1.06573
-0.70109 1.06553
-0.70095 1.06532
-0.70081 1.06511
-0.70067 1.06491
-0.70053 1.06470
-0.70039 1.06449
-0.70025 1.06429
-0.70011 1.06408
-0.69997 1.06387
-0.69983 1.06367
-0.69969 1.06346
-0.69955 1.06325
-0.69941 1.06305
-0.69927 1.06284
-0.69913 1.06263
-0.69899 1.06243
-0.69885 1.06222
-0.69871 1.06201
-0.69857 1.06181
-0.69843 1.06160
-0.69829 1.06139
-0.69815 1.06118
