-1.01867 2.42773
-1.01872 2.42762
-1.01877 2.42750
-1.01881 2.42738
-1.01886 2.42727
-1.01891 2.42715
-1.01896 2.42703
-1.01901 2.42692
-1.01905 2.42680
-1.01910 2.42668
-1.01915 2.42657
-1.01920 2.42645
-1.01924 2.42633
-1.01929 2.42622
-1.01934 2.42610
-1.01939 2.42598
-1.01944 2.42587
-1.01948 2.42575
-1.01953 2.42563
-1.01958 2.42552
-1.01963 2.42540
-1.01967 2.42528
-1.01972 2.42517
-1.01977 2.42505
-1.01981 2.42493
-1.01986 2.42482
-1.01991 2.42470
-1.01996 2.42458
-1.02000 2.42447
-1.02005 2.42435
-1.02010 2.42423
-1.02014 2.42411
-1.02019 2.42400
-1.02024 2.42388
-1.02029 2.42376
-1.02033 2.42365
-1.02038 2.42353
-1.02043 2.42341
-1.02047 2.42330
-1.02052 2.42318
-1.02057 2.42306
-1.02061 2.42295
-1.02066 2.42283
-1.02071 2.42271
-1.02075 2.42260
-1.02080 2.42248
-1.02085 2.42236
-1.02089 2.42224
-1.02094 2.42213
-1.02099 2.42201
-1.02103 2.42189
-1.02108 2.42178
-1.02113 2.42166
-1.02117 2.42154
-1.02122 2.42143
-1.02126 2.42131
-1.02131 2.42119
-1.02136 2.42108
-1.02140 2.42096
-1.02145 2.42084
-1.02150 2.42072
-1.02154 2.42061
-1.02159 2.42049
-1.02163 2.42037
-1.02168 2.42026
-1.02173 2.42014
-1.02177 2.42002
-1.02182 2.41991
-1.02186 2.41979
-1.02191 2.41967
-1.02196 2.41955
-1.02200 2.41944
-1.02205 2.41932
-1.02209 2.41920
-1.02214 2.41909
-1.02218 2.41897
-1.02223 2.41885
-1.02228 2.41874
-1.02232 2.41862
-1.02237 2.41850
-1.02241 2.41838
-1.02246 2.41827
-1.02250 2.41815
-1.02255 2.41803
-1.02259 2.41792
-1.02264 2.41780
-1.02268 2.41768
-1.02273 2.41756
-1.02278 2.41745
-1.02282 2.41733
-1.02287 2.41721
-1.02291 2.41710
-1.02296 2.41698
-1.02300 2.41686
-1.02305 2.41674
-1.02309 2.41663
-1.02314 2.41651
-1.02318 2.41639
-1.02323 2.41628
-1.02327 2.41616
-1.02332 2.41604
-1.02336 2.41592
-1.02341 2.41581
-1.02345 2.41569
-1.02350 2.41557
-1.02354 2.41546
-1.02358 2.41534
-1.02363 2.41522
-1.02367 2.41510
-1.02372 2.41499
-1.02376 2.41487
-1.02381 2.41475
-1.02385 2.41464
-1.02390 2.41452
-1.02394 2.41440
-1.02399 2.41428
-1.02403 2.41417
-1.02407 2.41405
-1.02412 2.41393
-1.02416 2.41381
-1.02421 2.41370
-1.02425 2.41358
-1.02430 2.41346
-1.02434 2.41335
-1.02438 2.41323
-1.02443 2.41311
-1.02447 2.41299
-1.02452 2.41288
-1.02456 2.41276
-1.02461 2.41264
-1.02465 2.41252
-1.02469 2.41241
-1.02474 2.41229
-1.02478 2.41217
-1.02482 2.41206
-1.02487 2.41194
-1.02491 2.41182
-1.02496 2.41170
-1.02500 2.41159
-1.02504 2.41147
-1.02509 2.41135
-1.02513 2.41123
-1.02517 2.41112
-1.02522 2.41100
-1.02526 2.41088
-1.02531 2.41076
-1.02535 2.41065
-1.02539 2.41053
-1.02544 2.41041
-1.02548 2.41029
-1.02552 2.41018
-1.02557 2.41006
-1.02561 2.40994
-1.02565 2.40982
-1.02570 2.40971
-1.02574 2.40959
-1.02578 2.40947
-1.02583 2.40936
-1.02587 2.40924
-1.02591 2.40912
-1.02595 2.40900
-1.02600 2.40889
-1.02604 2.40877
-1.02608 2.40865
-1.02613 2.40853
-1.02617 2.40842
-1.02621 2.40830
-1.02626 2.40818
-1.02630 2.40806
-1.02634 2.40795
-1.02638 2.40783
-1.02643 2.40771
-1.02647 2.40759
-1.02651 2.40748
-1.02656 2.40736
-1.02660 2.40724
-1.02664 2.40712
-1.02668 2.40701
-1.02673 2.40689
-1.02677 2.40677
-1.02681 2.40665
-1.02685 2.40654
-1.02690 2.40642
-1.02694 2.40630
-1.02698 2.40618
-1.02702 2.40606
-1.02706 2.40595
-1.02711 2.40583
-1.02715 2.40571
-1.02719 2.40559
-1.02723 2.40548
-1.02728 2.40536
-1.02732 2.40524
-1.02736 2.40512
-1.02740 2.40501
-1.02744 2.40489
-1.02749 2.40477
-1.02753 2.40465
-1.02757 2.40454
-1.02761 2.40442
-1.02765 2.40430
-1.02770 2.40418
-1.02774 2.40407
-1.02776 2.40395
-1.02773 2.40383
-1.02771 2.40372
-1.02768 2.40361
-1.02765 2.40349
-1.02763 2.40338
-1.02760 2.40326
-1.02757 2.40315
-1.02754 2.40303
-1.02752 2.40292
-1.02749 2.40280
-1.02746 2.40269
-1.02743 2.40258
-1.02741 2.40246
-1.02738 2.40235
-1.02735 2.40223
-1.02733 2.40212
-1.02730 2.40200
-1.02727 2.40189
-1.02724 2.40177
-1.02722 2.40166
-1.02719 2.40155
-1.02716 2.40143
-1.02713 2.40132
-1.02711 2.40120
-1.02708 2.40109
-1.02705 2.40097
-1.02702 2.40086
-1.02700 2.40074
-1.02697 2.40063
-1.02694 2.40052
-1.02691 2.40040
-1.02689 2.40029
-1.02686 2.40017
-1.02683 2.40006
-1.02680 2.39994
-1.02678 2.39983
-1.02675 2.39971
-1.02672 2.39960
-1.02669 2.39949
-1.02667 2.39937
-1.02664 2.39926
-1.02661 2.39914
-1.02658 2.39903
-1.02656 2.39891
-1.02653 2.39880
-1.02650 2.39868
-1.02647 2.39857
-1.02645 2.39846
-1.02642 2.39834
-1.02639 2.39823
-1.02636 2.39811
-1.02634 2.39800
-1.02631 2.39788
-1.02628 2.39777
-1.02625 2.39765
-1.02623 2.39754
-1.02620 2.39743
-1.02617 2.39731
-1.02614 2.39720
-1.02611 2.39708
-1.02609 2.39697
-1.02606 2.39685
-1.02603 2.39674
-1.02600 2.39662
-1.02598 2.39651
-1.02595 2.39639
-1.02592 2.39628
-1.02589 2.39617
-1.02586 2.39605
-1.02584 2.39594
-1.02581 2.39582
-1.02578 2.39571
-1.02575 2.39559
-1.02573 2.39548
-1.02570 2.39536
-1.02567 2.39525
-1.02564 2.39513
-1.02561 2.39502
-1.02559 2.39491
-1.02556 2.39479
-1.02553 2.39468
-1.02550 2.39456
-1.02547 2.39445
-1.02545 2.39433
-1.02542 2.39422
-1.02539 2.39410
-1.02536 2.39399
-1.02534 2.39388
-1.02531 2.39376
-1.02528 2.39365
-1.02525 2.39353
-1.02522 2.39342
-1.02520 2.39330
-1.02517 2.39319
-1.02514 2.39307
-1.02511 2.39296
-1.02508 2.39284
-1.02506 2.39273
-1.02503 2.39261
-1.02500 2.39250
-1.02497 2.39239
-1.02497 2.39227
-1.02501 2.39215
-1.02505 2.39203
-1.02509 2.39192
-1.02513 2.39180
-1.02517 2.39168
-1.02521 2.39156
-1.02525 2.39145
-1.02529 2.39133
-1.02533 2.39121
-1.02537 2.39109
-1.02541 2.39097
-1.02545 2.39086
-1.02549 2.39074
-1.02553 2.39062
-1.02557 2.39050
-1.02560 2.39038
-1.02564 2.39027
-1.02568 2.39015
-1.02572 2.39003
-1.02576 2.38991
-1.02580 2.38980
-1.02584 2.38968
-1.02588 2.38956
-1.02592 2.38944
-1.02596 2.38932
-1.02600 2.38921
-1.02604 2.38909
-1.02608 2.38897
-1.02612 2.38885
-1.02615 2.38873
-1.02619 2.38862
-1.02623 2.38850
-1.02627 2.38838
-1.02631 2.38826
-1.02635 2.38814
-1.02639 2.38803
-1.02643 2.38791
-1.02647 2.38779
-1.02651 2.38767
-1.02654 2.38756
-1.02658 2.38744
-1.02662 2.38732
-1.02666 2.38720
-1.02670 2.38708
-1.02674 2.38697
-1.02678 2.38685
-1.02682 2.38673
-1.02685 2.38661
-1.02689 2.38649
-1.02693 2.38638
-1.02697 2.38626
-1.02701 2.38614
-1.02705 2.38602
-1.02708 2.38590
-1.02712 2.38578
-1.02716 2.38567
-1.02720 2.38555
-1.02724 2.38543
-1.02728 2.38531
-1.02731 2.38519
-1.02735 2.38508
-1.02739 2.38496
-1.02743 2.38484
-1.02747 2.38472
-1.02751 2.38460
-1.02754 2.38449
-1.02758 2.38437
-1.02762 2.38425
-1.02766 2.38413
-1.02770 2.38401
-1.02773 2.38390
-1.02777 2.38378
-1.02781 2.38366
-1.02785 2.38354
-1.02788 2.38342
-1.02792 2.38330
-1.02796 2.38319
-1.02800 2.38307
-1.02804 2.38295
-1.02807 2.38283
-1.02811 2.38271
-1.02815 2.38260
-1.02819 2.38248
-1.02822 2.38236
-1.02826 2.38224
-1.02830 2.38212
-1.02834 2.38201
-1.02837 2.38189
-1.02841 2.38177
-1.02845 2.38165
-1.02849 2.38153
-1.02852 2.38141
-1.02856 2.38130
-1.02860 2.38118
-1.02864 2.38106
-1.02867 2.38094
-1.02871 2.38082
-1.02875 2.38070
-1.02878 2.38059
-1.02882 2.38047
-1.02886 2.38035
-1.02890 2.38023
-1.02893 2.38011
-1.02897 2.38000
-1.02901 2.37988
-1.02904 2.37976
-1.02908 2.37964
-1.02912 2.37952
-1.02915 2.37940
-1.02919 2.37929
-1.02923 2.37917
-1.02926 2.37905
-1.02930 2.37893
-1.02934 2.37881
-1.02937 2.37869
-1.02941 2.37858
-1.02945 2.37846
-1.02948 2.37834
-1.02952 2.37822
-1.02956 2.37810
-1.02959 2.37798
-1.02963 2.37787
-1.02967 2.37775
-1.02970 2.37763
-1.02974 2.37751
-1.02978 2.37739
-1.02981 2.37727
-1.02985 2.37715
-1.02989 2.37704
-1.02992 2.37692
-1.02996 2.37680
-1.02999 2.37668
-1.03003 2.37656
-1.03007 2.37644
-1.03010 2.37633
-1.03014 2.37621
-1.03018 2.37609
-1.03021 2.37597
-1.03025 2.37585
-1.03028 2.37573
-1.03032 2.37562
-1.03036 2.37550
-1.03039 2.37538
-1.03043 2.37526
-1.03046 2.37514
-1.03050 2.37502
-1.03054 2.37490
-1.03057 2.37479
-1.03061 2.37467
-1.03064 2.37455
-1.03068 2.37443
-1.03071 2.37431
-1.03075 2.37419
-1.03079 2.37408
-1.03082 2.37396
-1.03086 2.37384
-1.03089 2.37372
-1.03093 2.37360
-1.03096 2.37348
-1.03100 2.37336
-1.03103 2.37325
-1.03107 2.37313
-1.03110 2.37301
-1.03114 2.37289
-1.03118 2.37277
-1.03121 2.37265
-1.03125 2.37253
-1.03128 2.37242
-1.03132 2.37230
-1.03135 2.37218
-1.03139 2.37206
-1.03142 2.37194
-1.03146 2.37182
-1.03149 2.37170
-1.03153 2.37159
-1.03156 2.37147
-1.03160 2.37135
-1.03163 2.37123
-1.03167 2.37111
-1.03170 2.37099
-1.03174 2.37087
-1.03177 2.37075
-1.03181 2.37064
-1.03184 2.37052
-1.03188 2.37040
-1.03191 2.37028
-1.03195 2.37016
-1.03198 2.37004
-1.03202 2.36992
-1.03205 2.36981
-1.03209 2.36969
-1.03212 2.36957
-1.03215 2.36945
-1.03219 2.36933
-1.03222 2.36921
-1.03226 2.36909
-1.03229 2.36897
-1.03233 2.36886
-1.03236 2.36874
-1.03240 2.36862
-1.03243 2.36850
-1.03246 2.36838
-1.03250 2.36826
-1.03258 2.36814
-1.03268 2.36802
-1.03278 2.36790
-1.03288 2.36777
-1.03298 2.36765
-1.03308 2.36753
-1.03318 2.36740
-1.03328 2.36728
-1.03337 2.36716
-1.03347 2.36704
-1.03357 2.36691
-1.03367 2.36679
-1.03377 2.36667
-1.03387 2.36654
-1.03397 2.36642
-1.03407 2.36630
-1.03417 2.36618
-1.03427 2.36605
-1.03437 2.36593
-1.03447 2.36581
-1.03457 2.36568
-1.03467 2.36556
-1.03477 2.36544
-1.03487 2.36532
-1.03496 2.36519
-1.03506 2.36507
-1.03516 2.36495
-1.03526 2.36482
-1.03536 2.36470
-1.03546 2.36458
-1.03556 2.36445
-1.03566 2.36433
-1.03575 2.36421
-1.03585 2.36408
-1.03595 2.36396
-1.03605 2.36384
-1.03615 2.36371
-1.03625 2.36359
-1.03634 2.36347
-1.03644 2.36334
-1.03654 2.36322
-1.03664 2.36310
-1.03674 2.36298
-1.03684 2.36285
-1.03693 2.36273
-1.03703 2.36261
-1.03713 2.36248
-1.03723 2.36236
-1.03732 2.36223
-1.03742 2.36211
-1.03752 2.36199
-1.03762 2.36186
-1.03772 2.36174
-1.03781 2.36162
-1.03791 2.36149
-1.03801 2.36137
-1.03811 2.36125
-1.03820 2.36112
-1.03830 2.36100
-1.03840 2.36088
-1.03849 2.36075
-1.03859 2.36063
-1.03869 2.36051
-1.03879 2.36038
-1.03888 2.36026
-1.03898 2.36013
-1.03908 2.36001
-1.03917 2.35989
-1.03927 2.35976
-1.03937 2.35964
-1.03946 2.35952
-1.03956 2.35939
-1.03966 2.35927
-1.03975 2.35915
-1.03985 2.35902
-1.03995 2.35890
-1.04004 2.35877
-1.04014 2.35865
-1.04024 2.35853
-1.04033 2.35840
-1.04043 2.35828
-1.04052 2.35815
-1.04062 2.35803
-1.04072 2.35791
-1.04081 2.35778
-1.04091 2.35766
-1.04101 2.35753
-1.04110 2.35741
-1.04120 2.35729
-1.04129 2.35716
-1.04139 2.35704
-1.04148 2.35691
-1.04158 2.35679
-1.04168 2.35667
-1.04177 2.35654
-1.04187 2.35642
-1.04196 2.35629
-1.04206 2.35617
-1.04215 2.35605
-1.04225 2.35592
-1.04234 2.35580
-1.04244 2.35567
-1.04247 2.35555
-1.04248 2.35544
-1.04249 2.35532
-1.04249 2.35520
-1.04250 2.35508
-1.04251 2.35496
-1.04252 2.35485
-1.04253 2.35473
-1.04254 2.35461
-1.04255 2.35449
-1.04256 2.35437
-1.04257 2.35426
-1.04257 2.35414
-1.04258 2.35402
-1.04259 2.35390
-1.04260 2.35378
-1.04261 2.35367
-1.04262 2.35355
-1.04263 2.35343
-1.04264 2.35331
-1.04264 2.35319
-1.04265 2.35307
-1.04266 2.35296
-1.04267 2.35284
-1.04268 2.35272
-1.04269 2.35260
-1.04270 2.35248
-1.04270 2.35237
-1.04271 2.35225
-1.04272 2.35213
-1.04273 2.35201
-1.04274 2.35189
-1.04275 2.35178
-1.04275 2.35166
-1.04276 2.35154
-1.04277 2.35142
-1.04278 2.35130
-1.04279 2.35118
-1.04280 2.35107
-1.04280 2.35095
-1.04281 2.35083
-1.04282 2.35071
-1.04283 2.35059
-1.04284 2.35048
-1.04285 2.35036
-1.04285 2.35024
-1.04286 2.35012
-1.04287 2.35000
-1.04288 2.34989
-1.04289 2.34977
-1.04289 2.34965
-1.04290 2.34953
-1.04291 2.34941
-1.04292 2.34929
-1.04293 2.34918
-1.04293 2.34906
-1.04294 2.34894
-1.04295 2.34882
-1.04296 2.34870
-1.04297 2.34859
-1.04297 2.34847
-1.04298 2.34835
-1.04299 2.34823
-1.04300 2.34811
-1.04301 2.34799
-1.04301 2.34788
-1.04302 2.34776
-1.04303 2.34764
-1.04304 2.34752
-1.04304 2.34740
-1.04305 2.34728
-1.04306 2.34717
-1.04307 2.34705
-1.04308 2.34693
-1.04308 2.34681
-1.04309 2.34669
-1.04310 2.34658
-1.04311 2.34646
-1.04311 2.34634
-1.04312 2.34622
-1.04313 2.34610
-1.04314 2.34598
-1.04314 2.34587
-1.04315 2.34575
-1.04316 2.34563
-1.04317 2.34551
-1.04317 2.34539
-1.04318 2.34527
-1.04319 2.34516
-1.04320 2.34504
-1.04320 2.34492
-1.04321 2.34480
-1.04322 2.34468
-1.04322 2.34456
-1.04323 2.34445
-1.04324 2.34433
-1.04325 2.34421
-1.04325 2.34409
-1.04326 2.34397
-1.04327 2.34385
-1.04328 2.34374
-1.04328 2.34362
-1.04329 2.34350
-1.04330 2.34338
-1.04330 2.34326
-1.04331 2.34314
-1.04332 2.34303
-1.04333 2.34291
-1.04333 2.34279
-1.04334 2.34267
-1.04335 2.34255
-1.04335 2.34243
-1.04336 2.34232
-1.04337 2.34220
-1.04337 2.34208
-1.04338 2.34196
-1.04339 2.34184
-1.04339 2.34172
-1.04340 2.34161
-1.04341 2.34149
-1.04341 2.34137
-1.04342 2.34125
-1.04343 2.34113
-1.04344 2.34101
-1.04344 2.34090
-1.04345 2.34078
-1.04346 2.34066
-1.04346 2.34054
-1.04347 2.34042
-1.04348 2.34030
-1.04348 2.34019
-1.04349 2.34007
-1.04350 2.33995
-1.04350 2.33983
-1.04351 2.33971
-1.04351 2.33959
-1.04352 2.33947
-1.04353 2.33936
-1.04353 2.33924
-1.04354 2.33912
-1.04355 2.33900
-1.04355 2.33888
-1.04356 2.33876
-1.04357 2.33865
-1.04357 2.33853
-1.04358 2.33841
-1.04359 2.33829
-1.04359 2.33817
-1.04360 2.33805
-1.04360 2.33793
-1.04361 2.33782
-1.04362 2.33770
-1.04362 2.33758
-1.04363 2.33746
-1.04364 2.33734
-1.04364 2.33722
-1.04365 2.33711
-1.04365 2.33699
-1.04366 2.33687
-1.04367 2.33675
-1.04367 2.33663
-1.04368 2.33651
-1.04368 2.33639
-1.04369 2.33628
-1.04370 2.33616
-1.04370 2.33604
-1.04371 2.33592
-1.04371 2.33580
-1.04372 2.33568
-1.04373 2.33556
-1.04373 2.33545
-1.04374 2.33533
-1.04374 2.33521
-1.04375 2.33509
-1.04376 2.33497
-1.04376 2.33485
-1.04377 2.33474
-1.04377 2.33462
-1.04378 2.33450
-1.04378 2.33438
-1.04379 2.33426
-1.04380 2.33414
-1.04380 2.33402
-1.04381 2.33391
-1.04381 2.33379
-1.04382 2.33367
-1.04382 2.33355
-1.04383 2.33343
-1.04384 2.33331
-1.04384 2.33319
-1.04385 2.33308
-1.04385 2.33296
-1.04386 2.33284
-1.04386 2.33272
-1.04387 2.33260
-1.04387 2.33248
-1.04388 2.33236
-1.04388 2.33224
-1.04389 2.33213
-1.04390 2.33201
-1.04390 2.33189
-1.04391 2.33177
-1.04391 2.33165
-1.04392 2.33153
-1.04392 2.33141
-1.04393 2.33130
-1.04393 2.33118
-1.04394 2.33106
-1.04394 2.33094
-1.04395 2.33082
-1.04395 2.33070
-1.04396 2.33058
-1.04396 2.33047
-1.04397 2.33035
-1.04397 2.33023
-1.04398 2.33011
-1.04398 2.32999
-1.04399 2.32987
-1.04399 2.32975
-1.04400 2.32963
-1.04400 2.32952
-1.04401 2.32940
-1.04401 2.32928
-1.04402 2.32916
-1.04402 2.32904
-1.04403 2.32892
-1.04403 2.32880
-1.04404 2.32868
-1.04404 2.32857
-1.04405 2.32845
-1.04405 2.32833
-1.04406 2.32821
-1.04406 2.32809
-1.04407 2.32797
-1.04407 2.32785
-1.04408 2.32774
-1.04408 2.32762
-1.04409 2.32750
-1.04409 2.32738
-1.04410 2.32726
-1.04410 2.32714
-1.04411 2.32702
-1.04411 2.32690
-1.04412 2.32679
-1.04412 2.32667
-1.04412 2.32655
-1.04413 2.32643
-1.04413 2.32631
-1.04414 2.32619
-1.04414 2.32607
-1.04415 2.32595
-1.04415 2.32583
-1.04416 2.32572
-1.04416 2.32560
-1.04416 2.32548
-1.04417 2.32536
-1.04417 2.32524
-1.04418 2.32512
-1.04418 2.32500
-1.04419 2.32488
-1.04419 2.32477
-1.04420 2.32465
-1.04420 2.32453
-1.04420 2.32441
-1.04421 2.32429
-1.04421 2.32417
-1.04422 2.32405
-1.04422 2.32393
-1.04422 2.32382
-1.04423 2.32370
-1.04423 2.32358
-1.04424 2.32346
-1.04424 2.32334
-1.04425 2.32322
-1.04425 2.32310
-1.04425 2.32298
-1.04426 2.32286
-1.04426 2.32275
-1.04427 2.32263
-1.04427 2.32251
-1.04427 2.32239
-1.04428 2.32227
-1.04428 2.32215
-1.04429 2.32203
-1.04429 2.32191
-1.04429 2.32179
-1.04430 2.32168
-1.04430 2.32156
-1.04430 2.32144
-1.04431 2.32132
-1.04431 2.32120
-1.04432 2.32108
-1.04432 2.32096
-1.04432 2.32084
-1.04433 2.32072
-1.04433 2.32061
-1.04433 2.32049
-1.04434 2.32037
-1.04434 2.32025
-1.04435 2.32013
-1.04435 2.32001
-1.04435 2.31989
-1.04436 2.31977
-1.04436 2.31965
-1.04436 2.31953
-1.04438 2.31941
-1.04447 2.31929
-1.04455 2.31916
-1.04464 2.31904
-1.04472 2.31891
-1.04481 2.31879
-1.04490 2.31866
-1.04498 2.31853
-1.04507 2.31841
-1.04515 2.31828
-1.04524 2.31815
-1.04532 2.31803
-1.04541 2.31790
-1.04549 2.31778
-1.04558 2.31765
-1.04566 2.31752
-1.04575 2.31740
-1.04583 2.31727
-1.04592 2.31715
-1.04600 2.31702
-1.04609 2.31689
-1.04617 2.31677
-1.04626 2.31664
-1.04634 2.31651
-1.04643 2.31639
-1.04651 2.31626
-1.04660 2.31614
-1.04668 2.31601
-1.04677 2.31588
-1.04685 2.31576
-1.04694 2.31563
-1.04702 2.31550
-1.04711 2.31538
-1.04719 2.31525
-1.04728 2.31513
-1.04736 2.31500
-1.04744 2.31487
-1.04753 2.31475
-1.04761 2.31462
-1.04770 2.31449
-1.04778 2.31437
-1.04786 2.31424
-1.04795 2.31411
-1.04803 2.31399
-1.04812 2.31386
-1.04820 2.31373
-1.04828 2.31361
-1.04837 2.31348
-1.04845 2.31335
-1.04854 2.31323
-1.04862 2.31310
-1.04870 2.31297
-1.04879 2.31285
-1.04887 2.31272
-1.04895 2.31259
-1.04904 2.31247
-1.04912 2.31234
-1.04920 2.31221
-1.04929 2.31209
-1.04937 2.31196
-1.04945 2.31183
-1.04954 2.31171
-1.04962 2.31158
-1.04970 2.31145
-1.04979 2.31133
-1.04987 2.31120
-1.04995 2.31107
-1.05004 2.31095
-1.05012 2.31082
-1.05020 2.31069
-1.05028 2.31056
-1.05037 2.31044
-1.05045 2.31031
-1.05053 2.31018
-1.05062 2.31006
-1.05070 2.30993
-1.05078 2.30980
-1.05086 2.30968
-1.05095 2.30955
-1.05103 2.30942
-1.05111 2.30929
-1.05119 2.30917
-1.05127 2.30904
-1.05136 2.30891
-1.05144 2.30879
-1.05152 2.30866
-1.05160 2.30853
-1.05169 2.30840
-1.05177 2.30828
-1.05185 2.30815
-1.05193 2.30802
-1.05201 2.30790
-1.05210 2.30777
-1.05218 2.30764
-1.05226 2.30751
-1.05234 2.30739
-1.05242 2.30726
-1.05250 2.30713
-1.05259 2.30701
-1.05267 2.30688
-1.05275 2.30675
-1.05283 2.30662
-1.05290 2.30650
-1.05294 2.30637
-1.05298 2.30625
-1.05302 2.30613
-1.05306 2.30600
-1.05310 2.30588
-1.05315 2.30576
-1.05319 2.30563
-1.05323 2.30551
-1.05327 2.30539
-1.05331 2.30526
-1.05335 2.30514
-1.05339 2.30501
-1.05343 2.30489
-1.05347 2.30477
-1.05351 2.30464
-1.05355 2.30452
-1.05359 2.30440
-1.05363 2.30427
-1.05367 2.30415
-1.05371 2.30403
-1.05376 2.30390
-1.05380 2.30378
-1.05384 2.30366
-1.05388 2.30353
-1.05392 2.30341
-1.05396 2.30328
-1.05400 2.30316
-1.05404 2.30304
-1.05408 2.30291
-1.05412 2.30279
-1.05416 2.30267
-1.05420 2.30254
-1.05424 2.30242
-1.05428 2.30230
-1.05432 2.30217
-1.05436 2.30205
-1.05440 2.30192
-1.05444 2.30180
-1.05448 2.30168
-1.05452 2.30155
-1.05456 2.30143
-1.05460 2.30131
-1.05464 2.30118
-1.05468 2.30106
-1.05472 2.30093
-1.05476 2.30081
-1.05480 2.30069
-1.05484 2.30056
-1.05488 2.30044
-1.05492 2.30032
-1.05495 2.30019
-1.05499 2.30007
-1.05503 2.29994
-1.05507 2.29982
-1.05511 2.29970
-1.05515 2.29957
-1.05519 2.29945
-1.05523 2.29932
-1.05527 2.29920
-1.05531 2.29908
-1.05535 2.29895
-1.05539 2.29883
-1.05543 2.29870
-1.05547 2.29858
-1.05551 2.29846
-1.05554 2.29833
-1.05558 2.29821
-1.05562 2.29809
-1.05566 2.29796
-1.05570 2.29784
-1.05574 2.29771
-1.05578 2.29759
-1.05582 2.29747
-1.05586 2.29734
-1.05590 2.29722
-1.05593 2.29709
-1.05597 2.29697
-1.05601 2.29685
-1.05605 2.29672
-1.05609 2.29660
-1.05613 2.29647
-1.05617 2.29635
-1.05621 2.29623
-1.05624 2.29610
-1.05628 2.29598
-1.05632 2.29585
-1.05636 2.29573
-1.05640 2.29561
-1.05644 2.29548
-1.05648 2.29536
-1.05651 2.29523
-1.05655 2.29511
-1.05659 2.29498
-1.05663 2.29486
-1.05667 2.29474
-1.05671 2.29461
-1.05674 2.29449
-1.05678 2.29436
-1.05682 2.29424
-1.05686 2.29412
-1.05690 2.29399
-1.05694 2.29387
-1.05697 2.29374
-1.05701 2.29362
-1.05705 2.29349
-1.05709 2.29337
-1.05713 2.29325
-1.05716 2.29312
-1.05720 2.29300
-1.05724 2.29287
-1.05728 2.29275
-1.05731 2.29263
-1.05735 2.29250
-1.05739 2.29238
-1.05743 2.29225
-1.05747 2.29213
-1.05750 2.29200
-1.05754 2.29188
-1.05758 2.29176
-1.05762 2.29163
-1.05765 2.29151
-1.05769 2.29138
-1.05773 2.29126
-1.05777 2.29113
-1.05780 2.29101
-1.05784 2.29088
-1.05788 2.29076
-1.05792 2.29064
-1.05795 2.29051
-1.05799 2.29039
-1.05803 2.29026
-1.05807 2.29014
-1.05810 2.29001
-1.05814 2.28989
-1.05818 2.28977
-1.05822 2.28964
-1.05825 2.28952
-1.05829 2.28939
-1.05833 2.28927
-1.05836 2.28914
-1.05840 2.28902
-1.05844 2.28889
-1.05847 2.28877
-1.05851 2.28865
-1.05855 2.28852
-1.05859 2.28840
-1.05862 2.28827
-1.05866 2.28815
-1.05870 2.28802
-1.05873 2.28790
-1.05877 2.28777
-1.05881 2.28765
-1.05884 2.28752
-1.05888 2.28740
-1.05892 2.28728
-1.05895 2.28715
-1.05899 2.28703
-1.05903 2.28690
-1.05906 2.28678
-1.05910 2.28665
-1.05914 2.28653
-1.05917 2.28640
-1.05921 2.28628
-1.05924 2.28615
-1.05928 2.28603
-1.05932 2.28591
-1.05935 2.28578
-1.05939 2.28566
-1.05943 2.28553
-1.05946 2.28541
-1.05950 2.28528
-1.05954 2.28516
-1.05957 2.28503
-1.05961 2.28491
-1.05964 2.28478
-1.05968 2.28466
-1.05972 2.28453
-1.05975 2.28441
-1.05979 2.28428
-1.05982 2.28416
-1.05986 2.28404
-1.05990 2.28391
-1.05993 2.28379
-1.05997 2.28366
-1.06000 2.28354
-1.06004 2.28341
-1.06007 2.28329
-1.06011 2.28316
-1.06015 2.28304
-1.06018 2.28291
-1.06022 2.28279
-1.06025 2.28266
-1.06029 2.28254
-1.06032 2.28241
-1.06036 2.28229
-1.06040 2.28216
-1.06043 2.28204
-1.06047 2.28191
-1.06050 2.28179
-1.06054 2.28166
-1.06057 2.28154
-1.06061 2.28141
-1.06064 2.28129
-1.06068 2.28116
-1.06071 2.28104
-1.06075 2.28091
-1.06078 2.28079
-1.06082 2.28066
-1.06086 2.28054
-1.06089 2.28041
-1.06093 2.28029
-1.06096 2.28016
-1.06100 2.28004
-1.06103 2.27991
-1.06107 2.27979
-1.06110 2.27966
-1.06114 2.27954
-1.06117 2.27941
-1.06121 2.27929
-1.06124 2.27916
-1.06128 2.27904
-1.06131 2.27891
-1.06134 2.27879
-1.06138 2.27866
-1.06141 2.27854
-1.06145 2.27841
-1.06148 2.27829
-1.06152 2.27816
-1.06155 2.27804
-1.06159 2.27791
-1.06162 2.27779
-1.06166 2.27766
-1.06169 2.27754
-1.06173 2.27741
-1.06176 2.27729
-1.06179 2.27716
-1.06183 2.27704
-1.06186 2.27691
-1.06190 2.27679
-1.06193 2.27666
-1.06197 2.27654
-1.06200 2.27641
-1.06204 2.27629
-1.06207 2.27616
-1.06210 2.27604
-1.06214 2.27591
-1.06217 2.27579
-1.06221 2.27566
-1.06224 2.27554
-1.06227 2.27541
-1.06231 2.27529
-1.06234 2.27516
-1.06238 2.27504
-1.06241 2.27491
-1.06244 2.27479
-1.06248 2.27466
-1.06251 2.27453
-1.06255 2.27441
-1.06258 2.27428
-1.06261 2.27416
-1.06265 2.27403
-1.06268 2.27391
-1.06272 2.27378
-1.06275 2.27366
-1.06278 2.27353
-1.06282 2.27341
-1.06285 2.27328
-1.06288 2.27316
-1.06292 2.27303
-1.06295 2.27291
-1.06298 2.27278
-1.06302 2.27265
-1.06305 2.27253
-1.06308 2.27240
-1.06312 2.27228
-1.06315 2.27215
-1.06318 2.27203
-1.06322 2.27190
-1.06325 2.27178
-1.06328 2.27165
-1.06332 2.27153
-1.06335 2.27140
-1.06338 2.27128
-1.06342 2.27115
-1.06345 2.27102
-1.06348 2.27090
-1.06352 2.27077
-1.06355 2.27065
-1.06358 2.27052
-1.06362 2.27040
-1.06365 2.27027
-1.06368 2.27015
-1.06371 2.27002
-1.06375 2.26989
-1.06378 2.26977
-1.06381 2.26964
-1.06385 2.26952
-1.06388 2.26939
-1.06391 2.26927
-1.06394 2.26914
-1.06398 2.26902
-1.06401 2.26889
-1.06404 2.26876
-1.06408 2.26864
-1.06411 2.26851
-1.06409 2.26839
-1.06404 2.26828
-1.06400 2.26816
-1.06396 2.26805
-1.06391 2.26793
-1.06387 2.26781
-1.06382 2.26770
-1.06378 2.26758
-1.06373 2.26747
-1.06369 2.26735
-1.06365 2.26723
-1.06360 2.26712
-1.06356 2.26700
-1.06351 2.26688
-1.06347 2.26677
-1.06342 2.26665
-1.06338 2.26654
-1.06334 2.26642
-1.06329 2.26630
-1.06325 2.26619
-1.06320 2.26607
-1.06316 2.26596
-1.06311 2.26584
-1.06307 2.26572
-1.06303 2.26561
-1.06298 2.26549
-1.06294 2.26538
-1.06289 2.26526
-1.06285 2.26514
-1.06280 2.26503
-1.06276 2.26491
-1.06272 2.26479
-1.06267 2.26468
-1.06263 2.26456
-1.06258 2.26445
-1.06254 2.26433
-1.06249 2.26421
-1.06245 2.26410
-1.06240 2.26398
-1.06236 2.26386
-1.06232 2.26375
-1.06227 2.26363
-1.06223 2.26352
-1.06218 2.26340
-1.06214 2.26328
-1.06209 2.26317
-1.06205 2.26305
-1.06200 2.26293
-1.06196 2.26282
-1.06192 2.26270
-1.06187 2.26259
-1.06183 2.26247
-1.06178 2.26235
-1.06174 2.26224
-1.06169 2.26212
-1.06165 2.26200
-1.06161 2.26189
-1.06156 2.26177
-1.06152 2.26166
-1.06147 2.26154
-1.06143 2.26142
-1.06138 2.26131
-1.06134 2.26119
-1.06129 2.26107
-1.06125 2.26096
-1.06120 2.26084
-1.06116 2.26073
-1.06112 2.26061
-1.06107 2.26049
-1.06103 2.26038
-1.06098 2.26026
-1.06094 2.26014
-1.06089 2.26003
-1.06085 2.25991
-1.06080 2.25980
-1.06076 2.25968
-1.06072 2.25956
-1.06067 2.25945
-1.06063 2.25933
-1.06058 2.25921
-1.06054 2.25910
-1.06049 2.25898
-1.06045 2.25887
-1.06040 2.25875
-1.06036 2.25863
-1.06031 2.25852
-1.06027 2.25840
-1.06023 2.25828
-1.06018 2.25817
-1.06014 2.25805
-1.06009 2.25793
-1.06005 2.25782
-1.06000 2.25770
-1.05996 2.25759
-1.05991 2.25747
-1.05987 2.25735
-1.05982 2.25724
-1.05978 2.25712
-1.05973 2.25700
-1.05969 2.25689
-1.05965 2.25677
-1.05960 2.25665
-1.05962 2.25653
-1.05965 2.25640
-1.05968 2.25628
-1.05971 2.25615
-1.05974 2.25603
-1.05977 2.25590
-1.05980 2.25578
-1.05984 2.25565
-1.05987 2.25552
-1.05990 2.25540
-1.05993 2.25527
-1.05996 2.25515
-1.05999 2.25502
-1.06002 2.25489
-1.06005 2.25477
-1.06008 2.25464
-1.06011 2.25452
-1.06014 2.25439
-1.06018 2.25426
-1.06021 2.25414
-1.06024 2.25401
-1.06027 2.25389
-1.06030 2.25376
-1.06033 2.25364
-1.06036 2.25351
-1.06039 2.25338
-1.06042 2.25326
-1.06045 2.25313
-1.06048 2.25301
-1.06051 2.25288
-1.06054 2.25275
-1.06057 2.25263
-1.06060 2.25250
-1.06063 2.25238
-1.06066 2.25225
-1.06069 2.25212
-1.06073 2.25200
-1.06076 2.25187
-1.06079 2.25174
-1.06082 2.25162
-1.06085 2.25149
-1.06088 2.25137
-1.06091 2.25124
-1.06094 2.25111
-1.06097 2.25099
-1.06100 2.25086
-1.06103 2.25074
-1.06106 2.25061
-1.06109 2.25048
-1.06112 2.25036
-1.06115 2.25023
-1.06118 2.25011
-1.06121 2.24998
-1.06124 2.24985
-1.06127 2.24973
-1.06130 2.24960
-1.06133 2.24947
-1.06136 2.24935
-1.06139 2.24922
-1.06141 2.24910
-1.06144 2.24897
-1.06147 2.24884
-1.06150 2.24872
-1.06153 2.24859
-1.06156 2.24846
-1.06159 2.24834
-1.06162 2.24821
-1.06165 2.24809
-1.06168 2.24796
-1.06171 2.24783
-1.06174 2.24771
-1.06177 2.24758
-1.06180 2.24745
-1.06183 2.24733
-1.06186 2.24720
-1.06189 2.24708
-1.06192 2.24695
-1.06195 2.24682
-1.06197 2.24670
-1.06200 2.24657
-1.06203 2.24644
-1.06206 2.24632
-1.06209 2.24619
-1.06212 2.24606
-1.06215 2.24594
-1.06218 2.24581
-1.06221 2.24569
-1.06224 2.24556
-1.06227 2.24543
-1.06229 2.24531
-1.06232 2.24518
-1.06235 2.24505
-1.06238 2.24493
-1.06241 2.24480
-1.06244 2.24467
-1.06247 2.24455
-1.06250 2.24442
-1.06253 2.24429
-1.06255 2.24417
-1.06258 2.24404
-1.06261 2.24391
-1.06264 2.24379
-1.06267 2.24366
-1.06270 2.24354
-1.06273 2.24341
-1.06275 2.24328
-1.06278 2.24316
-1.06281 2.24303
-1.06284 2.24290
-1.06287 2.24278
-1.06290 2.24265
-1.06293 2.24252
-1.06295 2.24240
-1.06298 2.24227
-1.06301 2.24214
-1.06304 2.24202
-1.06307 2.24189
-1.06310 2.24176
-1.06312 2.24164
-1.06315 2.24151
-1.06318 2.24138
-1.06321 2.24126
-1.06324 2.24113
-1.06326 2.24100
-1.06329 2.24088
-1.06332 2.24075
-1.06335 2.24062
-1.06338 2.24050
-1.06340 2.24037
-1.06343 2.24024
-1.06346 2.24012
-1.06349 2.23999
-1.06352 2.23986
-1.06354 2.23974
-1.06357 2.23961
-1.06360 2.23948
-1.06363 2.23936
-1.06366 2.23923
-1.06368 2.23910
-1.06371 2.23898
-1.06374 2.23885
-1.06377 2.23872
-1.06379 2.23860
-1.06382 2.23847
-1.06385 2.23834
-1.06388 2.23821
-1.06390 2.23809
-1.06393 2.23796
-1.06396 2.23783
-1.06399 2.23771
-1.06401 2.23758
-1.06404 2.23745
-1.06407 2.23733
-1.06410 2.23720
-1.06412 2.23707
-1.06415 2.23695
-1.06418 2.23682
-1.06421 2.23669
-1.06423 2.23657
-1.06426 2.23644
-1.06429 2.23631
-1.06431 2.23618
-1.06434 2.23606
-1.06437 2.23593
-1.06440 2.23580
-1.06442 2.23568
-1.06445 2.23555
-1.06448 2.23542
-1.06450 2.23530
-1.06453 2.23517
-1.06456 2.23504
-1.06458 2.23491
-1.06461 2.23479
-1.06464 2.23466
-1.06467 2.23453
-1.06469 2.23441
-1.06472 2.23428
-1.06475 2.23415
-1.06477 2.23403
-1.06480 2.23390
-1.06483 2.23377
-1.06485 2.23364
-1.06488 2.23352
-1.06491 2.23339
-1.06493 2.23326
-1.06496 2.23314
-1.06499 2.23301
-1.06501 2.23288
-1.06504 2.23275
-1.06507 2.23263
-1.06509 2.23250
-1.06512 2.23237
-1.06514 2.23225
-1.06517 2.23212
-1.06520 2.23199
-1.06522 2.23186
-1.06525 2.23174
-1.06528 2.23161
-1.06530 2.23148
-1.06533 2.23136
-1.06535 2.23123
-1.06538 2.23110
-1.06541 2.23097
-1.06543 2.23085
-1.06546 2.23072
-1.06549 2.23059
-1.06551 2.23046
-1.06554 2.23034
-1.06556 2.23021
-1.06559 2.23008
-1.06562 2.22996
-1.06564 2.22983
-1.06567 2.22970
-1.06569 2.22957
-1.06572 2.22945
-1.06575 2.22932
-1.06577 2.22919
-1.06580 2.22906
-1.06582 2.22894
-1.06585 2.22881
-1.06587 2.22868
-1.06590 2.22856
-1.06593 2.22843
-1.06595 2.22830
-1.06598 2.22817
-1.06600 2.22805
-1.06603 2.22792
-1.06605 2.22779
-1.06608 2.22766
-1.06610 2.22754
-1.06613 2.22741
-1.06616 2.22728
-1.06618 2.22715
-1.06621 2.22703
-1.06623 2.22690
-1.06626 2.22677
-1.06628 2.22664
-1.06631 2.22652
-1.06633 2.22639
-1.06636 2.22626
-1.06638 2.22613
-1.06641 2.22601
-1.06643 2.22588
-1.06646 2.22575
-1.06648 2.22562
-1.06651 2.22550
-1.06653 2.22537
-1.06656 2.22524
-1.06658 2.22511
-1.06661 2.22499
-1.06664 2.22486
-1.06666 2.22473
-1.06668 2.22460
-1.06671 2.22448
-1.06673 2.22435
-1.06676 2.22422
-1.06678 2.22409
-1.06681 2.22397
-1.06683 2.22384
-1.06686 2.22371
-1.06688 2.22358
-1.06691 2.22345
-1.06693 2.22333
-1.06696 2.22320
-1.06698 2.22307
-1.06701 2.22294
-1.06703 2.22282
-1.06706 2.22269
-1.06708 2.22256
-1.06711 2.22243
-1.06713 2.22231
-1.06715 2.22218
-1.06718 2.22205
-1.06720 2.22192
-1.06723 2.22179
-1.06725 2.22167
-1.06728 2.22154
-1.06730 2.22141
-1.06733 2.22128
-1.06735 2.22116
-1.06737 2.22103
-1.06740 2.22090
-1.06742 2.22077
-1.06745 2.22064
-1.06747 2.22052
-1.06750 2.22039
-1.06752 2.22026
-1.06754 2.22013
-1.06757 2.22001
-1.06759 2.21988
-1.06762 2.21975
-1.06764 2.21962
-1.06766 2.21949
-1.06769 2.21937
-1.06771 2.21924
-1.06774 2.21911
-1.06776 2.21898
-1.06778 2.21885
-1.06781 2.21873
-1.06783 2.21860
-1.06786 2.21847
-1.06788 2.21834
-1.06790 2.21822
-1.06793 2.21809
-1.06795 2.21796
-1.06798 2.21783
-1.06804 2.21770
-1.06810 2.21756
-1.06816 2.21743
-1.06822 2.21730
-1.06828 2.21716
-1.06834 2.21703
-1.06840 2.21690
-1.06846 2.21676
-1.06852 2.21663
-1.06858 2.21650
-1.06864 2.21636
-1.06870 2.21623
-1.06876 2.21609
-1.06881 2.21596
-1.06887 2.21583
-1.06893 2.21569
-1.06899 2.21556
-1.06905 2.21543
-1.06911 2.21529
-1.06917 2.21516
-1.06923 2.21503
-1.06929 2.21489
-1.06935 2.21476
-1.06941 2.21462
-1.06946 2.21449
-1.06952 2.21436
-1.06958 2.21422
-1.06964 2.21409
-1.06970 2.21395
-1.06976 2.21382
-1.06982 2.21369
-1.06987 2.21355
-1.06993 2.21342
-1.06999 2.21329
-1.07005 2.21315
-1.07011 2.21302
-1.07017 2.21288
-1.07023 2.21275
-1.07028 2.21262
-1.07034 2.21248
-1.07040 2.21235
-1.07046 2.21221
-1.07052 2.21208
-1.07058 2.21195
-1.07063 2.21181
-1.07069 2.21168
-1.07075 2.21154
-1.07081 2.21141
-1.07087 2.21128
-1.07092 2.21114
-1.07098 2.21101
-1.07104 2.21087
-1.07110 2.21074
-1.07116 2.21060
-1.07121 2.21047
-1.07127 2.21034
-1.07133 2.21020
-1.07139 2.21007
-1.07144 2.20993
-1.07150 2.20980
-1.07156 2.20967
-1.07162 2.20953
-1.07167 2.20940
-1.07173 2.20926
-1.07179 2.20913
-1.07185 2.20899
-1.07190 2.20886
-1.07196 2.20873
-1.07202 2.20859
-1.07208 2.20846
-1.07213 2.20832
-1.07219 2.20819
-1.07225 2.20805
-1.07230 2.20792
-1.07236 2.20778
-1.07242 2.20765
-1.07248 2.20752
-1.07253 2.20738
-1.07259 2.20725
-1.07265 2.20711
-1.07270 2.20698
-1.07276 2.20684
-1.07282 2.20671
-1.07287 2.20657
-1.07293 2.20644
-1.07299 2.20630
-1.07304 2.20617
-1.07310 2.20604
-1.07316 2.20590
-1.07321 2.20577
-1.07327 2.20563
-1.07333 2.20550
-1.07338 2.20536
-1.07344 2.20523
-1.07350 2.20509
-1.07355 2.20496
-1.07361 2.20482
-1.07366 2.20469
-1.07372 2.20455
-1.07378 2.20442
-1.07383 2.20428
-1.07388 2.20415
-1.07390 2.20402
-1.07392 2.20389
-1.07394 2.20376
-1.07396 2.20364
-1.07398 2.20351
-1.07400 2.20338
-1.07402 2.20325
-1.07404 2.20312
-1.07406 2.20299
-1.07408 2.20286
-1.07410 2.20273
-1.07412 2.20260
-1.07414 2.20247
-1.07417 2.20235
-1.07419 2.20222
-1.07421 2.20209
-1.07423 2.20196
-1.07425 2.20183
-1.07427 2.20170
-1.07429 2.20157
-1.07431 2.20144
-1.07433 2.20131
-1.07435 2.20118
-1.07437 2.20106
-1.07439 2.20093
-1.07441 2.20080
-1.07443 2.20067
-1.07445 2.20054
-1.07447 2.20041
-1.07449 2.20028
-1.07451 2.20015
-1.07453 2.20002
-1.07455 2.19989
-1.07457 2.19976
-1.07459 2.19963
-1.07461 2.19951
-1.07463 2.19938
-1.07465 2.19925
-1.07467 2.19912
-1.07469 2.19899
-1.07471 2.19886
-1.07473 2.19873
-1.07475 2.19860
-1.07477 2.19847
-1.07479 2.19834
-1.07481 2.19821
-1.07483 2.19808
-1.07485 2.19795
-1.07487 2.19783
-1.07489 2.19770
-1.07490 2.19757
-1.07492 2.19744
-1.07494 2.19731
-1.07496 2.19718
-1.07498 2.19705
-1.07500 2.19692
-1.07502 2.19679
-1.07504 2.19666
-1.07506 2.19653
-1.07508 2.19640
-1.07510 2.19627
-1.07512 2.19614
-1.07514 2.19601
-1.07516 2.19589
-1.07518 2.19576
-1.07520 2.19563
-1.07522 2.19550
-1.07523 2.19537
-1.07525 2.19524
-1.07527 2.19511
-1.07529 2.19498
-1.07531 2.19485
-1.07533 2.19472
-1.07535 2.19459
-1.07537 2.19446
-1.07539 2.19433
-1.07541 2.19420
-1.07542 2.19407
-1.07544 2.19394
-1.07546 2.19381
-1.07548 2.19369
-1.07550 2.19356
-1.07552 2.19343
-1.07554 2.19330
-1.07556 2.19317
-1.07558 2.19304
-1.07559 2.19291
-1.07561 2.19278
-1.07563 2.19265
-1.07565 2.19252
-1.07567 2.19239
-1.07569 2.19226
-1.07571 2.19213
-1.07573 2.19200
-1.07574 2.19187
-1.07576 2.19174
-1.07578 2.19161
-1.07580 2.19148
-1.07582 2.19135
-1.07584 2.19122
-1.07586 2.19109
-1.07587 2.19096
-1.07589 2.19083
-1.07591 2.19070
-1.07593 2.19058
-1.07595 2.19045
-1.07597 2.19032
-1.07598 2.19019
-1.07600 2.19006
-1.07602 2.18993
-1.07604 2.18980
-1.07606 2.18967
-1.07607 2.18954
-1.07609 2.18941
-1.07611 2.18928
-1.07613 2.18915
-1.07615 2.18902
-1.07617 2.18889
-1.07618 2.18876
-1.07620 2.18863
-1.07622 2.18850
-1.07624 2.18837
-1.07626 2.18824
-1.07627 2.18811
-1.07629 2.18798
-1.07631 2.18785
-1.07633 2.18772
-1.07635 2.18759
-1.07636 2.18746
-1.07638 2.18733
-1.07640 2.18720
-1.07642 2.18707
-1.07643 2.18694
-1.07645 2.18681
-1.07647 2.18668
-1.07649 2.18655
-1.07650 2.18642
-1.07652 2.18629
-1.07654 2.18616
-1.07656 2.18603
-1.07658 2.18590
-1.07659 2.18577
-1.07661 2.18564
-1.07663 2.18551
-1.07665 2.18538
-1.07666 2.18525
-1.07668 2.18512
-1.07670 2.18499
-1.07672 2.18486
-1.07673 2.18473
-1.07675 2.18460
-1.07677 2.18447
-1.07678 2.18434
-1.07680 2.18421
-1.07682 2.18408
-1.07684 2.18395
-1.07685 2.18382
-1.07687 2.18369
-1.07689 2.18356
-1.07691 2.18343
-1.07692 2.18330
-1.07694 2.18317
-1.07696 2.18304
-1.07697 2.18291
-1.07699 2.18278
-1.07701 2.18265
-1.07702 2.18252
-1.07704 2.18239
-1.07706 2.18226
-1.07708 2.18213
-1.07709 2.18200
-1.07711 2.18187
-1.07713 2.18174
-1.07714 2.18161
-1.07716 2.18148
-1.07718 2.18135
-1.07719 2.18122
-1.07721 2.18109
-1.07723 2.18096
-1.07724 2.18083
-1.07726 2.18070
-1.07728 2.18057
-1.07729 2.18044
-1.07731 2.18031
-1.07733 2.18018
-1.07734 2.18005
-1.07736 2.17992
-1.07738 2.17979
-1.07739 2.17966
-1.07741 2.17953
-1.07743 2.17940
-1.07744 2.17927
-1.07746 2.17914
-1.07748 2.17901
-1.07749 2.17888
-1.07751 2.17875
-1.07752 2.17862
-1.07754 2.17849
-1.07756 2.17836
-1.07757 2.17823
-1.07759 2.17809
-1.07761 2.17796
-1.07762 2.17783
-1.07764 2.17770
-1.07765 2.17757
-1.07767 2.17744
-1.07769 2.17731
-1.07770 2.17718
-1.07772 2.17705
-1.07774 2.17692
-1.07775 2.17679
-1.07777 2.17666
-1.07778 2.17653
-1.07780 2.17640
-1.07782 2.17627
-1.07783 2.17614
-1.07785 2.17601
-1.07786 2.17588
-1.07788 2.17575
-1.07789 2.17562
-1.07791 2.17549
-1.07793 2.17536
-1.07794 2.17523
-1.07796 2.17509
-1.07797 2.17496
-1.07799 2.17483
-1.07801 2.17470
-1.07802 2.17457
-1.07804 2.17444
-1.07805 2.17431
-1.07807 2.17418
-1.07808 2.17405
-1.07810 2.17392
-1.07811 2.17379
-1.07813 2.17366
-1.07815 2.17353
-1.07816 2.17340
-1.07818 2.17327
-1.07819 2.17314
-1.07821 2.17301
-1.07822 2.17288
-1.07824 2.17274
-1.07825 2.17261
-1.07827 2.17248
-1.07828 2.17235
-1.07830 2.17222
-1.07832 2.17209
-1.07833 2.17196
-1.07835 2.17183
-1.07836 2.17170
-1.07838 2.17157
-1.07839 2.17144
-1.07841 2.17131
-1.07842 2.17118
-1.07844 2.17105
-1.07845 2.17092
-1.07847 2.17078
-1.07848 2.17065
-1.07850 2.17052
-1.07851 2.17039
-1.07853 2.17026
-1.07854 2.17013
-1.07856 2.17000
-1.07857 2.16987
-1.07859 2.16974
-1.07860 2.16961
-1.07862 2.16948
-1.07863 2.16935
-1.07865 2.16921
-1.07866 2.16908
-1.07868 2.16895
-1.07869 2.16882
-1.07870 2.16869
-1.07872 2.16856
-1.07873 2.16843
-1.07875 2.16830
-1.07876 2.16817
-1.07878 2.16804
-1.07879 2.16791
-1.07881 2.16778
-1.07882 2.16764
-1.07884 2.16751
-1.07885 2.16738
-1.07887 2.16725
-1.07888 2.16712
-1.07889 2.16699
-1.07891 2.16686
-1.07892 2.16673
-1.07894 2.16660
-1.07895 2.16647
-1.07897 2.16634
-1.07898 2.16620
-1.07899 2.16607
-1.07901 2.16594
-1.07902 2.16581
-1.07904 2.16568
-1.07905 2.16555
-1.07907 2.16542
-1.07908 2.16529
-1.07909 2.16516
-1.07911 2.16502
-1.07912 2.16489
-1.07914 2.16476
-1.07915 2.16463
-1.07916 2.16450
-1.07920 2.16436
-1.07925 2.16423
-1.07930 2.16409
-1.07935 2.16395
-1.07939 2.16381
-1.07944 2.16368
-1.07949 2.16354
-1.07954 2.16340
-1.07958 2.16326
-1.07963 2.16313
-1.07968 2.16299
-1.07973 2.16285
-1.07977 2.16271
-1.07982 2.16257
-1.07987 2.16244
-1.07991 2.16230
-1.07996 2.16216
-1.08001 2.16202
-1.08006 2.16188
-1.08010 2.16175
-1.08015 2.16161
-1.08020 2.16147
-1.08024 2.16133
-1.08029 2.16119
-1.08034 2.16106
-1.08038 2.16092
-1.08043 2.16078
-1.08048 2.16064
-1.08052 2.16050
-1.08057 2.16037
-1.08062 2.16023
-1.08066 2.16009
-1.08071 2.15995
-1.08076 2.15981
-1.08080 2.15968
-1.08085 2.15954
-1.08090 2.15940
-1.08094 2.15926
-1.08099 2.15912
-1.08104 2.15898
-1.08108 2.15885
-1.08113 2.15871
-1.08118 2.15857
-1.08122 2.15843
-1.08127 2.15829
-1.08131 2.15816
-1.08136 2.15802
-1.08141 2.15788
-1.08145 2.15774
-1.08150 2.15760
-1.08154 2.15746
-1.08159 2.15733
-1.08164 2.15719
-1.08168 2.15705
-1.08173 2.15691
-1.08177 2.15677
-1.08182 2.15663
-1.08187 2.15650
-1.08191 2.15636
-1.08196 2.15622
-1.08200 2.15608
-1.08205 2.15594
-1.08209 2.15580
-1.08214 2.15566
-1.08219 2.15553
-1.08223 2.15539
-1.08228 2.15525
-1.08232 2.15511
-1.08237 2.15497
-1.08241 2.15483
-1.08246 2.15469
-1.08250 2.15456
-1.08255 2.15442
-1.08259 2.15428
-1.08264 2.15414
-1.08268 2.15400
-1.08273 2.15386
-1.08277 2.15372
-1.08282 2.15359
-1.08287 2.15345
-1.08291 2.15331
-1.08296 2.15317
-1.08300 2.15303
-1.08305 2.15289
-1.08309 2.15275
-1.08314 2.15261
-1.08318 2.15248
-1.08322 2.15234
-1.08327 2.15220
-1.08331 2.15206
-1.08336 2.15192
-1.08340 2.15178
-1.08345 2.15164
-1.08349 2.15150
-1.08354 2.15136
-1.08358 2.15123
-1.08363 2.15109
-1.08367 2.15095
-1.08372 2.15081
-1.08376 2.15067
-1.08380 2.15053
-1.08385 2.15039
-1.08385 2.15026
-1.08385 2.15013
-1.08384 2.15000
-1.08384 2.14988
-1.08383 2.14975
-1.08383 2.14962
-1.08382 2.14949
-1.08381 2.14936
-1.08381 2.14923
-1.08380 2.14910
-1.08380 2.14898
-1.08379 2.14885
-1.08379 2.14872
-1.08378 2.14859
-1.08378 2.14846
-1.08377 2.14833
-1.08377 2.14820
-1.08376 2.14808
-1.08376 2.14795
-1.08375 2.14782
-1.08375 2.14769
-1.08374 2.14756
-1.08373 2.14743
-1.08373 2.14730
-1.08372 2.14717
-1.08372 2.14705
-1.08371 2.14692
-1.08371 2.14679
-1.08370 2.14666
-1.08370 2.14653
-1.08369 2.14640
-1.08368 2.14627
-1.08368 2.14614
-1.08367 2.14602
-1.08367 2.14589
-1.08366 2.14576
-1.08366 2.14563
-1.08365 2.14550
-1.08364 2.14537
-1.08364 2.14524
-1.08363 2.14511
-1.08363 2.14499
-1.08362 2.14486
-1.08362 2.14473
-1.08361 2.14460
-1.08360 2.14447
-1.08360 2.14434
-1.08359 2.14421
-1.08359 2.14408
-1.08358 2.14396
-1.08357 2.14383
-1.08357 2.14370
-1.08356 2.14357
-1.08356 2.14344
-1.08355 2.14331
-1.08355 2.14318
-1.08354 2.14305
-1.08353 2.14292
-1.08353 2.14280
-1.08352 2.14267
-1.08352 2.14254
-1.08351 2.14241
-1.08350 2.14228
-1.08350 2.14215
-1.08349 2.14202
-1.08348 2.14189
-1.08348 2.14176
-1.08347 2.14164
-1.08347 2.14151
-1.08346 2.14138
-1.08345 2.14125
-1.08345 2.14112
-1.08344 2.14099
-1.08344 2.14086
-1.08343 2.14073
-1.08342 2.14060
-1.08342 2.14048
-1.08341 2.14035
-1.08340 2.14022
-1.08340 2.14009
-1.08339 2.13996
-1.08338 2.13983
-1.08338 2.13970
-1.08337 2.13957
-1.08337 2.13944
-1.08336 2.13931
-1.08335 2.13919
-1.08335 2.13906
-1.08334 2.13893
-1.08333 2.13880
-1.08333 2.13867
-1.08332 2.13854
-1.08331 2.13841
-1.08331 2.13828
-1.08330 2.13815
-1.08329 2.13802
-1.08329 2.13790
-1.08328 2.13777
-1.08327 2.13764
-1.08327 2.13751
-1.08326 2.13738
-1.08325 2.13725
-1.08325 2.13712
-1.08324 2.13699
-1.08323 2.13686
-1.08323 2.13673
-1.08322 2.13660
-1.08321 2.13648
-1.08321 2.13635
-1.08320 2.13622
-1.08319 2.13609
-1.08319 2.13596
-1.08318 2.13583
-1.08317 2.13570
-1.08317 2.13557
-1.08316 2.13544
-1.08315 2.13531
-1.08315 2.13518
-1.08314 2.13505
-1.08313 2.13493
-1.08313 2.13480
-1.08312 2.13467
-1.08311 2.13454
-1.08310 2.13441
-1.08310 2.13428
-1.08309 2.13415
-1.08308 2.13402
-1.08308 2.13389
-1.08307 2.13376
-1.08306 2.13363
-1.08306 2.13350
-1.08305 2.13337
-1.08304 2.13325
-1.08303 2.13312
-1.08303 2.13299
-1.08302 2.13286
-1.08301 2.13273
-1.08301 2.13260
-1.08300 2.13247
-1.08299 2.13234
-1.08298 2.13221
-1.08298 2.13208
-1.08297 2.13195
-1.08296 2.13182
-1.08295 2.13169
-1.08295 2.13156
-1.08294 2.13144
-1.08293 2.13131
-1.08293 2.13118
-1.08292 2.13105
-1.08291 2.13092
-1.08290 2.13079
-1.08290 2.13066
-1.08289 2.13053
-1.08288 2.13040
-1.08287 2.13027
-1.08287 2.13014
-1.08286 2.13001
-1.08285 2.12988
-1.08284 2.12975
-1.08284 2.12962
-1.08283 2.12950
-1.08282 2.12937
-1.08281 2.12924
-1.08281 2.12911
-1.08280 2.12898
-1.08279 2.12885
-1.08278 2.12872
-1.08278 2.12859
-1.08277 2.12846
-1.08276 2.12833
-1.08275 2.12820
-1.08274 2.12807
-1.08274 2.12794
-1.08273 2.12781
-1.08272 2.12768
-1.08271 2.12755
-1.08271 2.12742
-1.08270 2.12729
-1.08269 2.12716
-1.08268 2.12704
-1.08267 2.12691
-1.08267 2.12678
-1.08266 2.12665
-1.08265 2.12652
-1.08264 2.12639
-1.08264 2.12626
-1.08263 2.12613
-1.08262 2.12600
-1.08261 2.12587
-1.08260 2.12574
-1.08260 2.12561
-1.08259 2.12548
-1.08258 2.12535
-1.08257 2.12522
-1.08256 2.12509
-1.08256 2.12496
-1.08255 2.12483
-1.08254 2.12470
-1.08253 2.12457
-1.08252 2.12444
-1.08252 2.12431
-1.08251 2.12418
-1.08250 2.12405
-1.08254 2.12391
-1.08258 2.12377
-1.08262 2.12363
-1.08266 2.12349
-1.08270 2.12335
-1.08274 2.12321
-1.08278 2.12307
-1.08282 2.12293
-1.08286 2.12279
-1.08290 2.12265
-1.08294 2.12251
-1.08298 2.12237
-1.08302 2.12223
-1.08306 2.12208
-1.08310 2.12194
-1.08314 2.12180
-1.08318 2.12166
-1.08322 2.12152
-1.08326 2.12138
-1.08330 2.12124
-1.08333 2.12110
-1.08337 2.12096
-1.08341 2.12082
-1.08345 2.12068
-1.08349 2.12054
-1.08353 2.12039
-1.08357 2.12025
-1.08361 2.12011
-1.08365 2.11997
-1.08369 2.11983
-1.08372 2.11969
-1.08376 2.11955
-1.08380 2.11941
-1.08384 2.11927
-1.08388 2.11913
-1.08392 2.11899
-1.08396 2.11884
-1.08400 2.11870
-1.08403 2.11856
-1.08407 2.11842
-1.08411 2.11828
-1.08415 2.11814
-1.08419 2.11800
-1.08423 2.11786
-1.08427 2.11772
-1.08430 2.11757
-1.08434 2.11743
-1.08438 2.11729
-1.08442 2.11715
-1.08446 2.11701
-1.08450 2.11687
-1.08453 2.11673
-1.08457 2.11659
-1.08461 2.11644
-1.08465 2.11630
-1.08469 2.11616
-1.08473 2.11602
-1.08476 2.11588
-1.08480 2.11574
-1.08484 2.11560
-1.08488 2.11546
-1.08492 2.11531
-1.08495 2.11517
-1.08499 2.11503
-1.08503 2.11489
-1.08507 2.11475
-1.08510 2.11461
-1.08514 2.11447
-1.08518 2.11432
-1.08522 2.11418
-1.08526 2.11404
-1.08529 2.11390
-1.08533 2.11376
-1.08537 2.11362
-1.08541 2.11348
-1.08544 2.11333
-1.08548 2.11319
-1.08552 2.11305
-1.08556 2.11291
-1.08559 2.11277
-1.08563 2.11263
-1.08567 2.11248
-1.08570 2.11234
-1.08574 2.11220
-1.08578 2.11206
-1.08582 2.11192
-1.08585 2.11178
-1.08589 2.11163
-1.08593 2.11149
-1.08597 2.11135
-1.08600 2.11121
-1.08604 2.11107
-1.08608 2.11093
-1.08611 2.11078
-1.08615 2.11064
-1.08619 2.11050
-1.08622 2.11036
-1.08626 2.11022
-1.08630 2.11007
-1.08633 2.10993
-1.08637 2.10979
-1.08641 2.10965
-1.08644 2.10951
-1.08648 2.10936
-1.08652 2.10922
-1.08655 2.10908
-1.08659 2.10894
-1.08663 2.10880
-1.08666 2.10866
-1.08670 2.10851
-1.08674 2.10837
-1.08677 2.10823
-1.08681 2.10809
-1.08685 2.10795
-1.08688 2.10780
-1.08692 2.10766
-1.08696 2.10752
-1.08699 2.10738
-1.08703 2.10723
-1.08706 2.10709
-1.08710 2.10695
-1.08714 2.10681
-1.08717 2.10667
-1.08721 2.10652
-1.08724 2.10638
-1.08728 2.10624
-1.08732 2.10610
-1.08735 2.10596
-1.08739 2.10581
-1.08742 2.10567
-1.08746 2.10553
-1.08750 2.10539
-1.08753 2.10524
-1.08757 2.10510
-1.08760 2.10496
-1.08764 2.10482
-1.08767 2.10467
-1.08771 2.10453
-1.08775 2.10439
-1.08778 2.10425
-1.08782 2.10411
-1.08785 2.10396
-1.08789 2.10382
-1.08792 2.10368
-1.08796 2.10354
-1.08799 2.10339
-1.08803 2.10325
-1.08807 2.10311
-1.08810 2.10297
-1.08814 2.10282
-1.08817 2.10268
-1.08821 2.10254
-1.08824 2.10240
-1.08828 2.10225
-1.08831 2.10211
-1.08835 2.10197
-1.08838 2.10183
-1.08842 2.10168
-1.08845 2.10154
-1.08849 2.10140
-1.08852 2.10125
-1.08856 2.10111
-1.08859 2.10097
-1.08863 2.10083
-1.08866 2.10068
-1.08870 2.10054
-1.08873 2.10040
-1.08877 2.10026
-1.08880 2.10011
-1.08884 2.09997
-1.08887 2.09983
-1.08890 2.09968
-1.08894 2.09954
-1.08897 2.09940
-1.08901 2.09926
-1.08904 2.09911
-1.08908 2.09897
-1.08911 2.09883
-1.08915 2.09868
-1.08918 2.09854
-1.08922 2.09840
-1.08925 2.09826
-1.08928 2.09811
-1.08932 2.09797
-1.08935 2.09783
-1.08939 2.09768
-1.08942 2.09754
-1.08945 2.09740
-1.08949 2.09726
-1.08952 2.09711
-1.08956 2.09697
-1.08959 2.09683
-1.08963 2.09668
-1.08966 2.09654
-1.08969 2.09640
-1.08973 2.09625
-1.08976 2.09611
-1.08980 2.09597
-1.08983 2.09582
-1.08986 2.09568
-1.08990 2.09554
-1.08993 2.09539
-1.08996 2.09525
-1.09000 2.09511
-1.09003 2.09497
-1.09006 2.09482
-1.09010 2.09468
-1.09013 2.09454
-1.09017 2.09439
-1.09020 2.09425
-1.09023 2.09411
-1.09027 2.09396
-1.09030 2.09382
-1.09033 2.09368
-1.09037 2.09353
-1.09040 2.09339
-1.09043 2.09325
-1.09047 2.09310
-1.09050 2.09296
-1.09053 2.09282
-1.09057 2.09267
-1.09060 2.09253
-1.09063 2.09239
-1.09067 2.09224
-1.09070 2.09210
-1.09073 2.09195
-1.09076 2.09181
-1.09080 2.09167
-1.09083 2.09152
-1.09086 2.09138
-1.09090 2.09124
-1.09093 2.09109
-1.09096 2.09095
-1.09099 2.09081
-1.09103 2.09066
-1.09106 2.09052
-1.09109 2.09038
-1.09113 2.09023
-1.09116 2.09009
-1.09119 2.08994
-1.09122 2.08980
-1.09126 2.08966
-1.09129 2.08951
-1.09132 2.08937
-1.09135 2.08923
-1.09139 2.08908
-1.09142 2.08894
-1.09145 2.08879
-1.09148 2.08865
-1.09152 2.08851
-1.09155 2.08836
-1.09158 2.08822
-1.09161 2.08808
-1.09164 2.08793
-1.09168 2.08779
-1.09171 2.08764
-1.09174 2.08750
-1.09177 2.08736
-1.09181 2.08721
-1.09184 2.08707
-1.09187 2.08692
-1.09190 2.08678
-1.09193 2.08664
-1.09197 2.08649
-1.09200 2.08635
-1.09203 2.08620
-1.09206 2.08606
-1.09209 2.08592
-1.09212 2.08577
-1.09216 2.08563
-1.09219 2.08548
-1.09222 2.08534
-1.09225 2.08520
-1.09228 2.08505
-1.09231 2.08491
-1.09235 2.08476
-1.09238 2.08462
-1.09241 2.08448
-1.09244 2.08433
-1.09247 2.08419
-1.09250 2.08404
-1.09254 2.08390
-1.09257 2.08375
-1.09260 2.08361
-1.09263 2.08347
-1.09266 2.08332
-1.09269 2.08318
-1.09272 2.08303
-1.09275 2.08289
-1.09279 2.08274
-1.09282 2.08260
-1.09285 2.08246
-1.09288 2.08231
-1.09291 2.08217
-1.09294 2.08202
-1.09297 2.08188
-1.09300 2.08173
-1.09303 2.08159
-1.09306 2.08145
-1.09310 2.08130
-1.09313 2.08116
-1.09316 2.08101
-1.09319 2.08087
-1.09322 2.08072
-1.09325 2.08058
-1.09328 2.08043
-1.09331 2.08029
-1.09334 2.08014
-1.09337 2.08000
-1.09340 2.07986
-1.09343 2.07971
-1.09346 2.07957
-1.09349 2.07942
-1.09353 2.07928
-1.09356 2.07913
-1.09359 2.07899
-1.09362 2.07884
-1.09365 2.07870
-1.09368 2.07855
-1.09371 2.07841
-1.09374 2.07826
-1.09377 2.07812
-1.09380 2.07797
-1.09383 2.07783
-1.09386 2.07769
-1.09389 2.07754
-1.09392 2.07740
-1.09395 2.07725
-1.09398 2.07711
-1.09401 2.07696
-1.09404 2.07682
-1.09407 2.07667
-1.09410 2.07653
-1.09413 2.07638
-1.09416 2.07624
-1.09419 2.07609
-1.09422 2.07595
-1.09425 2.07580
-1.09428 2.07566
-1.09431 2.07551
-1.09434 2.07537
-1.09437 2.07522
-1.09440 2.07508
-1.09443 2.07493
-1.09446 2.07479
-1.09449 2.07464
-1.09452 2.07450
-1.09455 2.07435
-1.09457 2.07421
-1.09460 2.07406
-1.09463 2.07392
-1.09466 2.07377
-1.09469 2.07363
-1.09472 2.07348
-1.09475 2.07334
-1.09478 2.07319
-1.09481 2.07305
-1.09484 2.07290
-1.09487 2.07276
-1.09490 2.07261
-1.09493 2.07247
-1.09496 2.07232
-1.09498 2.07217
-1.09501 2.07203
-1.09504 2.07188
-1.09507 2.07174
-1.09510 2.07159
-1.09513 2.07145
-1.09516 2.07130
-1.09519 2.07116
-1.09522 2.07101
-1.09524 2.07087
-1.09527 2.07072
-1.09530 2.07058
-1.09533 2.07043
-1.09536 2.07028
-1.09539 2.07014
-1.09542 2.06999
-1.09545 2.06985
-1.09547 2.06970
-1.09550 2.06956
-1.09553 2.06941
-1.09556 2.06927
-1.09559 2.06912
-1.09562 2.06898
-1.09565 2.06883
-1.09567 2.06868
-1.09570 2.06854
-1.09573 2.06839
-1.09576 2.06825
-1.09579 2.06810
-1.09582 2.06796
-1.09584 2.06781
-1.09587 2.06767
-1.09590 2.06752
-1.09593 2.06737
-1.09596 2.06723
-1.09598 2.06708
-1.09601 2.06694
-1.09604 2.06679
-1.09607 2.06665
-1.09610 2.06650
-1.09612 2.06635
-1.09615 2.06621
-1.09618 2.06606
-1.09621 2.06592
-1.09624 2.06577
-1.09624 2.06563
-1.09622 2.06550
-1.09620 2.06537
-1.09619 2.06523
-1.09617 2.06510
-1.09615 2.06497
-1.09614 2.06484
-1.09612 2.06470
-1.09610 2.06457
-1.09609 2.06444
-1.09607 2.06430
-1.09605 2.06417
-1.09604 2.06404
-1.09602 2.06391
-1.09600 2.06377
-1.09599 2.06364
-1.09597 2.06351
-1.09595 2.06337
-1.09594 2.06324
-1.09592 2.06311
-1.09590 2.06298
-1.09589 2.06284
-1.09587 2.06271
-1.09585 2.06258
-1.09584 2.06244
-1.09582 2.06231
-1.09580 2.06218
-1.09579 2.06205
-1.09577 2.06191
-1.09575 2.06178
-1.09574 2.06165
-1.09572 2.06151
-1.09570 2.06138
-1.09568 2.06125
-1.09567 2.06111
-1.09565 2.06098
-1.09563 2.06085
-1.09562 2.06072
-1.09560 2.06058
-1.09558 2.06045
-1.09557 2.06032
-1.09555 2.06018
-1.09553 2.06005
-1.09552 2.05992
-1.09550 2.05978
-1.09548 2.05965
-1.09546 2.05952
-1.09545 2.05938
-1.09543 2.05925
-1.09541 2.05912
-1.09540 2.05899
-1.09538 2.05885
-1.09536 2.05872
-1.09534 2.05859
-1.09533 2.05845
-1.09531 2.05832
-1.09529 2.05819
-1.09528 2.05805
-1.09526 2.05792
-1.09524 2.05779
-1.09522 2.05765
-1.09521 2.05752
-1.09519 2.05739
-1.09517 2.05726
-1.09515 2.05712
-1.09514 2.05699
-1.09512 2.05686
-1.09510 2.05672
-1.09509 2.05659
-1.09507 2.05646
-1.09505 2.05632
-1.09503 2.05619
-1.09502 2.05606
-1.09500 2.05592
-1.09498 2.05579
-1.09496 2.05566
-1.09495 2.05552
-1.09493 2.05539
-1.09491 2.05526
-1.09489 2.05512
-1.09488 2.05499
-1.09486 2.05486
-1.09484 2.05472
-1.09482 2.05459
-1.09481 2.05446
-1.09479 2.05432
-1.09477 2.05419
-1.09475 2.05406
-1.09474 2.05392
-1.09472 2.05379
-1.09470 2.05366
-1.09468 2.05352
-1.09466 2.05339
-1.09465 2.05326
-1.09463 2.05312
-1.09461 2.05299
-1.09459 2.05286
-1.09458 2.05272
-1.09456 2.05259
-1.09454 2.05246
-1.09452 2.05232
-1.09451 2.05219
-1.09449 2.05206
-1.09447 2.05192
-1.09445 2.05179
-1.09443 2.05166
-1.09442 2.05152
-1.09440 2.05139
-1.09438 2.05126
-1.09436 2.05112
-1.09435 2.05099
-1.09433 2.05086
-1.09431 2.05072
-1.09429 2.05059
-1.09427 2.05046
-1.09426 2.05032
-1.09424 2.05019
-1.09422 2.05006
-1.09420 2.04992
-1.09418 2.04979
-1.09417 2.04966
-1.09415 2.04952
-1.09413 2.04939
-1.09411 2.04926
-1.09409 2.04912
-1.09408 2.04899
-1.09406 2.04885
-1.09404 2.04872
-1.09402 2.04859
-1.09400 2.04845
-1.09399 2.04832
-1.09397 2.04819
-1.09395 2.04805
-1.09393 2.04792
-1.09391 2.04779
-1.09389 2.04765
-1.09388 2.04752
-1.09386 2.04739
-1.09384 2.04725
-1.09382 2.04712
-1.09380 2.04698
-1.09379 2.04685
-1.09377 2.04672
-1.09375 2.04658
-1.09373 2.04645
-1.09371 2.04632
-1.09369 2.04618
-1.09368 2.04605
-1.09366 2.04592
-1.09364 2.04578
-1.09362 2.04565
-1.09360 2.04551
-1.09358 2.04538
-1.09357 2.04525
-1.09355 2.04511
-1.09353 2.04498
-1.09351 2.04485
-1.09349 2.04471
-1.09347 2.04458
-1.09345 2.04445
-1.09344 2.04431
-1.09342 2.04418
-1.09340 2.04404
-1.09338 2.04391
-1.09336 2.04378
-1.09334 2.04364
-1.09332 2.04351
-1.09331 2.04338
-1.09329 2.04324
-1.09327 2.04311
-1.09325 2.04297
-1.09323 2.04284
-1.09321 2.04271
-1.09319 2.04257
-1.09318 2.04244
-1.09316 2.04230
-1.09314 2.04217
-1.09312 2.04204
-1.09310 2.04190
-1.09308 2.04177
-1.09306 2.04164
-1.09304 2.04150
-1.09303 2.04137
-1.09301 2.04123
-1.09299 2.04110
-1.09297 2.04097
-1.09295 2.04083
-1.09293 2.04070
-1.09291 2.04056
-1.09289 2.04043
-1.09288 2.04030
-1.09286 2.04016
-1.09284 2.04003
-1.09282 2.03990
-1.09280 2.03976
-1.09278 2.03963
-1.09276 2.03949
-1.09274 2.03936
-1.09272 2.03923
-1.09271 2.03909
-1.09269 2.03896
-1.09267 2.03882
-1.09265 2.03869
-1.09263 2.03856
-1.09265 2.03841
-1.09267 2.03826
-1.09270 2.03811
-1.09272 2.03797
-1.09274 2.03782
-1.09277 2.03767
-1.09279 2.03752
-1.09282 2.03738
-1.09284 2.03723
-1.09286 2.03708
-1.09289 2.03693
-1.09291 2.03679
-1.09293 2.03664
-1.09296 2.03649
-1.09298 2.03634
-1.09300 2.03620
-1.09303 2.03605
-1.09305 2.03590
-1.09307 2.03575
-1.09310 2.03561
-1.09312 2.03546
-1.09315 2.03531
-1.09317 2.03516
-1.09319 2.03501
-1.09321 2.03487
-1.09324 2.03472
-1.09326 2.03457
-1.09328 2.03442
-1.09331 2.03428
-1.09333 2.03413
-1.09335 2.03398
-1.09338 2.03383
-1.09340 2.03368
-1.09342 2.03354
-1.09345 2.03339
-1.09347 2.03324
-1.09349 2.03309
-1.09352 2.03294
-1.09354 2.03280
-1.09356 2.03265
-1.09358 2.03250
-1.09361 2.03235
-1.09363 2.03220
-1.09365 2.03206
-1.09368 2.03191
-1.09370 2.03176
-1.09372 2.03161
-1.09374 2.03146
-1.09377 2.03132
-1.09379 2.03117
-1.09381 2.03102
-1.09383 2.03087
-1.09386 2.03072
-1.09388 2.03058
-1.09390 2.03043
-1.09392 2.03028
-1.09395 2.03013
-1.09397 2.02998
-1.09399 2.02983
-1.09401 2.02969
-1.09404 2.02954
-1.09406 2.02939
-1.09408 2.02924
-1.09410 2.02909
-1.09412 2.02894
-1.09415 2.02880
-1.09417 2.02865
-1.09419 2.02850
-1.09421 2.02835
-1.09424 2.02820
-1.09426 2.02805
-1.09428 2.02791
-1.09430 2.02776
-1.09432 2.02761
-1.09435 2.02746
-1.09437 2.02731
-1.09439 2.02716
-1.09441 2.02702
-1.09443 2.02687
-1.09445 2.02672
-1.09448 2.02657
-1.09450 2.02642
-1.09452 2.02627
-1.09454 2.02612
-1.09456 2.02598
-1.09458 2.02583
-1.09461 2.02568
-1.09463 2.02553
-1.09465 2.02538
-1.09467 2.02523
-1.09469 2.02508
-1.09471 2.02494
-1.09474 2.02479
-1.09476 2.02464
-1.09478 2.02449
-1.09480 2.02434
-1.09482 2.02419
-1.09484 2.02404
-1.09486 2.02389
-1.09489 2.02375
-1.09491 2.02360
-1.09493 2.02345
-1.09495 2.02330
-1.09497 2.02315
-1.09499 2.02300
-1.09501 2.02285
-1.09503 2.02270
-1.09505 2.02256
-1.09508 2.02241
-1.09510 2.02226
-1.09512 2.02211
-1.09514 2.02196
-1.09516 2.02181
-1.09518 2.02166
-1.09520 2.02151
-1.09522 2.02136
-1.09524 2.02121
-1.09526 2.02107
-1.09528 2.02092
-1.09531 2.02077
-1.09533 2.02062
-1.09535 2.02047
-1.09537 2.02032
-1.09539 2.02017
-1.09541 2.02002
-1.09543 2.01987
-1.09545 2.01972
-1.09547 2.01958
-1.09549 2.01943
-1.09551 2.01928
-1.09553 2.01913
-1.09555 2.01898
-1.09557 2.01883
-1.09559 2.01868
-1.09561 2.01853
-1.09563 2.01838
-1.09565 2.01823
-1.09567 2.01808
-1.09569 2.01793
-1.09571 2.01778
-1.09574 2.01764
-1.09576 2.01749
-1.09578 2.01734
-1.09580 2.01719
-1.09582 2.01704
-1.09584 2.01689
-1.09586 2.01674
-1.09588 2.01659
-1.09590 2.01644
-1.09592 2.01629
-1.09594 2.01614
-1.09596 2.01599
-1.09598 2.01584
-1.09600 2.01569
-1.09602 2.01554
-1.09603 2.01539
-1.09605 2.01524
-1.09607 2.01510
-1.09609 2.01495
-1.09611 2.01480
-1.09613 2.01465
-1.09615 2.01450
-1.09617 2.01435
-1.09619 2.01420
-1.09621 2.01405
-1.09623 2.01390
-1.09625 2.01375
-1.09627 2.01360
-1.09629 2.01345
-1.09631 2.01330
-1.09633 2.01315
-1.09635 2.01300
-1.09637 2.01285
-1.09639 2.01270
-1.09641 2.01255
-1.09643 2.01240
-1.09644 2.01225
-1.09646 2.01210
-1.09648 2.01195
-1.09650 2.01180
-1.09652 2.01165
-1.09654 2.01150
-1.09656 2.01135
-1.09658 2.01120
-1.09660 2.01105
-1.09662 2.01090
-1.09664 2.01075
-1.09665 2.01060
-1.09667 2.01045
-1.09669 2.01030
-1.09671 2.01015
-1.09673 2.01000
-1.09675 2.00985
-1.09677 2.00970
-1.09679 2.00955
-1.09681 2.00940
-1.09682 2.00925
-1.09684 2.00910
-1.09686 2.00895
-1.09688 2.00880
-1.09690 2.00865
-1.09692 2.00850
-1.09694 2.00835
-1.09695 2.00820
-1.09697 2.00805
-1.09699 2.00790
-1.09701 2.00775
-1.09703 2.00760
-1.09705 2.00745
-1.09707 2.00730
-1.09708 2.00715
-1.09710 2.00700
-1.09712 2.00685
-1.09714 2.00670
-1.09716 2.00655
-1.09718 2.00640
-1.09719 2.00625
-1.09721 2.00610
-1.09723 2.00595
-1.09725 2.00580
-1.09727 2.00565
-1.09728 2.00550
-1.09730 2.00535
-1.09732 2.00520
-1.09734 2.00505
-1.09736 2.00490
-1.09737 2.00475
-1.09739 2.00460
-1.09741 2.00445
-1.09743 2.00430
-1.09745 2.00414
-1.09746 2.00399
-1.09748 2.00384
-1.09750 2.00369
-1.09752 2.00354
-1.09753 2.00339
-1.09755 2.00324
-1.09757 2.00309
-1.09759 2.00294
-1.09761 2.00279
-1.09762 2.00264
-1.09764 2.00249
-1.09766 2.00234
-1.09768 2.00219
-1.09769 2.00204
-1.09771 2.00189
-1.09773 2.00174
-1.09775 2.00158
-1.09776 2.00143
-1.09778 2.00128
-1.09780 2.00113
-1.09781 2.00098
-1.09783 2.00083
-1.09785 2.00068
-1.09787 2.00053
-1.09788 2.00038
-1.09790 2.00023
-1.09792 2.00008
-1.09793 1.99993
-1.09795 1.99977
-1.09797 1.99962
-1.09799 1.99947
-1.09800 1.99932
-1.09802 1.99917
-1.09804 1.99902
-1.09805 1.99887
-1.09807 1.99872
-1.09809 1.99857
-1.09810 1.99842
-1.09812 1.99827
-1.09814 1.99811
-1.09816 1.99796
-1.09817 1.99781
-1.09819 1.99766
-1.09821 1.99751
-1.09822 1.99736
-1.09824 1.99721
-1.09826 1.99706
-1.09827 1.99691
-1.09829 1.99675
-1.09831 1.99660
-1.09832 1.99645
-1.09834 1.99630
-1.09835 1.99615
-1.09837 1.99600
-1.09839 1.99585
-1.09840 1.99570
-1.09842 1.99555
-1.09844 1.99539
-1.09845 1.99524
-1.09847 1.99509
-1.09849 1.99494
-1.09850 1.99479
-1.09852 1.99464
-1.09853 1.99449
-1.09855 1.99434
-1.09857 1.99418
-1.09858 1.99403
-1.09860 1.99388
-1.09861 1.99373
-1.09863 1.99358
-1.09865 1.99343
-1.09866 1.99328
-1.09868 1.99312
-1.09869 1.99297
-1.09871 1.99282
-1.09873 1.99267
-1.09874 1.99252
-1.09876 1.99237
-1.09877 1.99221
-1.09879 1.99206
-1.09881 1.99191
-1.09882 1.99176
-1.09884 1.99161
-1.09885 1.99146
-1.09887 1.99131
-1.09888 1.99115
-1.09890 1.99100
-1.09892 1.99085
-1.09893 1.99070
-1.09895 1.99055
-1.09896 1.99040
-1.09898 1.99024
-1.09899 1.99009
-1.09901 1.98994
-1.09902 1.98979
-1.09904 1.98964
-1.09905 1.98949
-1.09907 1.98933
-1.09909 1.98918
-1.09910 1.98903
-1.09912 1.98888
-1.09913 1.98873
-1.09915 1.98857
-1.09916 1.98842
-1.09918 1.98827
-1.09919 1.98812
-1.09921 1.98797
-1.09922 1.98781
-1.09924 1.98766
-1.09925 1.98751
-1.09927 1.98736
-1.09928 1.98721
-1.09930 1.98706
-1.09931 1.98690
-1.09933 1.98675
-1.09934 1.98660
-1.09936 1.98645
-1.09937 1.98630
-1.09939 1.98614
-1.09940 1.98599
-1.09942 1.98584
-1.09943 1.98569
-1.09945 1.98553
-1.09946 1.98538
-1.09947 1.98523
-1.09949 1.98508
-1.09950 1.98493
-1.09952 1.98477
-1.09953 1.98462
-1.09955 1.98447
-1.09956 1.98432
-1.09958 1.98417
-1.09959 1.98401
-1.09961 1.98386
-1.09962 1.98371
-1.09963 1.98356
-1.09965 1.98340
-1.09966 1.98325
-1.09968 1.98310
-1.09969 1.98295
-1.09971 1.98279
-1.09972 1.98264
-1.09973 1.98249
-1.09975 1.98234
-1.09976 1.98218
-1.09978 1.98203
-1.09979 1.98188
-1.09980 1.98173
-1.09982 1.98158
-1.09983 1.98142
-1.09985 1.98127
-1.09986 1.98112
-1.09987 1.98097
-1.09989 1.98081
-1.09990 1.98066
-1.09992 1.98051
-1.09993 1.98036
-1.09994 1.98020
-1.09996 1.98005
-1.09997 1.97990
-1.09999 1.97974
-1.10000 1.97959
-1.10001 1.97944
-1.10003 1.97929
-1.10004 1.97913
-1.10005 1.97898
-1.10007 1.97883
-1.10008 1.97868
-1.10009 1.97852
-1.10011 1.97837
-1.10012 1.97822
-1.10013 1.97807
-1.10015 1.97791
-1.10016 1.97776
-1.10018 1.97761
-1.10019 1.97745
-1.10020 1.97730
-1.10022 1.97715
-1.10023 1.97700
-1.10024 1.97684
-1.10025 1.97669
-1.10027 1.97654
-1.10028 1.97638
-1.10029 1.97623
-1.10031 1.97608
-1.10032 1.97592
-1.10033 1.97577
-1.10035 1.97562
-1.10036 1.97547
-1.10037 1.97531
-1.10039 1.97516
-1.10040 1.97501
-1.10041 1.97485
-1.10042 1.97470
-1.10044 1.97455
-1.10045 1.97439
-1.10046 1.97424
-1.10048 1.97409
-1.10049 1.97394
-1.10050 1.97378
-1.10051 1.97363
-1.10053 1.97348
-1.10054 1.97332
-1.10055 1.97317
-1.10057 1.97302
-1.10058 1.97286
-1.10059 1.97271
-1.10060 1.97256
-1.10062 1.97240
-1.10063 1.97225
-1.10064 1.97210
-1.10065 1.97194
-1.10067 1.97179
-1.10068 1.97164
-1.10069 1.97148
-1.10070 1.97133
-1.10072 1.97118
-1.10073 1.97102
-1.10074 1.97087
-1.10075 1.97072
-1.10076 1.97056
-1.10078 1.97041
-1.10079 1.97026
-1.10080 1.97010
-1.10081 1.96995
-1.10083 1.96980
-1.10084 1.96964
-1.10085 1.96949
-1.10086 1.96934
-1.10087 1.96918
-1.10089 1.96903
-1.10090 1.96887
-1.10091 1.96872
-1.10092 1.96857
-1.10093 1.96841
-1.10095 1.96826
-1.10096 1.96811
-1.10097 1.96795
-1.10098 1.96780
-1.10099 1.96765
-1.10100 1.96749
-1.10102 1.96734
-1.10103 1.96718
-1.10104 1.96703
-1.10105 1.96688
-1.10106 1.96672
-1.10107 1.96657
-1.10109 1.96642
-1.10110 1.96626
-1.10111 1.96611
-1.10112 1.96595
-1.10113 1.96580
-1.10114 1.96565
-1.10115 1.96549
-1.10117 1.96534
-1.10118 1.96519
-1.10119 1.96503
-1.10120 1.96488
-1.10121 1.96472
-1.10122 1.96457
-1.10123 1.96442
-1.10125 1.96426
-1.10126 1.96411
-1.10127 1.96395
-1.10128 1.96380
-1.10129 1.96365
-1.10130 1.96349
-1.10131 1.96334
-1.10132 1.96318
-1.10133 1.96303
-1.10135 1.96288
-1.10136 1.96272
-1.10137 1.96257
-1.10138 1.96241
-1.10139 1.96226
-1.10140 1.96211
-1.10141 1.96195
-1.10142 1.96180
-1.10143 1.96164
-1.10144 1.96149
-1.10145 1.96133
-1.10147 1.96118
-1.10148 1.96103
-1.10149 1.96087
-1.10150 1.96072
-1.10151 1.96056
-1.10152 1.96041
-1.10153 1.96025
-1.10154 1.96010
-1.10155 1.95995
-1.10156 1.95979
-1.10157 1.95964
-1.10158 1.95948
-1.10159 1.95933
-1.10160 1.95917
-1.10161 1.95902
-1.10162 1.95886
-1.10163 1.95871
-1.10164 1.95856
-1.10165 1.95840
-1.10166 1.95825
-1.10168 1.95809
-1.10169 1.95794
-1.10170 1.95778
-1.10171 1.95763
-1.10172 1.95747
-1.10173 1.95732
-1.10174 1.95717
-1.10175 1.95701
-1.10176 1.95686
-1.10177 1.95670
-1.10178 1.95655
-1.10179 1.95639
-1.10180 1.95624
-1.10181 1.95608
-1.10182 1.95593
-1.10183 1.95577
-1.10184 1.95562
-1.10185 1.95546
-1.10186 1.95531
-1.10187 1.95515
-1.10188 1.95500
-1.10189 1.95484
-1.10189 1.95469
-1.10190 1.95454
-1.10191 1.95438
-1.10192 1.95423
-1.10193 1.95407
-1.10194 1.95392
-1.10195 1.95376
-1.10196 1.95361
-1.10197 1.95345
-1.10198 1.95330
-1.10199 1.95314
-1.10200 1.95299
-1.10201 1.95283
-1.10202 1.95268
-1.10203 1.95252
-1.10204 1.95237
-1.10205 1.95221
-1.10206 1.95206
-1.10207 1.95190
-1.10208 1.95175
-1.10208 1.95159
-1.10209 1.95144
-1.10210 1.95128
-1.10211 1.95113
-1.10212 1.95097
-1.10213 1.95082
-1.10214 1.95066
-1.10215 1.95051
-1.10216 1.95035
-1.10217 1.95020
-1.10218 1.95004
-1.10218 1.94988
-1.10219 1.94973
-1.10220 1.94957
-1.10221 1.94942
-1.10222 1.94926
-1.10223 1.94911
-1.10224 1.94895
-1.10225 1.94880
-1.10226 1.94864
-1.10226 1.94849
-1.10227 1.94833
-1.10228 1.94818
-1.10229 1.94802
-1.10230 1.94787
-1.10231 1.94771
-1.10232 1.94755
-1.10232 1.94740
-1.10233 1.94724
-1.10234 1.94709
-1.10235 1.94693
-1.10236 1.94678
-1.10237 1.94662
-1.10238 1.94647
-1.10238 1.94631
-1.10239 1.94616
-1.10240 1.94600
-1.10241 1.94584
-1.10242 1.94569
-1.10243 1.94553
-1.10243 1.94538
-1.10244 1.94522
-1.10245 1.94507
-1.10246 1.94491
-1.10247 1.94475
-1.10248 1.94460
-1.10248 1.94444
-1.10249 1.94429
-1.10250 1.94413
-1.10251 1.94398
-1.10252 1.94382
-1.10252 1.94366
-1.10253 1.94351
-1.10254 1.94335
-1.10255 1.94320
-1.10256 1.94304
-1.10256 1.94289
-1.10257 1.94273
-1.10258 1.94257
-1.10259 1.94242
-1.10259 1.94226
-1.10260 1.94211
-1.10261 1.94195
-1.10262 1.94179
-1.10263 1.94164
-1.10263 1.94148
-1.10264 1.94133
-1.10265 1.94117
-1.10266 1.94102
-1.10266 1.94086
-1.10267 1.94070
-1.10268 1.94055
-1.10269 1.94039
-1.10269 1.94023
-1.10270 1.94008
-1.10271 1.93992
-1.10272 1.93977
-1.10272 1.93961
-1.10273 1.93945
-1.10274 1.93930
-1.10275 1.93914
-1.10275 1.93899
-1.10276 1.93883
-1.10277 1.93867
-1.10277 1.93852
-1.10278 1.93836
-1.10279 1.93820
-1.10280 1.93805
-1.10280 1.93789
-1.10281 1.93774
-1.10282 1.93758
-1.10282 1.93742
-1.10283 1.93727
-1.10284 1.93711
-1.10285 1.93695
-1.10285 1.93680
-1.10286 1.93664
-1.10287 1.93649
-1.10287 1.93633
-1.10288 1.93617
-1.10289 1.93602
-1.10289 1.93586
-1.10290 1.93570
-1.10291 1.93555
-1.10291 1.93539
-1.10292 1.93523
-1.10293 1.93508
-1.10293 1.93492
-1.10294 1.93476
-1.10295 1.93461
-1.10295 1.93445
-1.10296 1.93429
-1.10297 1.93414
-1.10297 1.93398
-1.10298 1.93382
-1.10299 1.93367
-1.10299 1.93351
-1.10300 1.93336
-1.10301 1.93320
-1.10301 1.93304
-1.10302 1.93288
-1.10303 1.93273
-1.10303 1.93257
-1.10304 1.93241
-1.10304 1.93226
-1.10305 1.93210
-1.10306 1.93194
-1.10306 1.93179
-1.10307 1.93163
-1.10308 1.93147
-1.10308 1.93132
-1.10309 1.93116
-1.10309 1.93100
-1.10310 1.93085
-1.10311 1.93069
-1.10311 1.93053
-1.10312 1.93038
-1.10312 1.93022
-1.10313 1.93006
-1.10314 1.92991
-1.10314 1.92975
-1.10315 1.92959
-1.10315 1.92943
-1.10316 1.92928
-1.10316 1.92912
-1.10317 1.92896
-1.10318 1.92881
-1.10318 1.92865
-1.10319 1.92849
-1.10319 1.92833
-1.10320 1.92818
-1.10320 1.92802
-1.10321 1.92786
-1.10322 1.92771
-1.10322 1.92755
-1.10323 1.92739
-1.10323 1.92723
-1.10324 1.92708
-1.10324 1.92692
-1.10325 1.92676
-1.10325 1.92661
-1.10326 1.92645
-1.10327 1.92629
-1.10327 1.92613
-1.10328 1.92598
-1.10328 1.92582
-1.10329 1.92566
-1.10329 1.92550
-1.10330 1.92535
-1.10330 1.92519
-1.10331 1.92503
-1.10331 1.92488
-1.10332 1.92472
-1.10332 1.92456
-1.10333 1.92440
-1.10333 1.92425
-1.10334 1.92409
-1.10334 1.92393
-1.10335 1.92377
-1.10335 1.92362
-1.10336 1.92346
-1.10336 1.92330
-1.10337 1.92314
-1.10337 1.92299
-1.10338 1.92283
-1.10338 1.92267
-1.10339 1.92251
-1.10339 1.92236
-1.10340 1.92220
-1.10340 1.92204
-1.10341 1.92188
-1.10341 1.92172
-1.10342 1.92157
-1.10342 1.92141
-1.10342 1.92125
-1.10343 1.92109
-1.10343 1.92094
-1.10344 1.92078
-1.10344 1.92062
-1.10345 1.92046
-1.10345 1.92031
-1.10346 1.92015
-1.10346 1.91999
-1.10347 1.91983
-1.10347 1.91967
-1.10347 1.91952
-1.10348 1.91936
-1.10348 1.91920
-1.10349 1.91904
-1.10349 1.91888
-1.10350 1.91873
-1.10350 1.91857
-1.10350 1.91841
-1.10351 1.91825
-1.10351 1.91809
-1.10352 1.91794
-1.10352 1.91778
-1.10353 1.91762
-1.10353 1.91746
-1.10353 1.91730
-1.10354 1.91715
-1.10354 1.91699
-1.10355 1.91683
-1.10355 1.91667
-1.10355 1.91651
-1.10356 1.91636
-1.10356 1.91620
-1.10356 1.91604
-1.10357 1.91588
-1.10357 1.91572
-1.10358 1.91556
-1.10358 1.91541
-1.10358 1.91525
-1.10359 1.91509
-1.10359 1.91493
-1.10359 1.91477
-1.10360 1.91462
-1.10360 1.91446
-1.10361 1.91430
-1.10361 1.91414
-1.10361 1.91398
-1.10362 1.91382
-1.10362 1.91367
-1.10362 1.91351
-1.10363 1.91335
-1.10363 1.91319
-1.10363 1.91303
-1.10364 1.91287
-1.10364 1.91271
-1.10364 1.91256
-1.10365 1.91240
-1.10365 1.91224
-1.10365 1.91208
-1.10366 1.91192
-1.10366 1.91176
-1.10366 1.91161
-1.10367 1.91145
-1.10367 1.91129
-1.10367 1.91113
-1.10368 1.91097
-1.10368 1.91081
-1.10368 1.91065
-1.10369 1.91049
-1.10369 1.91034
-1.10369 1.91018
-1.10369 1.91002
-1.10370 1.90986
-1.10370 1.90970
-1.10370 1.90954
-1.10371 1.90938
-1.10371 1.90923
-1.10371 1.90907
-1.10371 1.90891
-1.10372 1.90875
-1.10372 1.90859
-1.10372 1.90843
-1.10373 1.90827
-1.10373 1.90811
-1.10373 1.90795
-1.10373 1.90780
-1.10374 1.90764
-1.10374 1.90748
-1.10374 1.90732
-1.10374 1.90716
-1.10375 1.90700
-1.10375 1.90684
-1.10375 1.90668
-1.10375 1.90652
-1.10376 1.90637
-1.10376 1.90621
-1.10376 1.90605
-1.10376 1.90589
-1.10377 1.90573
-1.10377 1.90557
-1.10377 1.90541
-1.10377 1.90525
-1.10378 1.90509
-1.10378 1.90493
-1.10378 1.90477
-1.10378 1.90462
-1.10378 1.90446
-1.10379 1.90430
-1.10379 1.90414
-1.10379 1.90398
-1.10379 1.90382
-1.10379 1.90366
-1.10380 1.90350
-1.10380 1.90334
-1.10380 1.90318
-1.10380 1.90302
-1.10380 1.90286
-1.10381 1.90270
-1.10381 1.90254
-1.10381 1.90239
-1.10381 1.90223
-1.10381 1.90207
-1.10382 1.90191
-1.10382 1.90175
-1.10382 1.90159
-1.10382 1.90143
-1.10382 1.90127
-1.10382 1.90111
-1.10383 1.90095
-1.10383 1.90079
-1.10383 1.90063
-1.10383 1.90047
-1.10383 1.90031
-1.10383 1.90015
-1.10384 1.89999
-1.10384 1.89983
-1.10384 1.89967
-1.10384 1.89951
-1.10384 1.89935
-1.10384 1.89920
-1.10384 1.89904
-1.10385 1.89888
-1.10385 1.89872
-1.10385 1.89856
-1.10385 1.89840
-1.10385 1.89824
-1.10385 1.89808
-1.10385 1.89792
-1.10386 1.89776
-1.10393 1.89756
-1.10400 1.89736
-1.10408 1.89717
-1.10415 1.89697
-1.10422 1.89678
-1.10429 1.89658
-1.10436 1.89639
-1.10444 1.89619
-1.10451 1.89599
-1.10458 1.89580
-1.10465 1.89560
-1.10472 1.89541
-1.10479 1.89521
-1.10487 1.89501
-1.10494 1.89482
-1.10501 1.89462
-1.10508 1.89442
-1.10515 1.89423
-1.10522 1.89403
-1.10529 1.89384
-1.10537 1.89364
-1.10544 1.89344
-1.10551 1.89325
-1.10558 1.89305
-1.10565 1.89285
-1.10572 1.89266
-1.10579 1.89246
-1.10586 1.89226
-1.10593 1.89207
-1.10600 1.89187
-1.10607 1.89167
-1.10614 1.89148
-1.10622 1.89128
-1.10629 1.89108
-1.10636 1.89088
-1.10643 1.89069
-1.10650 1.89049
-1.10657 1.89029
-1.10664 1.89010
-1.10671 1.88990
-1.10678 1.88970
-1.10685 1.88950
-1.10692 1.88931
-1.10699 1.88911
-1.10706 1.88891
-1.10713 1.88871
-1.10719 1.88852
-1.10726 1.88832
-1.10733 1.88812
-1.10740 1.88792
-1.10747 1.88772
-1.10754 1.88753
-1.10761 1.88733
-1.10768 1.88713
-1.10775 1.88693
-1.10782 1.88674
-1.10789 1.88654
-1.10796 1.88634
-1.10802 1.88614
-1.10809 1.88594
-1.10816 1.88574
-1.10823 1.88555
-1.10830 1.88535
-1.10837 1.88515
-1.10844 1.88495
-1.10850 1.88475
-1.10857 1.88455
-1.10864 1.88436
-1.10871 1.88416
-1.10878 1.88396
-1.10885 1.88376
-1.10891 1.88356
-1.10898 1.88336
-1.10905 1.88316
-1.10912 1.88297
-1.10919 1.88277
-1.10925 1.88257
-1.10932 1.88237
-1.10939 1.88217
-1.10946 1.88197
-1.10952 1.88177
-1.10959 1.88157
-1.10966 1.88137
-1.10973 1.88117
-1.10979 1.88097
-1.10986 1.88078
-1.10993 1.88058
-1.10999 1.88038
-1.11006 1.88018
-1.11013 1.87998
-1.11020 1.87978
-1.11026 1.87958
-1.11033 1.87938
-1.11040 1.87918
-1.11046 1.87898
-1.11053 1.87878
-1.11060 1.87858
-1.11066 1.87838
-1.11073 1.87818
-1.11079 1.87798
-1.11086 1.87778
-1.11091 1.87759
-1.11091 1.87743
-1.11091 1.87726
-1.11091 1.87710
-1.11090 1.87694
-1.11090 1.87678
-1.11090 1.87661
-1.11090 1.87645
-1.11089 1.87629
-1.11089 1.87613
-1.11089 1.87596
-1.11088 1.87580
-1.11088 1.87564
-1.11088 1.87548
-1.11088 1.87532
-1.11087 1.87515
-1.11087 1.87499
-1.11087 1.87483
-1.11086 1.87467
-1.11086 1.87450
-1.11086 1.87434
-1.11085 1.87418
-1.11085 1.87402
-1.11085 1.87385
-1.11085 1.87369
-1.11084 1.87353
-1.11084 1.87337
-1.11084 1.87320
-1.11083 1.87304
-1.11083 1.87288
-1.11083 1.87272
-1.11082 1.87255
-1.11082 1.87239
-1.11082 1.87223
-1.11081 1.87207
-1.11081 1.87190
-1.11081 1.87174
-1.11080 1.87158
-1.11080 1.87141
-1.11080 1.87125
-1.11079 1.87109
-1.11079 1.87093
-1.11078 1.87076
-1.11078 1.87060
-1.11078 1.87044
-1.11077 1.87028
-1.11077 1.87011
-1.11077 1.86995
-1.11076 1.86979
-1.11076 1.86962
-1.11076 1.86946
-1.11075 1.86930
-1.11075 1.86914
-1.11074 1.86897
-1.11074 1.86881
-1.11074 1.86865
-1.11073 1.86848
-1.11073 1.86832
-1.11073 1.86816
-1.11072 1.86799
-1.11072 1.86783
-1.11071 1.86767
-1.11071 1.86751
-1.11071 1.86734
-1.11070 1.86718
-1.11070 1.86702
-1.11069 1.86685
-1.11069 1.86669
-1.11068 1.86653
-1.11068 1.86636
-1.11068 1.86620
-1.11067 1.86604
-1.11067 1.86587
-1.11066 1.86571
-1.11066 1.86555
-1.11066 1.86538
-1.11065 1.86522
-1.11065 1.86506
-1.11064 1.86490
-1.11064 1.86473
-1.11063 1.86457
-1.11063 1.86441
-1.11062 1.86424
-1.11062 1.86408
-1.11062 1.86392
-1.11061 1.86375
-1.11061 1.86359
-1.11060 1.86343
-1.11060 1.86326
-1.11059 1.86310
-1.11059 1.86293
-1.11058 1.86277
-1.11058 1.86261
-1.11057 1.86244
-1.11057 1.86228
-1.11057 1.86212
-1.11056 1.86195
-1.11056 1.86179
-1.11055 1.86163
-1.11055 1.86146
-1.11054 1.86130
-1.11054 1.86114
-1.11053 1.86097
-1.11053 1.86081
-1.11052 1.86065
-1.11052 1.86048
-1.11051 1.86032
-1.11051 1.86015
-1.11050 1.85999
-1.11050 1.85983
-1.11049 1.85966
-1.11049 1.85950
-1.11048 1.85934
-1.11048 1.85917
-1.11047 1.85901
-1.11047 1.85884
-1.11046 1.85868
-1.11046 1.85852
-1.11045 1.85835
-1.11045 1.85819
-1.11044 1.85802
-1.11043 1.85786
-1.11043 1.85770
-1.11042 1.85753
-1.11042 1.85737
-1.11041 1.85721
-1.11041 1.85704
-1.11040 1.85688
-1.11040 1.85671
-1.11039 1.85655
-1.11039 1.85639
-1.11038 1.85622
-1.11038 1.85606
-1.11037 1.85589
-1.11036 1.85573
-1.11036 1.85556
-1.11035 1.85540
-1.11035 1.85524
-1.11034 1.85507
-1.11034 1.85491
-1.11033 1.85474
-1.11032 1.85458
-1.11032 1.85442
-1.11031 1.85425
-1.11031 1.85409
-1.11030 1.85392
-1.11030 1.85376
-1.11029 1.85359
-1.11028 1.85343
-1.11028 1.85327
-1.11027 1.85310
-1.11027 1.85294
-1.11026 1.85277
-1.11025 1.85261
-1.11025 1.85244
-1.11024 1.85228
-1.11024 1.85212
-1.11023 1.85195
-1.11022 1.85179
-1.11022 1.85162
-1.11021 1.85146
-1.11021 1.85129
-1.11020 1.85113
-1.11019 1.85096
-1.11019 1.85080
-1.11018 1.85064
-1.11017 1.85047
-1.11017 1.85031
-1.11016 1.85014
-1.11016 1.84998
-1.11015 1.84981
-1.11014 1.84965
-1.11014 1.84948
-1.11013 1.84932
-1.11012 1.84915
-1.11012 1.84899
-1.11011 1.84882
-1.11010 1.84866
-1.11010 1.84850
-1.11009 1.84833
-1.11008 1.84817
-1.11008 1.84800
-1.11007 1.84784
-1.11006 1.84767
-1.11006 1.84751
-1.11005 1.84734
-1.11004 1.84718
-1.11004 1.84701
-1.11003 1.84685
-1.11002 1.84668
-1.11002 1.84652
-1.11001 1.84635
-1.11000 1.84619
-1.11000 1.84602
-1.10999 1.84586
-1.10998 1.84569
-1.10998 1.84553
-1.10997 1.84536
-1.10996 1.84520
-1.10996 1.84503
-1.10995 1.84487
-1.10994 1.84470
-1.10993 1.84454
-1.10993 1.84437
-1.10992 1.84421
-1.10991 1.84404
-1.10991 1.84388
-1.10990 1.84371
-1.10989 1.84355
-1.10988 1.84338
-1.10988 1.84322
-1.10987 1.84305
-1.10986 1.84289
-1.10986 1.84272
-1.10985 1.84256
-1.10984 1.84239
-1.10983 1.84223
-1.10983 1.84206
-1.10982 1.84189
-1.10981 1.84173
-1.10980 1.84156
-1.10980 1.84140
-1.10979 1.84123
-1.10978 1.84107
-1.10977 1.84090
-1.10977 1.84074
-1.10976 1.84057
-1.10975 1.84041
-1.10974 1.84024
-1.10974 1.84008
-1.10973 1.83991
-1.10972 1.83974
-1.10971 1.83958
-1.10971 1.83941
-1.10970 1.83925
-1.10969 1.83908
-1.10968 1.83892
-1.10967 1.83875
-1.10967 1.83859
-1.10966 1.83842
-1.10965 1.83825
-1.10964 1.83809
-1.10964 1.83792
-1.10963 1.83776
-1.10962 1.83759
-1.10961 1.83743
-1.10960 1.83726
-1.10960 1.83709
-1.10959 1.83693
-1.10958 1.83676
-1.10957 1.83660
-1.10956 1.83643
-1.10956 1.83627
-1.10955 1.83610
-1.10954 1.83593
-1.10953 1.83577
-1.10952 1.83560
-1.10951 1.83544
-1.10951 1.83527
-1.10950 1.83510
-1.10949 1.83494
-1.10948 1.83477
-1.10947 1.83461
-1.10946 1.83444
-1.10946 1.83427
-1.10945 1.83411
-1.10944 1.83394
-1.10943 1.83378
-1.10942 1.83361
-1.10941 1.83344
-1.10941 1.83328
-1.10940 1.83311
-1.10939 1.83295
-1.10938 1.83278
-1.10937 1.83261
-1.10936 1.83245
-1.10935 1.83228
-1.10935 1.83212
-1.10934 1.83195
-1.10933 1.83178
-1.10932 1.83162
-1.10931 1.83145
-1.10930 1.83128
-1.10929 1.83112
-1.10928 1.83095
-1.10928 1.83079
-1.10927 1.83062
-1.10926 1.83045
-1.10925 1.83029
-1.10924 1.83012
-1.10923 1.82995
-1.10922 1.82979
-1.10921 1.82962
-1.10920 1.82945
-1.10919 1.82929
-1.10919 1.82912
-1.10918 1.82896
-1.10917 1.82879
-1.10916 1.82862
-1.10915 1.82846
-1.10914 1.82829
-1.10913 1.82812
-1.10912 1.82796
-1.10911 1.82779
-1.10910 1.82762
-1.10909 1.82746
-1.10908 1.82729
-1.10908 1.82712
-1.10907 1.82696
-1.10906 1.82679
-1.10905 1.82662
-1.10904 1.82646
-1.10903 1.82629
-1.10902 1.82612
-1.10901 1.82596
-1.10900 1.82579
-1.10899 1.82562
-1.10898 1.82546
-1.10897 1.82529
-1.10896 1.82512
-1.10895 1.82496
-1.10894 1.82479
-1.10893 1.82462
-1.10892 1.82446
-1.10891 1.82429
-1.10890 1.82412
-1.10889 1.82395
-1.10889 1.82379
-1.10888 1.82362
-1.10887 1.82345
-1.10886 1.82329
-1.10885 1.82312
-1.10884 1.82295
-1.10883 1.82279
-1.10882 1.82262
-1.10881 1.82245
-1.10880 1.82229
-1.10879 1.82212
-1.10878 1.82195
-1.10877 1.82178
-1.10876 1.82162
-1.10875 1.82145
-1.10874 1.82128
-1.10873 1.82112
-1.10872 1.82095
-1.10871 1.82078
-1.10870 1.82061
-1.10869 1.82045
-1.10868 1.82028
-1.10867 1.82011
-1.10866 1.81994
-1.10865 1.81978
-1.10864 1.81961
-1.10862 1.81944
-1.10861 1.81928
-1.10860 1.81911
-1.10859 1.81894
-1.10858 1.81877
-1.10857 1.81861
-1.10856 1.81844
-1.10855 1.81827
-1.10854 1.81810
-1.10853 1.81794
-1.10852 1.81777
-1.10851 1.81760
-1.10850 1.81743
-1.10849 1.81727
-1.10848 1.81710
-1.10847 1.81693
-1.10846 1.81676
-1.10845 1.81660
-1.10844 1.81643
-1.10843 1.81626
-1.10841 1.81609
-1.10840 1.81593
-1.10839 1.81576
-1.10838 1.81559
-1.10837 1.81542
-1.10836 1.81526
-1.10835 1.81509
-1.10834 1.81492
-1.10833 1.81475
-1.10832 1.81458
-1.10831 1.81442
-1.10830 1.81425
-1.10829 1.81408
-1.10827 1.81391
-1.10826 1.81375
-1.10825 1.81358
-1.10824 1.81341
-1.10823 1.81324
-1.10822 1.81307
-1.10821 1.81291
-1.10820 1.81274
-1.10819 1.81257
-1.10817 1.81240
-1.10816 1.81223
-1.10815 1.81207
-1.10814 1.81190
-1.10813 1.81173
-1.10812 1.81156
-1.10811 1.81139
-1.10810 1.81123
-1.10808 1.81106
-1.10807 1.81089
-1.10806 1.81072
-1.10805 1.81055
-1.10804 1.81039
-1.10804 1.81021
-1.10805 1.81003
-1.10806 1.80984
-1.10807 1.80966
-1.10808 1.80948
-1.10809 1.80930
-1.10810 1.80912
-1.10811 1.80893
-1.10812 1.80875
-1.10813 1.80857
-1.10814 1.80839
-1.10814 1.80820
-1.10815 1.80802
-1.10816 1.80784
-1.10817 1.80766
-1.10818 1.80747
-1.10819 1.80729
-1.10820 1.80711
-1.10821 1.80693
-1.10822 1.80675
-1.10823 1.80656
-1.10823 1.80638
-1.10824 1.80620
-1.10825 1.80602
-1.10826 1.80583
-1.10827 1.80565
-1.10828 1.80547
-1.10829 1.80528
-1.10830 1.80510
-1.10830 1.80492
-1.10831 1.80474
-1.10832 1.80455
-1.10833 1.80437
-1.10834 1.80419
-1.10835 1.80401
-1.10836 1.80382
-1.10836 1.80364
-1.10837 1.80346
-1.10838 1.80327
-1.10839 1.80309
-1.10840 1.80291
-1.10841 1.80273
-1.10841 1.80254
-1.10842 1.80236
-1.10843 1.80218
-1.10844 1.80199
-1.10845 1.80181
-1.10845 1.80163
-1.10846 1.80144
-1.10847 1.80126
-1.10848 1.80108
-1.10849 1.80089
-1.10849 1.80071
-1.10850 1.80053
-1.10851 1.80034
-1.10852 1.80016
-1.10853 1.79998
-1.10853 1.79979
-1.10854 1.79961
-1.10855 1.79943
-1.10856 1.79924
-1.10856 1.79906
-1.10857 1.79888
-1.10858 1.79869
-1.10859 1.79851
-1.10859 1.79833
-1.10860 1.79814
-1.10861 1.79796
-1.10862 1.79778
-1.10862 1.79759
-1.10863 1.79741
-1.10864 1.79723
-1.10865 1.79704
-1.10865 1.79686
-1.10866 1.79667
-1.10867 1.79649
-1.10867 1.79631
-1.10868 1.79612
-1.10869 1.79594
-1.10870 1.79576
-1.10870 1.79557
-1.10871 1.79539
-1.10872 1.79520
-1.10872 1.79502
-1.10873 1.79484
-1.10874 1.79465
-1.10874 1.79447
-1.10875 1.79428
-1.10876 1.79410
-1.10876 1.79392
-1.10877 1.79373
-1.10878 1.79355
-1.10878 1.79336
-1.10879 1.79318
-1.10880 1.79300
-1.10880 1.79281
-1.10881 1.79263
-1.10882 1.79244
-1.10882 1.79226
-1.10883 1.79207
-1.10884 1.79189
-1.10884 1.79171
-1.10885 1.79152
-1.10886 1.79134
-1.10886 1.79115
-1.10887 1.79097
-1.10887 1.79078
-1.10888 1.79060
-1.10889 1.79042
-1.10889 1.79023
-1.10890 1.79005
-1.10891 1.78986
-1.10891 1.78968
-1.10892 1.78949
-1.10892 1.78931
-1.10893 1.78912
-1.10894 1.78894
-1.10894 1.78875
-1.10895 1.78857
-1.10895 1.78838
-1.10896 1.78820
-1.10896 1.78801
-1.10897 1.78783
-1.10898 1.78765
-1.10898 1.78746
-1.10899 1.78728
-1.10899 1.78709
-1.10900 1.78691
-1.10900 1.78672
-1.10901 1.78654
-1.10901 1.78635
-1.10902 1.78617
-1.10903 1.78598
-1.10903 1.78580
-1.10904 1.78561
-1.10904 1.78543
-1.10905 1.78524
-1.10905 1.78506
-1.10906 1.78487
-1.10906 1.78468
-1.10907 1.78450
-1.10907 1.78431
-1.10908 1.78413
-1.10908 1.78394
-1.10909 1.78376
-1.10909 1.78357
-1.10910 1.78339
-1.10910 1.78320
-1.10911 1.78302
-1.10911 1.78283
-1.10912 1.78265
-1.10912 1.78246
-1.10913 1.78228
-1.10913 1.78209
-1.10914 1.78190
-1.10914 1.78172
-1.10915 1.78153
-1.10915 1.78135
-1.10916 1.78116
-1.10916 1.78098
-1.10916 1.78079
-1.10917 1.78060
-1.10917 1.78042
-1.10918 1.78023
-1.10918 1.78005
-1.10919 1.77986
-1.10919 1.77968
-1.10920 1.77949
-1.10920 1.77930
-1.10920 1.77912
-1.10921 1.77893
-1.10921 1.77875
-1.10922 1.77856
-1.10922 1.77837
-1.10922 1.77819
-1.10923 1.77800
-1.10923 1.77782
-1.10924 1.77763
-1.10924 1.77744
-1.10925 1.77726
-1.10925 1.77707
-1.10925 1.77689
-1.10926 1.77670
-1.10926 1.77651
-1.10926 1.77633
-1.10927 1.77614
-1.10927 1.77595
-1.10928 1.77577
-1.10928 1.77558
-1.10928 1.77540
-1.10929 1.77521
-1.10929 1.77502
-1.10929 1.77484
-1.10930 1.77465
-1.10930 1.77446
-1.10930 1.77428
-1.10931 1.77409
-1.10931 1.77390
-1.10931 1.77372
-1.10932 1.77353
-1.10932 1.77334
-1.10932 1.77316
-1.10933 1.77297
-1.10933 1.77278
-1.10933 1.77260
-1.10934 1.77241
-1.10934 1.77222
-1.10934 1.77204
-1.10935 1.77185
-1.10935 1.77166
-1.10935 1.77148
-1.10936 1.77129
-1.10936 1.77110
-1.10936 1.77092
-1.10936 1.77073
-1.10937 1.77054
-1.10937 1.77035
-1.10937 1.77017
-1.10938 1.76998
-1.10938 1.76979
-1.10938 1.76961
-1.10938 1.76942
-1.10939 1.76923
-1.10939 1.76905
-1.10939 1.76886
-1.10939 1.76867
-1.10940 1.76848
-1.10940 1.76830
-1.10940 1.76811
-1.10940 1.76792
-1.10941 1.76773
-1.10941 1.76755
-1.10941 1.76736
-1.10941 1.76717
-1.10942 1.76699
-1.10942 1.76680
-1.10942 1.76661
-1.10942 1.76642
-1.10942 1.76624
-1.10943 1.76605
-1.10943 1.76586
-1.10943 1.76567
-1.10943 1.76549
-1.10943 1.76530
-1.10944 1.76511
-1.10944 1.76492
-1.10944 1.76473
-1.10944 1.76455
-1.10944 1.76436
-1.10945 1.76417
-1.10945 1.76398
-1.10945 1.76380
-1.10945 1.76361
-1.10945 1.76342
-1.10945 1.76323
-1.10946 1.76304
-1.10946 1.76286
-1.10946 1.76267
-1.10946 1.76248
-1.10946 1.76229
-1.10946 1.76210
-1.10947 1.76192
-1.10947 1.76173
-1.10947 1.76154
-1.10947 1.76135
-1.10947 1.76116
-1.10947 1.76098
-1.10947 1.76079
-1.10947 1.76060
-1.10948 1.76041
-1.10948 1.76022
-1.10948 1.76003
-1.10948 1.75985
-1.10948 1.75966
-1.10948 1.75947
-1.10948 1.75928
-1.10948 1.75909
-1.10948 1.75890
-1.10949 1.75872
-1.10949 1.75853
-1.10949 1.75834
-1.10949 1.75815
-1.10949 1.75796
-1.10949 1.75777
-1.10949 1.75758
-1.10949 1.75740
-1.10949 1.75721
-1.10949 1.75702
-1.10949 1.75683
-1.10949 1.75664
-1.10949 1.75645
-1.10950 1.75626
-1.10950 1.75608
-1.10950 1.75589
-1.10950 1.75570
-1.10950 1.75551
-1.10950 1.75532
-1.10950 1.75513
-1.10950 1.75494
-1.10950 1.75475
-1.10950 1.75456
-1.10950 1.75438
-1.10950 1.75419
-1.10950 1.75400
-1.10950 1.75381
-1.10950 1.75362
-1.10948 1.75345
-1.10946 1.75327
-1.10944 1.75310
-1.10942 1.75292
-1.10940 1.75275
-1.10938 1.75258
-1.10936 1.75240
-1.10934 1.75223
-1.10932 1.75205
-1.10931 1.75188
-1.10929 1.75171
-1.10927 1.75153
-1.10925 1.75136
-1.10923 1.75118
-1.10921 1.75101
-1.10919 1.75084
-1.10917 1.75066
-1.10915 1.75049
-1.10913 1.75031
-1.10911 1.75014
-1.10909 1.74997
-1.10907 1.74979
-1.10905 1.74962
-1.10903 1.74944
-1.10901 1.74927
-1.10899 1.74909
-1.10897 1.74892
-1.10895 1.74875
-1.10893 1.74857
-1.10891 1.74840
-1.10889 1.74822
-1.10887 1.74805
-1.10885 1.74787
-1.10883 1.74770
-1.10881 1.74752
-1.10880 1.74735
-1.10878 1.74718
-1.10876 1.74700
-1.10874 1.74683
-1.10872 1.74665
-1.10870 1.74648
-1.10868 1.74630
-1.10866 1.74613
-1.10864 1.74595
-1.10862 1.74578
-1.10860 1.74560
-1.10858 1.74543
-1.10856 1.74525
-1.10853 1.74508
-1.10851 1.74491
-1.10849 1.74473
-1.10847 1.74456
-1.10845 1.74438
-1.10843 1.74421
-1.10841 1.74403
-1.10839 1.74386
-1.10837 1.74368
-1.10835 1.74351
-1.10833 1.74333
-1.10831 1.74316
-1.10829 1.74298
-1.10827 1.74281
-1.10825 1.74263
-1.10823 1.74246
-1.10821 1.74228
-1.10819 1.74211
-1.10817 1.74193
-1.10815 1.74176
-1.10813 1.74158
-1.10811 1.74141
-1.10809 1.74123
-1.10807 1.74106
-1.10805 1.74088
-1.10803 1.74071
-1.10800 1.74053
-1.10798 1.74036
-1.10796 1.74018
-1.10794 1.74001
-1.10792 1.73983
-1.10790 1.73966
-1.10788 1.73948
-1.10786 1.73931
-1.10784 1.73913
-1.10782 1.73896
-1.10780 1.73878
-1.10778 1.73861
-1.10775 1.73843
-1.10773 1.73825
-1.10771 1.73808
-1.10769 1.73790
-1.10767 1.73773
-1.10765 1.73755
-1.10763 1.73738
-1.10761 1.73720
-1.10759 1.73703
-1.10757 1.73685
-1.10754 1.73668
-1.10752 1.73650
-1.10750 1.73632
-1.10748 1.73615
-1.10746 1.73597
-1.10745 1.73579
-1.10749 1.73557
-1.10752 1.73534
-1.10756 1.73512
-1.10759 1.73490
-1.10763 1.73468
-1.10766 1.73445
-1.10770 1.73423
-1.10773 1.73401
-1.10777 1.73379
-1.10780 1.73356
-1.10783 1.73334
-1.10787 1.73312
-1.10790 1.73290
-1.10794 1.73267
-1.10797 1.73245
-1.10801 1.73223
-1.10804 1.73200
-1.10808 1.73178
-1.10811 1.73156
-1.10814 1.73134
-1.10818 1.73111
-1.10821 1.73089
-1.10825 1.73067
-1.10828 1.73044
-1.10831 1.73022
-1.10835 1.73000
-1.10838 1.72977
-1.10841 1.72955
-1.10845 1.72933
-1.10848 1.72910
-1.10851 1.72888
-1.10855 1.72866
-1.10858 1.72843
-1.10861 1.72821
-1.10865 1.72798
-1.10868 1.72776
-1.10871 1.72754
-1.10875 1.72731
-1.10878 1.72709
-1.10881 1.72687
-1.10885 1.72664
-1.10888 1.72642
-1.10891 1.72619
-1.10894 1.72597
-1.10898 1.72574
-1.10901 1.72552
-1.10904 1.72530
-1.10907 1.72507
-1.10911 1.72485
-1.10914 1.72462
-1.10917 1.72440
-1.10920 1.72417
-1.10924 1.72395
-1.10927 1.72372
-1.10930 1.72350
-1.10933 1.72328
-1.10936 1.72305
-1.10940 1.72283
-1.10943 1.72260
-1.10946 1.72238
-1.10949 1.72215
-1.10952 1.72193
-1.10956 1.72170
-1.10959 1.72148
-1.10962 1.72125
-1.10965 1.72103
-1.10968 1.72080
-1.10971 1.72058
-1.10974 1.72035
-1.10978 1.72012
-1.10981 1.71990
-1.10984 1.71967
-1.10987 1.71945
-1.10990 1.71922
-1.10993 1.71900
-1.10996 1.71877
-1.10999 1.71855
-1.11002 1.71832
-1.11006 1.71809
-1.11009 1.71787
-1.11012 1.71764
-1.11015 1.71742
-1.11018 1.71719
-1.11021 1.71696
-1.11024 1.71674
-1.11027 1.71651
-1.11030 1.71629
-1.11033 1.71606
-1.11036 1.71583
-1.11039 1.71561
-1.11042 1.71538
-1.11045 1.71515
-1.11048 1.71493
-1.11051 1.71470
-1.11054 1.71448
-1.11057 1.71425
-1.11060 1.71402
-1.11063 1.71380
-1.11066 1.71357
-1.11069 1.71334
-1.11072 1.71312
-1.11073 1.71291
-1.11070 1.71273
-1.11068 1.71255
-1.11066 1.71237
-1.11063 1.71219
-1.11061 1.71201
-1.11058 1.71184
-1.11056 1.71166
-1.11053 1.71148
-1.11051 1.71130
-1.11048 1.71112
-1.11046 1.71094
-1.11043 1.71076
-1.11041 1.71059
-1.11038 1.71041
-1.11036 1.71023
-1.11033 1.71005
-1.11031 1.70987
-1.11028 1.70969
-1.11026 1.70952
-1.11023 1.70934
-1.11021 1.70916
-1.11018 1.70898
-1.11016 1.70880
-1.11013 1.70862
-1.11011 1.70844
-1.11008 1.70826
-1.11006 1.70809
-1.11003 1.70791
-1.11001 1.70773
-1.10998 1.70755
-1.10996 1.70737
-1.10993 1.70719
-1.10991 1.70701
-1.10988 1.70683
-1.10986 1.70666
-1.10983 1.70648
-1.10980 1.70630
-1.10978 1.70612
-1.10975 1.70594
-1.10973 1.70576
-1.10970 1.70558
-1.10968 1.70540
-1.10965 1.70522
-1.10963 1.70504
-1.10960 1.70487
-1.10958 1.70469
-1.10955 1.70451
-1.10952 1.70433
-1.10950 1.70415
-1.10947 1.70397
-1.10945 1.70379
-1.10942 1.70361
-1.10940 1.70343
-1.10937 1.70325
-1.10935 1.70307
-1.10932 1.70290
-1.10929 1.70272
-1.10927 1.70254
-1.10924 1.70236
-1.10922 1.70218
-1.10919 1.70200
-1.10916 1.70182
-1.10914 1.70164
-1.10911 1.70146
-1.10909 1.70128
-1.10906 1.70110
-1.10904 1.70092
-1.10901 1.70074
-1.10898 1.70056
-1.10896 1.70038
-1.10893 1.70020
-1.10891 1.70003
-1.10888 1.69985
-1.10885 1.69967
-1.10883 1.69949
-1.10880 1.69931
-1.10877 1.69913
-1.10875 1.69895
-1.10872 1.69877
-1.10870 1.69859
-1.10867 1.69841
-1.10864 1.69823
-1.10862 1.69805
-1.10859 1.69787
-1.10857 1.69769
-1.10854 1.69751
-1.10851 1.69733
-1.10849 1.69715
-1.10846 1.69697
-1.10843 1.69679
-1.10841 1.69661
-1.10838 1.69643
-1.10835 1.69625
-1.10833 1.69607
-1.10830 1.69589
-1.10827 1.69571
-1.10825 1.69553
-1.10822 1.69535
-1.10819 1.69517
-1.10817 1.69499
-1.10814 1.69481
-1.10814 1.69461
-1.10817 1.69438
-1.10819 1.69415
-1.10822 1.69392
-1.10824 1.69369
-1.10827 1.69346
-1.10830 1.69323
-1.10832 1.69300
-1.10835 1.69277
-1.10837 1.69254
-1.10840 1.69231
-1.10842 1.69208
-1.10845 1.69185
-1.10848 1.69162
-1.10850 1.69139
-1.10853 1.69116
-1.10855 1.69093
-1.10858 1.69070
-1.10860 1.69047
-1.10863 1.69024
-1.10865 1.69001
-1.10868 1.68978
-1.10870 1.68954
-1.10873 1.68931
-1.10875 1.68908
-1.10878 1.68885
-1.10880 1.68862
-1.10883 1.68839
-1.10885 1.68816
-1.10887 1.68793
-1.10890 1.68770
-1.10892 1.68747
-1.10895 1.68724
-1.10897 1.68700
-1.10900 1.68677
-1.10902 1.68654
-1.10905 1.68631
-1.10907 1.68608
-1.10909 1.68585
-1.10912 1.68562
-1.10914 1.68538
-1.10917 1.68515
-1.10919 1.68492
-1.10921 1.68469
-1.10924 1.68446
-1.10926 1.68423
-1.10928 1.68399
-1.10931 1.68376
-1.10933 1.68353
-1.10935 1.68330
-1.10938 1.68307
-1.10940 1.68283
-1.10942 1.68260
-1.10945 1.68237
-1.10947 1.68214
-1.10949 1.68191
-1.10952 1.68167
-1.10954 1.68144
-1.10956 1.68121
-1.10959 1.68098
-1.10961 1.68074
-1.10963 1.68051
-1.10965 1.68028
-1.10968 1.68005
-1.10970 1.67981
-1.10972 1.67958
-1.10974 1.67935
-1.10977 1.67912
-1.10979 1.67888
-1.10981 1.67865
-1.10983 1.67842
-1.10986 1.67818
-1.10988 1.67795
-1.10990 1.67772
-1.10992 1.67748
-1.10994 1.67725
-1.10997 1.67702
-1.10999 1.67678
-1.11001 1.67655
-1.11003 1.67632
-1.11005 1.67608
-1.11008 1.67585
-1.11010 1.67562
-1.11012 1.67538
-1.11014 1.67515
-1.11016 1.67492
-1.11018 1.67468
-1.11021 1.67445
-1.11023 1.67421
-1.11025 1.67398
-1.11027 1.67375
-1.11029 1.67351
-1.11031 1.67328
-1.11033 1.67304
-1.11035 1.67281
-1.11037 1.67258
-1.11040 1.67234
-1.11042 1.67211
-1.11044 1.67187
-1.11046 1.67164
-1.11048 1.67140
-1.11050 1.67117
-1.11049 1.67097
-1.11046 1.67078
-1.11043 1.67060
-1.11040 1.67042
-1.11037 1.67024
-1.11034 1.67005
-1.11031 1.66987
-1.11028 1.66969
-1.11025 1.66950
-1.11022 1.66932
-1.11019 1.66914
-1.11016 1.66895
-1.11013 1.66877
-1.11010 1.66859
-1.11007 1.66841
-1.11004 1.66822
-1.11001 1.66804
-1.10998 1.66786
-1.10995 1.66767
-1.10992 1.66749
-1.10988 1.66731
-1.10985 1.66712
-1.10982 1.66694
-1.10979 1.66676
-1.10976 1.66657
-1.10973 1.66639
-1.10970 1.66621
-1.10967 1.66602
-1.10964 1.66584
-1.10961 1.66566
-1.10958 1.66547
-1.10955 1.66529
-1.10952 1.66511
-1.10949 1.66492
-1.10946 1.66474
-1.10943 1.66456
-1.10940 1.66437
-1.10937 1.66419
-1.10933 1.66401
-1.10930 1.66382
-1.10927 1.66364
-1.10924 1.66345
-1.10921 1.66327
-1.10918 1.66309
-1.10915 1.66290
-1.10912 1.66272
-1.10909 1.66254
-1.10906 1.66235
-1.10903 1.66217
-1.10900 1.66199
-1.10896 1.66180
-1.10893 1.66162
-1.10890 1.66143
-1.10887 1.66125
-1.10884 1.66107
-1.10881 1.66088
-1.10878 1.66070
-1.10875 1.66051
-1.10872 1.66033
-1.10869 1.66015
-1.10865 1.65996
-1.10862 1.65978
-1.10859 1.65960
-1.10856 1.65941
-1.10853 1.65923
-1.10850 1.65904
-1.10847 1.65886
-1.10844 1.65867
-1.10840 1.65849
-1.10837 1.65831
-1.10834 1.65812
-1.10831 1.65794
-1.10828 1.65775
-1.10825 1.65757
-1.10822 1.65739
-1.10818 1.65720
-1.10815 1.65702
-1.10812 1.65683
-1.10809 1.65665
-1.10806 1.65646
-1.10803 1.65628
-1.10800 1.65610
-1.10796 1.65591
-1.10793 1.65573
-1.10790 1.65554
-1.10787 1.65536
-1.10784 1.65517
-1.10781 1.65499
-1.10777 1.65480
-1.10774 1.65462
-1.10771 1.65444
-1.10768 1.65425
-1.10765 1.65407
-1.10762 1.65388
-1.10758 1.65370
-1.10755 1.65351
-1.10752 1.65333
-1.10749 1.65314
-1.10746 1.65296
-1.10742 1.65277
-1.10739 1.65259
-1.10736 1.65240
-1.10740 1.65214
-1.10747 1.65185
-1.10753 1.65156
-1.10760 1.65127
-1.10767 1.65098
-1.10773 1.65069
-1.10780 1.65040
-1.10786 1.65011
-1.10793 1.64982
-1.10799 1.64953
-1.10806 1.64924
-1.10813 1.64894
-1.10819 1.64865
-1.10826 1.64836
-1.10832 1.64807
-1.10839 1.64778
-1.10845 1.64749
-1.10851 1.64720
-1.10858 1.64690
-1.10864 1.64661
-1.10871 1.64632
-1.10877 1.64603
-1.10884 1.64573
-1.10890 1.64544
-1.10896 1.64515
-1.10903 1.64486
-1.10909 1.64456
-1.10915 1.64427
-1.10922 1.64398
-1.10928 1.64369
-1.10935 1.64339
-1.10941 1.64310
-1.10947 1.64281
-1.10953 1.64251
-1.10960 1.64222
-1.10966 1.64193
-1.10972 1.64163
-1.10978 1.64134
-1.10985 1.64104
-1.10991 1.64075
-1.10997 1.64046
-1.11003 1.64016
-1.11010 1.63987
-1.11016 1.63957
-1.11022 1.63928
-1.11028 1.63898
-1.11034 1.63869
-1.11040 1.63839
-1.11047 1.63810
-1.11053 1.63780
-1.11059 1.63751
-1.11065 1.63721
-1.11071 1.63692
-1.11077 1.63662
-1.11083 1.63633
-1.11089 1.63603
-1.11095 1.63574
-1.11101 1.63544
-1.11107 1.63514
-1.11113 1.63485
-1.11119 1.63455
-1.11125 1.63426
-1.11131 1.63396
-1.11137 1.63366
-1.11143 1.63337
-1.11149 1.63307
-1.11155 1.63277
-1.11161 1.63248
-1.11167 1.63218
-1.11173 1.63188
-1.11179 1.63158
-1.11185 1.63129
-1.11191 1.63099
-1.11196 1.63069
-1.11202 1.63039
-1.11208 1.63010
-1.11214 1.62980
-1.11220 1.62950
-1.11226 1.62920
-1.11231 1.62890
-1.11237 1.62861
-1.11243 1.62831
-1.11249 1.62801
-1.11255 1.62771
-1.11260 1.62741
-1.11266 1.62711
-1.11272 1.62681
-1.11277 1.62652
-1.11283 1.62622
-1.11289 1.62592
-1.11295 1.62562
-1.11300 1.62532
-1.11306 1.62502
-1.11312 1.62472
-1.11317 1.62442
-1.11323 1.62412
-1.11329 1.62382
-1.11334 1.62352
-1.11340 1.62322
-1.11345 1.62292
-1.11351 1.62262
-1.11356 1.62232
-1.11354 1.62212
-1.11350 1.62193
-1.11347 1.62174
-1.11343 1.62155
-1.11339 1.62136
-1.11336 1.62117
-1.11332 1.62098
-1.11328 1.62080
-1.11325 1.62061
-1.11321 1.62042
-1.11317 1.62023
-1.11314 1.62004
-1.11310 1.61985
-1.11306 1.61966
-1.11303 1.61947
-1.11299 1.61928
-1.11295 1.61909
-1.11292 1.61891
-1.11288 1.61872
-1.11284 1.61853
-1.11280 1.61834
-1.11277 1.61815
-1.11273 1.61796
-1.11269 1.61777
-1.11266 1.61758
-1.11262 1.61739
-1.11258 1.61720
-1.11254 1.61701
-1.11251 1.61682
-1.11247 1.61663
-1.11243 1.61645
-1.11240 1.61626
-1.11236 1.61607
-1.11232 1.61588
-1.11228 1.61569
-1.11225 1.61550
-1.11221 1.61531
-1.11217 1.61512
-1.11214 1.61493
-1.11210 1.61474
-1.11206 1.61455
-1.11202 1.61436
-1.11199 1.61417
-1.11195 1.61398
-1.11191 1.61379
-1.11187 1.61360
-1.11184 1.61341
-1.11180 1.61322
-1.11176 1.61303
-1.11172 1.61284
-1.11169 1.61265
-1.11165 1.61246
-1.11161 1.61227
-1.11157 1.61208
-1.11154 1.61190
-1.11150 1.61171
-1.11146 1.61152
-1.11142 1.61133
-1.11138 1.61114
-1.11135 1.61095
-1.11131 1.61076
-1.11127 1.61057
-1.11123 1.61038
-1.11120 1.61019
-1.11116 1.61000
-1.11112 1.60981
-1.11108 1.60962
-1.11104 1.60943
-1.11101 1.60924
-1.11097 1.60905
-1.11093 1.60886
-1.11089 1.60867
-1.11085 1.60847
-1.11082 1.60828
-1.11078 1.60809
-1.11074 1.60790
-1.11070 1.60771
-1.11066 1.60752
-1.11063 1.60733
-1.11059 1.60714
-1.11055 1.60695
-1.11051 1.60676
-1.11047 1.60657
-1.11044 1.60638
-1.11040 1.60619
-1.11036 1.60600
-1.11032 1.60581
-1.11028 1.60562
-1.11024 1.60543
-1.11021 1.60524
-1.11017 1.60505
-1.11013 1.60486
-1.11009 1.60467
-1.11005 1.60448
-1.11001 1.60429
-1.10998 1.60410
-1.10994 1.60390
-1.10990 1.60371
-1.10986 1.60352
-1.10982 1.60333
-1.10978 1.60314
-1.11426 1.59710
