-0.95546 1.55443
-0.95549 1.55468
-0.95552 1.55493
-0.95556 1.55518
-0.95559 1.55543
-0.95563 1.55568
-0.95566 1.55593
-0.95569 1.55618
-0.95573 1.55642
-0.95576 1.55667
-0.95579 1.55692
-0.95583 1.55717
-0.95586 1.55742
-0.95589 1.55767
-0.95593 1.55792
-0.95596 1.55816
-0.95599 1.55841
-0.95602 1.55866
-0.95606 1.55891
-0.95609 1.55916
-0.95612 1.55940
-0.95616 1.55965
-0.95619 1.55990
-0.95622 1.56015
-0.95626 1.56040
-0.95629 1.56064
-0.95632 1.56089
-0.95635 1.56114
-0.95639 1.56139
-0.95642 1.56164
-0.95645 1.56188
-0.95648 1.56213
-0.95652 1.56238
-0.95655 1.56263
-0.95658 1.56287
-0.95661 1.56312
-0.95665 1.56337
-0.95668 1.56362
-0.95671 1.56386
-0.95674 1.56411
-0.95678 1.56436
-0.95681 1.56461
-0.95684 1.56485
-0.95687 1.56510
-0.95690 1.56535
-0.95694 1.56560
-0.95697 1.56584
-0.95700 1.56609
-0.95703 1.56634
-0.95706 1.56658
-0.95710 1.56683
-0.95713 1.56708
-0.95716 1.56732
-0.95719 1.56757
-0.95722 1.56782
-0.95725 1.56806
-0.95729 1.56831
-0.95732 1.56856
-0.95735 1.56880
-0.95738 1.56905
-0.95741 1.56930
-0.95744 1.56954
-0.95747 1.56979
-0.95751 1.57004
-0.95754 1.57028
-0.95757 1.57053
-0.95760 1.57078
-0.95763 1.57102
-0.95766 1.57127
-0.95769 1.57151
-0.95772 1.57176
-0.95775 1.57201
-0.95779 1.57225
-0.95782 1.57250
-0.95784 1.57272
-0.95776 1.57278
-0.95769 1.57283
-0.95761 1.57288
-0.95754 1.57293
-0.95746 1.57298
-0.95739 1.57304
-0.95732 1.57309
-0.95724 1.57314
-0.95717 1.57319
-0.95709 1.57324
-0.95702 1.57330
-0.95694 1.57335
-0.95687 1.57340
-0.95680 1.57345
-0.95672 1.57350
-0.95665 1.57355
-0.95657 1.57361
-0.95650 1.57366
-0.95642 1.57371
-0.95635 1.57376
-0.95627 1.57381
-0.95620 1.57386
-0.95613 1.57392
-0.95605 1.57397
-0.95598 1.57402
-0.95590 1.57407
-0.95583 1.57412
-0.95575 1.57417
-0.95568 1.57423
-0.95560 1.57428
-0.95553 1.57433
-0.95545 1.57438
-0.95538 1.57443
-0.95530 1.57448
-0.95523 1.57453
-0.95516 1.57459
-0.95508 1.57464
-0.95501 1.57469
-0.95493 1.57474
-0.95486 1.57479
-0.95478 1.57484
-0.95471 1.57489
-0.95463 1.57494
-0.95456 1.57500
-0.95448 1.57505
-0.95441 1.57510
-0.95433 1.57515
-0.95426 1.57520
-0.95418 1.57525
-0.95411 1.57530
-0.95403 1.57535
-0.95396 1.57540
-0.95388 1.57546
-0.95381 1.57551
-0.95373 1.57556
-0.95366 1.57561
-0.95358 1.57566
-0.95351 1.57571
-0.95343 1.57576
-0.95336 1.57581
-0.95328 1.57586
-0.95321 1.57591
-0.95313 1.57596
-0.95306 1.57602
-0.95298 1.57607
-0.95291 1.57612
-0.95283 1.57617
-0.95276 1.57622
-0.95268 1.57627
-0.95261 1.57632
-0.95253 1.57637
-0.95246 1.57642
-0.95238 1.57647
-0.95231 1.57652
-0.95222 1.57656
-0.95211 1.57655
-0.95200 1.57653
-0.95189 1.57652
-0.95178 1.57650
-0.95167 1.57649
-0.95156 1.57647
-0.95145 1.57646
-0.95134 1.57645
-0.95123 1.57643
-0.95112 1.57642
-0.95101 1.57640
-0.95090 1.57639
-0.95079 1.57637
-0.95068 1.57636
-0.95057 1.57635
-0.95046 1.57633
-0.95035 1.57632
-0.95024 1.57630
-0.95013 1.57629
-0.95002 1.57627
-0.94991 1.57626
-0.94980 1.57624
-0.94969 1.57623
-0.94958 1.57622
-0.94947 1.57620
-0.94936 1.57619
-0.94925 1.57617
-0.94914 1.57616
-0.94903 1.57614
-0.94892 1.57613
-0.94881 1.57611
-0.94870 1.57610
-0.94859 1.57608
-0.94848 1.57607
-0.94837 1.57605
-0.94826 1.57604
-0.94815 1.57602
-0.94804 1.57601
-0.94793 1.57599
-0.94782 1.57598
-0.94771 1.57596
-0.94760 1.57595
-0.94749 1.57593
-0.94738 1.57592
-0.94727 1.57590
-0.94716 1.57589
-0.94705 1.57587
-0.94694 1.57586
-0.94683 1.57584
-0.94672 1.57583
-0.94660 1.57581
-0.94649 1.57580
-0.94638 1.57578
-0.94627 1.57577
-0.94616 1.57575
-0.94605 1.57574
-0.94594 1.57572
-0.94583 1.57571
-0.94572 1.57569
-0.94561 1.57568
-0.94550 1.57566
-0.94539 1.57565
-0.94528 1.57563
-0.94517 1.57561
-0.94506 1.57560
-0.94495 1.57558
-0.94484 1.57557
-0.94473 1.57555
-0.94462 1.57554
-0.94451 1.57552
-0.94440 1.57551
-0.94428 1.57549
-0.94417 1.57547
-0.94406 1.57546
-0.94395 1.57544
-0.94384 1.57543
-0.94373 1.57541
-0.94362 1.57540
-0.94351 1.57538
-0.94340 1.57536
-0.94329 1.57535
-0.94318 1.57533
-0.94307 1.57532
-0.94296 1.57530
-0.94285 1.57528
-0.94274 1.57527
-0.94263 1.57525
-0.94252 1.57524
-0.94240 1.57522
-0.94229 1.57520
-0.94218 1.57519
-0.94207 1.57517
-0.94196 1.57516
-0.94185 1.57514
-0.94174 1.57512
-0.94163 1.57511
-0.94152 1.57509
-0.94141 1.57508
-0.94130 1.57506
-0.94119 1.57504
-0.94108 1.57503
-0.94097 1.57501
-0.94085 1.57499
-0.94074 1.57498
-0.94063 1.57496
-0.94052 1.57494
-0.94041 1.57493
-0.94030 1.57491
-0.94019 1.57490
-0.94008 1.57488
-0.93997 1.57486
-0.93986 1.57485
-0.93975 1.57483
-0.93964 1.57481
-0.93952 1.57480
-0.93941 1.57478
-0.93930 1.57476
-0.93919 1.57475
-0.93908 1.57473
-0.93897 1.57471
-0.93886 1.57470
-0.93875 1.57468
-0.93864 1.57466
-0.93853 1.57465
-0.93842 1.57463
-0.93830 1.57461
-0.93819 1.57460
-0.93808 1.57458
-0.93797 1.57456
-0.93786 1.57454
-0.93775 1.57453
-0.93764 1.57451
-0.93753 1.57449
-0.93742 1.57448
-0.93731 1.57446
-0.93719 1.57444
-0.93708 1.57443
-0.93697 1.57441
-0.93686 1.57439
-0.93675 1.57437
-0.93664 1.57436
-0.93653 1.57434
-0.93642 1.57432
-0.93631 1.57431
-0.93620 1.57429
-0.93608 1.57427
-0.93597 1.57425
-0.93586 1.57424
-0.93575 1.57422
-0.93564 1.57420
-0.93553 1.57418
-0.93542 1.57417
-0.93531 1.57415
-0.93520 1.57413
-0.93508 1.57411
-0.93497 1.57410
-0.93486 1.57408
-0.93475 1.57406
-0.93464 1.57404
-0.93453 1.57403
-0.93442 1.57401
-0.93431 1.57399
-0.93419 1.57397
-0.93408 1.57396
-0.93397 1.57394
-0.93386 1.57392
-0.93375 1.57390
-0.93364 1.57389
-0.93353 1.57387
-0.93342 1.57385
-0.93330 1.57383
-0.93319 1.57381
-0.93308 1.57380
-0.93297 1.57378
-0.93286 1.57376
-0.93275 1.57374
-0.93264 1.57372
-0.93253 1.57371
-0.93241 1.57369
-0.93230 1.57367
-0.93219 1.57365
-0.93208 1.57363
-0.93197 1.57362
-0.93186 1.57360
-0.93175 1.57358
-0.93163 1.57356
-0.93152 1.57354
-0.93141 1.57353
-0.93130 1.57351
-0.93119 1.57349
-0.93108 1.57347
-0.93097 1.57345
-0.93086 1.57343
-0.93074 1.57342
-0.93063 1.57340
-0.93052 1.57338
-0.93041 1.57336
-0.93030 1.57334
-0.93019 1.57332
-0.93007 1.57331
-0.92996 1.57329
-0.92985 1.57327
-0.92974 1.57325
-0.92963 1.57323
-0.92952 1.57321
-0.92941 1.57319
-0.92929 1.57318
-0.92918 1.57316
-0.92907 1.57314
-0.92896 1.57312
-0.92885 1.57310
-0.92874 1.57308
-0.92862 1.57306
-0.92851 1.57304
-0.92840 1.57303
-0.92829 1.57301
-0.92818 1.57299
-0.92807 1.57297
-0.92796 1.57295
-0.92784 1.57293
-0.92773 1.57291
-0.92762 1.57289
-0.92751 1.57287
-0.92740 1.57286
-0.92730 1.57287
-0.92723 1.57292
-0.92715 1.57296
-0.92707 1.57301
-0.92699 1.57306
-0.92692 1.57310
-0.92684 1.57315
-0.92676 1.57319
-0.92668 1.57324
-0.92661 1.57329
-0.92653 1.57333
-0.92645 1.57338
-0.92637 1.57342
-0.92630 1.57347
-0.92622 1.57352
-0.92614 1.57356
-0.92606 1.57361
-0.92599 1.57365
-0.92591 1.57370
-0.92583 1.57374
-0.92575 1.57379
-0.92568 1.57384
-0.92560 1.57388
-0.92552 1.57393
-0.92544 1.57397
-0.92536 1.57402
-0.92529 1.57406
-0.92521 1.57411
-0.92513 1.57415
-0.92505 1.57420
-0.92498 1.57425
-0.92490 1.57429
-0.92482 1.57434
-0.92474 1.57438
-0.92466 1.57443
-0.92459 1.57447
-0.92451 1.57452
-0.92443 1.57456
-0.92435 1.57461
-0.92428 1.57465
-0.92420 1.57470
-0.92412 1.57475
-0.92404 1.57479
-0.92396 1.57484
-0.92389 1.57488
-0.92381 1.57493
-0.92373 1.57497
-0.92365 1.57502
-0.92357 1.57506
-0.92350 1.57511
-0.92342 1.57515
-0.92334 1.57520
-0.92326 1.57524
-0.92318 1.57529
-0.92311 1.57533
-0.92303 1.57538
-0.92295 1.57542
-0.92287 1.57547
-0.92279 1.57551
-0.92271 1.57556
-0.92264 1.57560
-0.92256 1.57565
-0.92248 1.57569
-0.92240 1.57574
-0.92232 1.57578
-0.92225 1.57583
-0.92217 1.57587
-0.92209 1.57592
-0.92201 1.57596
-0.92193 1.57601
-0.92185 1.57605
-0.92178 1.57609
-0.92170 1.57614
-0.92162 1.57618
-0.92154 1.57623
-0.92148 1.57631
-0.92143 1.57640
-0.92137 1.57649
-0.92132 1.57659
-0.92127 1.57668
-0.92121 1.57677
-0.92116 1.57687
-0.92111 1.57696
-0.92106 1.57705
-0.92100 1.57715
-0.92095 1.57724
-0.92090 1.57733
-0.92084 1.57743
-0.92079 1.57752
-0.92074 1.57761
-0.92068 1.57770
-0.92063 1.57780
-0.92058 1.57789
-0.92053 1.57798
-0.92047 1.57808
-0.92042 1.57817
-0.92037 1.57826
-0.92031 1.57836
-0.92026 1.57845
-0.92021 1.57854
-0.92015 1.57864
-0.92010 1.57873
-0.92005 1.57882
-0.91999 1.57891
-0.91994 1.57901
-0.91989 1.57910
-0.91983 1.57919
-0.91978 1.57929
-0.91973 1.57938
-0.91967 1.57947
-0.91962 1.57956
-0.91957 1.57966
-0.91951 1.57975
-0.91946 1.57984
-0.91940 1.57993
-0.91935 1.58003
-0.91930 1.58012
-0.91924 1.58021
-0.91919 1.58030
-0.91914 1.58040
-0.91908 1.58049
-0.91903 1.58058
-0.91898 1.58067
-0.91892 1.58077
-0.91887 1.58086
-0.91881 1.58095
-0.91876 1.58104
-0.91871 1.58114
-0.91865 1.58123
-0.91860 1.58132
-0.91855 1.58141
-0.91849 1.58151
-0.91844 1.58160
-0.91838 1.58169
-0.91833 1.58178
-0.91828 1.58188
-0.91822 1.58197
-0.91817 1.58206
-0.91811 1.58215
-0.91806 1.58224
-0.91801 1.58234
-0.91795 1.58243
-0.91790 1.58252
-0.91784 1.58261
-0.91779 1.58270
-0.91774 1.58280
-0.91768 1.58289
-0.91763 1.58298
-0.91757 1.58307
-0.91752 1.58316
-0.91747 1.58326
-0.91741 1.58335
-0.91736 1.58344
-0.91730 1.58353
-0.91725 1.58362
-0.91719 1.58372
-0.91714 1.58381
-0.91709 1.58390
-0.91703 1.58399
-0.91698 1.58408
-0.91692 1.58417
-0.91687 1.58427
-0.91681 1.58436
-0.91676 1.58445
-0.91671 1.58454
-0.91665 1.58463
-0.91660 1.58472
-0.91654 1.58481
-0.91649 1.58491
-0.91643 1.58500
-0.91638 1.58509
-0.91632 1.58518
-0.91627 1.58527
-0.91622 1.58536
-0.91616 1.58546
-0.91611 1.58555
-0.91605 1.58564
-0.91600 1.58573
-0.91594 1.58582
-0.91589 1.58591
-0.91583 1.58600
-0.91578 1.58609
-0.91572 1.58619
-0.91567 1.58628
-0.91561 1.58637
-0.91556 1.58646
-0.91550 1.58655
-0.91545 1.58664
-0.91539 1.58673
-0.91534 1.58682
-0.91528 1.58691
-0.91523 1.58701
-0.91517 1.58710
-0.91512 1.58719
-0.91506 1.58728
-0.91501 1.58737
-0.91495 1.58746
-0.91490 1.58755
-0.91484 1.58764
-0.91479 1.58773
-0.91473 1.58782
-0.91468 1.58791
-0.91462 1.58801
-0.91457 1.58810
-0.91451 1.58819
-0.91446 1.58828
-0.91440 1.58837
-0.91435 1.58846
-0.91429 1.58855
-0.91424 1.58864
-0.91418 1.58873
-0.91413 1.58882
-0.91407 1.58891
-0.91402 1.58900
-0.91396 1.58909
-0.91391 1.58918
-0.91385 1.58927
-0.91380 1.58937
-0.91374 1.58946
-0.91369 1.58955
-0.91363 1.58964
-0.91357 1.58973
-0.91352 1.58982
-0.91346 1.58991
-0.91341 1.59000
-0.91335 1.59009
-0.91330 1.59018
-0.91324 1.59027
-0.91319 1.59036
-0.91313 1.59045
-0.91307 1.59054
-0.91302 1.59063
-0.91296 1.59072
-0.91291 1.59081
-0.91285 1.59090
-0.91280 1.59099
-0.91274 1.59108
-0.91269 1.59117
-0.91263 1.59126
-0.91257 1.59135
-0.91252 1.59144
-0.91246 1.59153
-0.91241 1.59162
-0.91235 1.59171
-0.91229 1.59180
-0.91224 1.59189
-0.91218 1.59198
-0.91213 1.59207
-0.91207 1.59216
-0.91202 1.59225
-0.91196 1.59234
-0.91190 1.59243
-0.91185 1.59252
-0.91179 1.59261
-0.91174 1.59270
-0.91168 1.59279
-0.91162 1.59288
-0.91157 1.59297
-0.91151 1.59306
-0.91146 1.59315
-0.91140 1.59324
-0.91134 1.59333
-0.91129 1.59342
-0.91123 1.59351
-0.91117 1.59359
-0.91112 1.59368
-0.91106 1.59377
-0.91101 1.59386
-0.91095 1.59395
-0.91089 1.59404
-0.91084 1.59413
-0.91078 1.59422
-0.91072 1.59431
-0.91067 1.59440
-0.91061 1.59449
-0.91056 1.59458
-0.91050 1.59467
-0.91044 1.59476
-0.91039 1.59485
-0.91033 1.59493
-0.91027 1.59502
-0.91022 1.59511
-0.91016 1.59520
-0.91010 1.59529
-0.91005 1.59538
-0.90999 1.59547
-0.90993 1.59556
-0.90988 1.59565
-0.90982 1.59574
-0.90976 1.59583
-0.90971 1.59591
-0.90965 1.59600
-0.90959 1.59609
-0.90954 1.59618
-0.90948 1.59627
-0.90942 1.59636
-0.90937 1.59645
-0.90931 1.59654
-0.90925 1.59663
-0.90920 1.59671
-0.90914 1.59680
-0.90908 1.59689
-0.90903 1.59698
-0.90897 1.59707
-0.90891 1.59716
-0.90886 1.59725
-0.90880 1.59734
-0.90874 1.59742
-0.90869 1.59751
-0.90863 1.59760
-0.90857 1.59769
-0.90851 1.59778
-0.90846 1.59787
-0.90840 1.59796
-0.90834 1.59804
-0.90829 1.59813
-0.90823 1.59822
-0.90817 1.59831
-0.90811 1.59840
-0.90806 1.59849
-0.90800 1.59857
-0.90794 1.59866
-0.90789 1.59875
-0.90783 1.59884
-0.90777 1.59893
-0.90771 1.59902
-0.90766 1.59910
-0.90760 1.59919
-0.90754 1.59928
-0.90748 1.59937
-0.90743 1.59946
-0.90737 1.59954
-0.90731 1.59963
-0.90726 1.59972
-0.90720 1.59981
-0.90714 1.59990
-0.90708 1.59998
-0.90703 1.60007
-0.90697 1.60016
-0.90691 1.60025
-0.90685 1.60034
-0.90680 1.60042
-0.90674 1.60051
-0.90668 1.60060
-0.90662 1.60069
-0.90657 1.60078
-0.90651 1.60086
-0.90645 1.60095
-0.90639 1.60104
-0.90633 1.60113
-0.90628 1.60121
-0.90622 1.60130
-0.90616 1.60139
-0.90610 1.60148
-0.90605 1.60156
-0.90599 1.60165
-0.90593 1.60174
-0.90587 1.60183
-0.90581 1.60192
-0.90576 1.60200
-0.90570 1.60209
-0.90564 1.60218
-0.90558 1.60227
-0.90553 1.60235
-0.90547 1.60244
-0.90541 1.60253
-0.90535 1.60261
-0.90529 1.60270
-0.90524 1.60279
-0.90518 1.60288
-0.90512 1.60296
-0.90506 1.60305
-0.90500 1.60314
-0.90494 1.60323
-0.90488 1.60331
-0.90480 1.60335
-0.90472 1.60339
-0.90464 1.60343
-0.90455 1.60346
-0.90447 1.60350
-0.90439 1.60354
-0.90431 1.60358
-0.90422 1.60362
-0.90414 1.60366
-0.90406 1.60370
-0.90397 1.60373
-0.90389 1.60377
-0.90381 1.60381
-0.90372 1.60385
-0.90364 1.60389
-0.90356 1.60393
-0.90348 1.60396
-0.90339 1.60400
-0.90331 1.60404
-0.90323 1.60408
-0.90314 1.60412
-0.90306 1.60416
-0.90298 1.60419
-0.90289 1.60423
-0.90281 1.60427
-0.90273 1.60431
-0.90265 1.60435
-0.90256 1.60439
-0.90248 1.60442
-0.90240 1.60446
-0.90231 1.60450
-0.90223 1.60454
-0.90215 1.60458
-0.90206 1.60461
-0.90198 1.60465
-0.90190 1.60469
-0.90181 1.60473
-0.90173 1.60477
-0.90165 1.60480
-0.90156 1.60484
-0.90148 1.60488
-0.90140 1.60492
-0.90131 1.60496
-0.90123 1.60499
-0.90115 1.60503
-0.90106 1.60507
-0.90098 1.60511
-0.90090 1.60514
-0.90081 1.60518
-0.90073 1.60522
-0.90065 1.60526
-0.90056 1.60529
-0.90048 1.60533
-0.90040 1.60537
-0.90031 1.60541
-0.90023 1.60545
-0.90015 1.60548
-0.90006 1.60552
-0.89998 1.60556
-0.89990 1.60560
-0.89981 1.60563
-0.89973 1.60567
-0.89965 1.60571
-0.89956 1.60575
-0.89948 1.60578
-0.89940 1.60582
-0.89931 1.60586
-0.89923 1.60589
-0.89915 1.60593
-0.89906 1.60597
-0.89898 1.60601
-0.89889 1.60604
-0.89881 1.60608
-0.89873 1.60612
-0.89865 1.60616
-0.89859 1.60625
-0.89853 1.60634
-0.89847 1.60642
-0.89841 1.60651
-0.89835 1.60659
-0.89829 1.60668
-0.89823 1.60676
-0.89817 1.60685
-0.89811 1.60694
-0.89805 1.60702
-0.89800 1.60711
-0.89794 1.60719
-0.89788 1.60728
-0.89782 1.60736
-0.89776 1.60745
-0.89770 1.60753
-0.89764 1.60762
-0.89758 1.60770
-0.89752 1.60779
-0.89746 1.60787
-0.89740 1.60796
-0.89734 1.60805
-0.89728 1.60813
-0.89722 1.60822
-0.89716 1.60830
-0.89710 1.60839
-0.89704 1.60847
-0.89698 1.60856
-0.89692 1.60864
-0.89686 1.60873
-0.89680 1.60881
-0.89674 1.60890
-0.89668 1.60898
-0.89662 1.60907
-0.89656 1.60915
-0.89650 1.60924
-0.89644 1.60932
-0.89639 1.60941
-0.89633 1.60949
-0.89627 1.60958
-0.89621 1.60966
-0.89615 1.60975
-0.89609 1.60983
-0.89603 1.60992
-0.89597 1.61000
-0.89591 1.61009
-0.89585 1.61017
-0.89579 1.61026
-0.89573 1.61034
-0.89567 1.61042
-0.89561 1.61051
-0.89555 1.61059
-0.89549 1.61068
-0.89542 1.61076
-0.89536 1.61085
-0.89530 1.61093
-0.89524 1.61102
-0.89518 1.61110
-0.89512 1.61119
-0.89506 1.61127
-0.89500 1.61135
-0.89494 1.61144
-0.89488 1.61152
-0.89482 1.61161
-0.89476 1.61169
-0.89470 1.61178
-0.89464 1.61186
-0.89458 1.61195
-0.89452 1.61203
-0.89446 1.61211
-0.89440 1.61220
-0.89434 1.61228
-0.89428 1.61237
-0.89422 1.61245
-0.89416 1.61253
-0.89410 1.61262
-0.89404 1.61270
-0.89398 1.61279
-0.89392 1.61287
-0.89386 1.61296
-0.89379 1.61304
-0.89373 1.61312
-0.89367 1.61321
-0.89361 1.61329
-0.89355 1.61338
-0.89349 1.61346
-0.89343 1.61354
-0.89337 1.61363
-0.89331 1.61371
-0.89325 1.61379
-0.89319 1.61388
-0.89313 1.61396
-0.89307 1.61405
-0.89301 1.61413
-0.89294 1.61421
-0.89288 1.61430
-0.89282 1.61438
-0.89276 1.61446
-0.89270 1.61455
-0.89264 1.61463
-0.89258 1.61472
-0.89252 1.61480
-0.89246 1.61488
-0.89240 1.61497
-0.89233 1.61505
-0.89227 1.61513
-0.89221 1.61522
-0.89215 1.61530
-0.89209 1.61538
-0.89203 1.61547
-0.89197 1.61555
-0.89191 1.61563
-0.89185 1.61572
-0.89178 1.61580
-0.89172 1.61588
-0.89166 1.61597
-0.89160 1.61605
-0.89154 1.61613
-0.89148 1.61622
-0.89142 1.61630
-0.89136 1.61638
-0.89129 1.61647
-0.89123 1.61655
-0.89117 1.61663
-0.89111 1.61672
-0.89105 1.61680
-0.89099 1.61688
-0.89093 1.61697
-0.89086 1.61705
-0.89080 1.61713
-0.89074 1.61721
-0.89068 1.61730
-0.89062 1.61738
-0.89056 1.61746
-0.89050 1.61755
-0.89043 1.61763
-0.89037 1.61771
-0.89031 1.61780
-0.89025 1.61788
-0.89019 1.61796
-0.89013 1.61804
-0.89006 1.61813
-0.89000 1.61821
-0.88994 1.61829
-0.88988 1.61837
-0.88982 1.61846
-0.88976 1.61854
-0.88969 1.61862
-0.88963 1.61871
-0.88957 1.61879
-0.88951 1.61887
-0.88945 1.61895
-0.88939 1.61904
-0.88932 1.61912
-0.88926 1.61920
-0.88920 1.61928
-0.88914 1.61937
-0.88908 1.61945
-0.88901 1.61953
-0.88895 1.61961
-0.88889 1.61970
-0.88883 1.61978
-0.88877 1.61986
-0.88870 1.61994
-0.88864 1.62002
-0.88858 1.62011
-0.88852 1.62019
-0.88846 1.62027
-0.88839 1.62035
-0.88833 1.62044
-0.88827 1.62052
-0.88821 1.62060
-0.88814 1.62068
-0.88808 1.62076
-0.88802 1.62085
-0.88796 1.62093
-0.88790 1.62101
-0.88783 1.62109
-0.88777 1.62117
-0.88771 1.62126
-0.88765 1.62134
-0.88758 1.62142
-0.88752 1.62150
-0.88746 1.62158
-0.88740 1.62167
-0.88733 1.62175
-0.88727 1.62183
-0.88721 1.62191
-0.88715 1.62199
-0.88708 1.62208
-0.88702 1.62216
-0.88696 1.62224
-0.88690 1.62232
-0.88683 1.62240
-0.88677 1.62248
-0.88671 1.62257
-0.88665 1.62265
-0.88658 1.62273
-0.88652 1.62281
-0.88646 1.62289
-0.88640 1.62297
-0.88633 1.62305
-0.88627 1.62314
-0.88621 1.62322
-0.88615 1.62330
-0.88608 1.62338
-0.88602 1.62346
-0.88596 1.62354
-0.88589 1.62362
-0.88583 1.62371
-0.88577 1.62379
-0.88571 1.62387
-0.88564 1.62395
-0.88558 1.62403
-0.88552 1.62411
-0.88545 1.62419
-0.88539 1.62428
-0.88533 1.62436
-0.88527 1.62444
-0.88520 1.62452
-0.88514 1.62460
-0.88508 1.62468
-0.88501 1.62476
-0.88495 1.62484
-0.88489 1.62492
-0.88482 1.62500
-0.88476 1.62509
-0.88470 1.62517
-0.88463 1.62525
-0.88457 1.62533
-0.88451 1.62541
-0.88444 1.62549
-0.88438 1.62557
-0.88432 1.62565
-0.88425 1.62573
-0.88419 1.62581
-0.88413 1.62589
-0.88407 1.62598
-0.88400 1.62606
-0.88394 1.62614
-0.88388 1.62622
-0.88381 1.62630
-0.88375 1.62638
-0.88368 1.62646
-0.88362 1.62654
-0.88356 1.62662
-0.88349 1.62670
-0.88343 1.62678
-0.88337 1.62686
-0.88330 1.62694
-0.88324 1.62702
-0.88318 1.62710
-0.88311 1.62718
-0.88305 1.62727
-0.88299 1.62735
-0.88292 1.62743
-0.88286 1.62751
-0.88280 1.62759
-0.88273 1.62767
-0.88267 1.62775
-0.88260 1.62783
-0.88254 1.62791
-0.88248 1.62799
-0.88241 1.62807
-0.88235 1.62815
-0.88229 1.62823
-0.88222 1.62831
-0.88216 1.62839
-0.88209 1.62847
-0.88203 1.62855
-0.88197 1.62863
-0.88190 1.62871
-0.88184 1.62879
-0.88177 1.62887
-0.88171 1.62895
-0.88165 1.62903
-0.88158 1.62911
-0.88152 1.62919
-0.88145 1.62927
-0.88139 1.62935
-0.88133 1.62943
-0.88126 1.62951
-0.88120 1.62959
-0.88113 1.62967
-0.88107 1.62975
-0.88101 1.62983
-0.88094 1.62991
-0.88088 1.62999
-0.88081 1.63007
-0.88075 1.63015
-0.88069 1.63023
-0.88062 1.63031
-0.88056 1.63039
-0.88049 1.63047
-0.88043 1.63055
-0.88036 1.63062
-0.88030 1.63070
-0.88024 1.63078
-0.88017 1.63086
-0.88009 1.63091
-0.88000 1.63094
-0.87992 1.63098
-0.87983 1.63101
-0.87974 1.63104
-0.87965 1.63107
-0.87956 1.63110
-0.87948 1.63113
-0.87939 1.63116
-0.87930 1.63119
-0.87921 1.63123
-0.87912 1.63126
-0.87904 1.63129
-0.87895 1.63132
-0.87886 1.63135
-0.87877 1.63138
-0.87868 1.63141
-0.87860 1.63144
-0.87851 1.63147
-0.87842 1.63150
-0.87833 1.63154
-0.87824 1.63157
-0.87815 1.63160
-0.87807 1.63163
-0.87798 1.63166
-0.87789 1.63169
-0.87780 1.63172
-0.87771 1.63175
-0.87763 1.63178
-0.87754 1.63181
-0.87745 1.63184
-0.87736 1.63187
-0.87727 1.63190
-0.87718 1.63193
-0.87710 1.63197
-0.87701 1.63200
-0.87692 1.63203
-0.87683 1.63206
-0.87674 1.63209
-0.87665 1.63212
-0.87657 1.63215
-0.87648 1.63218
-0.87639 1.63221
-0.87630 1.63224
-0.87621 1.63227
-0.87612 1.63230
-0.87604 1.63233
-0.87595 1.63236
-0.87586 1.63239
-0.87577 1.63242
-0.87568 1.63245
-0.87559 1.63248
-0.87550 1.63251
-0.87542 1.63254
-0.87533 1.63257
-0.87524 1.63260
-0.87515 1.63263
-0.87506 1.63266
-0.87497 1.63269
-0.87488 1.63272
-0.87480 1.63275
-0.87471 1.63278
-0.87462 1.63281
-0.87453 1.63284
-0.87444 1.63287
-0.87435 1.63290
-0.87426 1.63293
-0.87417 1.63296
-0.87409 1.63299
-0.87400 1.63302
-0.87391 1.63305
-0.87382 1.63308
-0.87373 1.63311
-0.87364 1.63314
-0.87355 1.63317
-0.87349 1.63325
-0.87343 1.63334
-0.87337 1.63344
-0.87331 1.63353
-0.87326 1.63363
-0.87320 1.63372
-0.87314 1.63381
-0.87308 1.63391
-0.87303 1.63400
-0.87297 1.63410
-0.87291 1.63419
-0.87285 1.63428
-0.87279 1.63438
-0.87274 1.63447
-0.87268 1.63457
-0.87262 1.63466
-0.87256 1.63475
-0.87251 1.63485
-0.87245 1.63494
-0.87239 1.63503
-0.87233 1.63513
-0.87227 1.63522
-0.87222 1.63531
-0.87216 1.63541
-0.87210 1.63550
-0.87204 1.63560
-0.87198 1.63569
-0.87192 1.63578
-0.87187 1.63588
-0.87181 1.63597
-0.87175 1.63606
-0.87169 1.63616
-0.87163 1.63625
-0.87158 1.63634
-0.87152 1.63644
-0.87146 1.63653
-0.87140 1.63662
-0.87134 1.63672
-0.87128 1.63681
-0.87123 1.63690
-0.87117 1.63700
-0.87111 1.63709
-0.87105 1.63718
-0.87099 1.63728
-0.87093 1.63737
-0.87087 1.63746
-0.87082 1.63755
-0.87076 1.63765
-0.87070 1.63774
-0.87064 1.63783
-0.87058 1.63793
-0.87052 1.63802
-0.87047 1.63811
-0.87041 1.63821
-0.87035 1.63830
-0.87029 1.63839
-0.87023 1.63848
-0.87017 1.63858
-0.87011 1.63867
-0.87005 1.63876
-0.87000 1.63886
-0.86994 1.63895
-0.86988 1.63904
-0.86982 1.63913
-0.86976 1.63923
-0.86970 1.63932
-0.86964 1.63941
-0.86958 1.63950
-0.86952 1.63960
-0.86947 1.63969
-0.86941 1.63978
-0.86935 1.63987
-0.86929 1.63997
-0.86923 1.64006
-0.86917 1.64015
-0.86911 1.64024
-0.86905 1.64034
-0.86899 1.64043
-0.86893 1.64052
-0.86888 1.64061
-0.86882 1.64071
-0.86876 1.64080
-0.86870 1.64089
-0.86864 1.64098
-0.86858 1.64108
-0.86852 1.64117
-0.86846 1.64126
-0.86840 1.64135
-0.86834 1.64144
-0.86828 1.64154
-0.86822 1.64163
-0.86816 1.64172
-0.86811 1.64181
-0.86805 1.64190
-0.86799 1.64200
-0.86793 1.64209
-0.86787 1.64218
-0.86781 1.64227
-0.86775 1.64236
-0.86769 1.64246
-0.86763 1.64255
-0.86757 1.64264
-0.86751 1.64273
-0.86745 1.64282
-0.86739 1.64292
-0.86733 1.64301
-0.86727 1.64310
-0.86721 1.64319
-0.86715 1.64328
-0.86709 1.64337
-0.86703 1.64347
-0.86697 1.64356
-0.86691 1.64365
-0.86685 1.64374
-0.86679 1.64383
-0.86673 1.64392
-0.86667 1.64402
-0.86661 1.64411
-0.86655 1.64420
-0.86650 1.64429
-0.86644 1.64438
-0.86638 1.64447
-0.86632 1.64457
-0.86626 1.64466
-0.86620 1.64475
-0.86614 1.64484
-0.86608 1.64493
-0.86602 1.64502
-0.86596 1.64511
-0.86590 1.64520
-0.86584 1.64530
-0.86578 1.64539
-0.86571 1.64548
-0.86565 1.64557
-0.86559 1.64566
-0.86553 1.64575
-0.86547 1.64584
-0.86541 1.64593
-0.86535 1.64603
-0.86529 1.64612
-0.86523 1.64621
-0.86517 1.64630
-0.86511 1.64639
-0.86505 1.64648
-0.86499 1.64657
-0.86493 1.64666
-0.86487 1.64675
-0.86481 1.64684
-0.86475 1.64694
-0.86469 1.64703
-0.86463 1.64712
-0.86457 1.64721
-0.86451 1.64730
-0.86445 1.64739
-0.86439 1.64748
-0.86433 1.64757
-0.86427 1.64766
-0.86421 1.64775
-0.86415 1.64784
-0.86408 1.64793
-0.86402 1.64802
-0.86396 1.64811
-0.86390 1.64821
-0.86384 1.64830
-0.86378 1.64839
-0.86372 1.64848
-0.86366 1.64857
-0.86360 1.64866
-0.86354 1.64875
-0.86348 1.64884
-0.86342 1.64893
-0.86336 1.64902
-0.86329 1.64911
-0.86323 1.64920
-0.86317 1.64929
-0.86311 1.64938
-0.86305 1.64947
-0.86299 1.64956
-0.86293 1.64965
-0.86287 1.64974
-0.86281 1.64983
-0.86275 1.64992
-0.86268 1.65001
-0.86262 1.65010
-0.86256 1.65019
-0.86250 1.65028
-0.86244 1.65037
-0.86238 1.65046
-0.86232 1.65055
-0.86226 1.65064
-0.86220 1.65073
-0.86213 1.65082
-0.86207 1.65091
-0.86201 1.65100
-0.86195 1.65109
-0.86189 1.65118
-0.86183 1.65127
-0.86177 1.65136
-0.86171 1.65145
-0.86164 1.65154
-0.86158 1.65163
-0.86152 1.65172
-0.86146 1.65181
-0.86140 1.65190
-0.86134 1.65199
-0.86127 1.65208
-0.86121 1.65217
-0.86115 1.65226
-0.86109 1.65235
-0.86103 1.65244
-0.86097 1.65253
-0.86091 1.65262
-0.86084 1.65271
-0.86078 1.65280
-0.86072 1.65289
-0.86066 1.65298
-0.86060 1.65307
-0.86054 1.65315
-0.86047 1.65324
-0.86041 1.65333
-0.86035 1.65342
-0.86029 1.65351
-0.86023 1.65360
-0.86016 1.65369
-0.86010 1.65378
-0.86001 1.65380
-0.85992 1.65383
-0.85983 1.65385
-0.85973 1.65388
-0.85964 1.65390
-0.85955 1.65393
-0.85946 1.65395
-0.85936 1.65398
-0.85927 1.65400
-0.85918 1.65403
-0.85909 1.65405
-0.85900 1.65408
-0.85890 1.65410
-0.85881 1.65413
-0.85872 1.65416
-0.85863 1.65418
-0.85854 1.65421
-0.85844 1.65423
-0.85835 1.65426
-0.85826 1.65428
-0.85817 1.65431
-0.85807 1.65433
-0.85798 1.65436
-0.85789 1.65438
-0.85780 1.65440
-0.85770 1.65443
-0.85761 1.65445
-0.85752 1.65448
-0.85743 1.65450
-0.85734 1.65453
-0.85724 1.65455
-0.85715 1.65458
-0.85706 1.65460
-0.85697 1.65463
-0.85687 1.65465
-0.85678 1.65468
-0.85669 1.65470
-0.85660 1.65473
-0.85650 1.65475
-0.85641 1.65478
-0.85632 1.65480
-0.85623 1.65482
-0.85613 1.65485
-0.85604 1.65487
-0.85595 1.65490
-0.85586 1.65492
-0.85576 1.65495
-0.85567 1.65497
-0.85558 1.65500
-0.85549 1.65502
-0.85539 1.65505
-0.85530 1.65507
-0.85521 1.65509
-0.85512 1.65512
-0.85502 1.65514
-0.85493 1.65517
-0.85484 1.65519
-0.85475 1.65522
-0.85465 1.65524
-0.85456 1.65526
-0.85447 1.65529
-0.85437 1.65531
-0.85428 1.65534
-0.85419 1.65536
-0.85410 1.65538
-0.85400 1.65541
-0.85391 1.65543
-0.85382 1.65546
-0.85373 1.65548
-0.85363 1.65550
-0.85354 1.65553
-0.85345 1.65555
-0.85335 1.65558
-0.85326 1.65560
-0.85317 1.65563
-0.85310 1.65570
-0.85303 1.65577
-0.85296 1.65585
-0.85289 1.65592
-0.85282 1.65599
-0.85275 1.65606
-0.85268 1.65613
-0.85261 1.65621
-0.85254 1.65628
-0.85247 1.65635
-0.85240 1.65642
-0.85233 1.65649
-0.85225 1.65656
-0.85218 1.65663
-0.85211 1.65671
-0.85204 1.65678
-0.85197 1.65685
-0.85190 1.65692
-0.85183 1.65699
-0.85176 1.65706
-0.85169 1.65713
-0.85162 1.65721
-0.85155 1.65728
-0.85148 1.65735
-0.85141 1.65742
-0.85134 1.65749
-0.85126 1.65756
-0.85119 1.65763
-0.85112 1.65770
-0.85105 1.65778
-0.85098 1.65785
-0.85091 1.65792
-0.85084 1.65799
-0.85077 1.65806
-0.85070 1.65813
-0.85063 1.65820
-0.85056 1.65827
-0.85048 1.65834
-0.85041 1.65842
-0.85034 1.65849
-0.85027 1.65856
-0.85020 1.65863
-0.85013 1.65870
-0.85006 1.65877
-0.84999 1.65884
-0.84992 1.65891
-0.84984 1.65898
-0.84977 1.65905
-0.84970 1.65912
-0.84963 1.65919
-0.84956 1.65927
-0.84949 1.65934
-0.84942 1.65941
-0.84935 1.65948
-0.84927 1.65955
-0.84920 1.65962
-0.84913 1.65969
-0.84906 1.65976
-0.84899 1.65983
-0.84892 1.65990
-0.84885 1.65997
-0.84877 1.66004
-0.84870 1.66011
-0.84863 1.66018
-0.84856 1.66025
-0.84849 1.66032
-0.84842 1.66039
-0.84835 1.66047
-0.84827 1.66054
-0.84820 1.66061
-0.84813 1.66068
-0.84806 1.66075
-0.84799 1.66082
-0.84792 1.66089
-0.84784 1.66096
-0.84777 1.66103
-0.84770 1.66110
-0.84763 1.66117
-0.84756 1.66124
-0.84749 1.66131
-0.84741 1.66138
-0.84734 1.66145
-0.84727 1.66152
-0.84720 1.66159
-0.84713 1.66166
-0.84706 1.66173
-0.84698 1.66180
-0.84691 1.66187
-0.84684 1.66194
-0.84677 1.66201
-0.84670 1.66208
-0.84662 1.66215
-0.84655 1.66222
-0.84648 1.66229
-0.84641 1.66236
-0.84634 1.66243
-0.84626 1.66250
-0.84619 1.66257
-0.84612 1.66264
-0.84605 1.66271
-0.84598 1.66278
-0.84590 1.66285
-0.84583 1.66292
-0.84576 1.66299
-0.84569 1.66305
-0.84562 1.66312
-0.84554 1.66319
-0.84547 1.66326
-0.84540 1.66333
-0.84533 1.66340
-0.84525 1.66347
-0.84518 1.66354
-0.84511 1.66361
-0.84504 1.66368
-0.84497 1.66375
-0.84489 1.66382
-0.84482 1.66389
-0.84475 1.66396
-0.84468 1.66403
-0.84460 1.66410
-0.84453 1.66417
-0.84446 1.66424
-0.84439 1.66430
-0.84431 1.66437
-0.84424 1.66444
-0.84417 1.66451
-0.84410 1.66458
-0.84402 1.66465
-0.84395 1.66472
-0.84388 1.66479
-0.84381 1.66486
-0.84373 1.66493
-0.84366 1.66500
-0.84359 1.66506
-0.84352 1.66513
-0.84344 1.66520
-0.84337 1.66527
-0.84330 1.66534
-0.84323 1.66541
-0.84315 1.66548
-0.84308 1.66555
-0.84301 1.66562
-0.84293 1.66569
-0.84286 1.66575
-0.84279 1.66582
-0.84272 1.66589
-0.84264 1.66596
-0.84257 1.66603
-0.84250 1.66610
-0.84242 1.66617
-0.84235 1.66624
-0.84228 1.66630
-0.84221 1.66637
-0.84213 1.66644
-0.84206 1.66651
-0.84199 1.66658
-0.84191 1.66665
-0.84184 1.66672
-0.84177 1.66678
-0.84170 1.66685
-0.84162 1.66692
-0.84155 1.66699
-0.84148 1.66706
-0.84140 1.66713
-0.84133 1.66719
-0.84126 1.66726
-0.84118 1.66733
-0.84111 1.66740
-0.84104 1.66747
-0.84096 1.66754
-0.84089 1.66760
-0.84082 1.66767
-0.84074 1.66774
-0.84067 1.66781
-0.84060 1.66788
-0.84052 1.66795
-0.84045 1.66801
-0.84038 1.66808
-0.84030 1.66815
-0.84023 1.66822
-0.84016 1.66829
-0.84008 1.66835
-0.84001 1.66842
-0.83994 1.66849
-0.83986 1.66856
-0.83979 1.66863
-0.83972 1.66869
-0.83964 1.66876
-0.83957 1.66883
-0.83950 1.66890
-0.83942 1.66896
-0.83935 1.66903
-0.83928 1.66910
-0.83920 1.66917
-0.83913 1.66924
-0.83906 1.66930
-0.83898 1.66937
-0.83891 1.66944
-0.83883 1.66951
-0.83876 1.66957
-0.83869 1.66964
-0.83861 1.66971
-0.83854 1.66978
-0.83847 1.66984
-0.83839 1.66991
-0.83832 1.66998
-0.83824 1.67005
-0.83817 1.67011
-0.83810 1.67018
-0.83802 1.67025
-0.83795 1.67032
-0.83788 1.67038
-0.83780 1.67045
-0.83773 1.67052
-0.83765 1.67059
-0.83758 1.67065
-0.83751 1.67072
-0.83743 1.67079
-0.83736 1.67086
-0.83728 1.67092
-0.83721 1.67099
-0.83714 1.67106
-0.83706 1.67112
-0.83699 1.67119
-0.83691 1.67126
-0.83684 1.67133
-0.83677 1.67139
-0.83669 1.67146
-0.83662 1.67153
-0.83654 1.67159
-0.83647 1.67166
-0.83639 1.67173
-0.83632 1.67180
-0.83625 1.67186
-0.83617 1.67193
-0.83610 1.67200
-0.83602 1.67206
-0.83595 1.67213
-0.83588 1.67220
-0.83580 1.67226
-0.83573 1.67233
-0.83565 1.67240
-0.83558 1.67246
-0.83550 1.67253
-0.83543 1.67260
-0.83535 1.67266
-0.83528 1.67273
-0.83521 1.67280
-0.83513 1.67286
-0.83506 1.67293
-0.83498 1.67300
-0.83491 1.67306
-0.83483 1.67313
-0.83476 1.67320
-0.83468 1.67326
-0.83461 1.67333
-0.83453 1.67340
-0.83446 1.67346
-0.83439 1.67353
-0.83431 1.67360
-0.83424 1.67366
-0.83416 1.67373
-0.83409 1.67379
-0.83401 1.67386
-0.83394 1.67393
-0.83386 1.67399
-0.83379 1.67406
-0.83371 1.67413
-0.83364 1.67419
-0.83356 1.67426
-0.83349 1.67432
-0.83341 1.67439
-0.83334 1.67446
-0.83326 1.67452
-0.83319 1.67459
-0.83311 1.67466
-0.83304 1.67472
-0.83296 1.67479
-0.83289 1.67485
-0.83281 1.67492
-0.83274 1.67499
-0.83266 1.67505
-0.83259 1.67512
-0.83251 1.67518
-0.83244 1.67525
-0.83236 1.67531
-0.83229 1.67538
-0.83221 1.67545
-0.83214 1.67551
-0.83206 1.67558
-0.83199 1.67564
-0.83191 1.67571
-0.83184 1.67578
-0.83176 1.67584
-0.83169 1.67591
-0.83161 1.67597
-0.83154 1.67604
-0.83146 1.67610
-0.83139 1.67617
-0.83130 1.67621
-0.83120 1.67622
-0.83111 1.67624
-0.83101 1.67626
-0.83091 1.67628
-0.83082 1.67630
-0.83072 1.67631
-0.83062 1.67633
-0.83053 1.67635
-0.83043 1.67637
-0.83033 1.67639
-0.83023 1.67640
-0.83014 1.67642
-0.83004 1.67644
-0.82994 1.67646
-0.82985 1.67647
-0.82975 1.67649
-0.82965 1.67651
-0.82956 1.67653
-0.82946 1.67654
-0.82936 1.67656
-0.82927 1.67658
-0.82917 1.67660
-0.82907 1.67661
-0.82897 1.67663
-0.82888 1.67665
-0.82878 1.67667
-0.82868 1.67668
-0.82859 1.67670
-0.82849 1.67672
-0.82839 1.67674
-0.82830 1.67675
-0.82820 1.67677
-0.82810 1.67679
-0.82800 1.67681
-0.82791 1.67682
-0.82781 1.67684
-0.82771 1.67686
-0.82762 1.67687
-0.82752 1.67689
-0.82742 1.67691
-0.82732 1.67693
-0.82723 1.67694
-0.82713 1.67696
-0.82703 1.67698
-0.82694 1.67699
-0.82684 1.67701
-0.82674 1.67703
-0.82664 1.67705
-0.82655 1.67706
-0.82645 1.67708
-0.82635 1.67710
-0.82625 1.67711
-0.82616 1.67713
-0.82606 1.67715
-0.82596 1.67716
-0.82587 1.67718
-0.82577 1.67720
-0.82567 1.67721
-0.82557 1.67723
-0.82548 1.67725
-0.82538 1.67726
-0.82528 1.67728
-0.82518 1.67730
-0.82509 1.67731
-0.82499 1.67733
-0.82489 1.67735
-0.82479 1.67736
-0.82470 1.67738
-0.82460 1.67740
-0.82450 1.67741
-0.82440 1.67743
-0.82431 1.67745
-0.82421 1.67746
-0.82411 1.67748
-0.82401 1.67750
-0.82392 1.67751
-0.82382 1.67753
-0.82372 1.67755
-0.82362 1.67756
-0.82353 1.67758
-0.82343 1.67759
-0.82333 1.67761
-0.82323 1.67763
-0.82314 1.67764
-0.82304 1.67766
-0.82294 1.67768
-0.82284 1.67769
-0.82275 1.67771
-0.82265 1.67772
-0.82255 1.67774
-0.82245 1.67776
-0.82236 1.67777
-0.82226 1.67779
-0.82216 1.67781
-0.82206 1.67782
-0.82196 1.67784
-0.82187 1.67785
-0.82177 1.67787
-0.82167 1.67789
-0.82157 1.67790
-0.82148 1.67792
-0.82138 1.67793
-0.82128 1.67795
-0.82118 1.67796
-0.82108 1.67798
-0.82099 1.67800
-0.82089 1.67801
-0.82079 1.67803
-0.82069 1.67804
-0.82060 1.67806
-0.82050 1.67808
-0.82040 1.67809
-0.82030 1.67811
-0.82020 1.67812
-0.82011 1.67814
-0.82001 1.67815
-0.81991 1.67817
-0.81981 1.67818
-0.81971 1.67820
-0.81962 1.67822
-0.81952 1.67823
-0.81942 1.67825
-0.81932 1.67826
-0.81922 1.67828
-0.81913 1.67829
-0.81903 1.67831
-0.81893 1.67832
-0.81883 1.67834
-0.81873 1.67836
-0.81864 1.67837
-0.81854 1.67839
-0.81844 1.67840
-0.81834 1.67842
-0.81824 1.67843
-0.81815 1.67845
-0.81805 1.67846
-0.81795 1.67848
-0.81785 1.67849
-0.81775 1.67851
-0.81766 1.67852
-0.81756 1.67854
-0.81746 1.67855
-0.81736 1.67857
-0.81726 1.67858
-0.81716 1.67860
-0.81707 1.67861
-0.81697 1.67863
-0.81687 1.67864
-0.81677 1.67866
-0.81667 1.67867
-0.81658 1.67869
-0.81648 1.67870
-0.81638 1.67872
-0.81628 1.67873
-0.81618 1.67875
-0.81608 1.67876
-0.81599 1.67878
-0.81589 1.67879
-0.81579 1.67881
-0.81569 1.67882
-0.81559 1.67884
-0.81549 1.67885
-0.81540 1.67887
-0.81530 1.67888
-0.81520 1.67890
-0.81510 1.67891
-0.81500 1.67892
-0.81490 1.67894
-0.81481 1.67895
-0.81471 1.67897
-0.81461 1.67898
-0.81451 1.67900
-0.81441 1.67901
-0.81431 1.67903
-0.81421 1.67904
-0.81412 1.67906
-0.81402 1.67907
-0.81392 1.67908
-0.81382 1.67910
-0.81372 1.67911
-0.81362 1.67913
-0.81353 1.67914
-0.81343 1.67916
-0.81333 1.67917
-0.81323 1.67918
-0.81313 1.67920
-0.81303 1.67921
-0.81293 1.67923
-0.81284 1.67924
-0.81274 1.67926
-0.81264 1.67927
-0.81254 1.67928
-0.81244 1.67930
-0.81234 1.67931
-0.81224 1.67933
-0.81214 1.67934
-0.81205 1.67935
-0.81195 1.67937
-0.81185 1.67938
-0.81175 1.67940
-0.81165 1.67941
-0.81155 1.67942
-0.81145 1.67944
-0.81135 1.67945
-0.81126 1.67947
-0.81116 1.67948
-0.81106 1.67949
-0.81096 1.67951
-0.81086 1.67952
-0.81076 1.67953
-0.81066 1.67955
-0.81056 1.67956
-0.81047 1.67958
-0.81037 1.67959
-0.81027 1.67960
-0.81017 1.67962
-0.81007 1.67963
-0.80997 1.67964
-0.80987 1.67966
-0.80977 1.67967
-0.80967 1.67968
-0.80958 1.67970
-0.80948 1.67971
-0.80938 1.67972
-0.80928 1.67974
-0.80918 1.67975
-0.80908 1.67977
-0.80898 1.67978
-0.80888 1.67979
-0.80878 1.67981
-0.80868 1.67982
-0.80859 1.67983
-0.80849 1.67985
-0.80839 1.67986
-0.80829 1.67987
-0.80819 1.67989
-0.80809 1.67990
-0.80799 1.67991
-0.80789 1.67992
-0.80779 1.67994
-0.80769 1.67995
-0.80759 1.67996
-0.80750 1.67998
-0.80740 1.67999
-0.80730 1.68000
-0.80720 1.68002
-0.80710 1.68003
-0.80700 1.68004
-0.80690 1.68006
-0.80680 1.68007
-0.80670 1.68008
-0.80660 1.68009
-0.80650 1.68011
-0.80640 1.68012
-0.80631 1.68013
-0.80621 1.68015
-0.80611 1.68016
-0.80601 1.68017
-0.80591 1.68018
-0.80581 1.68020
-0.80571 1.68021
-0.80561 1.68022
-0.80551 1.68024
-0.80541 1.68025
-0.80531 1.68026
-0.80521 1.68027
-0.80511 1.68029
-0.80501 1.68030
-0.80492 1.68031
-0.80482 1.68032
-0.80472 1.68034
-0.80462 1.68035
-0.80452 1.68036
-0.80442 1.68037
-0.80432 1.68039
-0.80422 1.68040
-0.80412 1.68041
-0.80402 1.68042
-0.80392 1.68044
-0.80382 1.68045
-0.80372 1.68046
-0.80362 1.68047
-0.80352 1.68048
-0.80342 1.68050
-0.80332 1.68051
-0.80322 1.68052
-0.80312 1.68053
-0.80303 1.68055
-0.80293 1.68056
-0.80283 1.68057
-0.80273 1.68058
-0.80263 1.68059
-0.80253 1.68061
-0.80243 1.68062
-0.80233 1.68063
-0.80223 1.68064
-0.80213 1.68065
-0.80203 1.68067
-0.80193 1.68068
-0.80183 1.68069
-0.80173 1.68070
-0.80163 1.68071
-0.80153 1.68073
-0.80143 1.68074
-0.80133 1.68075
-0.80123 1.68076
-0.80113 1.68077
-0.80103 1.68079
-0.80093 1.68080
-0.80083 1.68081
-0.80073 1.68082
-0.80063 1.68083
-0.80053 1.68084
-0.80043 1.68086
-0.80033 1.68087
-0.80023 1.68088
-0.80013 1.68089
-0.80003 1.68090
-0.79993 1.68091
-0.79983 1.68093
-0.79973 1.68094
-0.79964 1.68095
-0.79954 1.68096
-0.79944 1.68097
-0.79934 1.68098
-0.79924 1.68099
-0.79914 1.68101
-0.79904 1.68102
-0.79894 1.68103
-0.79884 1.68104
-0.79874 1.68105
-0.79864 1.68106
-0.79854 1.68107
-0.79844 1.68109
-0.79834 1.68110
-0.79824 1.68111
-0.79814 1.68112
-0.79804 1.68113
-0.79794 1.68114
-0.79784 1.68115
-0.79774 1.68116
-0.79764 1.68118
-0.79754 1.68119
-0.79744 1.68120
-0.79734 1.68121
-0.79724 1.68122
-0.79714 1.68123
-0.79704 1.68124
-0.79694 1.68125
-0.79683 1.68126
-0.79673 1.68127
-0.79663 1.68129
-0.79653 1.68130
-0.79643 1.68131
-0.79633 1.68132
-0.79623 1.68133
-0.79613 1.68134
-0.79603 1.68135
-0.79593 1.68136
-0.79583 1.68137
-0.79573 1.68138
-0.79563 1.68139
-0.79553 1.68140
-0.79543 1.68141
-0.79533 1.68143
-0.79523 1.68144
-0.79513 1.68145
-0.79503 1.68146
-0.79493 1.68147
-0.79483 1.68148
-0.79473 1.68149
-0.79463 1.68150
-0.79453 1.68151
-0.79443 1.68153
-0.79435 1.68158
-0.79427 1.68164
-0.79419 1.68170
-0.79411 1.68176
-0.79403 1.68182
-0.79395 1.68188
-0.79387 1.68193
-0.79379 1.68199
-0.79371 1.68205
-0.79363 1.68211
-0.79355 1.68216
-0.79347 1.68222
-0.79339 1.68228
-0.79331 1.68234
-0.79323 1.68240
-0.79315 1.68245
-0.79307 1.68251
-0.79299 1.68257
-0.79291 1.68263
-0.79283 1.68269
-0.79275 1.68274
-0.79267 1.68280
-0.79259 1.68286
-0.79251 1.68292
-0.79243 1.68297
-0.79235 1.68303
-0.79227 1.68309
-0.79219 1.68315
-0.79211 1.68320
-0.79203 1.68326
-0.79195 1.68332
-0.79187 1.68338
-0.79179 1.68343
-0.79171 1.68349
-0.79163 1.68355
-0.79154 1.68361
-0.79146 1.68366
-0.79138 1.68372
-0.79130 1.68378
-0.79122 1.68384
-0.79114 1.68389
-0.79106 1.68395
-0.79098 1.68401
-0.79090 1.68406
-0.79082 1.68412
-0.79074 1.68418
-0.79066 1.68424
-0.79058 1.68429
-0.79050 1.68435
-0.79042 1.68441
-0.79034 1.68446
-0.79026 1.68452
-0.79017 1.68458
-0.79009 1.68464
-0.79001 1.68469
-0.78993 1.68475
-0.78985 1.68481
-0.78977 1.68486
-0.78969 1.68492
-0.78961 1.68498
-0.78953 1.68503
-0.78945 1.68509
-0.78937 1.68515
-0.78929 1.68520
-0.78921 1.68526
-0.78912 1.68532
-0.78904 1.68537
-0.78896 1.68543
-0.78888 1.68549
-0.78880 1.68554
-0.78872 1.68560
-0.78864 1.68566
-0.78856 1.68571
-0.78848 1.68577
-0.78840 1.68583
-0.78831 1.68588
-0.78823 1.68594
-0.78815 1.68600
-0.78807 1.68605
-0.78799 1.68611
-0.78791 1.68617
-0.78783 1.68622
-0.78775 1.68628
-0.78767 1.68634
-0.78758 1.68639
-0.78750 1.68645
-0.78742 1.68650
-0.78734 1.68656
-0.78726 1.68662
-0.78718 1.68667
-0.78710 1.68673
-0.78702 1.68679
-0.78693 1.68684
-0.78685 1.68690
-0.78677 1.68695
-0.78669 1.68701
-0.78661 1.68707
-0.78653 1.68712
-0.78645 1.68718
-0.78636 1.68724
-0.78628 1.68729
-0.78620 1.68735
-0.78612 1.68740
-0.78604 1.68746
-0.78596 1.68752
-0.78588 1.68757
-0.78579 1.68763
-0.78571 1.68768
-0.78563 1.68774
-0.78555 1.68779
-0.78547 1.68785
-0.78539 1.68791
-0.78530 1.68796
-0.78522 1.68802
-0.78514 1.68807
-0.78506 1.68813
-0.78498 1.68818
-0.78490 1.68824
-0.78481 1.68830
-0.78473 1.68835
-0.78465 1.68841
-0.78457 1.68846
-0.78449 1.68852
-0.78441 1.68857
-0.78432 1.68863
-0.78424 1.68869
-0.78416 1.68874
-0.78408 1.68880
-0.78400 1.68885
-0.78391 1.68891
-0.78383 1.68896
-0.78375 1.68902
-0.78367 1.68907
-0.78359 1.68913
-0.78351 1.68918
-0.78342 1.68924
-0.78334 1.68929
-0.78326 1.68935
-0.78318 1.68940
-0.78310 1.68946
-0.78301 1.68952
-0.78293 1.68957
-0.78285 1.68963
-0.78277 1.68968
-0.78268 1.68974
-0.78260 1.68979
-0.78252 1.68985
-0.78244 1.68990
-0.78236 1.68996
-0.78227 1.69001
-0.78219 1.69007
-0.78211 1.69012
-0.78203 1.69018
-0.78195 1.69023
-0.78186 1.69029
-0.78178 1.69034
-0.78170 1.69040
-0.78162 1.69045
-0.78153 1.69051
-0.78145 1.69056
-0.78137 1.69061
-0.78129 1.69067
-0.78120 1.69072
-0.78112 1.69078
-0.78104 1.69083
-0.78096 1.69089
-0.78087 1.69094
-0.78079 1.69100
-0.78071 1.69105
-0.78063 1.69111
-0.78054 1.69116
-0.78046 1.69122
-0.78038 1.69127
-0.78030 1.69132
-0.78021 1.69138
-0.78013 1.69143
-0.78005 1.69149
-0.77997 1.69154
-0.77988 1.69160
-0.77980 1.69165
-0.77972 1.69171
-0.77964 1.69176
-0.77955 1.69181
-0.77947 1.69187
-0.77939 1.69192
-0.77931 1.69198
-0.77922 1.69203
-0.77914 1.69209
-0.77906 1.69214
-0.77897 1.69219
-0.77889 1.69225
-0.77881 1.69230
-0.77873 1.69236
-0.77864 1.69241
-0.77856 1.69246
-0.77848 1.69252
-0.77839 1.69257
-0.77831 1.69263
-0.77823 1.69268
-0.77815 1.69273
-0.77806 1.69279
-0.77798 1.69284
-0.77790 1.69290
-0.77781 1.69295
-0.77773 1.69300
-0.77765 1.69306
-0.77757 1.69311
-0.77748 1.69317
-0.77740 1.69322
-0.77732 1.69327
-0.77723 1.69333
-0.77715 1.69338
-0.77707 1.69343
-0.77698 1.69349
-0.77690 1.69354
-0.77682 1.69360
-0.77673 1.69365
-0.77665 1.69370
-0.77657 1.69376
-0.77648 1.69381
-0.77640 1.69386
-0.77632 1.69392
-0.77623 1.69397
-0.77615 1.69402
-0.77607 1.69408
-0.77599 1.69413
-0.77590 1.69418
-0.77582 1.69424
-0.77574 1.69429
-0.77565 1.69434
-0.77557 1.69440
-0.77548 1.69445
-0.77540 1.69450
-0.77532 1.69456
-0.77523 1.69461
-0.77515 1.69466
-0.77507 1.69472
-0.77498 1.69477
-0.77490 1.69482
-0.77482 1.69488
-0.77473 1.69493
-0.77465 1.69498
-0.77457 1.69504
-0.77448 1.69509
-0.77440 1.69514
-0.77432 1.69519
-0.77423 1.69525
-0.77415 1.69530
-0.77406 1.69535
-0.77398 1.69541
-0.77390 1.69546
-0.77381 1.69551
-0.77373 1.69556
-0.77365 1.69562
-0.77356 1.69567
-0.77348 1.69572
-0.77340 1.69578
-0.77331 1.69583
-0.77323 1.69588
-0.77314 1.69593
-0.77306 1.69599
-0.77298 1.69604
-0.77289 1.69609
-0.77281 1.69614
-0.77272 1.69620
-0.77264 1.69625
-0.77256 1.69630
-0.77247 1.69636
-0.77239 1.69641
-0.77230 1.69646
-0.77222 1.69651
-0.77214 1.69657
-0.77205 1.69662
-0.77197 1.69667
-0.77188 1.69672
-0.77180 1.69677
-0.77172 1.69683
-0.77163 1.69688
-0.77155 1.69693
-0.77146 1.69698
-0.77138 1.69704
-0.77130 1.69709
-0.77121 1.69714
-0.77113 1.69719
-0.77104 1.69725
-0.77096 1.69730
-0.77088 1.69735
-0.77079 1.69740
-0.77071 1.69745
-0.77062 1.69751
-0.77054 1.69756
-0.77045 1.69761
-0.77037 1.69766
-0.77029 1.69771
-0.77020 1.69777
-0.77012 1.69782
-0.77003 1.69787
-0.76995 1.69792
-0.76986 1.69797
-0.76977 1.69800
-0.76966 1.69800
-0.76956 1.69801
-0.76946 1.69801
-0.76935 1.69802
-0.76925 1.69802
-0.76915 1.69803
-0.76904 1.69803
-0.76894 1.69803
-0.76883 1.69804
-0.76873 1.69804
-0.76863 1.69805
-0.76852 1.69805
-0.76842 1.69806
-0.76831 1.69806
-0.76821 1.69806
-0.76811 1.69807
-0.76800 1.69807
-0.76790 1.69808
-0.76779 1.69808
-0.76769 1.69808
-0.76759 1.69809
-0.76748 1.69809
-0.76738 1.69810
-0.76727 1.69810
-0.76717 1.69811
-0.76707 1.69811
-0.76696 1.69811
-0.76686 1.69812
-0.76675 1.69812
-0.76665 1.69812
-0.76655 1.69813
-0.76644 1.69813
-0.76634 1.69814
-0.76623 1.69814
-0.76613 1.69814
-0.76602 1.69815
-0.76592 1.69815
-0.76582 1.69816
-0.76571 1.69816
-0.76561 1.69816
-0.76550 1.69817
-0.76540 1.69817
-0.76530 1.69817
-0.76519 1.69818
-0.76509 1.69818
-0.76498 1.69818
-0.76488 1.69819
-0.76477 1.69819
-0.76467 1.69820
-0.76457 1.69820
-0.76446 1.69820
-0.76436 1.69821
-0.76425 1.69821
-0.76415 1.69821
-0.76404 1.69822
-0.76394 1.69822
-0.76384 1.69822
-0.76373 1.69823
-0.76363 1.69823
-0.76352 1.69823
-0.76342 1.69824
-0.76331 1.69824
-0.76321 1.69824
-0.76311 1.69825
-0.76300 1.69825
-0.76290 1.69825
-0.76279 1.69825
-0.76269 1.69826
-0.76258 1.69826
-0.76248 1.69826
-0.76237 1.69827
-0.76227 1.69827
-0.76217 1.69827
-0.76206 1.69828
-0.76196 1.69828
-0.76185 1.69828
-0.76175 1.69829
-0.76164 1.69829
-0.76154 1.69829
-0.76143 1.69829
-0.76133 1.69830
-0.76123 1.69830
-0.76112 1.69830
-0.76102 1.69831
-0.76091 1.69831
-0.76081 1.69831
-0.76070 1.69831
-0.76060 1.69832
-0.76049 1.69832
-0.76039 1.69832
-0.76028 1.69832
-0.76018 1.69833
-0.76008 1.69833
-0.75997 1.69833
-0.75987 1.69834
-0.75976 1.69834
-0.75966 1.69834
-0.75955 1.69834
-0.75945 1.69835
-0.75934 1.69835
-0.75924 1.69835
-0.75913 1.69835
-0.75903 1.69836
-0.75892 1.69836
-0.75882 1.69836
-0.75871 1.69836
-0.75861 1.69836
-0.75851 1.69837
-0.75840 1.69837
-0.75830 1.69837
-0.75819 1.69837
-0.75809 1.69838
-0.75798 1.69838
-0.75788 1.69838
-0.75777 1.69838
-0.75767 1.69839
-0.75756 1.69839
-0.75746 1.69839
-0.75735 1.69839
-0.75725 1.69839
-0.75714 1.69840
-0.75704 1.69840
-0.75693 1.69840
-0.75683 1.69840
-0.75672 1.69840
-0.75662 1.69841
-0.75651 1.69841
-0.75641 1.69841
-0.75630 1.69841
-0.75620 1.69841
-0.75609 1.69842
-0.75599 1.69842
-0.75588 1.69842
-0.75578 1.69842
-0.75567 1.69842
-0.75557 1.69842
-0.75546 1.69843
-0.75536 1.69843
-0.75525 1.69843
-0.75515 1.69843
-0.75504 1.69843
-0.75494 1.69843
-0.75483 1.69844
-0.75473 1.69844
-0.75462 1.69844
-0.75452 1.69844
-0.75441 1.69844
-0.75431 1.69844
-0.75420 1.69845
-0.75410 1.69845
-0.75399 1.69845
-0.75389 1.69845
-0.75378 1.69845
-0.75368 1.69845
-0.75357 1.69845
-0.75347 1.69846
-0.75336 1.69846
-0.75326 1.69846
-0.75315 1.69846
-0.75305 1.69846
-0.75294 1.69846
-0.75284 1.69846
-0.75273 1.69846
-0.75263 1.69847
-0.75252 1.69847
-0.75242 1.69847
-0.75231 1.69847
-0.75221 1.69847
-0.75210 1.69847
-0.75200 1.69847
-0.75189 1.69847
-0.75179 1.69847
-0.75168 1.69848
-0.75157 1.69848
-0.75147 1.69848
-0.75136 1.69848
-0.75126 1.69848
-0.75115 1.69848
-0.75105 1.69848
-0.75094 1.69848
-0.75084 1.69848
-0.75073 1.69848
-0.75063 1.69849
-0.75052 1.69849
-0.75042 1.69849
-0.75031 1.69849
-0.75021 1.69849
-0.75010 1.69849
-0.74999 1.69849
-0.74989 1.69849
-0.74978 1.69849
-0.74968 1.69849
-0.74957 1.69849
-0.74947 1.69849
-0.74936 1.69849
-0.74926 1.69849
-0.74915 1.69849
-0.74905 1.69850
-0.74894 1.69850
-0.74883 1.69850
-0.74873 1.69850
-0.74862 1.69850
-0.74852 1.69850
-0.74841 1.69850
-0.74831 1.69850
-0.74820 1.69850
-0.74810 1.69850
-0.74799 1.69850
-0.74789 1.69850
-0.74778 1.69850
-0.74767 1.69850
-0.74757 1.69850
-0.74746 1.69850
-0.74736 1.69850
-0.74725 1.69850
-0.74715 1.69850
-0.74704 1.69850
-0.74693 1.69850
-0.74683 1.69850
-0.74672 1.69850
-0.74662 1.69850
-0.74651 1.69850
-0.74641 1.69850
-0.74630 1.69850
-0.74620 1.69850
-0.74609 1.69850
-0.74598 1.69850
-0.74588 1.69850
-0.74577 1.69850
-0.74567 1.69850
-0.74556 1.69850
-0.74546 1.69850
-0.74535 1.69850
-0.74524 1.69850
-0.74514 1.69850
-0.74503 1.69850
-0.74493 1.69850
-0.74482 1.69850
-0.74471 1.69850
-0.74461 1.69850
-0.74450 1.69850
-0.74440 1.69850
-0.74429 1.69850
-0.74419 1.69850
-0.74408 1.69850
-0.74397 1.69850
-0.74387 1.69850
-0.74376 1.69850
-0.74366 1.69850
-0.74355 1.69850
-0.74344 1.69849
-0.74334 1.69849
-0.74323 1.69849
-0.74313 1.69849
-0.74302 1.69849
-0.74292 1.69849
-0.74281 1.69849
-0.74270 1.69849
-0.74260 1.69849
-0.74249 1.69849
-0.74239 1.69849
-0.74228 1.69849
-0.74217 1.69849
-0.74207 1.69849
-0.74196 1.69849
-0.74186 1.69848
-0.74175 1.69848
-0.74164 1.69848
-0.74154 1.69848
-0.74143 1.69848
-0.74133 1.69848
-0.74122 1.69848
-0.74111 1.69848
-0.74101 1.69848
-0.74090 1.69848
-0.74079 1.69848
-0.74069 1.69847
-0.74058 1.69847
-0.74048 1.69847
-0.74037 1.69847
-0.74026 1.69847
-0.74016 1.69847
-0.74005 1.69847
-0.73995 1.69847
-0.73984 1.69847
-0.73973 1.69846
-0.73963 1.69846
-0.73952 1.69846
-0.73942 1.69846
-0.73931 1.69846
-0.73920 1.69846
-0.73910 1.69846
-0.73899 1.69845
-0.73888 1.69845
-0.73878 1.69845
-0.73867 1.69845
-0.73857 1.69845
-0.73846 1.69845
-0.73835 1.69845
-0.73825 1.69844
-0.73814 1.69844
-0.73803 1.69844
-0.73793 1.69844
-0.73782 1.69844
-0.73772 1.69844
-0.73761 1.69844
-0.73750 1.69843
-0.73740 1.69843
-0.73729 1.69843
-0.73718 1.69843
-0.73708 1.69843
-0.73697 1.69842
-0.73686 1.69842
-0.73676 1.69842
-0.73665 1.69842
-0.73655 1.69842
-0.73644 1.69842
-0.73633 1.69841
-0.73623 1.69841
-0.73612 1.69841
-0.73601 1.69841
-0.73591 1.69841
-0.73580 1.69840
-0.73569 1.69840
-0.73559 1.69840
-0.73548 1.69840
-0.73537 1.69840
-0.73527 1.69839
-0.73516 1.69839
-0.73505 1.69839
-0.73495 1.69839
-0.73484 1.69839
-0.73474 1.69838
-0.73463 1.69838
-0.73452 1.69838
-0.73442 1.69838
-0.73431 1.69837
-0.73420 1.69837
-0.73410 1.69837
-0.73399 1.69837
-0.73388 1.69837
-0.73378 1.69836
-0.73367 1.69836
-0.73356 1.69836
-0.73346 1.69836
-0.73335 1.69835
-0.73324 1.69835
-0.73314 1.69835
-0.73303 1.69835
-0.73292 1.69834
-0.73282 1.69834
-0.73271 1.69834
-0.73260 1.69834
-0.73250 1.69833
-0.73239 1.69833
-0.73228 1.69833
-0.73218 1.69833
-0.73207 1.69832
-0.73196 1.69832
-0.73186 1.69832
-0.73175 1.69831
-0.73164 1.69831
-0.73154 1.69831
-0.73143 1.69831
-0.73132 1.69830
-0.73122 1.69830
-0.73111 1.69830
-0.73100 1.69829
-0.73090 1.69829
-0.73079 1.69829
-0.73068 1.69829
-0.73057 1.69828
-0.73047 1.69828
-0.73036 1.69828
-0.73025 1.69827
-0.73015 1.69827
-0.73004 1.69827
-0.72993 1.69827
-0.72983 1.69826
-0.72972 1.69826
-0.72961 1.69826
-0.72951 1.69825
-0.72940 1.69825
-0.72929 1.69825
-0.72919 1.69824
-0.72908 1.69824
-0.72897 1.69824
-0.72886 1.69823
-0.72876 1.69823
-0.72865 1.69823
-0.72854 1.69822
-0.72844 1.69822
-0.72833 1.69822
-0.72822 1.69821
-0.72812 1.69821
-0.72801 1.69821
-0.72790 1.69820
-0.72779 1.69820
-0.72769 1.69820
-0.72758 1.69819
-0.72747 1.69819
-0.72737 1.69819
-0.72726 1.69818
-0.72715 1.69818
-0.72705 1.69817
-0.72694 1.69817
-0.72683 1.69817
-0.72672 1.69816
-0.72662 1.69816
-0.72651 1.69816
-0.72640 1.69815
-0.72630 1.69815
-0.72619 1.69814
-0.72608 1.69814
-0.72597 1.69814
-0.72587 1.69813
-0.72576 1.69813
-0.72565 1.69813
-0.72555 1.69812
-0.72544 1.69812
-0.72533 1.69811
-0.72522 1.69811
-0.72512 1.69811
-0.72501 1.69810
-0.72490 1.69810
-0.72480 1.69809
-0.72469 1.69809
-0.72458 1.69809
-0.72447 1.69808
-0.72437 1.69808
-0.72426 1.69807
-0.72415 1.69807
-0.72404 1.69807
-0.72394 1.69806
-0.72383 1.69806
-0.72372 1.69805
-0.72362 1.69805
-0.72351 1.69804
-0.72340 1.69804
-0.72329 1.69804
-0.72319 1.69803
-0.72308 1.69803
-0.72297 1.69802
-0.72286 1.69802
-0.72276 1.69801
-0.72265 1.69801
-0.72254 1.69800
-0.72243 1.69800
-0.72233 1.69800
-0.72222 1.69799
-0.72211 1.69799
-0.72200 1.69798
-0.72190 1.69798
-0.72179 1.69797
-0.72168 1.69797
-0.72157 1.69796
-0.72147 1.69796
-0.72136 1.69795
-0.72125 1.69795
-0.72114 1.69795
-0.72104 1.69794
-0.72093 1.69794
-0.72082 1.69793
-0.72071 1.69793
-0.72061 1.69792
-0.72050 1.69792
-0.72039 1.69791
-0.72028 1.69791
-0.72018 1.69790
-0.72007 1.69790
-0.71996 1.69789
-0.71985 1.69789
-0.71975 1.69788
-0.71964 1.69788
-0.71953 1.69787
-0.71942 1.69787
-0.71932 1.69786
-0.71921 1.69786
-0.71910 1.69785
-0.71899 1.69785
-0.71889 1.69784
-0.71878 1.69784
-0.71867 1.69783
-0.71856 1.69783
-0.71846 1.69782
-0.71835 1.69782
-0.71824 1.69781
-0.71813 1.69780
-0.71802 1.69780
-0.71792 1.69779
-0.71781 1.69779
-0.71770 1.69778
-0.71759 1.69778
-0.71749 1.69777
-0.71738 1.69777
-0.71727 1.69776
-0.71716 1.69776
-0.71706 1.69775
-0.71695 1.69775
-0.71684 1.69774
-0.71673 1.69773
-0.71662 1.69773
-0.71652 1.69772
-0.71641 1.69772
-0.71630 1.69771
-0.71619 1.69771
-0.71608 1.69770
-0.71598 1.69770
-0.71587 1.69769
-0.71576 1.69768
-0.71565 1.69768
-0.71555 1.69767
-0.71544 1.69767
-0.71533 1.69766
-0.71522 1.69766
-0.71511 1.69765
-0.71501 1.69764
-0.71490 1.69764
-0.71479 1.69763
-0.71468 1.69763
-0.71457 1.69762
-0.71447 1.69761
-0.71436 1.69761
-0.71425 1.69760
-0.71414 1.69760
-0.71403 1.69759
-0.71393 1.69758
-0.71382 1.69758
-0.71371 1.69757
-0.71360 1.69757
-0.71349 1.69756
-0.71339 1.69755
-0.71328 1.69755
-0.71317 1.69754
-0.71306 1.69753
-0.71295 1.69753
-0.71285 1.69752
-0.71274 1.69752
-0.71263 1.69751
-0.71252 1.69750
-0.71241 1.69750
-0.71231 1.69749
-0.71220 1.69748
-0.71209 1.69748
-0.71198 1.69747
-0.71187 1.69746
-0.71177 1.69746
-0.71166 1.69745
-0.71155 1.69745
-0.71144 1.69744
-0.71133 1.69743
-0.71123 1.69743
-0.71112 1.69742
-0.71101 1.69741
-0.71090 1.69741
-0.71079 1.69740
-0.71068 1.69739
-0.71058 1.69739
-0.71047 1.69738
-0.71036 1.69737
-0.71025 1.69737
-0.71014 1.69736
-0.71004 1.69735
-0.70993 1.69735
-0.70982 1.69734
-0.70971 1.69733
-0.70960 1.69733
-0.70949 1.69732
-0.70939 1.69731
-0.70928 1.69730
-0.70917 1.69730
-0.70906 1.69729
-0.70895 1.69728
-0.70884 1.69728
-0.70874 1.69727
-0.70863 1.69726
-0.70852 1.69726
-0.70841 1.69725
-0.70830 1.69724
-0.70819 1.69723
-0.70809 1.69723
-0.70798 1.69722
-0.70787 1.69721
-0.70776 1.69721
-0.70765 1.69720
-0.70754 1.69719
-0.70744 1.69718
-0.70733 1.69718
-0.70722 1.69717
-0.70711 1.69716
-0.70700 1.69715
-0.70689 1.69715
-0.70678 1.69714
-0.70668 1.69713
-0.70657 1.69712
-0.70646 1.69712
-0.70635 1.69711
-0.70624 1.69710
-0.70613 1.69710
-0.70603 1.69709
-0.70592 1.69708
-0.70581 1.69707
-0.70570 1.69706
-0.70559 1.69706
-0.70548 1.69705
-0.70537 1.69704
-0.70527 1.69703
-0.70516 1.69703
-0.70505 1.69702
-0.70494 1.69701
-0.70483 1.69700
-0.70472 1.69700
-0.70461 1.69699
-0.70451 1.69698
-0.70440 1.69697
-0.70429 1.69696
-0.70418 1.69696
-0.70407 1.69695
-0.70396 1.69694
-0.70385 1.69693
-0.70375 1.69693
-0.70364 1.69692
-0.70353 1.69691
-0.70342 1.69690
-0.70331 1.69689
-0.70320 1.69689
-0.70309 1.69688
-0.70298 1.69687
-0.70288 1.69686
-0.70277 1.69685
-0.70266 1.69684
-0.70255 1.69684
-0.70244 1.69683
-0.70233 1.69682
-0.70222 1.69681
-0.70211 1.69680
-0.70201 1.69680
-0.70190 1.69679
-0.70179 1.69678
-0.70168 1.69677
-0.70157 1.69676
-0.70146 1.69675
-0.70135 1.69675
-0.70124 1.69674
-0.70114 1.69673
-0.70103 1.69672
-0.70092 1.69671
-0.70081 1.69670
-0.70070 1.69669
-0.70059 1.69669
-0.70048 1.69668
-0.70037 1.69667
-0.70027 1.69666
-0.70016 1.69665
-0.70005 1.69664
-0.69994 1.69663
-0.69983 1.69663
-0.69972 1.69662
-0.69961 1.69661
-0.69950 1.69660
-0.69939 1.69659
-0.69928 1.69658
-0.69918 1.69657
-0.69907 1.69656
-0.69896 1.69656
-0.69885 1.69655
-0.69874 1.69654
-0.69863 1.69653
-0.69852 1.69652
-0.69841 1.69651
-0.69830 1.69650
-0.69820 1.69649
-0.69809 1.69648
-0.69799 1.69651
-0.69790 1.69656
-0.69782 1.69662
-0.69773 1.69667
-0.69765 1.69673
-0.69756 1.69678
-0.69748 1.69683
-0.69739 1.69689
-0.69730 1.69694
-0.69722 1.69700
-0.69713 1.69705
-0.69705 1.69710
-0.69696 1.69716
-0.69688 1.69721
-0.69679 1.69726
-0.69670 1.69732
-0.69662 1.69737
-0.69653 1.69743
-0.69645 1.69748
-0.69636 1.69753
-0.69627 1.69759
-0.69619 1.69764
-0.69610 1.69769
-0.69602 1.69775
-0.69593 1.69780
-0.69584 1.69786
-0.69576 1.69791
-0.69567 1.69796
-0.69559 1.69802
-0.69550 1.69807
-0.69541 1.69812
-0.69533 1.69818
-0.69524 1.69823
-0.69516 1.69828
-0.69507 1.69834
-0.69498 1.69839
-0.69490 1.69844
-0.69481 1.69850
-0.69473 1.69855
-0.69464 1.69860
-0.69455 1.69866
-0.69447 1.69871
-0.69438 1.69876
-0.69429 1.69882
-0.69421 1.69887
-0.69412 1.69892
-0.69404 1.69898
-0.69395 1.69903
-0.69386 1.69908
-0.69378 1.69914
-0.69369 1.69919
-0.69360 1.69924
-0.69352 1.69929
-0.69343 1.69935
-0.69334 1.69940
-0.69326 1.69945
-0.69317 1.69951
-0.69308 1.69956
-0.69300 1.69961
-0.69291 1.69967
-0.69283 1.69972
-0.69274 1.69977
-0.69265 1.69982
-0.69257 1.69988
-0.69248 1.69993
-0.69239 1.69998
-0.69231 1.70003
-0.69222 1.70009
-0.69213 1.70014
-0.69205 1.70019
-0.69196 1.70025
-0.69187 1.70030
-0.69179 1.70035
-0.69170 1.70040
-0.69161 1.70046
-0.69153 1.70051
-0.69144 1.70056
-0.69135 1.70061
-0.69127 1.70067
-0.69118 1.70072
-0.69109 1.70077
-0.69100 1.70082
-0.69092 1.70088
-0.69083 1.70093
-0.69074 1.70098
-0.69066 1.70103
-0.69057 1.70108
-0.69048 1.70114
-0.69040 1.70119
-0.69031 1.70124
-0.69022 1.70129
-0.69014 1.70135
-0.69005 1.70140
-0.68996 1.70145
-0.68987 1.70150
-0.68979 1.70155
-0.68970 1.70161
-0.68961 1.70166
-0.68953 1.70171
-0.68944 1.70176
-0.68935 1.70181
-0.68926 1.70187
-0.68918 1.70192
-0.68909 1.70197
-0.68900 1.70202
-0.68892 1.70207
-0.68883 1.70213
-0.68874 1.70218
-0.68865 1.70223
-0.68857 1.70228
-0.68848 1.70233
-0.68839 1.70238
-0.68830 1.70244
-0.68822 1.70249
-0.68813 1.70254
-0.68804 1.70259
-0.68796 1.70264
-0.68787 1.70269
-0.68778 1.70275
-0.68769 1.70280
-0.68761 1.70285
-0.68752 1.70290
-0.68743 1.70295
-0.68734 1.70300
-0.68726 1.70305
-0.68717 1.70311
-0.68708 1.70316
-0.68699 1.70321
-0.68691 1.70326
-0.68682 1.70331
-0.68673 1.70336
-0.68664 1.70341
-0.68656 1.70347
-0.68647 1.70352
-0.68638 1.70357
-0.68629 1.70362
-0.68620 1.70367
-0.68612 1.70372
-0.68603 1.70377
-0.68594 1.70382
-0.68585 1.70387
-0.68577 1.70393
-0.68568 1.70398
-0.68559 1.70403
-0.68550 1.70408
-0.68541 1.70413
-0.68533 1.70418
-0.68524 1.70423
-0.68515 1.70428
-0.68506 1.70433
-0.68498 1.70438
-0.68489 1.70444
-0.68480 1.70449
-0.68471 1.70454
-0.68462 1.70459
-0.68454 1.70464
-0.68445 1.70469
-0.68436 1.70474
-0.68427 1.70479
-0.68418 1.70484
-0.68410 1.70489
-0.68401 1.70494
-0.68392 1.70499
-0.68383 1.70504
-0.68374 1.70509
-0.68365 1.70514
-0.68357 1.70520
-0.68348 1.70525
-0.68339 1.70530
-0.68330 1.70535
-0.68321 1.70540
-0.68313 1.70545
-0.68304 1.70550
-0.68295 1.70555
-0.68286 1.70560
-0.68277 1.70565
-0.68268 1.70570
-0.68260 1.70575
-0.68251 1.70580
-0.68242 1.70585
-0.68233 1.70590
-0.68224 1.70595
-0.68215 1.70600
-0.68207 1.70605
-0.68198 1.70610
-0.68189 1.70615
-0.68180 1.70620
-0.68171 1.70625
-0.68162 1.70630
-0.68154 1.70635
-0.68145 1.70640
-0.68136 1.70645
-0.68127 1.70650
-0.68118 1.70655
-0.68109 1.70660
-0.68100 1.70665
-0.68092 1.70670
-0.68083 1.70675
-0.68074 1.70680
-0.68065 1.70685
-0.68056 1.70690
-0.68047 1.70695
-0.68038 1.70700
-0.68029 1.70705
-0.68021 1.70710
-0.68012 1.70715
-0.68003 1.70720
-0.67994 1.70725
-0.67985 1.70730
-0.67976 1.70735
-0.67967 1.70740
-0.67958 1.70745
-0.67950 1.70750
-0.67941 1.70754
-0.67932 1.70759
-0.67923 1.70764
-0.67914 1.70769
-0.67905 1.70774
-0.67896 1.70779
-0.67887 1.70784
-0.67878 1.70789
-0.67870 1.70794
-0.67861 1.70799
-0.67852 1.70804
-0.67843 1.70809
-0.67832 1.70808
-0.67821 1.70807
-0.67810 1.70806
-0.67799 1.70804
-0.67788 1.70803
-0.67776 1.70802
-0.67765 1.70800
-0.67754 1.70799
-0.67743 1.70797
-0.67732 1.70796
-0.67721 1.70795
-0.67710 1.70793
-0.67698 1.70792
-0.67687 1.70791
-0.67676 1.70789
-0.67665 1.70788
-0.67654 1.70786
-0.67643 1.70785
-0.67632 1.70784
-0.67620 1.70782
-0.67609 1.70781
-0.67598 1.70780
-0.67587 1.70778
-0.67576 1.70777
-0.67565 1.70775
-0.67554 1.70774
-0.67542 1.70773
-0.67531 1.70771
-0.67520 1.70770
-0.67509 1.70768
-0.67498 1.70767
-0.67487 1.70765
-0.67476 1.70764
-0.67464 1.70763
-0.67453 1.70761
-0.67442 1.70760
-0.67431 1.70758
-0.67420 1.70757
-0.67409 1.70756
-0.67397 1.70754
-0.67386 1.70753
-0.67375 1.70751
-0.67364 1.70750
-0.67353 1.70748
-0.67342 1.70747
-0.67330 1.70745
-0.67319 1.70744
-0.67308 1.70743
-0.67297 1.70741
-0.67286 1.70740
-0.67275 1.70738
-0.67263 1.70737
-0.67252 1.70735
-0.67241 1.70734
-0.67230 1.70732
-0.67219 1.70731
-0.67208 1.70729
-0.67196 1.70728
-0.67185 1.70727
-0.67174 1.70725
-0.67163 1.70724
-0.67152 1.70722
-0.67141 1.70721
-0.67129 1.70719
-0.67118 1.70718
-0.67107 1.70716
-0.67096 1.70715
-0.67085 1.70713
-0.67074 1.70712
-0.67062 1.70710
-0.67051 1.70709
-0.67040 1.70707
-0.67029 1.70706
-0.67018 1.70704
-0.67007 1.70703
-0.66995 1.70701
-0.66984 1.70700
-0.66973 1.70698
-0.66962 1.70697
-0.66951 1.70695
-0.66939 1.70694
-0.66928 1.70692
-0.66917 1.70691
-0.66906 1.70689
-0.66895 1.70688
-0.66884 1.70686
-0.66872 1.70685
-0.66861 1.70683
-0.66850 1.70682
-0.66839 1.70680
-0.66828 1.70678
-0.66816 1.70677
-0.66805 1.70675
-0.66794 1.70674
-0.66783 1.70672
-0.66772 1.70671
-0.66760 1.70669
-0.66749 1.70668
-0.66738 1.70666
-0.66727 1.70665
-0.66716 1.70663
-0.66704 1.70661
-0.66693 1.70660
-0.66682 1.70658
-0.66671 1.70657
-0.66660 1.70655
-0.66648 1.70654
-0.66637 1.70652
-0.66626 1.70651
-0.66615 1.70649
-0.66604 1.70647
-0.66592 1.70646
-0.66581 1.70644
-0.66570 1.70643
-0.66559 1.70641
-0.66548 1.70640
-0.66536 1.70638
-0.66525 1.70636
-0.66514 1.70635
-0.66503 1.70633
-0.66492 1.70632
-0.66480 1.70630
-0.66469 1.70628
-0.66458 1.70627
-0.66447 1.70625
-0.66436 1.70624
-0.66424 1.70622
-0.66413 1.70620
-0.66402 1.70619
-0.66391 1.70617
-0.66380 1.70616
-0.66368 1.70614
-0.66357 1.70612
-0.66346 1.70611
-0.66335 1.70609
-0.66323 1.70607
-0.66312 1.70606
-0.66301 1.70604
-0.66290 1.70603
-0.66279 1.70601
-0.66267 1.70599
-0.66256 1.70598
-0.66245 1.70596
-0.66234 1.70594
-0.66222 1.70593
-0.66211 1.70591
-0.66200 1.70589
-0.66189 1.70588
-0.66178 1.70586
-0.66166 1.70585
-0.66155 1.70583
-0.66144 1.70581
-0.66133 1.70580
-0.66121 1.70578
-0.66110 1.70576
-0.66099 1.70575
-0.66088 1.70573
-0.66077 1.70571
-0.66065 1.70570
-0.66054 1.70568
-0.66043 1.70566
-0.66032 1.70565
-0.66020 1.70563
-0.66009 1.70561
-0.65998 1.70560
-0.65987 1.70558
-0.65975 1.70556
-0.65964 1.70554
-0.65953 1.70553
-0.65942 1.70551
-0.65931 1.70549
-0.65919 1.70548
-0.65908 1.70546
-0.65897 1.70544
-0.65886 1.70543
-0.65874 1.70541
-0.65863 1.70539
-0.65852 1.70537
-0.65841 1.70536
-0.65829 1.70534
-0.65818 1.70532
-0.65807 1.70531
-0.65796 1.70529
-0.65784 1.70527
-0.65773 1.70525
-0.65762 1.70524
-0.65751 1.70522
-0.65739 1.70520
-0.65728 1.70519
-0.65717 1.70517
-0.65706 1.70515
-0.65694 1.70513
-0.65683 1.70512
-0.65672 1.70510
-0.65661 1.70508
-0.65649 1.70506
-0.65638 1.70505
-0.65627 1.70503
-0.65616 1.70501
-0.65604 1.70499
-0.65593 1.70498
-0.65582 1.70496
-0.65571 1.70494
-0.65559 1.70492
-0.65548 1.70491
-0.65537 1.70489
-0.65526 1.70487
-0.65514 1.70485
-0.65503 1.70484
-0.65492 1.70482
-0.65481 1.70480
-0.65469 1.70478
-0.65458 1.70477
-0.65447 1.70475
-0.65436 1.70473
-0.65424 1.70471
-0.65413 1.70469
-0.65402 1.70468
-0.65390 1.70466
-0.65379 1.70464
-0.65368 1.70462
-0.65357 1.70460
-0.65345 1.70459
-0.65334 1.70457
-0.65323 1.70455
-0.65312 1.70453
-0.65300 1.70451
-0.65289 1.70450
-0.65278 1.70448
-0.65266 1.70446
-0.65255 1.70444
-0.65244 1.70442
-0.65233 1.70441
-0.65221 1.70439
-0.65210 1.70437
-0.65199 1.70435
-0.65188 1.70433
-0.65176 1.70431
-0.65165 1.70430
-0.65154 1.70428
-0.65142 1.70426
-0.65131 1.70424
-0.65120 1.70422
-0.65109 1.70420
-0.65097 1.70419
-0.65086 1.70417
-0.65075 1.70415
-0.65064 1.70413
-0.65052 1.70411
-0.65041 1.70409
-0.65030 1.70408
-0.65018 1.70406
-0.65007 1.70404
-0.64996 1.70402
-0.64985 1.70400
-0.64973 1.70398
-0.64962 1.70396
-0.64951 1.70394
-0.64939 1.70393
-0.64928 1.70391
-0.64917 1.70389
-0.64905 1.70387
-0.64894 1.70385
-0.64883 1.70383
-0.64872 1.70381
-0.64860 1.70379
-0.64849 1.70378
-0.64838 1.70376
-0.64826 1.70374
-0.64815 1.70372
-0.64804 1.70370
-0.64793 1.70368
-0.64781 1.70366
-0.64770 1.70364
-0.64759 1.70362
-0.64747 1.70361
-0.64736 1.70359
-0.64725 1.70357
-0.64713 1.70355
-0.64702 1.70353
-0.64691 1.70351
-0.64680 1.70349
-0.64668 1.70347
-0.64657 1.70345
-0.64646 1.70343
-0.64634 1.70341
-0.64623 1.70339
-0.64612 1.70338
-0.64600 1.70336
-0.64589 1.70334
-0.64578 1.70332
-0.64567 1.70330
-0.64555 1.70328
-0.64544 1.70326
-0.64533 1.70324
-0.64521 1.70322
-0.64510 1.70320
-0.64499 1.70318
-0.64487 1.70316
-0.64476 1.70314
-0.64465 1.70312
-0.64453 1.70310
-0.64442 1.70308
-0.64431 1.70306
-0.64419 1.70305
-0.64408 1.70303
-0.64397 1.70301
-0.64386 1.70299
-0.64374 1.70297
-0.64363 1.70295
-0.64352 1.70293
-0.64340 1.70291
-0.64329 1.70289
-0.64318 1.70287
-0.64306 1.70285
-0.64295 1.70283
-0.64284 1.70281
-0.64272 1.70279
-0.64261 1.70277
-0.64250 1.70275
-0.64238 1.70273
-0.64227 1.70271
-0.64216 1.70269
-0.64204 1.70267
-0.64193 1.70265
-0.64182 1.70263
-0.64170 1.70261
-0.64159 1.70259
-0.64148 1.70257
-0.64136 1.70255
-0.64125 1.70253
-0.64114 1.70251
-0.64102 1.70249
-0.64091 1.70247
-0.64080 1.70245
-0.64068 1.70243
-0.64057 1.70241
-0.64046 1.70239
-0.64034 1.70237
-0.64023 1.70235
-0.64012 1.70233
-0.64000 1.70231
-0.63989 1.70229
-0.63978 1.70226
-0.63966 1.70224
-0.63955 1.70222
-0.63944 1.70220
-0.63932 1.70218
-0.63921 1.70216
-0.63910 1.70214
-0.63898 1.70212
-0.63887 1.70210
-0.63876 1.70208
-0.63864 1.70206
-0.63853 1.70204
-0.63842 1.70202
-0.63830 1.70200
-0.63819 1.70198
-0.63808 1.70196
-0.63796 1.70194
-0.63785 1.70192
-0.63774 1.70189
-0.63762 1.70187
-0.63751 1.70185
-0.63740 1.70183
-0.63728 1.70181
-0.63717 1.70179
-0.63706 1.70177
-0.63694 1.70175
-0.63683 1.70173
-0.63671 1.70171
-0.63660 1.70169
-0.63649 1.70167
-0.63637 1.70164
-0.63626 1.70162
-0.63615 1.70160
-0.63603 1.70158
-0.63592 1.70156
-0.63581 1.70154
-0.63569 1.70152
-0.63558 1.70150
-0.63547 1.70148
-0.63535 1.70145
-0.63524 1.70143
-0.63512 1.70141
-0.63501 1.70139
-0.63490 1.70137
-0.63478 1.70135
-0.63467 1.70133
-0.63456 1.70131
-0.63444 1.70128
-0.63433 1.70126
-0.63422 1.70124
-0.63410 1.70122
-0.63399 1.70120
-0.63387 1.70118
-0.63376 1.70116
-0.63365 1.70113
-0.63353 1.70111
-0.63342 1.70109
-0.63331 1.70107
-0.63319 1.70105
-0.63308 1.70103
-0.63297 1.70101
-0.63285 1.70098
-0.63274 1.70096
-0.63262 1.70094
-0.63251 1.70092
-0.63240 1.70090
-0.63228 1.70088
-0.63217 1.70085
-0.63206 1.70083
-0.63194 1.70081
-0.63183 1.70079
-0.63171 1.70077
-0.63160 1.70074
-0.63149 1.70072
-0.63137 1.70070
-0.63126 1.70068
-0.63115 1.70066
-0.63103 1.70064
-0.63092 1.70061
-0.63080 1.70059
-0.63069 1.70057
-0.63058 1.70055
-0.63046 1.70053
-0.63035 1.70050
-0.63024 1.70048
-0.63012 1.70046
-0.63001 1.70044
-0.62989 1.70042
-0.62978 1.70039
-0.62967 1.70037
-0.62955 1.70035
-0.62944 1.70033
-0.62932 1.70030
-0.62921 1.70028
-0.62910 1.70026
-0.62898 1.70024
-0.62887 1.70022
-0.62875 1.70019
-0.62864 1.70017
-0.62853 1.70015
-0.62841 1.70013
-0.62830 1.70010
-0.62819 1.70008
-0.62807 1.70006
-0.62796 1.70004
-0.62784 1.70001
-0.62773 1.69999
-0.62762 1.69997
-0.62750 1.69995
-0.62739 1.69992
-0.62727 1.69990
-0.62716 1.69988
-0.62705 1.69986
-0.62693 1.69983
-0.62682 1.69981
-0.62670 1.69979
-0.62659 1.69976
-0.62648 1.69974
-0.62636 1.69972
-0.62625 1.69970
-0.62613 1.69967
-0.62602 1.69965
-0.62591 1.69963
-0.62579 1.69961
-0.62568 1.69958
-0.62556 1.69956
-0.62545 1.69954
-0.62534 1.69951
-0.62522 1.69949
-0.62511 1.69947
-0.62499 1.69944
-0.62488 1.69942
-0.62477 1.69940
-0.62465 1.69938
-0.62454 1.69935
-0.62442 1.69933
-0.62431 1.69931
-0.62419 1.69928
-0.62408 1.69926
-0.62397 1.69924
-0.62385 1.69921
-0.62374 1.69919
-0.62362 1.69917
-0.62351 1.69914
-0.62340 1.69912
-0.62328 1.69910
-0.62317 1.69907
-0.62305 1.69905
-0.62294 1.69903
-0.62282 1.69900
-0.62271 1.69898
-0.62260 1.69896
-0.62248 1.69893
-0.62237 1.69891
-0.62225 1.69889
-0.62214 1.69886
-0.62203 1.69884
-0.62191 1.69882
-0.62180 1.69879
-0.62168 1.69877
-0.62157 1.69875
-0.62145 1.69872
-0.62134 1.69870
-0.62123 1.69868
-0.62111 1.69865
-0.62100 1.69863
-0.62088 1.69860
-0.62077 1.69858
-0.62065 1.69856
-0.62054 1.69853
-0.62043 1.69851
-0.62031 1.69849
-0.62020 1.69846
-0.62008 1.69844
-0.61997 1.69841
-0.61985 1.69839
-0.61974 1.69837
-0.61963 1.69834
-0.61951 1.69832
-0.61940 1.69829
-0.61928 1.69827
-0.61917 1.69825
-0.61905 1.69822
-0.61894 1.69820
-0.61883 1.69817
-0.61871 1.69815
-0.61860 1.69813
-0.61848 1.69810
-0.61837 1.69808
-0.61825 1.69805
-0.61814 1.69803
-0.61803 1.69801
-0.61791 1.69798
-0.61780 1.69796
-0.61768 1.69793
-0.61757 1.69791
-0.61745 1.69788
-0.61734 1.69786
-0.61722 1.69784
-0.61711 1.69781
-0.61700 1.69779
-0.61688 1.69776
-0.61677 1.69774
-0.61665 1.69771
-0.61654 1.69769
-0.61642 1.69766
-0.61631 1.69764
-0.61619 1.69762
-0.61608 1.69759
-0.61597 1.69757
-0.61585 1.69754
-0.61574 1.69752
-0.61562 1.69749
-0.61551 1.69747
-0.61539 1.69744
-0.61528 1.69742
-0.61516 1.69739
-0.61505 1.69737
-0.61493 1.69734
-0.61482 1.69732
-0.61471 1.69729
-0.61459 1.69727
-0.61448 1.69725
-0.61436 1.69722
-0.61425 1.69720
-0.61413 1.69717
-0.61402 1.69715
-0.61390 1.69712
-0.61379 1.69710
-0.61367 1.69707
-0.61356 1.69705
-0.61345 1.69702
-0.61333 1.69700
-0.61322 1.69697
-0.61310 1.69695
-0.61299 1.69692
-0.61287 1.69690
-0.61276 1.69687
-0.61264 1.69685
-0.61253 1.69682
-0.61241 1.69680
-0.61230 1.69677
-0.61218 1.69674
-0.61207 1.69672
-0.61196 1.69669
-0.61184 1.69667
-0.61173 1.69664
-0.61161 1.69662
-0.61150 1.69659
-0.61138 1.69657
-0.61127 1.69654
-0.61115 1.69652
-0.61104 1.69649
-0.61092 1.69647
-0.61081 1.69644
-0.61069 1.69642
-0.61058 1.69639
-0.61046 1.69636
-0.61035 1.69634
-0.61023 1.69631
-0.61012 1.69629
-0.61001 1.69626
-0.60989 1.69624
-0.60978 1.69621
-0.60966 1.69619
-0.60955 1.69616
-0.60943 1.69613
-0.60932 1.69611
-0.60920 1.69608
-0.60909 1.69606
-0.60897 1.69603
-0.60886 1.69600
-0.60874 1.69598
-0.60863 1.69595
-0.60851 1.69593
-0.60840 1.69590
-0.60828 1.69588
-0.60817 1.69585
-0.60805 1.69582
-0.60794 1.69580
-0.60782 1.69577
-0.60771 1.69575
-0.60759 1.69572
-0.60748 1.69569
-0.60736 1.69567
-0.60725 1.69564
-0.60713 1.69562
-0.60702 1.69559
-0.60690 1.69556
-0.60679 1.69554
-0.60668 1.69551
-0.60656 1.69548
-0.60645 1.69546
-0.60633 1.69543
-0.60622 1.69541
-0.60610 1.69538
-0.60599 1.69535
-0.60587 1.69533
-0.60576 1.69530
-0.60564 1.69527
-0.60553 1.69525
-0.60541 1.69522
-0.60530 1.69520
-0.60518 1.69517
-0.60507 1.69514
-0.60495 1.69512
-0.60484 1.69509
-0.60472 1.69506
-0.60461 1.69504
-0.60449 1.69501
-0.60438 1.69498
-0.60426 1.69496
-0.60415 1.69493
-0.60403 1.69490
-0.60392 1.69488
-0.60380 1.69485
-0.60369 1.69482
-0.60357 1.69480
-0.60346 1.69477
-0.60334 1.69474
-0.60323 1.69472
-0.60311 1.69469
-0.60300 1.69466
-0.60288 1.69464
-0.60277 1.69461
-0.60265 1.69458
-0.60254 1.69456
-0.60242 1.69453
-0.60231 1.69450
-0.60219 1.69447
-0.60208 1.69445
-0.60196 1.69442
-0.60185 1.69439
-0.60173 1.69437
-0.60162 1.69434
-0.60150 1.69431
-0.60138 1.69429
-0.60127 1.69426
-0.60115 1.69423
-0.60104 1.69420
-0.60092 1.69418
-0.60081 1.69415
-0.60069 1.69412
-0.60058 1.69410
-0.60046 1.69407
-0.60035 1.69404
-0.60023 1.69401
-0.60012 1.69399
-0.60000 1.69396
-0.59989 1.69393
-0.59977 1.69390
-0.59966 1.69388
-0.59954 1.69385
-0.59943 1.69382
-0.59931 1.69379
-0.59920 1.69377
-0.59908 1.69374
-0.59897 1.69371
-0.59885 1.69368
-0.59874 1.69366
-0.59862 1.69363
-0.59851 1.69360
-0.59839 1.69357
-0.59827 1.69355
-0.59816 1.69352
-0.59804 1.69349
-0.59793 1.69346
-0.59781 1.69344
-0.59770 1.69341
-0.59758 1.69338
-0.59747 1.69335
-0.59735 1.69332
-0.59724 1.69330
-0.59712 1.69327
-0.59701 1.69324
-0.59689 1.69321
-0.59678 1.69319
-0.59666 1.69316
-0.59655 1.69313
-0.59643 1.69310
-0.59631 1.69307
-0.59620 1.69305
-0.59608 1.69302
-0.59597 1.69299
-0.59585 1.69296
-0.59574 1.69293
-0.59562 1.69291
-0.59551 1.69288
-0.59539 1.69285
-0.59528 1.69282
-0.59516 1.69279
-0.59505 1.69277
-0.59493 1.69274
-0.59482 1.69271
-0.59470 1.69268
-0.59458 1.69265
-0.59447 1.69262
-0.59435 1.69260
-0.59424 1.69257
-0.59412 1.69254
-0.59401 1.69251
-0.59389 1.69248
-0.59378 1.69245
-0.59366 1.69243
-0.59355 1.69240
-0.59343 1.69237
-0.59333 1.69240
-0.59324 1.69243
-0.59314 1.69247
-0.59305 1.69250
-0.59295 1.69253
-0.59285 1.69257
-0.59276 1.69260
-0.59266 1.69264
-0.59257 1.69267
-0.59247 1.69270
-0.59237 1.69274
-0.59228 1.69277
-0.59218 1.69281
-0.59209 1.69284
-0.59199 1.69287
-0.59189 1.69291
-0.59180 1.69294
-0.59170 1.69297
-0.59161 1.69301
-0.59151 1.69304
-0.59141 1.69308
-0.59132 1.69311
-0.59122 1.69314
-0.59113 1.69318
-0.59103 1.69321
-0.59093 1.69324
-0.59084 1.69328
-0.59074 1.69331
-0.59064 1.69334
-0.59055 1.69338
-0.59045 1.69341
-0.59036 1.69344
-0.59026 1.69348
-0.59016 1.69351
-0.59007 1.69355
-0.58997 1.69358
-0.58987 1.69361
-0.58978 1.69365
-0.58968 1.69368
-0.58959 1.69371
-0.58949 1.69375
-0.58939 1.69378
-0.58930 1.69381
-0.58920 1.69384
-0.58910 1.69388
-0.58901 1.69391
-0.58891 1.69394
-0.58881 1.69398
-0.58872 1.69401
-0.58862 1.69404
-0.58853 1.69408
-0.58843 1.69411
-0.58833 1.69414
-0.58824 1.69418
-0.58814 1.69421
-0.58804 1.69424
-0.58795 1.69427
-0.58785 1.69431
-0.58775 1.69434
-0.58766 1.69437
-0.58756 1.69441
-0.58746 1.69444
-0.58737 1.69447
-0.58727 1.69450
-0.58717 1.69454
-0.58708 1.69457
-0.58698 1.69460
-0.58688 1.69463
-0.58679 1.69467
-0.58669 1.69470
-0.58659 1.69473
-0.58650 1.69476
-0.58640 1.69480
-0.58630 1.69483
-0.58621 1.69486
-0.58611 1.69489
-0.58601 1.69493
-0.58592 1.69496
-0.58582 1.69499
-0.58572 1.69502
-0.58563 1.69506
-0.58553 1.69509
-0.58543 1.69512
-0.58533 1.69515
-0.58524 1.69519
-0.58514 1.69522
-0.58504 1.69525
-0.58495 1.69528
-0.58485 1.69532
-0.58475 1.69535
-0.58466 1.69538
-0.58456 1.69541
-0.58446 1.69544
-0.58437 1.69548
-0.58427 1.69551
-0.58417 1.69554
-0.58407 1.69557
-0.58398 1.69560
-0.58388 1.69564
-0.58378 1.69567
-0.58369 1.69570
-0.58359 1.69573
-0.58349 1.69576
-0.58339 1.69580
-0.58330 1.69583
-0.58320 1.69586
-0.58310 1.69589
-0.58301 1.69592
-0.58291 1.69595
-0.58281 1.69599
-0.58271 1.69602
-0.58262 1.69605
-0.58252 1.69608
-0.58242 1.69611
-0.58232 1.69614
-0.58223 1.69618
-0.58213 1.69621
-0.58203 1.69624
-0.58194 1.69627
-0.58184 1.69630
-0.58174 1.69633
-0.58164 1.69636
-0.58155 1.69640
-0.58145 1.69643
-0.58135 1.69646
-0.58125 1.69649
-0.58116 1.69652
-0.58106 1.69655
-0.58096 1.69658
-0.58086 1.69662
-0.58077 1.69665
-0.58067 1.69668
-0.58057 1.69671
-0.58047 1.69674
-0.58038 1.69677
-0.58028 1.69680
-0.58018 1.69683
-0.58008 1.69687
-0.57999 1.69690
-0.57989 1.69693
-0.57979 1.69696
-0.57969 1.69699
-0.57960 1.69702
-0.57950 1.69705
-0.57940 1.69708
-0.57930 1.69711
-0.57920 1.69714
-0.57911 1.69718
-0.57901 1.69721
-0.57891 1.69724
-0.57881 1.69727
-0.57872 1.69730
-0.57862 1.69733
-0.57852 1.69736
-0.57842 1.69739
-0.57832 1.69742
-0.57823 1.69745
-0.57813 1.69748
-0.57803 1.69751
-0.57793 1.69754
-0.57784 1.69757
-0.57774 1.69761
-0.57764 1.69764
-0.57754 1.69767
-0.57744 1.69770
-0.57735 1.69773
-0.57725 1.69776
-0.57715 1.69779
-0.57705 1.69782
-0.57695 1.69785
-0.57686 1.69788
-0.57676 1.69791
-0.57666 1.69794
-0.57656 1.69797
-0.57646 1.69800
-0.57637 1.69803
-0.57627 1.69806
-0.57617 1.69809
-0.57607 1.69812
-0.57597 1.69815
-0.57588 1.69818
-0.57578 1.69821
-0.57568 1.69824
-0.57558 1.69827
-0.57548 1.69830
-0.57538 1.69833
-0.57529 1.69836
-0.57519 1.69839
-0.57509 1.69842
-0.57499 1.69845
-0.57489 1.69848
-0.57480 1.69851
-0.57470 1.69854
-0.57460 1.69857
-0.57450 1.69860
-0.57440 1.69863
-0.57430 1.69866
-0.57421 1.69869
-0.57411 1.69872
-0.57401 1.69875
-0.57391 1.69878
-0.57381 1.69881
-0.57371 1.69884
-0.57362 1.69887
-0.57352 1.69890
-0.57342 1.69893
-0.57332 1.69896
-0.57322 1.69899
-0.57312 1.69902
-0.57302 1.69905
-0.57293 1.69908
-0.57283 1.69911
-0.57273 1.69914
-0.57263 1.69916
-0.57253 1.69919
-0.57243 1.69922
-0.57233 1.69925
-0.57224 1.69928
-0.57214 1.69931
-0.57204 1.69934
-0.57194 1.69937
-0.57184 1.69940
-0.57174 1.69943
-0.57164 1.69946
-0.57154 1.69947
-0.57142 1.69944
-0.57131 1.69941
-0.57119 1.69937
-0.57107 1.69934
-0.57095 1.69931
-0.57084 1.69927
-0.57072 1.69924
-0.57060 1.69921
-0.57049 1.69917
-0.57037 1.69914
-0.57025 1.69911
-0.57013 1.69907
-0.57002 1.69904
-0.56990 1.69901
-0.56978 1.69897
-0.56966 1.69894
-0.56955 1.69891
-0.56943 1.69887
-0.56931 1.69884
-0.56920 1.69881
-0.56908 1.69877
-0.56896 1.69874
-0.56884 1.69871
-0.56873 1.69867
-0.56861 1.69864
-0.56849 1.69861
-0.56837 1.69857
-0.56826 1.69854
-0.56814 1.69851
-0.56802 1.69847
-0.56791 1.69844
-0.56779 1.69841
-0.56767 1.69837
-0.56755 1.69834
-0.56744 1.69830
-0.56732 1.69827
-0.56720 1.69824
-0.56708 1.69820
-0.56697 1.69817
-0.56685 1.69814
-0.56673 1.69810
-0.56661 1.69807
-0.56650 1.69803
-0.56638 1.69800
-0.56626 1.69797
-0.56614 1.69793
-0.56603 1.69790
-0.56591 1.69786
-0.56579 1.69783
-0.56567 1.69780
-0.56556 1.69776
-0.56544 1.69773
-0.56532 1.69769
-0.56521 1.69766
-0.56509 1.69763
-0.56497 1.69759
-0.56485 1.69756
-0.56474 1.69752
-0.56462 1.69749
-0.56450 1.69746
-0.56438 1.69742
-0.56427 1.69739
-0.56415 1.69735
-0.56403 1.69732
-0.56391 1.69728
-0.56380 1.69725
-0.56368 1.69722
-0.56356 1.69718
-0.56344 1.69715
-0.56333 1.69711
-0.56321 1.69708
-0.56309 1.69704
-0.56297 1.69701
-0.56286 1.69697
-0.56274 1.69694
-0.56262 1.69691
-0.56250 1.69687
-0.56239 1.69684
-0.56227 1.69680
-0.56215 1.69677
-0.56203 1.69673
-0.56192 1.69670
-0.56180 1.69666
-0.56168 1.69663
-0.56156 1.69659
-0.56145 1.69656
-0.56133 1.69652
-0.56121 1.69649
-0.56109 1.69646
-0.56097 1.69642
-0.56086 1.69639
-0.56074 1.69635
-0.56062 1.69632
-0.56050 1.69628
-0.56039 1.69625
-0.56027 1.69621
-0.56015 1.69618
-0.56003 1.69614
-0.55992 1.69611
-0.55980 1.69607
-0.55968 1.69604
-0.55956 1.69600
-0.55945 1.69597
-0.55933 1.69593
-0.55921 1.69590
-0.55909 1.69586
-0.55898 1.69583
-0.55886 1.69579
-0.55874 1.69576
-0.55862 1.69572
-0.55850 1.69569
-0.55839 1.69565
-0.55827 1.69562
-0.55815 1.69558
-0.55803 1.69554
-0.55792 1.69551
-0.55780 1.69547
-0.55768 1.69544
-0.55756 1.69540
-0.55745 1.69537
-0.55733 1.69533
-0.55721 1.69530
-0.55709 1.69526
-0.55697 1.69523
-0.55686 1.69519
-0.55674 1.69516
-0.55662 1.69512
-0.55650 1.69508
-0.55639 1.69505
-0.55627 1.69501
-0.55615 1.69498
-0.55603 1.69494
-0.55592 1.69491
-0.55580 1.69487
-0.55568 1.69483
-0.55556 1.69480
-0.55544 1.69476
-0.55533 1.69473
-0.55521 1.69469
-0.55509 1.69466
-0.55497 1.69462
-0.55486 1.69458
-0.55474 1.69455
-0.55462 1.69451
-0.55450 1.69448
-0.55438 1.69444
-0.55427 1.69441
-0.55415 1.69437
-0.55403 1.69433
-0.55391 1.69430
-0.55379 1.69426
-0.55368 1.69423
-0.55356 1.69419
-0.55344 1.69415
-0.55332 1.69412
-0.55321 1.69408
-0.55309 1.69404
-0.55297 1.69401
-0.55285 1.69397
-0.55273 1.69394
-0.55262 1.69390
-0.55250 1.69386
-0.55238 1.69383
-0.55226 1.69379
-0.55215 1.69376
-0.55203 1.69372
-0.55191 1.69368
-0.55179 1.69365
-0.55167 1.69361
-0.55156 1.69357
-0.55144 1.69354
-0.55132 1.69350
-0.55120 1.69346
-0.55108 1.69343
-0.55097 1.69339
-0.55085 1.69335
-0.55073 1.69332
-0.55061 1.69328
-0.55049 1.69325
-0.55038 1.69321
-0.55026 1.69317
-0.55014 1.69314
-0.55002 1.69310
-0.54990 1.69306
-0.54979 1.69303
-0.54967 1.69299
-0.54955 1.69295
-0.54943 1.69292
-0.54931 1.69288
-0.54920 1.69284
-0.54908 1.69281
-0.54896 1.69277
-0.54884 1.69273
-0.54872 1.69269
-0.54861 1.69266
-0.54849 1.69262
-0.54837 1.69258
-0.54825 1.69255
-0.54813 1.69251
-0.54802 1.69247
-0.54790 1.69244
-0.54778 1.69240
-0.54766 1.69236
-0.54754 1.69233
-0.54743 1.69229
-0.54731 1.69225
-0.54719 1.69221
-0.54707 1.69218
-0.54695 1.69214
-0.54684 1.69210
-0.54672 1.69207
-0.54660 1.69203
-0.54648 1.69199
-0.54636 1.69195
-0.54625 1.69192
-0.54613 1.69188
-0.54601 1.69184
-0.54589 1.69180
-0.54577 1.69177
-0.54566 1.69173
-0.54554 1.69169
-0.54542 1.69165
-0.54530 1.69162
-0.54518 1.69158
-0.54507 1.69154
-0.54495 1.69151
-0.54483 1.69147
-0.54471 1.69143
-0.54459 1.69139
-0.54447 1.69135
-0.54436 1.69132
-0.54424 1.69128
-0.54412 1.69124
-0.54400 1.69120
-0.54388 1.69117
-0.54377 1.69113
-0.54365 1.69109
-0.54353 1.69105
-0.54341 1.69102
-0.54329 1.69098
-0.54318 1.69094
-0.54306 1.69090
-0.54294 1.69086
-0.54282 1.69083
-0.54270 1.69079
-0.54258 1.69075
-0.54247 1.69071
-0.54235 1.69068
-0.54223 1.69064
-0.54211 1.69060
-0.54199 1.69056
-0.54188 1.69052
-0.54176 1.69049
-0.54164 1.69045
-0.54152 1.69041
-0.54140 1.69037
-0.54128 1.69033
-0.54117 1.69030
-0.54105 1.69026
-0.54093 1.69022
-0.54081 1.69018
-0.54069 1.69014
-0.54057 1.69010
-0.54046 1.69007
-0.54034 1.69003
-0.54022 1.68999
-0.54010 1.68995
-0.53998 1.68991
-0.53987 1.68987
-0.53975 1.68984
-0.53963 1.68980
-0.53951 1.68976
-0.53939 1.68972
-0.53927 1.68968
-0.53916 1.68964
-0.53904 1.68961
-0.53892 1.68957
-0.53880 1.68953
-0.53868 1.68949
-0.53856 1.68945
-0.53845 1.68941
-0.53833 1.68937
-0.53821 1.68934
-0.53809 1.68930
-0.53797 1.68926
-0.53785 1.68922
-0.53774 1.68918
-0.53762 1.68914
-0.53750 1.68910
-0.53738 1.68906
-0.53726 1.68903
-0.53714 1.68899
-0.53703 1.68895
-0.53691 1.68891
-0.53679 1.68887
-0.53667 1.68883
-0.53655 1.68879
-0.53643 1.68875
-0.53632 1.68872
-0.53620 1.68868
-0.53608 1.68864
-0.53596 1.68860
-0.53584 1.68856
-0.53572 1.68852
-0.53560 1.68848
-0.53549 1.68844
-0.53537 1.68840
-0.53525 1.68836
-0.53513 1.68832
-0.53501 1.68829
-0.53489 1.68825
-0.53478 1.68821
-0.53466 1.68817
-0.53454 1.68813
-0.53442 1.68809
-0.53430 1.68805
-0.53418 1.68801
-0.53407 1.68797
-0.53395 1.68793
-0.53383 1.68789
-0.53371 1.68785
-0.53359 1.68781
-0.53347 1.68777
-0.53335 1.68774
-0.53324 1.68770
-0.53312 1.68766
-0.53300 1.68762
-0.53288 1.68758
-0.53276 1.68754
-0.53264 1.68750
-0.53253 1.68746
-0.53241 1.68742
-0.53229 1.68738
-0.53217 1.68734
-0.53205 1.68730
-0.53193 1.68726
-0.53181 1.68722
-0.53170 1.68718
-0.53158 1.68714
-0.53146 1.68710
-0.53134 1.68706
-0.53122 1.68702
-0.53110 1.68698
-0.53098 1.68694
-0.53087 1.68690
-0.53075 1.68686
-0.53063 1.68682
-0.53051 1.68678
-0.53039 1.68674
-0.53027 1.68670
-0.53015 1.68666
-0.53004 1.68662
-0.52992 1.68658
-0.52980 1.68654
-0.52968 1.68650
-0.52956 1.68646
-0.52944 1.68642
-0.52932 1.68638
-0.52921 1.68634
-0.52909 1.68630
-0.52897 1.68626
-0.52885 1.68622
-0.52873 1.68618
-0.52861 1.68614
-0.52849 1.68610
-0.52838 1.68606
-0.52826 1.68602
-0.52814 1.68598
-0.52802 1.68594
-0.52790 1.68590
-0.52778 1.68586
-0.52766 1.68582
-0.52755 1.68578
-0.52743 1.68574
-0.52727 1.68555
-0.52710 1.68533
-0.52693 1.68510
-0.52676 1.68487
-0.52658 1.68465
-0.52641 1.68442
-0.52624 1.68419
-0.52607 1.68396
-0.52590 1.68374
-0.52573 1.68351
-0.52556 1.68328
-0.52539 1.68306
-0.52522 1.68283
-0.52505 1.68260
-0.52488 1.68238
-0.52471 1.68215
-0.52454 1.68192
-0.52437 1.68169
-0.52420 1.68147
-0.52403 1.68124
-0.52386 1.68101
-0.52369 1.68078
-0.52351 1.68056
-0.52334 1.68033
-0.52317 1.68010
-0.52300 1.67987
-0.52283 1.67965
-0.52266 1.67942
-0.52249 1.67919
-0.52232 1.67896
-0.52215 1.67874
-0.52198 1.67851
-0.52181 1.67828
-0.52164 1.67805
-0.52147 1.67783
-0.52130 1.67760
-0.52113 1.67737
-0.52096 1.67714
-0.52079 1.67691
-0.52062 1.67669
-0.52044 1.67646
-0.52027 1.67623
-0.52010 1.67600
-0.51993 1.67577
-0.51976 1.67555
-0.51959 1.67532
-0.51942 1.67509
-0.51925 1.67486
-0.51908 1.67463
-0.51891 1.67440
-0.51874 1.67418
-0.51857 1.67395
-0.51840 1.67372
-0.51823 1.67349
-0.51806 1.67326
-0.51789 1.67303
-0.51772 1.67280
-0.51755 1.67258
-0.51738 1.67235
-0.51720 1.67212
-0.51703 1.67189
-0.51686 1.67166
-0.51669 1.67143
-0.51652 1.67120
-0.51635 1.67098
-0.51618 1.67075
-0.51601 1.67052
-0.51584 1.67029
-0.51567 1.67006
-0.51550 1.66983
-0.51533 1.66960
-0.51516 1.66937
-0.51499 1.66914
-0.51482 1.66891
-0.51465 1.66868
-0.51448 1.66846
-0.51431 1.66823
-0.51413 1.66800
-0.51396 1.66777
-0.51379 1.66754
-0.51362 1.66731
-0.51345 1.66708
-0.51328 1.66685
-0.51311 1.66662
-0.51294 1.66639
-0.51277 1.66616
-0.51260 1.66593
-0.51243 1.66570
-0.51226 1.66547
-0.51209 1.66524
-0.51192 1.66501
-0.51175 1.66478
-0.51158 1.66455
-0.51141 1.66432
-0.51124 1.66409
-0.51107 1.66386
-0.51089 1.66363
-0.51072 1.66340
-0.51055 1.66317
-0.51038 1.66294
-0.51021 1.66271
-0.51004 1.66248
-0.50987 1.66225
-0.50970 1.66202
-0.50953 1.66179
-0.50936 1.66156
-0.50919 1.66133
-0.50902 1.66110
-0.50885 1.66087
-0.50868 1.66064
-0.50851 1.66041
-0.50834 1.66018
-0.50817 1.65995
-0.50800 1.65972
-0.50782 1.65949
-0.50765 1.65926
-0.50748 1.65903
-0.50731 1.65880
-0.50714 1.65857
-0.50697 1.65833
-0.50680 1.65810
-0.50663 1.65787
-0.50646 1.65764
-0.50629 1.65741
-0.50612 1.65718
-0.50595 1.65695
-0.50578 1.65672
-0.50561 1.65649
-0.50544 1.65626
-0.50527 1.65602
-0.50510 1.65579
-0.50493 1.65556
-0.50475 1.65533
-0.50458 1.65510
-0.50441 1.65487
-0.50424 1.65464
-0.50407 1.65441
-0.50390 1.65417
-0.50373 1.65394
-0.50356 1.65371
-0.50339 1.65348
-0.50322 1.65325
-0.50305 1.65302
-0.50288 1.65279
-0.50271 1.65255
-0.50254 1.65232
-0.50237 1.65209
-0.50220 1.65186
-0.50203 1.65163
-0.50186 1.65139
