-0.54177 1.47559
-0.54164 1.47542
-0.54150 1.47524
-0.54137 1.47507
-0.54124 1.47490
-0.54110 1.47473
-0.54097 1.47456
-0.54084 1.47438
-0.54071 1.47421
-0.54057 1.47404
-0.54044 1.47387
-0.54031 1.47370
-0.54017 1.47352
-0.54004 1.47335
-0.53991 1.47318
-0.53977 1.47301
-0.53964 1.47283
-0.53951 1.47266
-0.53938 1.47249
-0.53924 1.47232
-0.53911 1.47214
-0.53898 1.47197
-0.53884 1.47180
-0.53871 1.47163
-0.53858 1.47146
-0.53844 1.47128
-0.53831 1.47111
-0.53818 1.47094
-0.53804 1.47077
-0.53791 1.47059
-0.53778 1.47042
-0.53765 1.47025
-0.53751 1.47007
-0.53738 1.46990
-0.53725 1.46973
-0.53711 1.46956
-0.53698 1.46938
-0.53685 1.46921
-0.53671 1.46904
-0.53658 1.46887
-0.53645 1.46869
-0.53631 1.46852
-0.53618 1.46835
-0.53605 1.46817
-0.53592 1.46800
-0.53578 1.46783
-0.53565 1.46765
-0.53552 1.46748
-0.53538 1.46731
-0.53525 1.46714
-0.53512 1.46696
-0.53498 1.46679
-0.53485 1.46662
-0.53472 1.46644
-0.53458 1.46627
-0.53445 1.46610
-0.53432 1.46592
-0.53418 1.46575
-0.53405 1.46558
-0.53392 1.46540
-0.53379 1.46523
-0.53365 1.46506
-0.53352 1.46488
-0.53339 1.46471
-0.53325 1.46454
-0.53312 1.46436
-0.53299 1.46419
-0.53285 1.46402
-0.53272 1.46384
-0.53259 1.46367
-0.53245 1.46350
-0.53232 1.46332
-0.53219 1.46315
-0.53205 1.46297
-0.53192 1.46280
-0.53179 1.46263
-0.53165 1.46245
-0.53152 1.46228
-0.53139 1.46211
-0.53125 1.46193
-0.53112 1.46176
-0.53099 1.46158
-0.53086 1.46141
-0.53072 1.46124
-0.53059 1.46106
-0.53046 1.46089
-0.53032 1.46071
-0.53019 1.46054
-0.53006 1.46037
-0.52992 1.46019
-0.52979 1.46002
-0.52966 1.45984
-0.52952 1.45967
-0.52939 1.45950
-0.52926 1.45932
-0.52912 1.45915
-0.52899 1.45897
-0.52886 1.45880
-0.52872 1.45862
-0.52859 1.45845
-0.52846 1.45828
-0.52832 1.45810
-0.52819 1.45793
-0.52806 1.45775
-0.52792 1.45758
-0.52779 1.45740
-0.52766 1.45723
-0.52752 1.45705
-0.52739 1.45688
-0.52726 1.45671
-0.52712 1.45653
-0.52699 1.45636
-0.52686 1.45618
-0.52672 1.45601
-0.52659 1.45583
-0.52646 1.45566
-0.52632 1.45548
-0.52619 1.45531
-0.52606 1.45513
-0.52592 1.45496
-0.52579 1.45478
-0.52566 1.45461
-0.52552 1.45443
-0.52539 1.45426
-0.52526 1.45408
-0.52512 1.45391
-0.52499 1.45373
-0.52486 1.45356
-0.52472 1.45338
-0.52459 1.45321
-0.52446 1.45303
-0.52432 1.45286
-0.52419 1.45268
-0.52406 1.45251
-0.52392 1.45233
-0.52379 1.45216
-0.52366 1.45198
-0.52352 1.45181
-0.52339 1.45163
-0.52326 1.45146
-0.52312 1.45128
-0.52299 1.45111
-0.52286 1.45093
-0.52272 1.45075
-0.52259 1.45058
-0.52246 1.45040
-0.52232 1.45023
-0.52219 1.45005
-0.52205 1.44988
-0.52192 1.44970
-0.52179 1.44953
-0.52165 1.44935
-0.52152 1.44917
-0.52139 1.44900
-0.52125 1.44882
-0.52112 1.44865
-0.52099 1.44847
-0.52085 1.44830
-0.52072 1.44812
-0.52059 1.44794
-0.52045 1.44777
-0.52032 1.44759
-0.52019 1.44742
-0.52005 1.44724
-0.51992 1.44706
-0.51979 1.44689
-0.51965 1.44671
-0.51952 1.44654
-0.51938 1.44636
-0.51925 1.44618
-0.51912 1.44601
-0.51898 1.44583
-0.51885 1.44566
-0.51872 1.44548
-0.51858 1.44530
-0.51845 1.44513
-0.51832 1.44495
-0.51818 1.44477
-0.51805 1.44460
-0.51792 1.44442
-0.51778 1.44425
-0.51765 1.44407
-0.51752 1.44389
-0.51738 1.44372
-0.51725 1.44354
-0.51711 1.44336
-0.51698 1.44319
-0.51685 1.44301
-0.51671 1.44283
-0.51658 1.44266
-0.51645 1.44248
-0.51631 1.44230
-0.51618 1.44213
-0.51605 1.44195
-0.51591 1.44177
-0.51578 1.44160
-0.51564 1.44142
-0.51551 1.44124
-0.51538 1.44107
-0.51524 1.44089
-0.51511 1.44071
-0.51498 1.44054
-0.51484 1.44036
-0.51472 1.44021
-0.51461 1.44011
-0.51451 1.44001
-0.51440 1.43992
-0.51430 1.43982
-0.51419 1.43972
-0.51409 1.43962
-0.51398 1.43952
-0.51388 1.43942
-0.51377 1.43932
-0.51367 1.43923
-0.51356 1.43913
-0.51346 1.43903
-0.51335 1.43893
-0.51325 1.43883
-0.51315 1.43873
-0.51304 1.43863
-0.51294 1.43854
-0.51283 1.43844
-0.51273 1.43834
-0.51262 1.43824
-0.51252 1.43814
-0.51241 1.43804
-0.51231 1.43794
-0.51220 1.43784
-0.51210 1.43775
-0.51199 1.43765
-0.51189 1.43755
-0.51178 1.43745
-0.51168 1.43735
-0.51157 1.43725
-0.51147 1.43715
-0.51136 1.43705
-0.51126 1.43696
-0.51115 1.43686
-0.51105 1.43676
-0.51094 1.43666
-0.51084 1.43656
-0.51073 1.43646
-0.51062 1.43636
-0.51052 1.43626
-0.51041 1.43616
-0.51031 1.43606
-0.51020 1.43597
-0.51010 1.43587
-0.50999 1.43577
-0.50989 1.43567
-0.50978 1.43557
-0.50968 1.43547
-0.50957 1.43537
-0.50947 1.43527
-0.50936 1.43517
-0.50926 1.43507
-0.50915 1.43497
-0.50905 1.43487
-0.50894 1.43478
-0.50884 1.43468
-0.50873 1.43458
-0.50863 1.43448
-0.50852 1.43438
-0.50842 1.43428
-0.50831 1.43418
-0.50821 1.43408
-0.50810 1.43398
-0.50800 1.43388
-0.50789 1.43378
-0.50779 1.43368
-0.50768 1.43358
-0.50758 1.43348
-0.50747 1.43338
-0.50737 1.43329
-0.50726 1.43319
-0.50716 1.43309
-0.50705 1.43299
-0.50695 1.43289
-0.50684 1.43279
-0.50674 1.43269
-0.50663 1.43259
-0.50653 1.43249
-0.50642 1.43239
-0.50632 1.43229
-0.50621 1.43219
-0.50611 1.43209
-0.50600 1.43199
-0.50590 1.43189
-0.50579 1.43179
-0.50569 1.43169
-0.50558 1.43159
-0.50548 1.43149
-0.50537 1.43139
-0.50527 1.43129
-0.50516 1.43119
-0.50506 1.43109
-0.50495 1.43099
-0.50485 1.43089
-0.50474 1.43079
-0.50464 1.43069
-0.50453 1.43059
-0.50443 1.43049
-0.50432 1.43039
-0.50422 1.43029
-0.50411 1.43019
-0.50401 1.43009
-0.50390 1.42999
-0.50380 1.42989
-0.50369 1.42979
-0.50359 1.42969
-0.50348 1.42959
-0.50337 1.42949
-0.50327 1.42939
-0.50316 1.42929
-0.50306 1.42919
-0.50295 1.42909
-0.50285 1.42899
-0.50274 1.42889
-0.50264 1.42879
-0.50253 1.42869
-0.50243 1.42859
-0.50232 1.42849
-0.50222 1.42839
-0.50211 1.42829
-0.50201 1.42819
-0.50190 1.42809
-0.50180 1.42799
-0.50169 1.42789
-0.50159 1.42779
-0.50148 1.42769
-0.50138 1.42759
-0.50127 1.42749
-0.50117 1.42739
-0.50106 1.42729
-0.50096 1.42719
-0.50085 1.42709
-0.50075 1.42699
-0.50064 1.42689
-0.50054 1.42679
-0.50043 1.42669
-0.50033 1.42659
-0.50022 1.42649
-0.50012 1.42639
-0.50001 1.42629
-0.49990 1.42619
-0.49980 1.42608
-0.49969 1.42598
-0.49959 1.42588
-0.49948 1.42578
-0.49938 1.42568
-0.49927 1.42558
-0.49917 1.42548
-0.49906 1.42538
-0.49896 1.42528
-0.49885 1.42518
-0.49875 1.42508
-0.49864 1.42498
-0.49854 1.42488
-0.49843 1.42478
-0.49833 1.42468
-0.49822 1.42457
-0.49812 1.42447
-0.49801 1.42437
-0.49791 1.42427
-0.49780 1.42417
-0.49770 1.42407
-0.49759 1.42397
-0.49749 1.42387
-0.49738 1.42377
-0.49727 1.42367
-0.49717 1.42357
-0.49706 1.42347
-0.49696 1.42336
-0.49685 1.42326
-0.49675 1.42316
-0.49664 1.42306
-0.49654 1.42296
-0.49643 1.42286
-0.49633 1.42276
-0.49622 1.42266
-0.49612 1.42256
-0.49601 1.42246
-0.49591 1.42235
-0.49580 1.42225
-0.49570 1.42215
-0.49559 1.42205
-0.49549 1.42195
-0.49538 1.42185
-0.49528 1.42175
-0.49517 1.42165
-0.49506 1.42155
-0.49496 1.42144
-0.49485 1.42134
-0.49475 1.42124
-0.49464 1.42114
-0.49454 1.42104
-0.49443 1.42094
-0.49433 1.42084
-0.49422 1.42073
-0.49412 1.42063
-0.49401 1.42053
-0.49391 1.42043
-0.49380 1.42033
-0.49370 1.42023
-0.49359 1.42013
-0.49349 1.42002
-0.49338 1.41992
-0.49325 1.41976
-0.49312 1.41958
-0.49299 1.41940
-0.49285 1.41922
-0.49272 1.41904
-0.49258 1.41886
-0.49245 1.41868
-0.49232 1.41850
-0.49218 1.41832
-0.49205 1.41813
-0.49191 1.41795
-0.49178 1.41777
-0.49164 1.41759
-0.49151 1.41741
-0.49138 1.41723
-0.49124 1.41705
-0.49111 1.41687
-0.49097 1.41668
-0.49084 1.41650
-0.49071 1.41632
-0.49057 1.41614
-0.49044 1.41596
-0.49030 1.41578
-0.49017 1.41560
-0.49004 1.41542
-0.48990 1.41523
-0.48977 1.41505
-0.48963 1.41487
-0.48950 1.41469
-0.48936 1.41451
-0.48923 1.41433
-0.48910 1.41414
-0.48896 1.41396
-0.48883 1.41378
-0.48869 1.41360
-0.48856 1.41342
-0.48843 1.41324
-0.48829 1.41305
-0.48816 1.41287
-0.48802 1.41269
-0.48789 1.41251
-0.48775 1.41233
-0.48762 1.41214
-0.48749 1.41196
-0.48735 1.41178
-0.48722 1.41160
-0.48708 1.41142
-0.48695 1.41123
-0.48681 1.41105
-0.48668 1.41087
-0.48655 1.41069
-0.48641 1.41051
-0.48628 1.41032
-0.48614 1.41014
-0.48601 1.40996
-0.48587 1.40978
-0.48574 1.40959
-0.48561 1.40941
-0.48547 1.40923
-0.48534 1.40905
-0.48520 1.40886
-0.48507 1.40868
-0.48493 1.40850
-0.48480 1.40832
-0.48467 1.40813
-0.48453 1.40795
-0.48440 1.40777
-0.48426 1.40759
-0.48413 1.40740
-0.48399 1.40722
-0.48386 1.40704
-0.48373 1.40686
-0.48359 1.40667
-0.48346 1.40649
-0.48332 1.40631
-0.48319 1.40613
-0.48305 1.40594
-0.48292 1.40576
-0.48278 1.40558
-0.48265 1.40539
-0.48252 1.40521
-0.48238 1.40503
-0.48225 1.40484
-0.48211 1.40466
-0.48198 1.40448
-0.48184 1.40430
-0.48171 1.40411
-0.48157 1.40393
-0.48144 1.40375
-0.48131 1.40356
-0.48117 1.40338
-0.48104 1.40320
-0.48090 1.40301
-0.48077 1.40283
-0.48063 1.40265
-0.48050 1.40246
-0.48036 1.40228
-0.48023 1.40210
-0.48010 1.40191
-0.47996 1.40173
-0.47983 1.40155
-0.47969 1.40136
-0.47958 1.40123
-0.47946 1.40110
-0.47934 1.40097
-0.47923 1.40084
-0.47911 1.40071
-0.47900 1.40058
-0.47888 1.40045
-0.47877 1.40032
-0.47865 1.40019
-0.47854 1.40006
-0.47842 1.39993
-0.47831 1.39980
-0.47819 1.39966
-0.47808 1.39953
-0.47796 1.39940
-0.47785 1.39927
-0.47773 1.39914
-0.47762 1.39901
-0.47750 1.39888
-0.47739 1.39875
-0.47727 1.39862
-0.47716 1.39849
-0.47704 1.39836
-0.47693 1.39823
-0.47681 1.39810
-0.47669 1.39797
-0.47658 1.39784
-0.47646 1.39771
-0.47635 1.39758
-0.47623 1.39745
-0.47612 1.39731
-0.47600 1.39718
-0.47589 1.39705
-0.47577 1.39692
-0.47566 1.39679
-0.47554 1.39666
-0.47543 1.39653
-0.47531 1.39640
-0.47520 1.39627
-0.47508 1.39614
-0.47497 1.39601
-0.47485 1.39588
-0.47474 1.39574
-0.47462 1.39561
-0.47450 1.39548
-0.47439 1.39535
-0.47427 1.39522
-0.47416 1.39509
-0.47404 1.39496
-0.47393 1.39483
-0.47381 1.39470
-0.47370 1.39457
-0.47358 1.39443
-0.47347 1.39430
-0.47335 1.39417
-0.47324 1.39404
-0.47312 1.39391
-0.47301 1.39378
-0.47289 1.39365
-0.47278 1.39352
-0.47266 1.39338
-0.47254 1.39325
-0.47243 1.39312
-0.47231 1.39299
-0.47220 1.39286
-0.47208 1.39273
-0.47197 1.39260
-0.47185 1.39246
-0.47174 1.39233
-0.47162 1.39220
-0.47151 1.39207
-0.47139 1.39194
-0.47128 1.39181
-0.47116 1.39168
-0.47104 1.39154
-0.47093 1.39141
-0.47081 1.39128
-0.47070 1.39115
-0.47058 1.39102
-0.47047 1.39089
-0.47035 1.39075
-0.47024 1.39062
-0.47012 1.39049
-0.47001 1.39036
-0.46989 1.39023
-0.46978 1.39010
-0.46966 1.38996
-0.46954 1.38983
-0.46943 1.38970
-0.46931 1.38957
-0.46920 1.38944
-0.46908 1.38931
-0.46897 1.38917
-0.46885 1.38904
-0.46874 1.38891
-0.46862 1.38878
-0.46851 1.38865
-0.46839 1.38851
-0.46828 1.38838
-0.46816 1.38825
-0.46804 1.38812
-0.46793 1.38799
-0.46781 1.38785
-0.46770 1.38772
-0.46758 1.38759
-0.46747 1.38746
-0.46735 1.38733
-0.46724 1.38719
-0.46712 1.38706
-0.46701 1.38693
-0.46689 1.38680
-0.46677 1.38666
-0.46666 1.38653
-0.46654 1.38640
-0.46643 1.38627
-0.46631 1.38613
-0.46620 1.38600
-0.46608 1.38587
-0.46597 1.38574
-0.46585 1.38561
-0.46574 1.38547
-0.46562 1.38534
-0.46550 1.38521
-0.46539 1.38508
-0.46527 1.38494
-0.46516 1.38481
-0.46504 1.38468
-0.46493 1.38455
-0.46481 1.38441
-0.46470 1.38428
-0.46458 1.38415
-0.46446 1.38401
-0.46435 1.38388
-0.46423 1.38375
-0.46412 1.38362
-0.46400 1.38348
-0.46389 1.38335
-0.46377 1.38322
-0.46366 1.38309
-0.46354 1.38295
-0.46342 1.38282
-0.46331 1.38269
-0.46319 1.38255
-0.46308 1.38242
-0.46296 1.38229
-0.46285 1.38216
-0.46273 1.38202
-0.46262 1.38189
-0.46250 1.38176
-0.46238 1.38162
-0.46227 1.38149
-0.46215 1.38136
-0.46204 1.38123
-0.46192 1.38109
-0.46181 1.38096
-0.46169 1.38083
-0.46158 1.38069
-0.46146 1.38056
-0.46134 1.38043
-0.46123 1.38029
-0.46111 1.38016
-0.46100 1.38003
-0.46088 1.37989
-0.46077 1.37976
-0.46065 1.37963
-0.46054 1.37949
-0.46042 1.37936
-0.46030 1.37923
-0.46019 1.37909
-0.46007 1.37896
-0.45996 1.37883
-0.45984 1.37869
-0.45973 1.37856
-0.45961 1.37843
-0.45949 1.37829
-0.45938 1.37816
-0.45926 1.37803
-0.45915 1.37789
-0.45903 1.37776
-0.45892 1.37763
-0.45880 1.37749
-0.45868 1.37736
-0.45857 1.37723
-0.45845 1.37709
-0.45834 1.37696
-0.45822 1.37682
-0.45811 1.37669
-0.45799 1.37656
-0.45788 1.37642
-0.45776 1.37629
-0.45764 1.37616
-0.45753 1.37602
-0.45741 1.37589
-0.45730 1.37575
-0.45718 1.37562
-0.45707 1.37549
-0.45695 1.37535
-0.45683 1.37522
-0.45672 1.37508
-0.45660 1.37495
-0.45649 1.37482
-0.45637 1.37468
-0.45626 1.37455
-0.45614 1.37442
-0.45602 1.37428
-0.45591 1.37415
-0.45579 1.37401
-0.45568 1.37388
-0.45556 1.37374
-0.45545 1.37361
-0.45533 1.37348
-0.45521 1.37334
-0.45510 1.37321
-0.45498 1.37307
-0.45487 1.37294
-0.45475 1.37281
-0.45463 1.37267
-0.45452 1.37254
-0.45440 1.37240
-0.45429 1.37227
-0.45417 1.37213
-0.45406 1.37200
-0.45394 1.37187
-0.45382 1.37173
-0.45371 1.37160
-0.45359 1.37146
-0.45348 1.37133
-0.45336 1.37119
-0.45325 1.37106
-0.45313 1.37092
-0.45301 1.37079
-0.45290 1.37065
-0.45278 1.37052
-0.45267 1.37039
-0.45255 1.37025
-0.45243 1.37012
-0.45232 1.36998
-0.45220 1.36985
-0.45209 1.36971
-0.45197 1.36958
-0.45186 1.36944
-0.45174 1.36931
-0.45162 1.36917
-0.45151 1.36904
-0.45139 1.36890
-0.45128 1.36877
-0.45116 1.36863
-0.45104 1.36850
-0.45093 1.36836
-0.45081 1.36823
-0.45070 1.36809
-0.45058 1.36796
-0.45047 1.36782
-0.45035 1.36769
-0.45023 1.36755
-0.45012 1.36742
-0.45000 1.36728
-0.44989 1.36715
-0.44977 1.36701
-0.44965 1.36688
-0.44954 1.36674
-0.44942 1.36661
-0.44931 1.36647
-0.44919 1.36634
-0.44907 1.36620
-0.44896 1.36607
-0.44884 1.36593
-0.44873 1.36580
-0.44861 1.36566
-0.44849 1.36553
-0.44838 1.36539
-0.44826 1.36526
-0.44815 1.36512
-0.44803 1.36499
-0.44792 1.36485
-0.44780 1.36471
-0.44768 1.36458
-0.44757 1.36444
-0.44745 1.36431
-0.44734 1.36417
-0.44722 1.36404
-0.44710 1.36390
-0.44699 1.36377
-0.44687 1.36363
-0.44676 1.36349
-0.44664 1.36336
-0.44652 1.36322
-0.44641 1.36309
-0.44629 1.36295
-0.44618 1.36282
-0.44606 1.36268
-0.44594 1.36255
-0.44583 1.36241
-0.44571 1.36227
-0.44560 1.36214
-0.44548 1.36200
-0.44536 1.36187
-0.44525 1.36173
-0.44513 1.36159
-0.44502 1.36146
-0.44490 1.36132
-0.44478 1.36119
-0.44467 1.36105
-0.44455 1.36091
-0.44444 1.36078
-0.44431 1.36062
-0.44417 1.36042
-0.44404 1.36023
-0.44390 1.36004
-0.44377 1.35985
-0.44363 1.35966
-0.44350 1.35947
-0.44336 1.35928
-0.44322 1.35909
-0.44309 1.35890
-0.44295 1.35871
-0.44282 1.35852
-0.44268 1.35833
-0.44255 1.35813
-0.44241 1.35794
-0.44227 1.35775
-0.44214 1.35756
-0.44200 1.35737
-0.44187 1.35718
-0.44173 1.35699
-0.44159 1.35680
-0.44146 1.35661
-0.44132 1.35641
-0.44119 1.35622
-0.44105 1.35603
-0.44092 1.35584
-0.44078 1.35565
-0.44064 1.35546
-0.44051 1.35527
-0.44037 1.35508
-0.44024 1.35488
-0.44010 1.35469
-0.43996 1.35450
-0.43983 1.35431
-0.43969 1.35412
-0.43956 1.35393
-0.43942 1.35373
-0.43928 1.35354
-0.43915 1.35335
-0.43901 1.35316
-0.43888 1.35297
-0.43874 1.35278
-0.43861 1.35258
-0.43847 1.35239
-0.43833 1.35220
-0.43820 1.35201
-0.43806 1.35182
-0.43793 1.35162
-0.43779 1.35143
-0.43765 1.35124
-0.43752 1.35105
-0.43738 1.35086
-0.43725 1.35066
-0.43711 1.35047
-0.43697 1.35028
-0.43684 1.35009
-0.43670 1.34989
-0.43656 1.34970
-0.43643 1.34951
-0.43629 1.34932
-0.43616 1.34912
-0.43602 1.34893
-0.43588 1.34874
-0.43575 1.34855
-0.43561 1.34835
-0.43548 1.34816
-0.43534 1.34797
-0.43520 1.34778
-0.43507 1.34758
-0.43493 1.34739
-0.43480 1.34720
-0.43466 1.34701
-0.43452 1.34681
-0.43439 1.34662
-0.43425 1.34643
-0.43411 1.34623
-0.43398 1.34604
-0.43384 1.34585
-0.43371 1.34566
-0.43357 1.34546
-0.43343 1.34527
-0.43330 1.34508
-0.43316 1.34488
-0.43303 1.34469
-0.43289 1.34450
-0.43275 1.34430
-0.43262 1.34411
-0.43248 1.34392
-0.43234 1.34372
-0.43221 1.34353
-0.43207 1.34334
-0.43193 1.34315
-0.43180 1.34295
-0.43166 1.34276
-0.43153 1.34256
-0.43139 1.34237
-0.43125 1.34218
-0.43112 1.34198
-0.43098 1.34179
-0.43084 1.34160
-0.43071 1.34140
-0.43057 1.34121
-0.43045 1.34104
-0.43032 1.34089
-0.43020 1.34074
-0.43008 1.34059
-0.42996 1.34044
-0.42984 1.34028
-0.42972 1.34013
-0.42960 1.33998
-0.42947 1.33983
-0.42935 1.33967
-0.42923 1.33952
-0.42911 1.33937
-0.42899 1.33922
-0.42887 1.33906
-0.42874 1.33891
-0.42862 1.33876
-0.42850 1.33860
-0.42838 1.33845
-0.42826 1.33830
-0.42814 1.33815
-0.42802 1.33799
-0.42789 1.33784
-0.42777 1.33769
-0.42765 1.33754
-0.42753 1.33738
-0.42741 1.33723
-0.42729 1.33708
-0.42716 1.33692
-0.42704 1.33677
-0.42692 1.33662
-0.42680 1.33647
-0.42668 1.33631
-0.42656 1.33616
-0.42643 1.33601
-0.42631 1.33585
-0.42619 1.33570
-0.42607 1.33555
-0.42595 1.33539
-0.42583 1.33524
-0.42570 1.33509
-0.42558 1.33493
-0.42546 1.33478
-0.42534 1.33463
-0.42522 1.33447
-0.42510 1.33432
-0.42497 1.33417
-0.42485 1.33401
-0.42473 1.33386
-0.42461 1.33371
-0.42449 1.33355
-0.42437 1.33340
-0.42424 1.33325
-0.42412 1.33309
-0.42400 1.33294
-0.42388 1.33279
-0.42376 1.33263
-0.42364 1.33248
-0.42351 1.33233
-0.42339 1.33217
-0.42327 1.33202
-0.42315 1.33187
-0.42303 1.33171
-0.42291 1.33156
-0.42278 1.33140
-0.42266 1.33125
-0.42254 1.33110
-0.42242 1.33094
-0.42230 1.33079
-0.42218 1.33064
-0.42205 1.33048
-0.42193 1.33033
-0.42181 1.33017
-0.42169 1.33002
-0.42157 1.32987
-0.42144 1.32971
-0.42132 1.32956
-0.42120 1.32940
-0.42108 1.32925
-0.42096 1.32910
-0.42084 1.32894
-0.42071 1.32879
-0.42059 1.32863
-0.42047 1.32848
-0.42035 1.32832
-0.42023 1.32817
-0.42010 1.32802
-0.41998 1.32786
-0.41986 1.32771
-0.41974 1.32755
-0.41962 1.32740
-0.41950 1.32724
-0.41937 1.32709
-0.41925 1.32694
-0.41913 1.32678
-0.41901 1.32663
-0.41889 1.32647
-0.41876 1.32632
-0.41864 1.32616
-0.41852 1.32601
-0.41840 1.32585
-0.41828 1.32570
-0.41815 1.32555
-0.41803 1.32539
-0.41791 1.32524
-0.41779 1.32508
-0.41767 1.32493
-0.41754 1.32477
-0.41742 1.32462
-0.41730 1.32446
-0.41718 1.32431
-0.41706 1.32415
-0.41693 1.32400
-0.41681 1.32384
-0.41669 1.32369
-0.41657 1.32353
-0.41645 1.32338
-0.41632 1.32322
-0.41620 1.32307
-0.41608 1.32291
-0.41596 1.32276
-0.41584 1.32260
-0.41571 1.32245
-0.41559 1.32229
-0.41547 1.32214
-0.41535 1.32198
-0.41523 1.32183
-0.41510 1.32167
-0.41498 1.32152
-0.41486 1.32136
-0.41474 1.32121
-0.41462 1.32105
-0.41449 1.32090
-0.41437 1.32074
-0.41425 1.32059
-0.41413 1.32043
-0.41401 1.32027
-0.41388 1.32012
-0.41376 1.31996
-0.41364 1.31981
-0.41352 1.31965
-0.41340 1.31950
-0.41327 1.31934
-0.41315 1.31919
-0.41303 1.31903
-0.41291 1.31888
-0.41278 1.31872
-0.41266 1.31856
-0.41254 1.31841
-0.41242 1.31825
-0.41230 1.31810
-0.41217 1.31794
-0.41205 1.31779
-0.41193 1.31763
-0.41181 1.31747
-0.41169 1.31732
-0.41156 1.31716
-0.41144 1.31701
-0.41132 1.31685
-0.41120 1.31669
-0.41107 1.31654
-0.41095 1.31638
-0.41083 1.31623
-0.41071 1.31607
-0.41059 1.31591
-0.41046 1.31576
-0.41034 1.31560
-0.41022 1.31545
-0.41010 1.31529
-0.40997 1.31513
-0.40985 1.31498
-0.40973 1.31482
-0.40961 1.31466
-0.40949 1.31451
-0.40936 1.31435
-0.40924 1.31420
-0.40912 1.31404
-0.40900 1.31388
-0.40887 1.31373
-0.40875 1.31357
-0.40863 1.31341
-0.40851 1.31326
-0.40839 1.31310
-0.40826 1.31294
-0.40814 1.31279
-0.40802 1.31263
-0.40790 1.31247
-0.40777 1.31232
-0.40765 1.31216
-0.40753 1.31200
-0.40741 1.31185
-0.40728 1.31169
-0.40716 1.31153
-0.40704 1.31138
-0.40692 1.31122
-0.40679 1.31106
-0.40667 1.31091
-0.40655 1.31075
-0.40643 1.31059
-0.40631 1.31044
-0.40618 1.31028
-0.40606 1.31012
-0.40594 1.30997
-0.40582 1.30981
-0.40569 1.30965
-0.40557 1.30949
-0.40545 1.30934
-0.40533 1.30918
-0.40520 1.30902
-0.40508 1.30887
-0.40496 1.30871
-0.40484 1.30855
-0.40471 1.30839
-0.40459 1.30824
-0.40447 1.30808
-0.40435 1.30792
-0.40422 1.30777
-0.40410 1.30761
-0.40398 1.30745
-0.40386 1.30729
-0.40373 1.30714
-0.40361 1.30698
-0.40349 1.30682
-0.40337 1.30666
-0.40324 1.30651
-0.40312 1.30635
-0.40300 1.30619
-0.40288 1.30603
-0.40275 1.30588
-0.40263 1.30572
-0.40251 1.30556
-0.40239 1.30540
-0.40226 1.30525
-0.40214 1.30509
-0.40202 1.30493
-0.40190 1.30477
-0.40177 1.30461
-0.40165 1.30446
-0.40153 1.30430
-0.40141 1.30414
-0.40128 1.30398
-0.40116 1.30383
-0.40104 1.30367
-0.40092 1.30351
-0.40079 1.30335
-0.40067 1.30319
-0.40055 1.30304
-0.40042 1.30288
-0.40030 1.30272
-0.40018 1.30256
-0.40006 1.30240
-0.39993 1.30224
-0.39981 1.30209
-0.39969 1.30193
-0.39957 1.30177
-0.39944 1.30161
-0.39932 1.30145
-0.39920 1.30130
-0.39908 1.30114
-0.39895 1.30098
-0.39883 1.30082
-0.39871 1.30066
-0.39858 1.30050
-0.39846 1.30034
-0.39834 1.30019
-0.39822 1.30003
-0.39809 1.29987
-0.39797 1.29971
-0.39785 1.29955
-0.39773 1.29939
-0.39760 1.29924
-0.39748 1.29908
-0.39736 1.29892
-0.39723 1.29876
-0.39711 1.29860
-0.39699 1.29844
-0.39687 1.29828
-0.39674 1.29812
-0.39662 1.29797
-0.39650 1.29781
-0.39637 1.29765
-0.39625 1.29749
-0.39613 1.29733
-0.39601 1.29717
-0.39588 1.29701
-0.39576 1.29685
-0.39564 1.29669
-0.39551 1.29653
-0.39539 1.29638
-0.39527 1.29622
-0.39515 1.29606
-0.39502 1.29590
-0.39490 1.29574
-0.39478 1.29558
-0.39465 1.29542
-0.39453 1.29526
-0.39441 1.29510
-0.39429 1.29494
-0.39416 1.29478
-0.39404 1.29462
-0.39392 1.29447
-0.39379 1.29431
-0.39367 1.29415
-0.39355 1.29399
-0.39343 1.29383
-0.39330 1.29367
-0.39318 1.29351
-0.39306 1.29335
-0.39293 1.29319
-0.39281 1.29303
-0.39269 1.29287
-0.39256 1.29271
-0.39244 1.29255
-0.39232 1.29239
-0.39220 1.29223
-0.39207 1.29207
-0.39195 1.29191
-0.39183 1.29175
-0.39170 1.29159
-0.39158 1.29143
-0.39146 1.29127
-0.39133 1.29111
-0.39121 1.29095
-0.39109 1.29079
-0.39097 1.29063
-0.39084 1.29047
-0.39072 1.29031
-0.39060 1.29015
-0.39047 1.28999
-0.39035 1.28983
-0.39023 1.28967
-0.39010 1.28951
-0.38998 1.28935
-0.38986 1.28919
-0.38973 1.28903
-0.38961 1.28887
-0.38949 1.28871
-0.38937 1.28855
-0.38924 1.28839
-0.38912 1.28823
-0.38900 1.28807
-0.38887 1.28791
-0.38875 1.28775
-0.38863 1.28759
-0.38850 1.28743
-0.38838 1.28727
-0.38826 1.28711
-0.38813 1.28695
-0.38801 1.28679
-0.38789 1.28663
-0.38776 1.28647
-0.38764 1.28631
-0.38752 1.28614
-0.38739 1.28598
-0.38727 1.28582
-0.38715 1.28566
-0.38703 1.28550
-0.38690 1.28534
-0.38678 1.28518
-0.38666 1.28502
-0.38653 1.28486
-0.38641 1.28470
-0.38629 1.28454
-0.38616 1.28438
-0.38604 1.28421
-0.38592 1.28405
-0.38579 1.28389
-0.38567 1.28373
-0.38555 1.28357
-0.38542 1.28341
-0.38530 1.28325
-0.38518 1.28309
-0.38505 1.28293
-0.38493 1.28277
-0.38481 1.28260
-0.38468 1.28244
-0.38456 1.28228
-0.38444 1.28212
-0.38431 1.28196
-0.38419 1.28180
-0.38407 1.28164
-0.38394 1.28148
-0.38382 1.28131
-0.38370 1.28115
-0.38357 1.28099
-0.38345 1.28083
-0.38333 1.28067
-0.38320 1.28051
-0.38308 1.28034
-0.38296 1.28018
-0.38283 1.28002
-0.38271 1.27986
-0.38259 1.27970
-0.38246 1.27954
-0.38234 1.27937
-0.38221 1.27921
-0.38209 1.27905
-0.38197 1.27889
-0.38184 1.27873
-0.38172 1.27857
-0.38160 1.27840
-0.38147 1.27824
-0.38135 1.27808
-0.38123 1.27792
-0.38110 1.27776
-0.38098 1.27759
-0.38086 1.27743
-0.38073 1.27727
-0.38060 1.27709
-0.38046 1.27688
-0.38032 1.27668
-0.38019 1.27647
-0.38005 1.27627
-0.37991 1.27606
-0.37977 1.27586
-0.37963 1.27565
-0.37949 1.27545
-0.37935 1.27524
-0.37921 1.27504
-0.37907 1.27483
-0.37893 1.27463
-0.37880 1.27442
-0.37866 1.27422
-0.37852 1.27401
-0.37838 1.27380
-0.37824 1.27360
-0.37810 1.27339
-0.37796 1.27319
-0.37782 1.27298
-0.37768 1.27278
-0.37754 1.27257
-0.37740 1.27236
-0.37726 1.27216
-0.37713 1.27195
-0.37699 1.27175
-0.37685 1.27154
-0.37671 1.27133
-0.37657 1.27113
-0.37643 1.27092
-0.37629 1.27072
-0.37615 1.27051
-0.37601 1.27030
-0.37587 1.27010
-0.37573 1.26989
-0.37559 1.26968
-0.37545 1.26948
-0.37531 1.26927
-0.37518 1.26907
-0.37504 1.26886
-0.37490 1.26865
-0.37476 1.26845
-0.37462 1.26824
-0.37448 1.26803
-0.37434 1.26783
-0.37420 1.26762
-0.37406 1.26741
-0.37392 1.26721
-0.37378 1.26700
-0.37364 1.26679
-0.37350 1.26659
-0.37336 1.26638
-0.37322 1.26617
-0.37308 1.26597
-0.37294 1.26576
-0.37281 1.26555
-0.37267 1.26534
-0.37253 1.26514
-0.37239 1.26493
-0.37225 1.26472
-0.37211 1.26452
-0.37197 1.26431
-0.37183 1.26410
-0.37169 1.26389
-0.37155 1.26369
-0.37141 1.26348
-0.37127 1.26327
-0.37113 1.26306
-0.37099 1.26286
-0.37085 1.26265
-0.37071 1.26244
-0.37057 1.26223
-0.37043 1.26203
-0.37029 1.26182
-0.37015 1.26161
-0.37001 1.26140
-0.36987 1.26120
-0.36973 1.26099
-0.36959 1.26078
-0.36945 1.26057
-0.36931 1.26036
-0.36917 1.26016
-0.36903 1.25995
-0.36889 1.25974
-0.36875 1.25953
-0.36862 1.25932
-0.36848 1.25912
-0.36834 1.25891
-0.36820 1.25870
-0.36806 1.25849
-0.36792 1.25828
-0.36778 1.25807
-0.36764 1.25787
-0.36750 1.25766
-0.36736 1.25745
-0.36722 1.25724
-0.36708 1.25703
-0.36694 1.25682
-0.36680 1.25661
-0.36666 1.25641
-0.36652 1.25620
-0.36638 1.25599
-0.36624 1.25578
-0.36610 1.25557
-0.36596 1.25536
-0.36582 1.25515
-0.36568 1.25494
-0.36554 1.25474
-0.36540 1.25453
-0.36526 1.25432
-0.36512 1.25411
-0.36498 1.25390
-0.36484 1.25369
-0.36470 1.25348
-0.36456 1.25327
-0.36442 1.25306
-0.36428 1.25285
-0.36414 1.25264
-0.36400 1.25244
-0.36385 1.25223
-0.36371 1.25202
-0.36357 1.25181
-0.36343 1.25160
-0.36329 1.25139
-0.36315 1.25118
-0.36301 1.25097
-0.36287 1.25076
-0.36273 1.25055
-0.36259 1.25034
-0.36245 1.25013
-0.36231 1.24992
-0.36217 1.24971
-0.36203 1.24950
-0.36189 1.24929
-0.36175 1.24908
-0.36161 1.24887
-0.36147 1.24866
-0.36133 1.24845
-0.36119 1.24824
-0.36105 1.24803
-0.36091 1.24782
-0.36077 1.24761
-0.36063 1.24740
-0.36049 1.24719
-0.36035 1.24698
-0.36021 1.24677
-0.36007 1.24656
-0.35993 1.24635
-0.35979 1.24614
-0.35964 1.24593
-0.35950 1.24572
-0.35936 1.24551
-0.35922 1.24530
-0.35908 1.24509
-0.35894 1.24487
-0.35880 1.24466
-0.35866 1.24445
-0.35852 1.24424
-0.35838 1.24403
-0.35824 1.24382
-0.35810 1.24361
-0.35796 1.24340
-0.35782 1.24319
-0.35768 1.24298
-0.35754 1.24277
-0.35740 1.24256
-0.35725 1.24234
-0.35711 1.24213
-0.35697 1.24192
-0.35683 1.24171
-0.35669 1.24150
-0.35655 1.24129
-0.35641 1.24108
-0.35627 1.24086
-0.35613 1.24065
-0.35599 1.24044
-0.35585 1.24023
-0.35571 1.24002
-0.35557 1.23981
-0.35542 1.23960
-0.35528 1.23938
-0.35514 1.23917
-0.35500 1.23896
-0.35486 1.23875
-0.35472 1.23854
-0.35458 1.23833
-0.35444 1.23811
-0.35430 1.23790
-0.35416 1.23769
-0.35402 1.23748
-0.35387 1.23727
-0.35373 1.23705
-0.35359 1.23684
-0.35345 1.23663
-0.35331 1.23642
-0.35317 1.23620
-0.35303 1.23599
-0.35289 1.23578
-0.35275 1.23557
-0.35261 1.23536
-0.35246 1.23514
-0.35232 1.23493
-0.35218 1.23472
-0.34544 1.21626
-0.34523 1.21587
-0.34502 1.21547
-0.34482 1.21508
-0.34461 1.21468
-0.34440 1.21429
-0.34419 1.21389
-0.34399 1.21350
-0.34378 1.21310
-0.34357 1.21271
-0.34336 1.21231
-0.34316 1.21192
-0.34295 1.21152
-0.34274 1.21113
-0.34253 1.21073
-0.34232 1.21034
-0.34212 1.20994
-0.34191 1.20955
-0.34170 1.20915
-0.34149 1.20875
-0.34128 1.20836
-0.34108 1.20796
-0.34087 1.20756
-0.34066 1.20717
-0.34045 1.20677
-0.34024 1.20637
-0.34003 1.20598
-0.33983 1.20558
-0.33962 1.20518
-0.33941 1.20478
-0.33920 1.20439
-0.33899 1.20399
-0.33878 1.20359
-0.33857 1.20319
-0.33837 1.20280
-0.33816 1.20240
-0.33795 1.20200
-0.33774 1.20160
-0.33753 1.20120
-0.33732 1.20080
-0.33711 1.20040
-0.33690 1.20001
-0.33669 1.19961
-0.33648 1.19921
-0.33627 1.19881
-0.33607 1.19841
-0.33586 1.19801
-0.33565 1.19761
-0.33544 1.19721
-0.33523 1.19681
-0.33502 1.19641
-0.33481 1.19601
-0.33460 1.19561
-0.33439 1.19521
-0.33418 1.19481
-0.33397 1.19441
-0.33376 1.19401
-0.33355 1.19361
-0.33334 1.19321
-0.33313 1.19281
-0.33292 1.19241
-0.33271 1.19200
-0.33250 1.19160
-0.33229 1.19120
-0.33208 1.19080
-0.33187 1.19040
-0.33166 1.19000
-0.33145 1.18959
-0.33124 1.18919
-0.33103 1.18879
-0.33082 1.18839
-0.33060 1.18798
-0.33039 1.18758
-0.33018 1.18718
-0.32997 1.18678
-0.32976 1.18637
-0.32955 1.18597
-0.32934 1.18557
-0.32913 1.18516
-0.32892 1.18476
-0.32871 1.18436
-0.32850 1.18395
-0.32828 1.18355
-0.32807 1.18315
-0.32786 1.18274
-0.32765 1.18234
-0.32744 1.18193
-0.32723 1.18153
-0.32702 1.18112
-0.32680 1.18072
-0.32659 1.18031
-0.32638 1.17991
-0.32617 1.17950
-0.32596 1.17910
-0.32575 1.17869
-0.32553 1.17829
-0.32532 1.17788
-0.32511 1.17748
-0.32490 1.17707
-0.32469 1.17667
-0.32447 1.17626
-0.32426 1.17585
