-0.80880 1.82272
-0.80872 1.82260
-0.80865 1.82248
-0.80858 1.82236
-0.80851 1.82224
-0.80844 1.82212
-0.80836 1.82200
-0.80829 1.82188
-0.80822 1.82176
-0.80815 1.82164
-0.80808 1.82152
-0.80800 1.82140
-0.80793 1.82128
-0.80786 1.82116
-0.80779 1.82104
-0.80772 1.82092
-0.80764 1.82080
-0.80757 1.82068
-0.80750 1.82056
-0.80743 1.82044
-0.80736 1.82032
-0.80728 1.82020
-0.80721 1.82008
-0.80714 1.81996
-0.80707 1.81984
-0.80700 1.81972
-0.80692 1.81960
-0.80685 1.81948
-0.80678 1.81936
-0.80671 1.81924
-0.80664 1.81912
-0.80656 1.81900
-0.80649 1.81888
-0.80642 1.81876
-0.80635 1.81864
-0.80628 1.81852
-0.80620 1.81840
-0.80613 1.81828
-0.80606 1.81816
-0.80599 1.81804
-0.80592 1.81792
-0.80584 1.81780
-0.80577 1.81768
-0.80570 1.81756
-0.80563 1.81744
-0.80556 1.81732
-0.80548 1.81720
-0.80541 1.81708
-0.80534 1.81696
-0.80527 1.81684
-0.80520 1.81672
-0.80512 1.81660
-0.80505 1.81648
-0.80498 1.81636
-0.80491 1.81624
-0.80484 1.81612
-0.80476 1.81600
-0.80469 1.81588
-0.80462 1.81576
-0.80455 1.81564
-0.80448 1.81552
-0.80440 1.81540
-0.80433 1.81528
-0.80426 1.81516
-0.80419 1.81504
-0.80412 1.81492
-0.80404 1.81480
-0.80397 1.81468
-0.80390 1.81456
-0.80383 1.81444
-0.80376 1.81432
-0.80368 1.81420
-0.80361 1.81408
-0.80354 1.81396
-0.80347 1.81384
-0.80340 1.81372
-0.80332 1.81360
-0.80325 1.81348
-0.80318 1.81336
-0.80311 1.81323
-0.80304 1.81311
-0.80296 1.81299
-0.80289 1.81287
-0.80282 1.81275
-0.80275 1.81263
-0.80268 1.81251
-0.80260 1.81239
-0.80253 1.81227
-0.80246 1.81215
-0.80239 1.81203
-0.80232 1.81191
-0.80224 1.81179
-0.80217 1.81167
-0.80210 1.81155
-0.80203 1.81143
-0.80195 1.81131
-0.80188 1.81119
-0.80181 1.81107
-0.80174 1.81095
-0.80167 1.81083
-0.80159 1.81071
-0.80152 1.81059
-0.80145 1.81047
-0.80138 1.81035
-0.80131 1.81022
-0.80123 1.81010
-0.80116 1.80998
-0.80109 1.80986
-0.80102 1.80974
-0.80095 1.80962
-0.80087 1.80950
-0.80080 1.80938
-0.80073 1.80926
-0.80066 1.80914
-0.80059 1.80902
-0.80051 1.80890
-0.80044 1.80878
-0.80037 1.80866
-0.80030 1.80854
-0.80023 1.80842
-0.80015 1.80830
-0.80008 1.80818
-0.80001 1.80806
-0.79994 1.80793
-0.79987 1.80781
-0.79979 1.80769
-0.79972 1.80757
-0.79965 1.80745
-0.79958 1.80733
-0.79950 1.80721
-0.79943 1.80709
-0.79936 1.80697
-0.79929 1.80685
-0.79922 1.80673
-0.79914 1.80661
-0.79907 1.80649
-0.79900 1.80637
-0.79893 1.80625
-0.79886 1.80612
-0.79878 1.80600
-0.79871 1.80588
-0.79864 1.80576
-0.79857 1.80564
-0.79850 1.80552
-0.79842 1.80540
-0.79835 1.80528
-0.79828 1.80516
-0.79821 1.80504
-0.79814 1.80492
-0.79806 1.80480
-0.79799 1.80468
-0.79792 1.80455
-0.79785 1.80443
-0.79777 1.80431
-0.79770 1.80419
-0.79763 1.80407
-0.79756 1.80395
-0.79749 1.80383
-0.79741 1.80371
-0.79734 1.80359
-0.79727 1.80347
-0.79720 1.80335
-0.79713 1.80323
-0.79705 1.80310
-0.79698 1.80298
-0.79691 1.80286
-0.79684 1.80274
-0.79677 1.80262
-0.79669 1.80250
-0.79662 1.80238
-0.79655 1.80226
-0.79648 1.80214
-0.79640 1.80202
-0.79633 1.80190
-0.79626 1.80177
-0.79619 1.80165
-0.79612 1.80153
-0.79604 1.80141
-0.79597 1.80129
-0.79590 1.80117
-0.79583 1.80105
-0.79576 1.80093
-0.79568 1.80081
-0.79561 1.80069
-0.79554 1.80057
-0.79547 1.80044
-0.79540 1.80032
-0.79532 1.80020
-0.79525 1.80008
-0.79518 1.79996
-0.79511 1.79984
-0.79503 1.79972
-0.79496 1.79960
-0.79489 1.79948
-0.79482 1.79935
-0.79475 1.79923
-0.79467 1.79911
-0.79460 1.79899
-0.79453 1.79887
-0.79446 1.79875
-0.79439 1.79863
-0.79431 1.79851
-0.79424 1.79839
-0.79417 1.79826
-0.79410 1.79814
-0.79402 1.79802
-0.79395 1.79790
-0.79388 1.79778
-0.79381 1.79766
-0.79374 1.79754
-0.79366 1.79742
-0.79359 1.79730
-0.79352 1.79717
-0.79345 1.79705
-0.79338 1.79693
-0.79330 1.79681
-0.79323 1.79669
-0.79316 1.79657
-0.79309 1.79645
-0.79301 1.79633
-0.79294 1.79620
-0.79287 1.79608
-0.79280 1.79596
-0.79273 1.79584
-0.79267 1.79572
-0.79262 1.79560
-0.79258 1.79548
-0.79253 1.79535
-0.79248 1.79523
-0.79243 1.79511
-0.79239 1.79499
-0.79234 1.79487
-0.79229 1.79475
-0.79224 1.79462
-0.79220 1.79450
-0.79215 1.79438
-0.79210 1.79426
-0.79205 1.79414
-0.79201 1.79402
-0.79196 1.79389
-0.79191 1.79377
-0.79186 1.79365
-0.79182 1.79353
-0.79177 1.79341
-0.79172 1.79329
-0.79167 1.79316
-0.79163 1.79304
-0.79158 1.79292
-0.79153 1.79280
-0.79148 1.79268
-0.79144 1.79255
-0.79139 1.79243
-0.79134 1.79231
-0.79129 1.79219
-0.79125 1.79207
-0.79120 1.79195
-0.79115 1.79182
-0.79110 1.79170
-0.79106 1.79158
-0.79101 1.79146
-0.79096 1.79134
-0.79091 1.79122
-0.79087 1.79109
-0.79082 1.79097
-0.79077 1.79085
-0.79072 1.79073
-0.79068 1.79061
-0.79063 1.79048
-0.79058 1.79036
-0.79053 1.79024
-0.79049 1.79012
-0.79044 1.79000
-0.79039 1.78987
-0.79034 1.78975
-0.79030 1.78963
-0.79025 1.78951
-0.79020 1.78939
-0.79015 1.78927
-0.79011 1.78914
-0.79006 1.78902
-0.79001 1.78890
-0.78996 1.78878
-0.78992 1.78866
-0.78987 1.78853
-0.78982 1.78841
-0.78977 1.78829
-0.78972 1.78817
-0.78968 1.78805
-0.78963 1.78792
-0.78958 1.78780
-0.78953 1.78768
-0.78949 1.78756
-0.78944 1.78744
-0.78939 1.78731
-0.78934 1.78719
-0.78930 1.78707
-0.78925 1.78695
-0.78920 1.78683
-0.78915 1.78670
-0.78910 1.78658
-0.78906 1.78646
-0.78901 1.78634
-0.78896 1.78622
-0.78891 1.78609
-0.78887 1.78597
-0.78882 1.78585
-0.78877 1.78573
-0.78872 1.78560
-0.78868 1.78548
-0.78863 1.78536
-0.78858 1.78524
-0.78853 1.78512
-0.78848 1.78499
-0.78844 1.78487
-0.78839 1.78475
-0.78834 1.78463
-0.78829 1.78451
-0.78825 1.78438
-0.78820 1.78426
-0.78815 1.78414
-0.78810 1.78402
-0.78805 1.78389
-0.78801 1.78377
-0.78796 1.78365
-0.78791 1.78353
-0.78786 1.78341
-0.78782 1.78328
-0.78777 1.78316
-0.78772 1.78304
-0.78767 1.78292
-0.78762 1.78280
-0.78758 1.78267
-0.78753 1.78255
-0.78748 1.78243
-0.78743 1.78231
-0.78738 1.78218
-0.78734 1.78206
-0.78729 1.78194
-0.78724 1.78182
-0.78719 1.78169
-0.78715 1.78157
-0.78710 1.78145
-0.78705 1.78133
-0.78700 1.78121
-0.78695 1.78108
-0.78691 1.78096
-0.78686 1.78084
-0.78681 1.78072
-0.78676 1.78059
-0.78671 1.78047
-0.78667 1.78035
-0.78662 1.78023
-0.78657 1.78010
-0.78652 1.77998
-0.78647 1.77986
-0.78643 1.77974
-0.78638 1.77962
-0.78633 1.77949
-0.78628 1.77937
-0.78623 1.77925
-0.78619 1.77913
-0.78614 1.77900
-0.78609 1.77888
-0.78604 1.77876
-0.78600 1.77864
-0.78595 1.77851
-0.78590 1.77839
-0.78585 1.77827
-0.78580 1.77815
-0.78576 1.77802
-0.78571 1.77790
-0.78566 1.77778
-0.78561 1.77766
-0.78556 1.77753
-0.78552 1.77741
-0.78547 1.77729
-0.78542 1.77717
-0.78537 1.77704
-0.78532 1.77692
-0.78527 1.77680
-0.78523 1.77668
-0.78518 1.77655
-0.78513 1.77643
-0.78508 1.77631
-0.78503 1.77619
-0.78499 1.77606
-0.78494 1.77594
-0.78489 1.77582
-0.78484 1.77570
-0.78479 1.77557
-0.78475 1.77545
-0.78470 1.77533
-0.78465 1.77521
-0.78460 1.77508
-0.78455 1.77496
-0.78451 1.77484
-0.78446 1.77472
-0.78441 1.77459
-0.78436 1.77447
-0.78431 1.77435
-0.78427 1.77422
-0.78422 1.77410
-0.78417 1.77398
-0.78412 1.77386
-0.78407 1.77373
-0.78402 1.77361
-0.78398 1.77349
-0.78393 1.77337
-0.78388 1.77324
-0.78383 1.77312
-0.78378 1.77300
-0.78374 1.77288
-0.78369 1.77275
-0.78364 1.77263
-0.78359 1.77251
-0.78354 1.77238
-0.78349 1.77226
-0.78345 1.77214
-0.78340 1.77202
-0.78335 1.77189
-0.78330 1.77177
-0.78325 1.77165
-0.78321 1.77152
-0.78316 1.77140
-0.78311 1.77128
-0.78306 1.77116
-0.78301 1.77103
-0.78296 1.77091
-0.78292 1.77079
-0.78287 1.77067
-0.78282 1.77054
-0.78277 1.77042
-0.78272 1.77030
-0.78267 1.77017
-0.78263 1.77005
-0.78258 1.76993
-0.78253 1.76981
-0.78248 1.76968
-0.78243 1.76956
-0.78238 1.76944
-0.78234 1.76931
-0.78229 1.76919
-0.78224 1.76907
-0.78219 1.76895
-0.78214 1.76882
-0.78209 1.76870
-0.78205 1.76858
-0.78200 1.76845
-0.78195 1.76833
-0.78190 1.76821
-0.78185 1.76808
-0.78180 1.76796
-0.78176 1.76784
-0.78171 1.76772
-0.78166 1.76759
-0.78161 1.76747
-0.78156 1.76735
-0.78151 1.76722
-0.78147 1.76710
-0.78142 1.76698
-0.78137 1.76686
-0.78132 1.76673
-0.78127 1.76661
-0.78122 1.76649
-0.78118 1.76636
-0.78113 1.76624
-0.78108 1.76612
-0.78103 1.76599
-0.78098 1.76587
-0.78093 1.76575
-0.78089 1.76562
-0.78084 1.76550
-0.78079 1.76538
-0.78074 1.76526
-0.78069 1.76513
-0.78064 1.76501
-0.78059 1.76489
-0.78055 1.76476
-0.78050 1.76464
-0.78045 1.76452
-0.78040 1.76439
-0.78035 1.76427
-0.78030 1.76415
-0.78026 1.76402
-0.78021 1.76390
-0.78016 1.76378
-0.78011 1.76366
-0.78006 1.76353
-0.78001 1.76341
-0.77996 1.76329
-0.77992 1.76316
-0.77987 1.76304
-0.77982 1.76292
-0.77977 1.76279
-0.77972 1.76267
-0.77967 1.76255
-0.77962 1.76242
-0.77958 1.76230
-0.77953 1.76218
-0.77948 1.76205
-0.77943 1.76193
-0.77938 1.76181
-0.77933 1.76168
-0.77929 1.76156
-0.77924 1.76144
-0.77919 1.76131
-0.77914 1.76119
-0.77909 1.76107
-0.77904 1.76094
-0.77899 1.76082
-0.77894 1.76070
-0.77890 1.76057
-0.77885 1.76045
-0.77880 1.76033
-0.77875 1.76020
-0.77870 1.76008
-0.77865 1.75996
-0.77860 1.75983
-0.77856 1.75971
-0.77851 1.75959
-0.77846 1.75946
-0.77841 1.75934
-0.77836 1.75922
-0.77831 1.75909
-0.77826 1.75897
-0.77822 1.75885
-0.77817 1.75872
-0.77812 1.75860
-0.77807 1.75848
-0.77802 1.75835
-0.77797 1.75823
-0.77792 1.75811
-0.77787 1.75798
-0.77783 1.75786
-0.77778 1.75774
-0.77773 1.75761
-0.77768 1.75749
-0.77763 1.75737
-0.77758 1.75724
-0.77753 1.75712
-0.77749 1.75700
-0.77744 1.75687
-0.77739 1.75675
-0.77734 1.75663
-0.77729 1.75650
-0.77724 1.75638
-0.77719 1.75625
-0.77714 1.75613
-0.77710 1.75601
-0.77705 1.75588
-0.77700 1.75576
-0.77695 1.75564
-0.77690 1.75551
-0.77685 1.75539
-0.77680 1.75527
-0.77675 1.75514
-0.77670 1.75502
-0.77666 1.75490
-0.77661 1.75477
-0.77656 1.75465
-0.77651 1.75452
-0.77646 1.75440
-0.77641 1.75428
-0.77636 1.75415
-0.77631 1.75403
-0.77627 1.75391
-0.77622 1.75378
-0.77617 1.75366
-0.77612 1.75354
-0.77607 1.75341
-0.77602 1.75329
-0.77597 1.75316
-0.77592 1.75304
-0.77587 1.75292
-0.77583 1.75279
-0.77578 1.75267
-0.77573 1.75255
-0.77568 1.75242
-0.77563 1.75230
-0.77558 1.75217
-0.77553 1.75205
-0.77548 1.75193
-0.77543 1.75180
-0.77539 1.75168
-0.77534 1.75156
-0.77529 1.75143
-0.77524 1.75131
-0.77519 1.75118
-0.77514 1.75106
-0.77509 1.75094
-0.77504 1.75081
-0.77499 1.75069
-0.77495 1.75057
-0.77490 1.75044
-0.77485 1.75032
-0.77480 1.75019
-0.77475 1.75007
-0.77470 1.74995
-0.77465 1.74982
-0.77460 1.74970
-0.77455 1.74958
-0.77450 1.74945
-0.77446 1.74933
-0.77441 1.74920
-0.77436 1.74908
-0.77431 1.74896
-0.77426 1.74883
-0.77421 1.74871
-0.77416 1.74858
-0.77411 1.74846
-0.77406 1.74834
-0.77401 1.74821
-0.77397 1.74809
-0.77392 1.74796
-0.77387 1.74784
-0.77382 1.74772
-0.77377 1.74759
-0.77372 1.74747
-0.77367 1.74734
-0.77362 1.74722
-0.77357 1.74710
-0.77352 1.74697
-0.77347 1.74685
-0.77343 1.74672
-0.77338 1.74660
-0.77333 1.74648
-0.77328 1.74635
-0.77323 1.74623
-0.77318 1.74610
-0.77313 1.74598
-0.77308 1.74586
-0.77303 1.74573
-0.77298 1.74561
-0.77293 1.74548
-0.77289 1.74536
-0.77284 1.74524
-0.77279 1.74511
-0.77274 1.74499
-0.77269 1.74486
-0.77264 1.74474
-0.77259 1.74462
-0.77254 1.74449
-0.77249 1.74437
-0.77244 1.74424
-0.77239 1.74412
-0.77234 1.74400
-0.77230 1.74387
-0.77225 1.74375
-0.77220 1.74362
-0.77215 1.74350
-0.77210 1.74337
-0.77205 1.74325
-0.77200 1.74313
-0.77195 1.74300
-0.77190 1.74288
-0.77185 1.74275
-0.77180 1.74263
-0.77175 1.74251
-0.77171 1.74238
-0.77166 1.74226
-0.77161 1.74213
-0.77156 1.74201
-0.77151 1.74188
-0.77146 1.74176
-0.77141 1.74164
-0.77136 1.74151
-0.77131 1.74139
-0.77126 1.74126
-0.77121 1.74114
-0.77116 1.74101
-0.77111 1.74089
-0.77106 1.74077
-0.77102 1.74064
-0.77097 1.74052
-0.77092 1.74039
-0.77087 1.74027
-0.77082 1.74014
-0.77077 1.74002
-0.77072 1.73990
-0.77067 1.73977
-0.77062 1.73965
-0.77057 1.73952
-0.77052 1.73940
-0.77047 1.73927
-0.77042 1.73915
-0.77037 1.73902
-0.77032 1.73890
-0.77028 1.73878
-0.77023 1.73865
-0.77018 1.73853
-0.77013 1.73840
-0.77008 1.73828
-0.77003 1.73815
-0.76998 1.73803
-0.76993 1.73790
-0.76988 1.73778
-0.76983 1.73766
-0.76978 1.73753
-0.76973 1.73741
-0.76968 1.73728
-0.76963 1.73716
-0.76958 1.73703
-0.76953 1.73691
-0.76949 1.73678
-0.76944 1.73666
-0.76939 1.73654
-0.76934 1.73641
-0.76929 1.73629
-0.76924 1.73616
-0.76919 1.73604
-0.76914 1.73591
-0.76909 1.73579
-0.76904 1.73566
-0.76899 1.73554
-0.76894 1.73541
-0.76889 1.73529
-0.76884 1.73517
-0.76879 1.73504
-0.76874 1.73492
-0.76869 1.73479
-0.76864 1.73467
-0.76859 1.73454
-0.76855 1.73442
-0.76850 1.73429
-0.76845 1.73417
-0.76840 1.73404
-0.76835 1.73392
-0.76830 1.73379
-0.76825 1.73367
-0.76820 1.73354
-0.76815 1.73342
-0.76810 1.73330
-0.76805 1.73317
-0.76800 1.73305
-0.76795 1.73292
-0.76790 1.73280
-0.76785 1.73267
-0.76780 1.73255
-0.76775 1.73242
-0.76770 1.73230
-0.76765 1.73217
-0.76760 1.73205
-0.76755 1.73192
-0.76750 1.73180
-0.76745 1.73167
-0.76740 1.73155
-0.76736 1.73142
-0.76731 1.73130
-0.76726 1.73117
-0.76721 1.73105
-0.76716 1.73093
-0.76711 1.73080
-0.76706 1.73068
-0.76701 1.73055
-0.76696 1.73043
-0.76691 1.73030
-0.76686 1.73018
-0.76681 1.73005
-0.76676 1.72993
-0.76671 1.72980
-0.76666 1.72968
-0.76661 1.72955
-0.76656 1.72943
-0.76651 1.72930
-0.76646 1.72918
-0.76641 1.72905
-0.76636 1.72893
-0.76631 1.72880
-0.76626 1.72868
-0.76621 1.72855
-0.76616 1.72843
-0.76611 1.72830
-0.76606 1.72818
-0.76601 1.72805
-0.76596 1.72793
-0.76591 1.72780
-0.76586 1.72768
-0.76582 1.72755
-0.76577 1.72743
-0.76572 1.72730
-0.76567 1.72718
-0.76562 1.72705
-0.76557 1.72693
-0.76552 1.72680
-0.76547 1.72668
-0.76542 1.72655
-0.76537 1.72643
-0.76532 1.72630
-0.76527 1.72618
-0.76522 1.72605
-0.76517 1.72593
-0.76512 1.72580
-0.76507 1.72568
-0.76502 1.72555
-0.76497 1.72543
-0.76492 1.72530
-0.76487 1.72518
-0.76482 1.72505
-0.76477 1.72493
-0.76472 1.72480
-0.76467 1.72468
-0.76462 1.72455
-0.76457 1.72443
-0.76452 1.72430
-0.76447 1.72418
-0.76442 1.72405
-0.76437 1.72393
-0.76432 1.72380
-0.76427 1.72368
-0.76422 1.72355
-0.76417 1.72343
-0.76412 1.72330
-0.76407 1.72317
-0.76402 1.72305
-0.76397 1.72292
-0.76392 1.72280
-0.76387 1.72267
-0.76382 1.72255
-0.76377 1.72242
-0.76372 1.72230
-0.76367 1.72217
-0.76362 1.72205
-0.76357 1.72192
-0.76352 1.72180
-0.76347 1.72167
-0.76342 1.72155
-0.76337 1.72142
-0.76332 1.72130
-0.76327 1.72117
-0.76322 1.72105
-0.76317 1.72092
-0.76312 1.72079
-0.76307 1.72067
-0.76302 1.72054
-0.76297 1.72042
-0.76292 1.72029
-0.76287 1.72017
-0.76282 1.72004
-0.76277 1.71992
-0.76272 1.71979
-0.76267 1.71967
-0.76262 1.71954
-0.76257 1.71942
-0.76252 1.71929
-0.76247 1.71916
-0.76242 1.71904
-0.76237 1.71891
-0.76232 1.71879
-0.76227 1.71866
-0.76222 1.71854
-0.76217 1.71841
-0.76212 1.71829
-0.76207 1.71816
-0.76202 1.71804
-0.76197 1.71791
-0.76192 1.71778
-0.76187 1.71766
-0.76182 1.71753
-0.76177 1.71741
-0.76172 1.71728
-0.76167 1.71716
-0.76162 1.71703
-0.76157 1.71691
-0.76152 1.71678
-0.76147 1.71665
-0.76142 1.71653
-0.76137 1.71640
-0.76132 1.71628
-0.76127 1.71615
-0.76122 1.71603
-0.76117 1.71590
-0.76112 1.71578
-0.76107 1.71565
-0.76102 1.71552
-0.76097 1.71540
-0.76092 1.71527
-0.76087 1.71515
-0.76082 1.71502
-0.76077 1.71490
-0.76072 1.71477
-0.76067 1.71464
-0.76062 1.71452
-0.76057 1.71439
-0.76052 1.71427
-0.76047 1.71414
-0.76042 1.71402
-0.76037 1.71389
-0.76032 1.71377
-0.76026 1.71364
-0.76021 1.71351
-0.76016 1.71339
-0.76011 1.71326
-0.76006 1.71314
-0.76001 1.71301
-0.75996 1.71288
-0.75991 1.71276
-0.75986 1.71263
-0.75981 1.71251
-0.75976 1.71238
-0.75971 1.71226
-0.75966 1.71213
-0.75961 1.71200
-0.75956 1.71188
-0.75951 1.71175
-0.75946 1.71163
-0.75941 1.71150
-0.75936 1.71138
-0.75931 1.71125
-0.75926 1.71112
-0.75921 1.71100
-0.75916 1.71087
-0.75911 1.71075
-0.75906 1.71062
-0.75901 1.71049
-0.75896 1.71037
-0.75891 1.71024
-0.75886 1.71012
-0.75881 1.70999
-0.75876 1.70986
-0.75871 1.70974
-0.75865 1.70961
-0.75860 1.70949
-0.75855 1.70936
-0.75850 1.70924
-0.75845 1.70911
-0.75840 1.70898
-0.75835 1.70886
-0.75830 1.70873
-0.75825 1.70861
-0.75820 1.70848
-0.75815 1.70835
-0.75810 1.70823
-0.75805 1.70810
-0.75800 1.70798
-0.75795 1.70785
-0.75790 1.70772
-0.75785 1.70760
-0.75780 1.70747
-0.75775 1.70735
-0.75770 1.70722
-0.75765 1.70709
-0.75760 1.70697
-0.75755 1.70684
-0.75749 1.70671
-0.75744 1.70659
-0.75739 1.70646
-0.75734 1.70634
-0.75729 1.70621
-0.75724 1.70608
-0.75719 1.70596
-0.75714 1.70583
-0.75709 1.70571
-0.75704 1.70558
-0.75699 1.70545
-0.75694 1.70533
-0.75689 1.70520
-0.75684 1.70508
-0.75679 1.70495
-0.75674 1.70482
-0.75669 1.70470
-0.75664 1.70457
-0.75659 1.70444
-0.75653 1.70432
-0.75648 1.70419
-0.75643 1.70407
-0.75638 1.70394
-0.75633 1.70381
-0.75628 1.70369
-0.75623 1.70356
-0.75618 1.70343
-0.75613 1.70331
-0.75608 1.70318
-0.75603 1.70306
-0.75598 1.70293
-0.75593 1.70280
-0.75588 1.70268
-0.75583 1.70255
-0.75578 1.70242
-0.75572 1.70230
-0.75567 1.70217
-0.75562 1.70204
-0.75557 1.70192
-0.75552 1.70179
-0.75547 1.70167
-0.75542 1.70154
-0.75537 1.70141
-0.75532 1.70129
-0.75527 1.70116
-0.75522 1.70103
-0.75517 1.70091
-0.75512 1.70078
-0.75507 1.70065
-0.75502 1.70053
-0.75496 1.70040
-0.75491 1.70028
-0.75486 1.70015
-0.75481 1.70002
-0.75476 1.69990
-0.75471 1.69977
-0.75466 1.69964
-0.75461 1.69952
-0.75456 1.69939
-0.75451 1.69926
-0.75446 1.69914
-0.75441 1.69901
-0.75436 1.69888
-0.75431 1.69876
-0.75425 1.69863
-0.75420 1.69850
-0.75415 1.69838
-0.75410 1.69825
-0.75405 1.69813
-0.75400 1.69800
-0.75395 1.69787
-0.75390 1.69775
-0.75385 1.69762
-0.75380 1.69749
-0.75375 1.69737
-0.75370 1.69724
-0.75364 1.69711
-0.75359 1.69699
-0.75354 1.69686
-0.75349 1.69673
-0.75344 1.69661
-0.75339 1.69648
-0.75334 1.69635
-0.75329 1.69623
-0.75324 1.69610
-0.75319 1.69597
-0.75314 1.69585
-0.75309 1.69572
-0.75303 1.69559
-0.75298 1.69547
-0.75293 1.69534
-0.75288 1.69521
-0.75283 1.69509
-0.75278 1.69496
-0.75273 1.69483
-0.75268 1.69471
-0.75263 1.69458
-0.75258 1.69445
-0.75253 1.69433
-0.75247 1.69420
-0.75242 1.69407
-0.75237 1.69395
-0.75232 1.69382
-0.75227 1.69369
-0.75222 1.69356
-0.75217 1.69344
-0.75212 1.69331
-0.75207 1.69318
-0.75202 1.69306
-0.75196 1.69293
-0.75191 1.69280
-0.75186 1.69268
-0.75181 1.69255
-0.75176 1.69242
-0.75171 1.69230
-0.75166 1.69217
-0.75161 1.69204
-0.75156 1.69192
-0.75151 1.69179
-0.75145 1.69166
-0.75140 1.69154
-0.75135 1.69141
-0.75130 1.69128
-0.75125 1.69115
-0.75120 1.69103
-0.75115 1.69090
-0.75110 1.69077
-0.75105 1.69065
-0.75100 1.69052
-0.75094 1.69039
-0.75089 1.69027
-0.75084 1.69014
-0.75079 1.69001
-0.75074 1.68988
-0.75069 1.68976
-0.75064 1.68963
-0.75059 1.68950
-0.75054 1.68938
-0.75048 1.68925
-0.75043 1.68912
-0.75038 1.68900
-0.75033 1.68887
-0.75028 1.68874
-0.75023 1.68861
-0.75018 1.68849
-0.75013 1.68836
-0.75008 1.68823
-0.75002 1.68811
-0.74997 1.68798
-0.74992 1.68785
-0.74987 1.68772
-0.74982 1.68760
-0.74977 1.68747
-0.74972 1.68734
-0.74967 1.68722
-0.74961 1.68709
-0.74956 1.68696
-0.74951 1.68683
-0.74946 1.68671
-0.74941 1.68658
-0.74936 1.68645
-0.74931 1.68633
-0.74926 1.68620
-0.74921 1.68607
-0.74915 1.68594
-0.74910 1.68582
-0.74905 1.68569
-0.74900 1.68556
-0.74895 1.68544
-0.74890 1.68531
-0.74885 1.68518
-0.74880 1.68505
-0.74874 1.68493
-0.74869 1.68480
-0.74864 1.68467
-0.74859 1.68454
-0.74854 1.68442
-0.74849 1.68429
-0.74844 1.68416
-0.74839 1.68404
-0.74833 1.68391
-0.74828 1.68378
-0.74823 1.68365
-0.74818 1.68353
-0.74813 1.68340
-0.74808 1.68327
-0.74803 1.68314
-0.74797 1.68302
-0.74792 1.68289
-0.74787 1.68276
-0.74782 1.68263
-0.74777 1.68251
-0.74772 1.68238
-0.74767 1.68225
-0.74762 1.68212
-0.74756 1.68200
-0.74751 1.68187
-0.74746 1.68174
-0.74741 1.68162
-0.74736 1.68149
-0.74731 1.68136
-0.74726 1.68123
-0.74720 1.68111
-0.74715 1.68098
-0.74710 1.68085
-0.74705 1.68072
-0.74700 1.68060
-0.74695 1.68047
-0.74690 1.68034
-0.74684 1.68021
-0.74679 1.68009
-0.74674 1.67996
-0.74669 1.67983
-0.74664 1.67970
-0.74659 1.67957
-0.74654 1.67945
-0.74648 1.67932
-0.74643 1.67919
-0.74638 1.67906
-0.74633 1.67894
-0.74628 1.67881
-0.74623 1.67868
-0.74618 1.67855
-0.74612 1.67843
-0.74607 1.67830
-0.74602 1.67817
-0.74597 1.67804
-0.74592 1.67792
-0.74587 1.67779
-0.74581 1.67766
-0.74576 1.67753
-0.74571 1.67741
-0.74566 1.67728
-0.74561 1.67715
-0.74556 1.67702
-0.74551 1.67689
-0.74545 1.67677
-0.74540 1.67664
-0.74535 1.67651
-0.74530 1.67638
-0.74525 1.67626
-0.74520 1.67613
-0.74514 1.67600
-0.74509 1.67587
-0.74504 1.67574
-0.74499 1.67562
-0.74494 1.67549
-0.74489 1.67536
-0.74483 1.67523
-0.74478 1.67511
-0.74473 1.67498
-0.74468 1.67485
-0.74463 1.67472
-0.74458 1.67459
-0.74453 1.67447
-0.74447 1.67434
-0.74442 1.67421
-0.74437 1.67408
-0.74432 1.67395
-0.74427 1.67383
-0.74422 1.67370
-0.74416 1.67357
-0.74411 1.67344
-0.74406 1.67332
-0.74401 1.67319
-0.74396 1.67306
-0.74391 1.67293
-0.74385 1.67280
-0.74380 1.67268
-0.74375 1.67255
-0.74370 1.67242
-0.74365 1.67229
-0.74359 1.67216
-0.74354 1.67204
-0.74349 1.67191
-0.74344 1.67178
-0.74339 1.67165
-0.74334 1.67152
-0.74328 1.67140
-0.74323 1.67127
-0.74318 1.67114
-0.74313 1.67101
-0.74308 1.67088
-0.74303 1.67076
-0.74297 1.67063
-0.74292 1.67050
-0.74287 1.67037
-0.74282 1.67024
-0.74277 1.67011
-0.74271 1.66999
-0.74266 1.66986
-0.74261 1.66973
-0.74256 1.66960
-0.74251 1.66947
-0.74246 1.66935
-0.74240 1.66922
-0.74235 1.66909
-0.74230 1.66896
-0.74225 1.66883
-0.74220 1.66871
-0.74214 1.66858
-0.74209 1.66845
-0.74204 1.66832
-0.74199 1.66819
-0.74194 1.66806
-0.74189 1.66794
-0.74183 1.66781
-0.74178 1.66768
-0.74173 1.66755
-0.74168 1.66742
-0.74163 1.66729
-0.74157 1.66717
-0.74152 1.66704
-0.74147 1.66691
-0.74142 1.66678
-0.74137 1.66665
-0.74131 1.66653
-0.74126 1.66640
-0.74121 1.66627
-0.74116 1.66614
-0.74111 1.66601
-0.74106 1.66588
-0.74100 1.66576
-0.74095 1.66563
-0.74090 1.66550
-0.74085 1.66537
-0.74080 1.66524
-0.74074 1.66511
-0.74069 1.66498
-0.74064 1.66486
-0.74059 1.66473
-0.74054 1.66460
-0.74048 1.66447
-0.74043 1.66434
-0.74038 1.66421
-0.74033 1.66409
-0.74028 1.66396
-0.74022 1.66383
-0.74017 1.66370
-0.74012 1.66357
-0.74007 1.66344
-0.74002 1.66332
-0.73996 1.66319
-0.73991 1.66306
-0.73986 1.66293
-0.73981 1.66280
-0.73975 1.66267
-0.73970 1.66254
-0.73965 1.66242
-0.73960 1.66229
-0.73955 1.66216
-0.73949 1.66203
-0.73944 1.66190
-0.73939 1.66177
-0.73934 1.66164
-0.73929 1.66152
-0.73923 1.66139
-0.73918 1.66126
-0.73913 1.66113
-0.73908 1.66100
-0.73903 1.66087
-0.73897 1.66074
-0.73892 1.66062
-0.73887 1.66049
-0.73882 1.66036
-0.73876 1.66023
-0.73871 1.66010
-0.73866 1.65997
-0.73861 1.65984
-0.73856 1.65971
-0.73850 1.65959
-0.73845 1.65946
-0.73840 1.65933
-0.73835 1.65920
-0.73830 1.65907
-0.73824 1.65894
-0.73819 1.65881
-0.73814 1.65868
-0.73809 1.65856
-0.73803 1.65843
-0.73798 1.65830
-0.73793 1.65817
-0.73788 1.65804
-0.73783 1.65791
-0.73777 1.65778
-0.73772 1.65765
-0.73767 1.65753
-0.73762 1.65740
-0.73756 1.65727
-0.73751 1.65714
-0.73746 1.65701
-0.73741 1.65688
-0.73736 1.65675
-0.73730 1.65662
-0.73725 1.65649
-0.73720 1.65637
-0.73715 1.65624
-0.73709 1.65611
-0.73704 1.65598
-0.73699 1.65585
-0.73694 1.65572
-0.73688 1.65559
-0.73683 1.65546
-0.73678 1.65533
-0.73673 1.65521
-0.73668 1.65508
-0.73662 1.65495
-0.73657 1.65482
-0.73652 1.65469
-0.73647 1.65456
-0.73641 1.65443
-0.73636 1.65430
-0.73631 1.65417
-0.73626 1.65404
-0.73620 1.65392
-0.73615 1.65379
-0.73610 1.65366
-0.73605 1.65353
-0.73599 1.65340
-0.73594 1.65327
-0.73589 1.65314
-0.73584 1.65301
-0.73578 1.65288
-0.73573 1.65275
-0.73568 1.65262
-0.73563 1.65250
-0.73557 1.65237
-0.73552 1.65224
-0.73547 1.65211
-0.73542 1.65198
-0.73537 1.65185
-0.73531 1.65172
-0.73526 1.65159
-0.73521 1.65146
-0.73516 1.65133
-0.73510 1.65120
-0.73505 1.65107
-0.73500 1.65095
-0.73495 1.65082
-0.73489 1.65069
-0.73484 1.65056
-0.73479 1.65043
-0.73474 1.65030
-0.73468 1.65017
-0.73463 1.65004
-0.73458 1.64991
-0.73453 1.64978
-0.73447 1.64965
-0.73442 1.64952
-0.73437 1.64939
-0.73432 1.64927
-0.73426 1.64914
-0.73421 1.64901
-0.73416 1.64888
-0.73410 1.64875
-0.73405 1.64862
-0.73400 1.64849
-0.73395 1.64836
-0.73389 1.64823
-0.73384 1.64810
-0.73379 1.64797
-0.73374 1.64784
-0.73368 1.64771
-0.73363 1.64758
-0.73358 1.64745
-0.73353 1.64732
-0.73347 1.64720
-0.73342 1.64707
-0.73337 1.64694
-0.73332 1.64681
-0.73326 1.64668
-0.73321 1.64655
-0.73316 1.64642
-0.73311 1.64629
-0.73305 1.64616
-0.73300 1.64603
-0.73295 1.64590
-0.73289 1.64577
-0.73284 1.64564
-0.73279 1.64551
-0.73274 1.64538
-0.73268 1.64525
-0.73263 1.64512
-0.73258 1.64499
-0.73253 1.64486
-0.73247 1.64473
-0.73242 1.64461
-0.73237 1.64448
-0.73231 1.64435
-0.73226 1.64422
-0.73221 1.64409
-0.73216 1.64396
-0.73210 1.64383
-0.73205 1.64370
-0.73200 1.64357
-0.73195 1.64344
-0.73189 1.64331
-0.73184 1.64318
-0.73179 1.64305
-0.73173 1.64292
-0.73168 1.64279
-0.73163 1.64266
-0.73158 1.64253
-0.73152 1.64240
-0.73147 1.64227
-0.73142 1.64214
-0.73136 1.64201
-0.73131 1.64188
-0.73126 1.64175
-0.73121 1.64162
-0.73115 1.64149
-0.73110 1.64136
-0.73105 1.64123
-0.73100 1.64110
-0.73094 1.64097
-0.73089 1.64084
-0.73084 1.64071
-0.73078 1.64058
-0.73073 1.64045
-0.73068 1.64032
-0.73063 1.64020
-0.73057 1.64007
-0.73052 1.63994
-0.73047 1.63981
-0.73041 1.63968
-0.73036 1.63955
-0.73031 1.63942
-0.73025 1.63929
-0.73020 1.63916
-0.73015 1.63903
-0.73010 1.63890
-0.73004 1.63877
-0.72999 1.63864
-0.72994 1.63851
-0.72988 1.63838
-0.72983 1.63825
-0.72978 1.63812
-0.72973 1.63799
-0.72967 1.63786
-0.72962 1.63773
-0.72957 1.63760
-0.72951 1.63747
-0.72946 1.63734
-0.72941 1.63721
-0.72935 1.63708
-0.72930 1.63695
-0.72925 1.63682
-0.72920 1.63669
-0.72914 1.63656
-0.72909 1.63643
-0.72904 1.63630
-0.72898 1.63617
-0.72893 1.63604
-0.72888 1.63591
-0.72882 1.63578
-0.72877 1.63565
-0.72872 1.63552
-0.72867 1.63539
-0.72861 1.63526
-0.72856 1.63513
-0.72851 1.63500
-0.72845 1.63487
-0.72840 1.63474
-0.72835 1.63460
-0.72829 1.63447
-0.72824 1.63434
-0.72819 1.63421
-0.72813 1.63408
-0.72808 1.63395
-0.72803 1.63382
-0.72798 1.63369
-0.72792 1.63356
-0.72787 1.63343
-0.72782 1.63330
-0.72776 1.63317
-0.72771 1.63304
-0.72766 1.63291
-0.72760 1.63278
-0.72755 1.63265
-0.72750 1.63252
-0.72744 1.63239
-0.72739 1.63226
-0.72734 1.63213
-0.72728 1.63200
-0.72723 1.63187
-0.72718 1.63174
-0.72712 1.63161
-0.72707 1.63148
-0.72702 1.63135
-0.72696 1.63122
-0.72691 1.63109
-0.72686 1.63096
-0.72681 1.63083
-0.72675 1.63070
-0.72670 1.63057
-0.72665 1.63044
-0.72659 1.63030
-0.72654 1.63017
-0.72649 1.63004
-0.72643 1.62991
-0.72638 1.62978
-0.72633 1.62965
-0.72627 1.62952
-0.72622 1.62939
-0.72617 1.62926
-0.72611 1.62913
-0.72606 1.62900
-0.72601 1.62887
-0.72595 1.62874
-0.72590 1.62861
-0.72585 1.62848
-0.72579 1.62835
-0.72574 1.62822
-0.72569 1.62809
-0.72563 1.62796
-0.72558 1.62783
-0.72553 1.62769
-0.72547 1.62756
-0.72542 1.62743
-0.72537 1.62730
-0.72531 1.62717
-0.72526 1.62704
-0.72521 1.62691
-0.72515 1.62678
-0.72510 1.62665
-0.72505 1.62652
-0.72499 1.62639
-0.72494 1.62626
-0.72489 1.62613
-0.72483 1.62600
-0.72478 1.62587
-0.72473 1.62573
-0.72467 1.62560
-0.72462 1.62547
-0.72457 1.62534
-0.72451 1.62521
-0.72446 1.62508
-0.72441 1.62495
-0.72435 1.62482
-0.72430 1.62469
-0.72424 1.62456
-0.72419 1.62443
-0.72414 1.62430
-0.72408 1.62417
-0.72403 1.62404
-0.72398 1.62390
-0.72392 1.62377
-0.72387 1.62364
-0.72382 1.62351
-0.72376 1.62338
-0.72371 1.62325
-0.72366 1.62312
-0.72360 1.62299
-0.72355 1.62286
-0.72350 1.62273
-0.72344 1.62260
-0.72339 1.62246
-0.72334 1.62233
-0.72328 1.62220
-0.72323 1.62207
-0.72317 1.62194
-0.72312 1.62181
-0.72307 1.62168
-0.72301 1.62155
-0.72296 1.62142
-0.72291 1.62129
-0.72285 1.62116
-0.72280 1.62102
-0.72275 1.62089
-0.72269 1.62076
-0.72264 1.62063
-0.72259 1.62050
-0.72253 1.62037
-0.72248 1.62024
-0.72242 1.62011
-0.72237 1.61998
-0.72232 1.61984
-0.72226 1.61971
-0.72221 1.61958
-0.72216 1.61945
-0.72210 1.61932
-0.72205 1.61919
-0.72200 1.61906
-0.72194 1.61893
-0.72189 1.61880
-0.72183 1.61867
-0.72178 1.61853
-0.72173 1.61840
-0.72167 1.61827
-0.72162 1.61814
-0.72157 1.61801
-0.72151 1.61788
-0.72146 1.61775
-0.72140 1.61762
-0.72135 1.61748
-0.72130 1.61735
-0.72124 1.61722
-0.72119 1.61709
-0.72114 1.61696
-0.72108 1.61683
-0.72103 1.61670
-0.72098 1.61657
-0.72092 1.61643
-0.72087 1.61630
-0.72081 1.61617
-0.72076 1.61604
-0.72071 1.61591
-0.72065 1.61578
-0.72060 1.61565
-0.72054 1.61552
-0.72049 1.61538
-0.72044 1.61525
-0.72038 1.61512
-0.72033 1.61499
-0.72028 1.61486
-0.72022 1.61473
-0.72017 1.61460
-0.72011 1.61446
-0.72006 1.61433
-0.72001 1.61420
-0.71995 1.61407
-0.71990 1.61394
-0.71985 1.61381
-0.71979 1.61368
-0.71974 1.61354
-0.71968 1.61341
-0.71963 1.61328
-0.71958 1.61315
-0.71952 1.61302
-0.71947 1.61289
-0.71941 1.61276
-0.71936 1.61262
-0.71931 1.61249
-0.71925 1.61236
-0.71920 1.61223
-0.71914 1.61210
-0.71909 1.61197
-0.71904 1.61183
-0.71898 1.61170
-0.71893 1.61157
-0.71888 1.61144
-0.71882 1.61131
-0.71877 1.61118
-0.71871 1.61105
-0.71866 1.61091
-0.71861 1.61078
-0.71855 1.61065
-0.71850 1.61052
-0.71844 1.61039
-0.71839 1.61026
-0.71834 1.61012
-0.71828 1.60999
-0.71823 1.60986
-0.71817 1.60973
-0.71812 1.60960
-0.71807 1.60947
-0.71801 1.60933
-0.71796 1.60920
-0.71790 1.60907
-0.71785 1.60894
-0.71780 1.60881
-0.71774 1.60868
-0.71769 1.60854
-0.71763 1.60841
-0.71758 1.60828
-0.71752 1.60815
-0.71747 1.60802
-0.71742 1.60788
-0.71736 1.60775
-0.71731 1.60762
-0.71725 1.60749
-0.71720 1.60736
-0.71715 1.60723
-0.71709 1.60709
-0.71704 1.60696
-0.71698 1.60683
-0.71693 1.60670
-0.71688 1.60657
-0.71682 1.60643
-0.71677 1.60630
-0.71671 1.60617
-0.71666 1.60604
-0.71661 1.60591
-0.71655 1.60577
-0.71650 1.60564
-0.71644 1.60551
-0.71639 1.60538
-0.71633 1.60525
-0.71628 1.60511
-0.71623 1.60498
-0.71617 1.60485
-0.71612 1.60472
-0.71606 1.60459
-0.71601 1.60445
-0.71595 1.60432
-0.71590 1.60419
-0.71585 1.60406
-0.71579 1.60393
-0.71574 1.60379
-0.71568 1.60366
-0.71563 1.60353
-0.71558 1.60340
-0.71552 1.60327
-0.71547 1.60313
-0.71541 1.60300
-0.71536 1.60287
-0.71530 1.60274
-0.71525 1.60261
-0.71520 1.60247
-0.71514 1.60234
-0.71509 1.60221
-0.71503 1.60208
-0.71498 1.60194
-0.71492 1.60181
-0.71487 1.60168
-0.71482 1.60155
-0.71476 1.60142
-0.71471 1.60128
-0.71465 1.60115
-0.71460 1.60102
-0.71454 1.60089
-0.71449 1.60075
-0.71444 1.60062
-0.71438 1.60049
-0.71433 1.60036
-0.71427 1.60023
-0.71422 1.60009
-0.71416 1.59996
-0.71411 1.59983
-0.71405 1.59970
-0.71400 1.59956
-0.71395 1.59943
-0.71389 1.59930
-0.71384 1.59917
-0.71378 1.59903
-0.71373 1.59890
-0.71367 1.59877
-0.71362 1.59864
-0.71356 1.59851
-0.71351 1.59837
-0.71346 1.59824
-0.71340 1.59811
-0.71335 1.59798
-0.71329 1.59784
-0.71324 1.59771
-0.71318 1.59758
-0.71313 1.59745
-0.71307 1.59731
-0.71302 1.59718
-0.71297 1.59705
-0.71291 1.59692
-0.71286 1.59678
-0.71280 1.59665
-0.71275 1.59652
-0.71269 1.59639
-0.71264 1.59625
-0.71258 1.59612
-0.71253 1.59599
-0.71248 1.59586
-0.71242 1.59572
-0.71237 1.59559
-0.71231 1.59546
-0.71226 1.59533
-0.71220 1.59519
-0.71215 1.59506
-0.71209 1.59493
-0.71204 1.59479
-0.71198 1.59466
-0.71193 1.59453
-0.71188 1.59440
-0.71182 1.59426
-0.71177 1.59413
-0.71171 1.59400
-0.71166 1.59387
-0.71160 1.59373
-0.71155 1.59360
-0.71149 1.59347
-0.71144 1.59334
-0.71138 1.59320
-0.71133 1.59307
-0.71127 1.59294
-0.71122 1.59280
-0.71117 1.59267
-0.71111 1.59254
-0.71106 1.59241
-0.71100 1.59227
-0.71095 1.59214
-0.71089 1.59201
-0.71084 1.59188
-0.71078 1.59174
-0.71073 1.59161
-0.71067 1.59148
-0.71062 1.59134
-0.71056 1.59121
-0.71051 1.59108
-0.71045 1.59095
-0.71040 1.59081
-0.71034 1.59068
-0.71029 1.59055
-0.71024 1.59041
-0.71018 1.59028
-0.71013 1.59015
-0.71007 1.59001
-0.71002 1.58988
-0.70996 1.58975
-0.70991 1.58962
-0.70985 1.58948
-0.70980 1.58935
-0.70974 1.58922
-0.70969 1.58908
-0.70963 1.58895
-0.70958 1.58882
-0.70952 1.58869
-0.70947 1.58855
-0.70941 1.58842
-0.70936 1.58829
-0.70930 1.58815
-0.70925 1.58802
-0.70919 1.58789
-0.70914 1.58775
-0.70908 1.58762
-0.70903 1.58749
-0.70898 1.58735
-0.70892 1.58722
-0.70887 1.58709
-0.70881 1.58696
-0.70876 1.58682
-0.70870 1.58669
-0.70865 1.58656
-0.70859 1.58642
-0.70854 1.58629
-0.70848 1.58616
-0.70843 1.58602
-0.70837 1.58589
-0.70832 1.58576
-0.70826 1.58562
-0.70821 1.58549
-0.70815 1.58536
-0.70810 1.58522
-0.70804 1.58509
-0.70799 1.58496
-0.70793 1.58482
-0.70788 1.58469
-0.70782 1.58456
-0.70777 1.58442
-0.70771 1.58429
-0.70766 1.58416
-0.70760 1.58402
-0.70755 1.58389
-0.70749 1.58376
-0.70744 1.58362
-0.70738 1.58349
-0.70733 1.58336
-0.70727 1.58322
-0.70722 1.58309
-0.70716 1.58296
-0.70711 1.58282
-0.70705 1.58269
-0.70700 1.58256
-0.70694 1.58242
-0.70689 1.58229
-0.70683 1.58216
-0.70678 1.58202
-0.70672 1.58189
-0.70667 1.58176
-0.70661 1.58162
-0.70656 1.58149
-0.70650 1.58136
-0.70645 1.58122
-0.70639 1.58109
-0.70634 1.58096
-0.70628 1.58082
-0.70623 1.58069
-0.70617 1.58055
-0.70612 1.58042
-0.70606 1.58029
-0.70601 1.58015
-0.70595 1.58002
-0.70590 1.57989
-0.70584 1.57975
-0.70579 1.57962
-0.70573 1.57949
-0.70568 1.57935
-0.70562 1.57922
-0.70556 1.57909
-0.70551 1.57895
-0.70545 1.57882
-0.70540 1.57868
-0.70534 1.57855
-0.70529 1.57842
-0.70523 1.57828
-0.70518 1.57815
-0.70512 1.57802
-0.70507 1.57788
-0.70501 1.57775
-0.70496 1.57761
-0.70490 1.57748
-0.70485 1.57735
-0.70479 1.57721
-0.70474 1.57708
-0.70468 1.57695
-0.70463 1.57681
-0.70457 1.57668
-0.70452 1.57654
-0.70446 1.57641
-0.70441 1.57628
-0.70435 1.57614
-0.70429 1.57601
-0.70424 1.57588
-0.70418 1.57574
-0.70413 1.57561
-0.70407 1.57547
-0.70402 1.57534
-0.70396 1.57521
-0.70391 1.57507
-0.70385 1.57494
-0.70380 1.57480
-0.70374 1.57467
-0.70369 1.57454
-0.70363 1.57440
-0.70358 1.57427
-0.70352 1.57413
-0.70346 1.57400
-0.70341 1.57387
-0.70335 1.57373
-0.70330 1.57360
-0.70324 1.57346
-0.70319 1.57333
-0.70313 1.57320
-0.70308 1.57306
-0.70302 1.57293
-0.70297 1.57279
-0.70291 1.57266
-0.70286 1.57253
-0.70280 1.57239
-0.70274 1.57226
-0.70269 1.57212
-0.70263 1.57199
-0.70258 1.57186
-0.70252 1.57172
-0.70247 1.57159
-0.70241 1.57145
-0.70236 1.57132
-0.70230 1.57119
-0.70225 1.57105
-0.70219 1.57092
-0.70213 1.57078
-0.70208 1.57065
-0.70202 1.57051
-0.70197 1.57038
-0.70191 1.57025
-0.70186 1.57011
-0.70180 1.56998
-0.70175 1.56984
-0.70169 1.56971
-0.70164 1.56957
-0.70158 1.56944
-0.70152 1.56931
-0.70147 1.56917
-0.70141 1.56904
-0.70136 1.56890
-0.70130 1.56877
-0.70125 1.56863
-0.70119 1.56850
-0.70114 1.56837
-0.70108 1.56823
-0.70102 1.56810
-0.70097 1.56796
-0.70091 1.56783
-0.70086 1.56769
-0.70080 1.56756
-0.70075 1.56743
-0.70069 1.56729
-0.70063 1.56716
-0.70058 1.56702
-0.70052 1.56689
-0.70047 1.56675
-0.70041 1.56662
-0.70036 1.56648
-0.70030 1.56635
-0.70025 1.56622
-0.70019 1.56608
-0.70013 1.56595
-0.70008 1.56581
-0.70002 1.56568
-0.69997 1.56554
-0.69991 1.56541
-0.69986 1.56527
-0.69980 1.56514
-0.69974 1.56500
-0.69969 1.56487
-0.69963 1.56474
-0.69958 1.56460
-0.69952 1.56447
-0.69947 1.56433
-0.69941 1.56420
-0.69935 1.56406
-0.69930 1.56393
-0.69924 1.56379
-0.69919 1.56366
-0.69913 1.56352
-0.69908 1.56339
-0.69902 1.56325
-0.69896 1.56312
-0.69891 1.56298
-0.69885 1.56285
-0.69880 1.56272
-0.69874 1.56258
-0.69868 1.56245
-0.69863 1.56231
-0.69857 1.56218
-0.69852 1.56204
-0.69846 1.56191
-0.69841 1.56177
-0.69835 1.56164
-0.69829 1.56150
-0.69824 1.56137
-0.69818 1.56123
-0.69813 1.56110
-0.69807 1.56096
-0.69801 1.56083
-0.69796 1.56069
-0.69790 1.56056
-0.69785 1.56042
-0.69779 1.56029
-0.69774 1.56015
-0.69768 1.56002
-0.69762 1.55988
-0.69757 1.55975
-0.69751 1.55961
-0.69746 1.55948
-0.69740 1.55934
-0.69734 1.55921
-0.69729 1.55907
-0.69723 1.55894
-0.69718 1.55880
-0.69712 1.55867
-0.69706 1.55853
-0.69701 1.55840
-0.69695 1.55826
-0.69690 1.55813
-0.69684 1.55799
-0.69678 1.55786
-0.69673 1.55772
-0.69667 1.55759
-0.69662 1.55745
-0.69656 1.55732
-0.69650 1.55718
-0.69645 1.55705
-0.69639 1.55691
-0.69634 1.55678
-0.69628 1.55664
-0.69622 1.55651
-0.69617 1.55637
-0.69611 1.55624
-0.69606 1.55610
-0.69600 1.55597
-0.69594 1.55583
-0.69589 1.55570
-0.69583 1.55556
-0.69578 1.55543
-0.69572 1.55529
-0.69566 1.55516
-0.69561 1.55502
-0.69555 1.55489
-0.69550 1.55475
-0.69544 1.55462
-0.69538 1.55448
-0.69533 1.55435
-0.69527 1.55421
-0.69521 1.55407
-0.69516 1.55394
-0.69510 1.55380
-0.69505 1.55367
-0.69499 1.55353
-0.69493 1.55340
-0.69488 1.55326
-0.69482 1.55313
-0.69477 1.55299
-0.69471 1.55286
-0.69465 1.55272
-0.69460 1.55259
-0.69454 1.55245
-0.69448 1.55231
-0.69443 1.55218
-0.69437 1.55204
-0.69432 1.55191
-0.69426 1.55177
-0.69420 1.55164
-0.69415 1.55150
-0.69409 1.55137
-0.69404 1.55123
-0.69398 1.55110
-0.69392 1.55096
-0.69387 1.55082
-0.69381 1.55069
-0.69375 1.55055
-0.69370 1.55042
-0.69364 1.55028
-0.69358 1.55015
-0.69353 1.55001
-0.69347 1.54988
-0.69342 1.54974
-0.69336 1.54960
-0.69330 1.54947
-0.69325 1.54933
-0.69319 1.54920
-0.69313 1.54906
-0.69308 1.54893
-0.69302 1.54879
-0.69297 1.54866
-0.69291 1.54852
-0.69285 1.54838
-0.69280 1.54825
-0.69274 1.54811
-0.69268 1.54798
-0.69263 1.54784
-0.69257 1.54771
-0.69251 1.54757
-0.69246 1.54743
-0.69240 1.54730
-0.69235 1.54716
-0.69229 1.54703
-0.69223 1.54689
-0.69218 1.54675
-0.69212 1.54662
-0.69206 1.54648
-0.69201 1.54635
-0.69195 1.54621
-0.69189 1.54608
-0.69184 1.54594
-0.69178 1.54580
-0.69172 1.54567
-0.69167 1.54553
-0.69161 1.54540
-0.69156 1.54526
-0.69150 1.54512
-0.69144 1.54499
-0.69139 1.54485
-0.69133 1.54472
-0.69127 1.54458
-0.69122 1.54444
-0.69116 1.54431
-0.69110 1.54417
-0.69105 1.54404
-0.69099 1.54390
-0.69093 1.54376
-0.69088 1.54363
-0.69082 1.54349
-0.69076 1.54336
-0.69071 1.54322
-0.69065 1.54308
-0.69059 1.54295
-0.69054 1.54281
-0.69048 1.54268
-0.69042 1.54254
-0.69037 1.54240
-0.69031 1.54227
-0.69025 1.54213
-0.69020 1.54200
-0.69014 1.54186
-0.69009 1.54172
-0.69003 1.54159
-0.68997 1.54145
-0.68992 1.54132
-0.68986 1.54118
-0.68980 1.54104
-0.68975 1.54091
-0.68969 1.54077
-0.68963 1.54063
-0.68958 1.54050
-0.68952 1.54036
-0.68946 1.54023
-0.68941 1.54009
-0.68935 1.53995
-0.68929 1.53982
-0.68924 1.53968
-0.68918 1.53954
-0.68912 1.53941
-0.68907 1.53927
-0.68901 1.53914
-0.68895 1.53900
-0.68890 1.53886
-0.68884 1.53873
-0.68878 1.53859
-0.68872 1.53845
-0.68867 1.53832
-0.68861 1.53818
-0.68855 1.53804
-0.68850 1.53791
-0.68844 1.53777
-0.68838 1.53764
-0.68833 1.53750
-0.68827 1.53736
-0.68821 1.53723
-0.68816 1.53709
-0.68810 1.53695
-0.68804 1.53682
-0.68799 1.53668
-0.68793 1.53654
-0.68787 1.53641
-0.68782 1.53627
-0.68776 1.53613
-0.68770 1.53600
-0.68765 1.53586
-0.68759 1.53572
-0.68753 1.53559
-0.68748 1.53545
-0.68742 1.53531
-0.68736 1.53518
-0.68730 1.53504
-0.68725 1.53490
-0.68719 1.53477
-0.68713 1.53463
-0.68708 1.53449
-0.68702 1.53436
-0.68696 1.53422
-0.68691 1.53408
-0.68685 1.53395
-0.68679 1.53381
-0.68674 1.53367
-0.68668 1.53354
-0.68662 1.53340
-0.68656 1.53326
-0.68651 1.53313
-0.68645 1.53299
-0.68639 1.53285
-0.68634 1.53272
-0.68628 1.53258
-0.68622 1.53244
-0.68617 1.53231
-0.68611 1.53217
-0.68605 1.53203
-0.68599 1.53190
-0.68594 1.53176
-0.68588 1.53162
-0.68582 1.53149
-0.68577 1.53135
-0.68571 1.53121
-0.68565 1.53108
-0.68560 1.53094
-0.68554 1.53080
-0.68548 1.53066
-0.68542 1.53053
-0.68537 1.53039
-0.68531 1.53025
-0.68525 1.53012
-0.68520 1.52998
-0.68514 1.52984
-0.68508 1.52971
-0.68503 1.52957
-0.68497 1.52943
-0.68491 1.52930
-0.68485 1.52916
-0.68480 1.52902
-0.68474 1.52888
-0.68468 1.52875
-0.68463 1.52861
-0.68457 1.52847
-0.68451 1.52834
-0.68445 1.52820
-0.68440 1.52806
-0.68434 1.52792
-0.68428 1.52779
-0.68423 1.52765
-0.68417 1.52751
-0.68411 1.52738
-0.68405 1.52724
-0.68400 1.52710
-0.68394 1.52696
-0.68388 1.52683
-0.68382 1.52669
-0.68377 1.52655
-0.68371 1.52642
-0.68365 1.52628
-0.68360 1.52614
-0.68354 1.52600
-0.68348 1.52587
-0.68342 1.52573
-0.68337 1.52559
-0.68331 1.52545
-0.68325 1.52532
-0.68320 1.52518
-0.68314 1.52504
-0.68308 1.52491
-0.68302 1.52477
-0.68297 1.52463
-0.68291 1.52449
-0.68285 1.52436
-0.68279 1.52422
-0.68274 1.52408
-0.68268 1.52394
-0.68262 1.52381
-0.68256 1.52367
-0.68251 1.52353
-0.68245 1.52339
-0.68239 1.52326
-0.68234 1.52312
-0.68228 1.52298
-0.68222 1.52284
-0.68216 1.52271
-0.68211 1.52257
-0.68205 1.52243
-0.68199 1.52229
-0.68193 1.52216
-0.68188 1.52202
-0.68182 1.52188
-0.68176 1.52174
-0.68170 1.52161
-0.68165 1.52147
-0.68159 1.52133
-0.68153 1.52119
-0.68147 1.52106
-0.68142 1.52092
-0.68136 1.52078
-0.68130 1.52064
-0.68124 1.52051
-0.68119 1.52037
-0.68113 1.52023
-0.68107 1.52009
-0.68101 1.51996
-0.68096 1.51982
-0.68090 1.51968
-0.68084 1.51954
-0.68078 1.51940
-0.68073 1.51927
-0.68067 1.51913
-0.68061 1.51899
-0.68055 1.51885
-0.68050 1.51872
-0.68044 1.51858
-0.68038 1.51844
-0.68032 1.51830
-0.68027 1.51817
-0.68021 1.51803
-0.68015 1.51789
-0.68009 1.51775
-0.68004 1.51761
-0.67998 1.51748
-0.67992 1.51734
-0.67986 1.51720
-0.67981 1.51706
-0.67975 1.51692
-0.67969 1.51679
-0.67963 1.51665
-0.67958 1.51651
-0.67952 1.51637
-0.67946 1.51623
-0.67940 1.51610
-0.67935 1.51596
-0.67929 1.51582
-0.67923 1.51568
-0.67917 1.51555
-0.67912 1.51541
-0.67906 1.51527
-0.67900 1.51513
-0.67894 1.51499
-0.67888 1.51485
-0.67883 1.51472
-0.67877 1.51458
-0.67871 1.51444
-0.67865 1.51430
-0.67860 1.51416
-0.67854 1.51403
-0.67848 1.51389
-0.67842 1.51375
-0.67836 1.51361
-0.67831 1.51347
-0.67825 1.51334
-0.67819 1.51320
-0.67813 1.51306
-0.67808 1.51292
-0.67802 1.51278
-0.67796 1.51265
-0.67790 1.51251
-0.67785 1.51237
-0.67779 1.51223
-0.67773 1.51209
-0.67767 1.51195
-0.67761 1.51182
-0.67756 1.51168
-0.67750 1.51154
-0.67744 1.51140
-0.67738 1.51126
-0.67732 1.51112
-0.67727 1.51099
-0.67721 1.51085
-0.67715 1.51071
-0.67709 1.51057
-0.67704 1.51043
-0.67698 1.51029
-0.67692 1.51016
-0.67686 1.51002
-0.67680 1.50988
-0.67675 1.50974
-0.67669 1.50960
-0.67663 1.50946
-0.67657 1.50933
-0.67651 1.50919
-0.67646 1.50905
-0.67640 1.50891
-0.67634 1.50877
-0.67628 1.50863
-0.67622 1.50849
-0.67617 1.50836
-0.67611 1.50822
-0.67605 1.50808
-0.67599 1.50794
-0.67594 1.50780
-0.67588 1.50766
-0.67582 1.50752
-0.67576 1.50739
-0.67570 1.50725
-0.67565 1.50711
-0.67559 1.50697
-0.67553 1.50683
-0.67547 1.50669
-0.67541 1.50655
-0.67536 1.50642
-0.67530 1.50628
-0.67524 1.50614
-0.67518 1.50600
-0.67512 1.50586
-0.67506 1.50572
-0.67501 1.50558
-0.67495 1.50545
-0.67489 1.50531
-0.67483 1.50517
-0.67477 1.50503
-0.67472 1.50489
-0.67466 1.50475
-0.67460 1.50461
-0.67454 1.50447
-0.67448 1.50433
-0.67443 1.50420
-0.67437 1.50406
-0.67431 1.50392
-0.67425 1.50378
-0.67419 1.50364
-0.67414 1.50350
-0.67408 1.50336
-0.67402 1.50322
-0.67396 1.50309
-0.67390 1.50295
-0.67384 1.50281
-0.67379 1.50267
-0.67373 1.50253
-0.67367 1.50239
-0.67361 1.50225
-0.67355 1.50211
-0.67350 1.50197
-0.67344 1.50183
-0.67338 1.50170
-0.67332 1.50156
-0.67326 1.50142
-0.67320 1.50128
-0.67315 1.50114
-0.67309 1.50100
-0.67303 1.50086
-0.67297 1.50072
-0.67291 1.50058
-0.67285 1.50044
-0.67280 1.50031
-0.67274 1.50017
-0.67268 1.50003
-0.67262 1.49989
-0.67256 1.49975
-0.67250 1.49961
-0.67245 1.49947
-0.67239 1.49933
-0.67233 1.49919
-0.67227 1.49905
-0.67221 1.49891
-0.67215 1.49877
-0.67210 1.49864
-0.67204 1.49850
-0.67198 1.49836
-0.67192 1.49822
-0.67186 1.49808
-0.67180 1.49794
-0.67175 1.49780
-0.67169 1.49766
-0.67163 1.49752
-0.67157 1.49738
-0.67151 1.49724
-0.67145 1.49710
-0.67140 1.49696
-0.67134 1.49682
-0.67128 1.49669
-0.67122 1.49655
-0.67116 1.49641
-0.67110 1.49627
-0.67105 1.49613
-0.67099 1.49599
-0.67093 1.49585
-0.67087 1.49571
-0.67081 1.49557
-0.67075 1.49543
-0.67069 1.49529
-0.67064 1.49515
-0.67058 1.49501
-0.67052 1.49487
-0.67046 1.49473
-0.67040 1.49459
-0.67034 1.49445
-0.67029 1.49431
-0.67023 1.49417
-0.67017 1.49404
-0.67011 1.49390
-0.67005 1.49376
-0.66999 1.49362
-0.66993 1.49348
-0.66988 1.49334
-0.66982 1.49320
-0.66976 1.49306
-0.66970 1.49292
-0.66964 1.49278
-0.66958 1.49264
-0.66952 1.49250
-0.66947 1.49236
-0.66941 1.49222
-0.66935 1.49208
-0.66929 1.49194
-0.66923 1.49180
-0.66917 1.49166
-0.66911 1.49152
-0.66905 1.49138
-0.66900 1.49124
-0.66894 1.49110
-0.66888 1.49096
-0.66882 1.49082
-0.66876 1.49068
-0.66870 1.49054
-0.66864 1.49040
-0.66859 1.49026
-0.66853 1.49012
-0.66847 1.48998
-0.66841 1.48984
-0.66835 1.48970
-0.66829 1.48956
-0.66823 1.48942
-0.66817 1.48928
-0.66812 1.48914
-0.66806 1.48900
-0.66800 1.48886
-0.66794 1.48872
-0.66788 1.48858
-0.66782 1.48844
-0.66776 1.48830
-0.66770 1.48816
-0.66765 1.48802
-0.66759 1.48788
-0.66753 1.48774
-0.66747 1.48760
-0.66741 1.48746
-0.66735 1.48732
-0.66729 1.48718
-0.66723 1.48704
-0.66718 1.48690
-0.66712 1.48676
-0.66706 1.48662
-0.66700 1.48648
-0.66694 1.48634
-0.66688 1.48620
-0.66682 1.48606
-0.66676 1.48592
-0.66670 1.48578
-0.66665 1.48564
-0.66659 1.48550
-0.66653 1.48536
-0.66647 1.48522
-0.66641 1.48508
-0.66635 1.48494
-0.66629 1.48480
-0.66623 1.48466
-0.66617 1.48452
-0.66612 1.48438
-0.66606 1.48424
-0.66600 1.48410
-0.66594 1.48396
-0.66588 1.48382
-0.66582 1.48368
-0.66576 1.48354
-0.66570 1.48340
-0.66564 1.48326
-0.66558 1.48312
-0.66553 1.48298
-0.66547 1.48284
-0.66541 1.48270
-0.66535 1.48256
-0.66529 1.48242
-0.66523 1.48227
-0.66517 1.48213
-0.66511 1.48199
-0.66505 1.48185
-0.66499 1.48171
-0.66494 1.48157
-0.66488 1.48143
-0.66482 1.48129
-0.66476 1.48115
-0.66470 1.48101
-0.66464 1.48087
-0.66458 1.48073
-0.66452 1.48059
-0.66446 1.48045
-0.66440 1.48031
-0.66434 1.48017
-0.66429 1.48003
-0.66423 1.47989
-0.66417 1.47975
-0.66411 1.47960
-0.66405 1.47946
-0.66399 1.47932
-0.66393 1.47918
-0.66387 1.47904
-0.66381 1.47890
-0.66375 1.47876
-0.66369 1.47862
-0.66363 1.47848
-0.66358 1.47834
-0.66352 1.47820
-0.66346 1.47806
-0.66340 1.47792
-0.66334 1.47778
-0.66328 1.47763
-0.66322 1.47749
-0.66316 1.47735
-0.66310 1.47721
-0.66304 1.47707
-0.66298 1.47693
-0.66292 1.47679
-0.66286 1.47665
-0.66281 1.47651
-0.66275 1.47637
-0.66269 1.47623
-0.66263 1.47608
-0.66257 1.47594
-0.66251 1.47580
-0.66245 1.47566
-0.66239 1.47552
-0.66233 1.47538
-0.66227 1.47524
-0.66221 1.47510
-0.66215 1.47496
-0.66209 1.47482
-0.66203 1.47468
-0.66198 1.47453
-0.66192 1.47439
-0.66186 1.47425
-0.66180 1.47411
-0.66174 1.47397
-0.66168 1.47383
-0.66162 1.47369
-0.66156 1.47355
-0.66150 1.47341
-0.66144 1.47326
-0.66138 1.47312
-0.66132 1.47298
-0.66126 1.47284
-0.66120 1.47270
-0.66114 1.47256
-0.66108 1.47242
-0.66103 1.47228
-0.66097 1.47213
-0.66091 1.47199
-0.66085 1.47185
-0.66079 1.47171
-0.66073 1.47157
-0.66067 1.47143
-0.66061 1.47129
-0.66055 1.47115
-0.66049 1.47100
-0.66043 1.47086
-0.66037 1.47072
-0.66031 1.47058
-0.66025 1.47044
-0.66019 1.47030
-0.66013 1.47016
-0.66007 1.47002
-0.66001 1.46987
-0.65995 1.46973
-0.65989 1.46959
-0.65984 1.46945
-0.65978 1.46931
-0.65972 1.46917
-0.65966 1.46903
-0.65960 1.46888
-0.65954 1.46874
-0.65948 1.46860
-0.65942 1.46846
-0.65936 1.46832
-0.65930 1.46818
-0.65924 1.46803
-0.65918 1.46789
-0.65912 1.46775
-0.65906 1.46761
-0.65900 1.46747
-0.65894 1.46733
-0.65888 1.46719
-0.65882 1.46704
-0.65876 1.46690
-0.65870 1.46676
-0.65864 1.46662
-0.65858 1.46648
-0.65852 1.46634
-0.65846 1.46619
-0.65840 1.46605
-0.65834 1.46591
-0.65828 1.46577
-0.65822 1.46563
-0.65817 1.46549
-0.65811 1.46534
-0.65805 1.46520
-0.65799 1.46506
-0.65793 1.46492
-0.65787 1.46478
-0.65781 1.46463
-0.65775 1.46449
-0.65769 1.46435
-0.65763 1.46421
-0.65757 1.46407
-0.65751 1.46393
-0.65745 1.46378
-0.65739 1.46364
-0.65733 1.46350
-0.65727 1.46336
-0.65721 1.46322
-0.65715 1.46307
-0.65709 1.46293
-0.65703 1.46279
-0.65697 1.46265
-0.65691 1.46251
-0.65685 1.46236
-0.65679 1.46222
-0.65673 1.46208
-0.65667 1.46194
-0.65661 1.46180
-0.65655 1.46165
-0.65649 1.46151
-0.65643 1.46137
-0.65637 1.46123
-0.65631 1.46109
-0.65625 1.46094
-0.65619 1.46080
-0.65613 1.46066
-0.65607 1.46052
-0.65601 1.46038
-0.65595 1.46023
-0.65589 1.46009
-0.65583 1.45995
-0.65577 1.45981
-0.65571 1.45966
-0.65565 1.45952
-0.65559 1.45938
-0.65553 1.45924
-0.65547 1.45910
-0.65541 1.45895
-0.65535 1.45881
-0.65529 1.45867
-0.65523 1.45853
-0.65517 1.45838
-0.65511 1.45824
-0.65505 1.45810
-0.65499 1.45796
-0.65493 1.45782
-0.65487 1.45767
-0.65481 1.45753
-0.65475 1.45739
-0.65469 1.45725
-0.65463 1.45710
-0.65457 1.45696
-0.65451 1.45682
-0.65445 1.45668
-0.65439 1.45653
-0.65433 1.45639
-0.65427 1.45625
-0.65421 1.45611
-0.65415 1.45596
-0.65409 1.45582
-0.65403 1.45568
-0.65397 1.45554
-0.65391 1.45539
-0.65385 1.45525
-0.65379 1.45511
-0.65373 1.45497
-0.65367 1.45482
-0.65361 1.45468
-0.65355 1.45454
-0.65349 1.45440
-0.65343 1.45425
-0.65337 1.45411
-0.65331 1.45397
-0.65325 1.45383
-0.65319 1.45368
-0.65313 1.45354
-0.65307 1.45340
-0.65301 1.45325
-0.65295 1.45311
-0.65289 1.45297
-0.65283 1.45283
-0.65276 1.45268
-0.65270 1.45254
-0.65264 1.45240
-0.65258 1.45226
-0.65252 1.45211
-0.65246 1.45197
-0.65240 1.45183
-0.65234 1.45168
-0.65228 1.45154
-0.65222 1.45140
-0.65216 1.45126
-0.65210 1.45111
-0.65204 1.45097
-0.65198 1.45083
-0.65192 1.45068
-0.65186 1.45054
-0.65180 1.45040
-0.65174 1.45026
-0.65168 1.45011
-0.65162 1.44997
-0.65156 1.44983
-0.65150 1.44968
-0.65144 1.44954
-0.65138 1.44940
-0.65132 1.44925
-0.65126 1.44911
-0.65120 1.44897
-0.65114 1.44883
-0.65107 1.44868
-0.65101 1.44854
-0.65095 1.44840
-0.65089 1.44825
-0.65083 1.44811
-0.65077 1.44797
-0.65071 1.44782
-0.65065 1.44768
-0.65059 1.44754
-0.65053 1.44739
-0.65047 1.44725
-0.65041 1.44711
-0.65035 1.44697
-0.65029 1.44682
-0.65023 1.44668
-0.65017 1.44654
-0.65011 1.44639
-0.65005 1.44625
-0.64999 1.44611
-0.64993 1.44596
-0.64986 1.44582
-0.64980 1.44568
-0.64974 1.44553
-0.64968 1.44539
-0.64962 1.44525
-0.64956 1.44510
-0.64950 1.44496
-0.64944 1.44482
-0.64938 1.44467
-0.64932 1.44453
-0.64926 1.44439
-0.64920 1.44424
-0.64914 1.44410
-0.64908 1.44396
-0.64902 1.44381
-0.64896 1.44367
-0.64889 1.44352
-0.64883 1.44338
-0.64877 1.44324
-0.64871 1.44309
-0.64865 1.44295
-0.64859 1.44281
-0.64853 1.44266
-0.64847 1.44252
-0.64841 1.44238
-0.64835 1.44223
-0.64829 1.44209
-0.64823 1.44195
-0.64817 1.44180
-0.64811 1.44166
-0.64804 1.44152
-0.64798 1.44137
-0.64792 1.44123
-0.64786 1.44108
-0.64780 1.44094
-0.64774 1.44080
-0.64768 1.44065
-0.64762 1.44051
-0.64756 1.44037
-0.64750 1.44022
-0.64744 1.44008
-0.64738 1.43993
-0.64731 1.43979
-0.64725 1.43965
-0.64719 1.43950
-0.64713 1.43936
-0.64707 1.43922
-0.64701 1.43907
-0.64695 1.43893
-0.64689 1.43878
-0.64683 1.43864
-0.64677 1.43850
-0.64671 1.43835
-0.64665 1.43821
-0.64658 1.43806
-0.64652 1.43792
-0.64646 1.43778
-0.64640 1.43763
-0.64634 1.43749
-0.64628 1.43734
-0.64622 1.43720
-0.64616 1.43706
-0.64610 1.43691
-0.64604 1.43677
-0.64598 1.43662
-0.64591 1.43648
-0.64585 1.43634
-0.64579 1.43619
-0.64573 1.43605
-0.64567 1.43590
-0.64561 1.43576
-0.64555 1.43562
-0.64549 1.43547
-0.64543 1.43533
-0.64537 1.43518
-0.64530 1.43504
-0.64524 1.43490
-0.64518 1.43475
-0.64512 1.43461
-0.64506 1.43446
-0.64500 1.43432
-0.64494 1.43417
-0.64488 1.43403
-0.64482 1.43389
-0.64475 1.43374
-0.64469 1.43360
-0.64463 1.43345
-0.64457 1.43331
-0.64451 1.43316
-0.64445 1.43302
-0.64439 1.43288
-0.64433 1.43273
-0.64427 1.43259
-0.64420 1.43244
-0.64414 1.43230
-0.64408 1.43215
-0.64402 1.43201
-0.64396 1.43187
-0.64390 1.43172
-0.64384 1.43158
-0.64378 1.43143
-0.64371 1.43129
-0.64365 1.43114
-0.64359 1.43100
-0.64353 1.43085
-0.64347 1.43071
-0.64341 1.43056
-0.64335 1.43042
-0.64329 1.43028
-0.64322 1.43013
-0.64316 1.42999
-0.64310 1.42984
-0.64304 1.42970
-0.64298 1.42955
-0.64292 1.42941
-0.64286 1.42926
-0.64280 1.42912
-0.64273 1.42897
-0.64267 1.42883
-0.64261 1.42868
-0.64255 1.42854
-0.64249 1.42840
-0.64243 1.42825
-0.64237 1.42811
-0.64231 1.42796
-0.64224 1.42782
-0.64218 1.42767
-0.64212 1.42753
-0.64206 1.42738
-0.64200 1.42724
-0.64194 1.42709
-0.64188 1.42695
-0.64181 1.42680
-0.64175 1.42666
-0.64169 1.42651
-0.64163 1.42637
-0.64157 1.42622
-0.64151 1.42608
-0.64145 1.42593
-0.64138 1.42579
-0.64132 1.42564
-0.64126 1.42550
-0.64120 1.42535
-0.64114 1.42521
-0.64108 1.42506
-0.64102 1.42492
-0.64095 1.42477
-0.64089 1.42463
-0.64083 1.42448
-0.64077 1.42434
-0.64071 1.42419
-0.64065 1.42405
-0.64058 1.42390
-0.64052 1.42376
-0.64046 1.42361
-0.64040 1.42347
-0.64034 1.42332
-0.64028 1.42318
-0.64022 1.42303
-0.64015 1.42289
-0.64009 1.42274
-0.64003 1.42260
-0.63997 1.42245
-0.63991 1.42231
-0.63985 1.42216
-0.63978 1.42202
-0.63972 1.42187
-0.63966 1.42173
-0.63960 1.42158
-0.63954 1.42144
-0.63948 1.42129
-0.63941 1.42114
-0.63935 1.42100
-0.63929 1.42085
-0.63923 1.42071
-0.63917 1.42056
-0.63911 1.42042
-0.63904 1.42027
-0.63898 1.42013
-0.63892 1.41998
-0.63886 1.41984
-0.63880 1.41969
-0.63874 1.41955
-0.63867 1.41940
-0.63861 1.41925
-0.63855 1.41911
-0.63849 1.41896
-0.63843 1.41882
-0.63837 1.41867
-0.63830 1.41853
-0.63824 1.41838
-0.63818 1.41824
-0.63812 1.41809
-0.63806 1.41795
-0.63799 1.41780
-0.63793 1.41765
-0.63787 1.41751
-0.63781 1.41736
-0.63775 1.41722
-0.63769 1.41707
-0.63762 1.41693
-0.63756 1.41678
-0.63750 1.41663
-0.63744 1.41649
-0.63738 1.41634
-0.63731 1.41620
-0.63725 1.41605
-0.63719 1.41591
-0.63713 1.41576
-0.63707 1.41561
-0.63701 1.41547
-0.63694 1.41532
-0.63688 1.41518
-0.63682 1.41503
-0.63676 1.41489
-0.63670 1.41474
-0.63663 1.41459
-0.63657 1.41445
-0.63651 1.41430
-0.63645 1.41416
-0.63639 1.41401
-0.63632 1.41386
-0.63626 1.41372
-0.63620 1.41357
-0.63614 1.41343
-0.63608 1.41328
-0.63601 1.41313
-0.63595 1.41299
-0.63589 1.41284
-0.63583 1.41270
-0.63577 1.41255
-0.63570 1.41240
-0.63564 1.41226
-0.63558 1.41211
-0.63552 1.41197
-0.63546 1.41182
-0.63539 1.41167
-0.63533 1.41153
-0.63527 1.41138
-0.63521 1.41124
-0.63514 1.41109
-0.63508 1.41094
-0.63502 1.41080
-0.63496 1.41065
-0.63490 1.41050
-0.63483 1.41036
-0.63477 1.41021
-0.63471 1.41007
-0.63465 1.40992
-0.63459 1.40977
-0.63452 1.40963
-0.63446 1.40948
-0.63440 1.40933
-0.63434 1.40919
-0.63427 1.40904
-0.63421 1.40890
-0.63415 1.40875
-0.63409 1.40860
-0.63403 1.40846
-0.63396 1.40831
-0.63390 1.40816
-0.63384 1.40802
-0.63378 1.40787
-0.63371 1.40772
-0.63365 1.40758
-0.63359 1.40743
-0.63353 1.40728
-0.63347 1.40714
-0.63340 1.40699
-0.63334 1.40685
-0.63328 1.40670
-0.63322 1.40655
-0.63315 1.40641
-0.63309 1.40626
-0.63303 1.40611
-0.63297 1.40597
-0.63290 1.40582
-0.63284 1.40567
-0.63278 1.40553
-0.63272 1.40538
-0.63266 1.40523
-0.63259 1.40509
-0.63253 1.40494
-0.63247 1.40479
-0.63241 1.40465
-0.63234 1.40450
-0.63228 1.40435
-0.63222 1.40421
-0.63216 1.40406
-0.63209 1.40391
-0.63203 1.40377
-0.63197 1.40362
-0.63191 1.40347
-0.63184 1.40333
-0.63178 1.40318
-0.63172 1.40303
-0.63166 1.40288
-0.63159 1.40274
-0.63153 1.40259
-0.63147 1.40244
-0.63141 1.40230
-0.63134 1.40215
-0.63128 1.40200
-0.63122 1.40186
-0.63116 1.40171
-0.63109 1.40156
-0.63103 1.40142
-0.63097 1.40127
-0.63091 1.40112
-0.63084 1.40097
-0.63078 1.40083
-0.63072 1.40068
-0.63066 1.40053
-0.63059 1.40039
-0.63053 1.40024
-0.63047 1.40009
-0.63041 1.39995
-0.63034 1.39980
-0.63028 1.39965
-0.63022 1.39950
-0.63016 1.39936
-0.63009 1.39921
-0.63003 1.39906
-0.62997 1.39891
-0.62990 1.39877
-0.62984 1.39862
-0.62978 1.39847
-0.62972 1.39833
-0.62965 1.39818
-0.62959 1.39803
-0.62953 1.39788
-0.62947 1.39774
-0.62940 1.39759
-0.62934 1.39744
-0.62928 1.39729
-0.62921 1.39715
-0.62915 1.39700
-0.62909 1.39685
-0.62903 1.39671
-0.62896 1.39656
-0.62890 1.39641
-0.62884 1.39626
-0.62878 1.39612
-0.62871 1.39597
-0.62865 1.39582
-0.62859 1.39567
-0.62852 1.39553
-0.62846 1.39538
-0.62840 1.39523
-0.62834 1.39508
-0.62827 1.39494
-0.62821 1.39479
-0.62815 1.39464
-0.62808 1.39449
-0.62802 1.39435
-0.62796 1.39420
-0.62790 1.39405
-0.62783 1.39390
-0.62777 1.39375
-0.62771 1.39361
-0.62764 1.39346
-0.62758 1.39331
-0.62752 1.39316
-0.62746 1.39302
-0.62739 1.39287
-0.62733 1.39272
-0.62727 1.39257
-0.62720 1.39243
-0.62714 1.39228
-0.62708 1.39213
-0.62701 1.39198
-0.62695 1.39183
-0.62689 1.39169
-0.62683 1.39154
-0.62676 1.39139
-0.62670 1.39124
-0.62664 1.39110
-0.62657 1.39095
-0.62651 1.39080
-0.62645 1.39065
-0.62638 1.39050
-0.62632 1.39036
-0.62626 1.39021
-0.62620 1.39006
-0.62613 1.38991
-0.62607 1.38976
-0.62601 1.38962
-0.62594 1.38947
-0.62588 1.38932
-0.62582 1.38917
-0.62575 1.38902
-0.62569 1.38888
-0.62563 1.38873
-0.62556 1.38858
-0.62550 1.38843
-0.62544 1.38828
-0.62538 1.38813
-0.62531 1.38799
-0.62525 1.38784
-0.62519 1.38769
-0.62512 1.38754
-0.62506 1.38739
-0.62500 1.38725
-0.62493 1.38710
-0.62487 1.38695
-0.62481 1.38680
-0.62474 1.38665
-0.62468 1.38650
-0.62462 1.38636
-0.62455 1.38621
-0.62449 1.38606
-0.62443 1.38591
-0.62436 1.38576
-0.62430 1.38561
-0.62424 1.38547
-0.62417 1.38532
-0.62411 1.38517
-0.62405 1.38502
-0.62398 1.38487
-0.62392 1.38472
-0.62386 1.38458
-0.62379 1.38443
-0.62373 1.38428
-0.62367 1.38413
-0.62360 1.38398
-0.62354 1.38383
-0.62348 1.38368
-0.62341 1.38354
-0.62335 1.38339
-0.62329 1.38324
-0.62322 1.38309
-0.62316 1.38294
-0.62310 1.38279
-0.62303 1.38264
-0.62297 1.38250
-0.62291 1.38235
-0.62284 1.38220
-0.62278 1.38205
-0.62272 1.38190
-0.62265 1.38175
-0.62259 1.38160
-0.62253 1.38146
-0.62246 1.38131
-0.62240 1.38116
-0.62234 1.38101
-0.62227 1.38086
-0.62221 1.38071
-0.62215 1.38056
-0.62208 1.38041
-0.62202 1.38026
-0.62195 1.38012
-0.62189 1.37997
-0.62183 1.37982
-0.62176 1.37967
-0.62170 1.37952
-0.62164 1.37937
-0.62157 1.37922
-0.62151 1.37907
-0.62145 1.37892
-0.62138 1.37878
-0.62132 1.37863
-0.62126 1.37848
-0.62119 1.37833
-0.62113 1.37818
-0.62106 1.37803
-0.62100 1.37788
-0.62094 1.37773
-0.62087 1.37758
-0.62081 1.37743
-0.62075 1.37729
-0.62068 1.37714
-0.62062 1.37699
-0.62056 1.37684
-0.62049 1.37669
-0.62043 1.37654
-0.62036 1.37639
-0.62030 1.37624
-0.62024 1.37609
-0.62017 1.37594
-0.62011 1.37579
-0.62005 1.37564
-0.61998 1.37549
-0.61992 1.37535
-0.61985 1.37520
-0.61979 1.37505
-0.61973 1.37490
-0.61966 1.37475
-0.61960 1.37460
-0.61954 1.37445
-0.61947 1.37430
-0.61941 1.37415
-0.61934 1.37400
-0.61928 1.37385
-0.61922 1.37370
-0.61915 1.37355
-0.61909 1.37340
-0.61903 1.37325
-0.61896 1.37310
-0.61890 1.37296
-0.61883 1.37281
-0.61877 1.37266
-0.61871 1.37251
-0.61864 1.37236
-0.61858 1.37221
-0.61851 1.37206
-0.61845 1.37191
-0.61839 1.37176
-0.61832 1.37161
-0.61826 1.37146
-0.61819 1.37131
-0.61813 1.37116
-0.61807 1.37101
-0.61800 1.37086
-0.61794 1.37071
-0.61787 1.37056
-0.61781 1.37041
-0.61775 1.37026
-0.61768 1.37011
-0.61762 1.36996
-0.61755 1.36981
-0.61749 1.36966
-0.61743 1.36951
-0.61736 1.36936
-0.61730 1.36921
-0.61723 1.36906
-0.61717 1.36891
-0.61711 1.36876
-0.61704 1.36861
-0.61698 1.36846
-0.61691 1.36831
-0.61685 1.36816
-0.61679 1.36801
-0.61672 1.36786
-0.61666 1.36771
-0.61659 1.36756
-0.61653 1.36741
-0.61647 1.36726
-0.61640 1.36711
-0.61634 1.36696
-0.61627 1.36681
-0.61621 1.36666
-0.61614 1.36651
-0.61608 1.36636
-0.61602 1.36621
-0.61595 1.36606
-0.61589 1.36591
-0.61582 1.36576
-0.61576 1.36561
-0.61570 1.36546
-0.61563 1.36531
-0.61557 1.36516
-0.61550 1.36501
-0.61544 1.36486
-0.61537 1.36471
-0.61531 1.36456
-0.61525 1.36441
-0.61518 1.36426
-0.61512 1.36411
-0.61505 1.36396
-0.61499 1.36381
-0.61492 1.36366
-0.61486 1.36351
-0.61480 1.36336
-0.61473 1.36321
-0.61467 1.36306
-0.61460 1.36291
-0.61454 1.36276
-0.61447 1.36261
-0.61441 1.36246
-0.61435 1.36231
-0.61428 1.36216
-0.61422 1.36201
-0.61415 1.36185
-0.61409 1.36170
-0.61402 1.36155
-0.61396 1.36140
-0.61389 1.36125
-0.61383 1.36110
-0.61377 1.36095
-0.61370 1.36080
-0.61364 1.36065
-0.61357 1.36050
-0.61351 1.36035
-0.61344 1.36020
-0.61338 1.36005
-0.61331 1.35990
-0.61325 1.35975
-0.61319 1.35960
-0.61312 1.35944
-0.61306 1.35929
-0.61299 1.35914
-0.61293 1.35899
-0.61286 1.35884
-0.61280 1.35869
-0.61273 1.35854
-0.61267 1.35839
-0.61260 1.35824
-0.61254 1.35809
-0.61248 1.35794
-0.61241 1.35779
-0.61235 1.35764
-0.61228 1.35748
-0.61222 1.35733
-0.61215 1.35718
-0.61209 1.35703
-0.61202 1.35688
-0.61196 1.35673
-0.61189 1.35658
-0.61183 1.35643
-0.61176 1.35628
-0.61170 1.35613
-0.61164 1.35597
-0.61157 1.35582
-0.61151 1.35567
-0.61144 1.35552
-0.61138 1.35537
-0.61131 1.35522
-0.61125 1.35507
-0.61118 1.35492
-0.61112 1.35477
-0.61105 1.35461
-0.61099 1.35446
-0.61092 1.35431
-0.61086 1.35416
-0.61079 1.35401
-0.61073 1.35386
-0.61066 1.35371
-0.61060 1.35356
-0.61053 1.35340
-0.61047 1.35325
-0.61041 1.35310
-0.61034 1.35295
-0.61028 1.35280
-0.61021 1.35265
-0.61015 1.35250
-0.61008 1.35234
-0.61002 1.35219
-0.60995 1.35204
-0.60989 1.35189
-0.60982 1.35174
-0.60976 1.35159
-0.60969 1.35144
-0.60963 1.35128
-0.60956 1.35113
-0.60950 1.35098
-0.60943 1.35083
-0.60937 1.35068
-0.60930 1.35053
-0.60924 1.35038
-0.60917 1.35022
-0.60911 1.35007
-0.60904 1.34992
-0.60898 1.34977
-0.60891 1.34962
-0.60885 1.34947
-0.60878 1.34931
-0.60872 1.34916
-0.60865 1.34901
-0.60859 1.34886
-0.60852 1.34871
-0.60846 1.34856
-0.60839 1.34840
-0.60833 1.34825
-0.60826 1.34810
-0.60820 1.34795
-0.60813 1.34780
-0.60807 1.34764
-0.60800 1.34749
-0.60794 1.34734
-0.60787 1.34719
-0.60781 1.34704
-0.60774 1.34689
-0.60768 1.34673
-0.60761 1.34658
-0.60755 1.34643
-0.60748 1.34628
-0.60742 1.34613
-0.60735 1.34597
-0.60729 1.34582
-0.60722 1.34567
-0.60716 1.34552
-0.60709 1.34537
-0.60702 1.34521
-0.60696 1.34506
-0.60689 1.34491
-0.60683 1.34476
-0.60676 1.34461
-0.60670 1.34445
-0.60663 1.34430
-0.60657 1.34415
-0.60650 1.34400
-0.60644 1.34384
-0.60637 1.34369
-0.60631 1.34354
-0.60624 1.34339
-0.60618 1.34324
-0.60611 1.34308
-0.60605 1.34293
-0.60598 1.34278
-0.60592 1.34263
-0.60585 1.34247
-0.60578 1.34232
-0.60572 1.34217
-0.60565 1.34202
-0.60559 1.34186
-0.60552 1.34171
-0.60546 1.34156
-0.60539 1.34141
-0.60533 1.34126
-0.60526 1.34110
-0.60520 1.34095
-0.60513 1.34080
-0.60507 1.34065
-0.60500 1.34049
-0.60493 1.34034
-0.60487 1.34019
-0.60480 1.34004
-0.60474 1.33988
-0.60467 1.33973
-0.60461 1.33958
-0.60454 1.33942
-0.60448 1.33927
-0.60441 1.33912
-0.60435 1.33897
-0.60428 1.33881
-0.60421 1.33866
-0.60415 1.33851
-0.60408 1.33836
-0.60402 1.33820
-0.60395 1.33805
-0.60389 1.33790
-0.60382 1.33775
-0.60376 1.33759
-0.60369 1.33744
-0.60362 1.33729
-0.60356 1.33713
-0.60349 1.33698
-0.60343 1.33683
-0.60336 1.33668
-0.60330 1.33652
-0.60323 1.33637
-0.60317 1.33622
-0.60310 1.33606
-0.60303 1.33591
-0.60297 1.33576
-0.60290 1.33560
-0.60284 1.33545
-0.60277 1.33530
-0.60271 1.33515
-0.60264 1.33499
-0.60257 1.33484
-0.60251 1.33469
-0.60244 1.33453
-0.60238 1.33438
-0.60231 1.33423
-0.60225 1.33407
-0.60218 1.33392
-0.60211 1.33377
-0.60205 1.33361
-0.60198 1.33346
-0.60192 1.33331
-0.60185 1.33316
-0.60179 1.33300
-0.60172 1.33285
-0.60165 1.33270
-0.60159 1.33254
-0.60152 1.33239
-0.60146 1.33224
-0.60139 1.33208
-0.60132 1.33193
-0.60126 1.33178
-0.60119 1.33162
-0.60113 1.33147
-0.60106 1.33132
-0.60100 1.33116
-0.60093 1.33101
-0.60086 1.33086
-0.60080 1.33070
-0.60073 1.33055
-0.60067 1.33039
-0.60060 1.33024
-0.60053 1.33009
-0.60047 1.32993
-0.60040 1.32978
-0.60034 1.32963
-0.60027 1.32947
-0.60020 1.32932
-0.60014 1.32917
-0.60007 1.32901
-0.60001 1.32886
-0.59994 1.32871
-0.59987 1.32855
-0.59981 1.32840
-0.59974 1.32824
-0.59968 1.32809
-0.59961 1.32794
-0.59954 1.32778
-0.59948 1.32763
-0.59941 1.32748
-0.59935 1.32732
-0.59928 1.32717
-0.59921 1.32701
-0.59915 1.32686
-0.59908 1.32671
-0.59902 1.32655
-0.59895 1.32640
-0.59888 1.32625
-0.59882 1.32609
-0.59875 1.32594
-0.59868 1.32578
-0.59862 1.32563
-0.59855 1.32548
-0.59849 1.32532
-0.59842 1.32517
-0.59835 1.32501
-0.59829 1.32486
-0.59822 1.32471
-0.59816 1.32455
-0.59809 1.32440
-0.59802 1.32424
-0.59796 1.32409
-0.59789 1.32394
-0.59782 1.32378
-0.59776 1.32363
-0.59769 1.32347
-0.59763 1.32332
-0.59756 1.32316
-0.59749 1.32301
-0.59743 1.32286
-0.59736 1.32270
-0.59729 1.32255
-0.59723 1.32239
-0.59716 1.32224
-0.59709 1.32208
-0.59703 1.32193
-0.59696 1.32178
-0.59690 1.32162
-0.59683 1.32147
-0.59676 1.32131
-0.59670 1.32116
-0.59663 1.32100
-0.59656 1.32085
-0.59650 1.32070
-0.59643 1.32054
-0.59636 1.32039
-0.59630 1.32023
-0.59623 1.32008
-0.59616 1.31992
-0.59610 1.31977
-0.59603 1.31961
-0.59597 1.31946
-0.59590 1.31930
-0.59583 1.31915
-0.59577 1.31900
-0.59570 1.31884
-0.59563 1.31869
-0.59557 1.31853
-0.59550 1.31838
-0.59543 1.31822
-0.59537 1.31807
-0.59530 1.31791
-0.59523 1.31776
-0.59517 1.31760
-0.59510 1.31745
-0.59503 1.31729
-0.59497 1.31714
-0.59490 1.31698
-0.59483 1.31683
-0.59477 1.31667
-0.59470 1.31652
-0.59463 1.31637
-0.59457 1.31621
-0.59450 1.31606
-0.59443 1.31590
-0.59437 1.31575
-0.59430 1.31559
-0.59423 1.31544
-0.59417 1.31528
-0.59410 1.31513
-0.59403 1.31497
-0.59397 1.31482
-0.59390 1.31466
-0.59383 1.31451
-0.59377 1.31435
-0.59370 1.31420
-0.59363 1.31404
-0.59357 1.31389
-0.59350 1.31373
-0.59343 1.31358
-0.59337 1.31342
-0.59330 1.31326
-0.59323 1.31311
-0.59317 1.31295
-0.59310 1.31280
-0.59303 1.31264
-0.59297 1.31249
-0.59290 1.31233
-0.59283 1.31218
-0.59277 1.31202
-0.59270 1.31187
-0.59263 1.31171
-0.59257 1.31156
-0.59250 1.31140
-0.59243 1.31125
-0.59236 1.31109
-0.59230 1.31094
-0.59223 1.31078
-0.59216 1.31062
-0.59210 1.31047
-0.59203 1.31031
-0.59196 1.31016
-0.59190 1.31000
-0.59183 1.30985
-0.59176 1.30969
-0.59170 1.30954
-0.59163 1.30938
-0.59156 1.30922
-0.59149 1.30907
-0.59143 1.30891
-0.59136 1.30876
-0.59129 1.30860
-0.59123 1.30845
-0.59116 1.30829
-0.59109 1.30814
-0.59102 1.30798
-0.59096 1.30782
-0.59089 1.30767
-0.59082 1.30751
-0.59076 1.30736
-0.59069 1.30720
-0.59062 1.30705
-0.59056 1.30689
-0.59049 1.30673
-0.59042 1.30658
-0.59035 1.30642
-0.59029 1.30627
-0.59022 1.30611
-0.59015 1.30595
-0.59009 1.30580
-0.59002 1.30564
-0.58995 1.30549
-0.58988 1.30533
-0.58982 1.30517
-0.58975 1.30502
-0.58968 1.30486
-0.58961 1.30471
-0.58955 1.30455
-0.58948 1.30439
-0.58941 1.30424
-0.58935 1.30408
-0.58928 1.30393
-0.58921 1.30377
-0.58914 1.30361
-0.58908 1.30346
-0.58901 1.30330
-0.58894 1.30315
-0.58887 1.30299
-0.58881 1.30283
-0.58874 1.30268
-0.58867 1.30252
-0.58861 1.30236
-0.58854 1.30221
-0.58847 1.30205
-0.58840 1.30190
-0.58834 1.30174
-0.58827 1.30158
-0.58820 1.30143
-0.58813 1.30127
-0.58807 1.30111
-0.58800 1.30096
-0.58793 1.30080
-0.58786 1.30064
-0.58780 1.30049
-0.58773 1.30033
-0.58766 1.30017
-0.58759 1.30002
-0.58753 1.29986
-0.58746 1.29971
-0.58739 1.29955
-0.58732 1.29939
-0.58726 1.29924
-0.58719 1.29908
-0.58712 1.29892
-0.58705 1.29877
-0.58699 1.29861
-0.58692 1.29845
-0.58685 1.29830
-0.58678 1.29814
-0.58672 1.29798
-0.58665 1.29783
-0.58658 1.29767
-0.58651 1.29751
-0.58645 1.29736
-0.58638 1.29720
-0.58631 1.29704
-0.58624 1.29689
-0.58618 1.29673
-0.58611 1.29657
-0.58604 1.29641
-0.58597 1.29626
-0.58591 1.29610
-0.58584 1.29594
-0.58577 1.29579
-0.58570 1.29563
-0.58563 1.29547
-0.58557 1.29532
-0.58550 1.29516
-0.58543 1.29500
-0.58536 1.29484
-0.58530 1.29469
-0.58523 1.29453
-0.58516 1.29437
-0.58509 1.29422
-0.58502 1.29406
-0.58496 1.29390
-0.58489 1.29375
-0.58482 1.29359
-0.58475 1.29343
-0.58469 1.29327
-0.58462 1.29312
-0.58455 1.29296
-0.58448 1.29280
-0.58441 1.29264
-0.58435 1.29249
-0.58428 1.29233
-0.58421 1.29217
-0.58414 1.29202
-0.58407 1.29186
-0.58401 1.29170
-0.58394 1.29154
-0.58387 1.29139
-0.58380 1.29123
-0.58374 1.29107
-0.58367 1.29091
-0.58360 1.29076
-0.58353 1.29060
-0.58346 1.29044
-0.58340 1.29028
-0.58333 1.29013
-0.58326 1.28997
-0.58319 1.28981
-0.58312 1.28965
-0.58306 1.28950
-0.58299 1.28934
-0.58292 1.28918
-0.58285 1.28902
-0.58278 1.28887
-0.58272 1.28871
-0.58265 1.28855
-0.58258 1.28839
-0.58251 1.28823
-0.58244 1.28808
-0.58237 1.28792
-0.58231 1.28776
-0.58224 1.28760
-0.58217 1.28745
-0.58210 1.28729
-0.58203 1.28713
-0.58197 1.28697
-0.58190 1.28681
-0.58183 1.28666
-0.58176 1.28650
-0.58169 1.28634
-0.58163 1.28618
-0.58156 1.28602
-0.58149 1.28587
-0.58142 1.28571
-0.58135 1.28555
-0.58128 1.28539
-0.58122 1.28523
-0.58115 1.28508
-0.58108 1.28492
-0.58101 1.28476
-0.58094 1.28460
-0.58087 1.28444
-0.58081 1.28429
-0.58074 1.28413
-0.58067 1.28397
-0.58060 1.28381
-0.58053 1.28365
-0.58046 1.28350
-0.58040 1.28334
-0.58033 1.28318
-0.58026 1.28302
-0.58019 1.28286
-0.58012 1.28270
-0.58005 1.28255
-0.57999 1.28239
-0.57992 1.28223
-0.57985 1.28207
-0.57978 1.28191
-0.57971 1.28175
-0.57964 1.28160
-0.57958 1.28144
-0.57951 1.28128
-0.57944 1.28112
-0.57937 1.28096
-0.57930 1.28080
-0.57923 1.28064
-0.57916 1.28049
-0.57910 1.28033
-0.57903 1.28017
-0.57896 1.28001
-0.57889 1.27985
-0.57882 1.27969
-0.57875 1.27953
-0.57869 1.27938
-0.57862 1.27922
-0.57855 1.27906
-0.57848 1.27890
-0.57841 1.27874
-0.57834 1.27858
-0.57827 1.27842
-0.57821 1.27827
-0.57814 1.27811
-0.57807 1.27795
-0.57800 1.27779
-0.57793 1.27763
-0.57786 1.27747
-0.57779 1.27731
-0.57772 1.27715
-0.57766 1.27699
-0.57759 1.27684
-0.57752 1.27668
-0.57745 1.27652
-0.57738 1.27636
-0.57731 1.27620
-0.57724 1.27604
-0.57717 1.27588
-0.57711 1.27572
-0.57704 1.27556
-0.57697 1.27540
-0.57690 1.27525
-0.57683 1.27509
-0.57676 1.27493
-0.57669 1.27477
-0.57662 1.27461
-0.57656 1.27445
-0.57649 1.27429
-0.57642 1.27413
-0.57635 1.27397
-0.57628 1.27381
-0.57621 1.27365
-0.57614 1.27349
-0.57607 1.27333
-0.57601 1.27318
-0.57594 1.27302
-0.57587 1.27286
-0.57580 1.27270
-0.57573 1.27254
-0.57566 1.27238
-0.57559 1.27222
-0.57552 1.27206
-0.57545 1.27190
-0.57538 1.27174
-0.57532 1.27158
-0.57525 1.27142
-0.57518 1.27126
-0.57511 1.27110
-0.57504 1.27094
-0.57497 1.27078
-0.57490 1.27062
-0.57483 1.27046
-0.57476 1.27031
-0.57469 1.27015
-0.57463 1.26999
-0.57456 1.26983
-0.57449 1.26967
-0.57442 1.26951
-0.57435 1.26935
-0.57428 1.26919
-0.57421 1.26903
-0.57414 1.26887
-0.57407 1.26871
-0.57400 1.26855
-0.57393 1.26839
-0.57387 1.26823
-0.57380 1.26807
-0.57373 1.26791
-0.57366 1.26775
-0.57359 1.26759
-0.57352 1.26743
-0.57345 1.26727
-0.57338 1.26711
-0.57331 1.26695
-0.57324 1.26679
-0.57317 1.26663
-0.57310 1.26647
-0.57303 1.26631
-0.57297 1.26615
-0.57290 1.26599
-0.57283 1.26583
-0.57276 1.26567
-0.57269 1.26551
-0.57262 1.26535
-0.57255 1.26519
-0.57248 1.26503
-0.57241 1.26487
-0.57234 1.26471
-0.57227 1.26455
-0.57220 1.26439
-0.57213 1.26423
-0.57206 1.26407
-0.57199 1.26391
-0.57193 1.26375
-0.57186 1.26359
-0.57179 1.26343
-0.57172 1.26326
-0.57165 1.26310
-0.57158 1.26294
-0.57151 1.26278
-0.57144 1.26262
-0.57137 1.26246
-0.57130 1.26230
-0.57123 1.26214
-0.57116 1.26198
-0.57109 1.26182
-0.57102 1.26166
-0.57095 1.26150
-0.57088 1.26134
-0.57081 1.26118
-0.57074 1.26102
-0.57067 1.26086
-0.57061 1.26070
-0.57054 1.26054
-0.57047 1.26037
-0.57040 1.26021
-0.57033 1.26005
-0.57026 1.25989
-0.57019 1.25973
-0.57012 1.25957
-0.57005 1.25941
-0.56998 1.25925
-0.56991 1.25909
-0.56984 1.25893
-0.56977 1.25877
-0.56970 1.25861
-0.56963 1.25845
-0.56956 1.25828
-0.56949 1.25812
-0.56942 1.25796
-0.56935 1.25780
-0.56928 1.25764
-0.56921 1.25748
-0.56914 1.25732
-0.56907 1.25716
-0.56900 1.25700
-0.56893 1.25684
-0.56886 1.25667
-0.56879 1.25651
-0.56872 1.25635
-0.56865 1.25619
-0.56858 1.25603
-0.56851 1.25587
-0.56844 1.25571
-0.56837 1.25555
-0.56830 1.25538
-0.56823 1.25522
-0.56817 1.25506
-0.56810 1.25490
-0.56803 1.25474
-0.56796 1.25458
-0.56789 1.25442
-0.56782 1.25426
-0.56775 1.25409
-0.56768 1.25393
-0.56761 1.25377
-0.56754 1.25361
-0.56747 1.25345
-0.56740 1.25329
-0.56733 1.25313
-0.56726 1.25296
-0.56719 1.25280
-0.56712 1.25264
-0.56705 1.25248
-0.56698 1.25232
-0.56691 1.25216
-0.56684 1.25199
-0.56677 1.25183
-0.56670 1.25167
-0.56663 1.25151
-0.56656 1.25135
-0.56649 1.25119
-0.56642 1.25102
-0.56635 1.25086
-0.56628 1.25070
-0.56620 1.25054
-0.56613 1.25038
-0.56606 1.25022
-0.56599 1.25005
-0.56592 1.24989
-0.56585 1.24973
-0.56578 1.24957
-0.56571 1.24941
-0.56564 1.24924
-0.56557 1.24908
-0.56550 1.24892
-0.56543 1.24876
-0.56536 1.24860
-0.56529 1.24843
-0.56522 1.24827
-0.56515 1.24811
-0.56508 1.24795
-0.56501 1.24779
-0.56494 1.24762
-0.56487 1.24746
-0.56480 1.24730
-0.56473 1.24714
-0.56466 1.24698
-0.56459 1.24681
-0.56452 1.24665
-0.56445 1.24649
-0.56438 1.24633
-0.56431 1.24616
-0.56424 1.24600
-0.56417 1.24584
-0.56410 1.24568
-0.56403 1.24551
-0.56396 1.24535
-0.56389 1.24519
-0.56382 1.24503
-0.56374 1.24487
-0.56367 1.24470
-0.56360 1.24454
-0.56353 1.24438
-0.56346 1.24422
-0.56339 1.24405
-0.56332 1.24389
-0.56325 1.24373
-0.56318 1.24357
-0.56311 1.24340
-0.56304 1.24324
-0.56297 1.24308
-0.56290 1.24292
-0.56283 1.24275
-0.56276 1.24259
-0.56269 1.24243
-0.56262 1.24226
-0.56255 1.24210
-0.56248 1.24194
-0.56240 1.24178
-0.56233 1.24161
-0.56226 1.24145
-0.56219 1.24129
-0.56212 1.24112
-0.56205 1.24096
-0.56198 1.24080
-0.56191 1.24064
-0.56184 1.24047
-0.56177 1.24031
-0.56170 1.24015
-0.56163 1.23998
-0.56156 1.23982
-0.56149 1.23966
-0.56142 1.23950
-0.56134 1.23933
-0.56127 1.23917
-0.56120 1.23901
-0.56113 1.23884
-0.56106 1.23868
-0.56099 1.23852
-0.56092 1.23835
-0.56085 1.23819
-0.56078 1.23803
-0.56071 1.23786
-0.56064 1.23770
-0.56057 1.23754
-0.56049 1.23737
-0.56042 1.23721
-0.56035 1.23705
-0.56028 1.23688
-0.56021 1.23672
-0.56014 1.23656
-0.56007 1.23639
-0.56000 1.23623
-0.55993 1.23607
-0.55986 1.23590
-0.55979 1.23574
-0.55971 1.23558
-0.55964 1.23541
-0.55957 1.23525
-0.55950 1.23509
-0.55943 1.23492
-0.55936 1.23476
-0.55929 1.23460
-0.55922 1.23443
-0.55915 1.23427
-0.55908 1.23411
-0.55900 1.23394
-0.55893 1.23378
-0.55886 1.23361
-0.55879 1.23345
-0.55872 1.23329
-0.55865 1.23312
-0.55858 1.23296
-0.55851 1.23280
-0.55844 1.23263
-0.55836 1.23247
-0.55829 1.23230
-0.55822 1.23214
-0.55815 1.23198
-0.55808 1.23181
-0.55801 1.23165
-0.55794 1.23148
-0.55787 1.23132
-0.55779 1.23116
-0.55772 1.23099
-0.55765 1.23083
-0.55758 1.23066
-0.55751 1.23050
-0.55744 1.23034
-0.55737 1.23017
-0.55730 1.23001
-0.55722 1.22984
-0.55715 1.22968
-0.55708 1.22952
-0.55701 1.22935
-0.55694 1.22919
-0.55687 1.22902
-0.55680 1.22886
-0.55673 1.22869
-0.55665 1.22853
-0.55658 1.22837
-0.55651 1.22820
-0.55644 1.22804
-0.55637 1.22787
-0.55630 1.22771
-0.55623 1.22754
-0.55615 1.22738
-0.55608 1.22722
-0.55601 1.22705
-0.55594 1.22689
-0.55587 1.22672
-0.55580 1.22656
-0.55573 1.22639
-0.55565 1.22623
-0.55558 1.22606
-0.55551 1.22590
-0.55544 1.22573
-0.55537 1.22557
-0.55530 1.22541
-0.55522 1.22524
-0.55515 1.22508
-0.55508 1.22491
-0.55501 1.22475
-0.55494 1.22458
-0.55487 1.22442
-0.55480 1.22425
-0.55472 1.22409
-0.55465 1.22392
-0.55458 1.22376
-0.55451 1.22359
-0.55444 1.22343
-0.55437 1.22326
-0.55429 1.22310
-0.55422 1.22293
-0.55415 1.22277
-0.55408 1.22260
-0.55401 1.22244
-0.55394 1.22227
-0.55386 1.22211
-0.55379 1.22194
-0.55372 1.22178
-0.55365 1.22161
-0.55358 1.22145
-0.55350 1.22128
-0.55343 1.22112
-0.55336 1.22095
-0.55329 1.22079
-0.55322 1.22062
-0.55315 1.22046
-0.55307 1.22029
-0.55300 1.22013
-0.55293 1.21996
-0.55286 1.21980
-0.55279 1.21963
-0.55271 1.21947
-0.55264 1.21930
-0.55257 1.21914
-0.55250 1.21897
-0.55243 1.21880
-0.55235 1.21864
-0.55228 1.21847
-0.55221 1.21831
-0.55214 1.21814
-0.55207 1.21798
-0.55199 1.21781
-0.55192 1.21765
-0.55185 1.21748
-0.55178 1.21731
-0.55171 1.21715
-0.55163 1.21698
-0.55156 1.21682
-0.55149 1.21665
-0.55142 1.21649
-0.55135 1.21632
-0.55127 1.21615
-0.55120 1.21599
-0.55113 1.21582
-0.55106 1.21566
-0.55099 1.21549
-0.55091 1.21533
-0.55084 1.21516
-0.55077 1.21499
-0.55070 1.21483
-0.55063 1.21466
-0.55055 1.21450
-0.55048 1.21433
-0.55041 1.21416
-0.55034 1.21400
-0.55026 1.21383
-0.55019 1.21367
-0.55012 1.21350
-0.55005 1.21333
-0.54997 1.21317
-0.54990 1.21300
-0.54983 1.21284
-0.54976 1.21267
-0.54969 1.21250
-0.54961 1.21234
-0.54954 1.21217
-0.54947 1.21201
-0.54940 1.21184
-0.54932 1.21167
-0.54925 1.21151
-0.54918 1.21134
-0.54911 1.21117
-0.54903 1.21101
-0.54896 1.21084
-0.54889 1.21067
-0.54882 1.21051
-0.54875 1.21034
-0.54867 1.21018
-0.54860 1.21001
-0.54853 1.20984
-0.54846 1.20968
-0.54838 1.20951
-0.54831 1.20934
-0.54824 1.20918
-0.54817 1.20901
-0.54809 1.20884
-0.54802 1.20868
-0.54795 1.20851
-0.54788 1.20834
-0.54780 1.20818
-0.54773 1.20801
-0.54766 1.20784
-0.54758 1.20768
-0.54751 1.20751
-0.54744 1.20734
-0.54737 1.20718
-0.54729 1.20701
-0.54722 1.20684
-0.54715 1.20668
-0.54708 1.20651
-0.54700 1.20634
-0.54693 1.20618
-0.54686 1.20601
-0.54679 1.20584
-0.54671 1.20567
-0.54664 1.20551
-0.54657 1.20534
-0.54649 1.20517
-0.54642 1.20501
-0.54635 1.20484
-0.54628 1.20467
-0.54620 1.20450
-0.54613 1.20434
-0.54606 1.20417
-0.54599 1.20400
-0.54591 1.20384
-0.54584 1.20367
-0.54577 1.20350
-0.54569 1.20333
-0.54562 1.20317
-0.54555 1.20300
-0.54548 1.20283
-0.54540 1.20267
-0.54533 1.20250
-0.54526 1.20233
-0.54518 1.20216
-0.54511 1.20200
-0.54504 1.20183
-0.54496 1.20166
-0.54489 1.20149
-0.54482 1.20133
-0.54475 1.20116
-0.54467 1.20099
-0.54460 1.20082
-0.54453 1.20066
-0.54445 1.20049
-0.54438 1.20032
-0.54431 1.20015
-0.54423 1.19999
-0.54416 1.19982
-0.54409 1.19965
-0.54402 1.19948
-0.54394 1.19931
-0.54387 1.19915
-0.54380 1.19898
-0.54372 1.19881
-0.54365 1.19864
-0.54358 1.19848
-0.54350 1.19831
-0.54343 1.19814
-0.54336 1.19797
-0.54328 1.19780
-0.54321 1.19764
-0.54314 1.19747
-0.54306 1.19730
-0.54299 1.19713
-0.54292 1.19696
-0.54285 1.19680
-0.54277 1.19663
-0.54270 1.19646
-0.54263 1.19629
-0.54255 1.19612
-0.54248 1.19595
-0.54241 1.19579
-0.54233 1.19562
-0.54226 1.19545
-0.54219 1.19528
-0.54211 1.19511
-0.54204 1.19495
-0.54197 1.19478
-0.54189 1.19461
-0.54182 1.19444
-0.54175 1.19427
-0.54167 1.19410
-0.54160 1.19394
-0.54153 1.19377
-0.54145 1.19360
-0.54138 1.19343
-0.54130 1.19326
-0.54123 1.19309
-0.54116 1.19292
-0.54108 1.19276
-0.54101 1.19259
-0.54094 1.19242
-0.54086 1.19225
-0.54079 1.19208
-0.54072 1.19191
-0.54064 1.19174
-0.54057 1.19158
-0.54050 1.19141
-0.54042 1.19124
-0.54035 1.19107
-0.54028 1.19090
-0.54020 1.19073
-0.54013 1.19056
-0.54005 1.19039
-0.53998 1.19023
-0.53991 1.19006
-0.53983 1.18989
-0.53976 1.18972
-0.53969 1.18955
-0.53961 1.18938
-0.53954 1.18921
-0.53946 1.18904
-0.53939 1.18887
-0.53932 1.18870
-0.53924 1.18854
-0.53917 1.18837
-0.53910 1.18820
-0.53902 1.18803
-0.53895 1.18786
-0.53887 1.18769
-0.53880 1.18752
-0.53873 1.18735
-0.53865 1.18718
-0.53858 1.18701
-0.53851 1.18684
-0.53843 1.18667
-0.53836 1.18650
-0.53828 1.18634
-0.53821 1.18617
-0.53814 1.18600
-0.53806 1.18583
-0.53799 1.18566
-0.53791 1.18549
-0.53784 1.18532
-0.53777 1.18515
-0.53769 1.18498
-0.53762 1.18481
-0.53754 1.18464
-0.53747 1.18447
-0.53740 1.18430
-0.53732 1.18413
-0.53725 1.18396
-0.53717 1.18379
-0.53710 1.18362
-0.53703 1.18345
-0.53695 1.18328
-0.53688 1.18311
-0.53680 1.18294
-0.53673 1.18277
-0.53666 1.18260
-0.53658 1.18243
-0.53651 1.18226
-0.53643 1.18209
-0.53636 1.18192
-0.53629 1.18175
-0.53621 1.18158
-0.53614 1.18141
-0.53606 1.18124
-0.53599 1.18107
-0.53591 1.18090
-0.53584 1.18073
-0.53577 1.18056
-0.53569 1.18039
-0.53562 1.18022
-0.53554 1.18005
-0.53547 1.17988
-0.53539 1.17971
-0.53532 1.17954
-0.53525 1.17937
-0.53517 1.17920
-0.53510 1.17903
-0.53502 1.17886
-0.53495 1.17869
-0.53487 1.17852
-0.53480 1.17835
-0.53473 1.17818
-0.53465 1.17801
-0.53458 1.17784
-0.53450 1.17767
-0.53443 1.17750
-0.53435 1.17733
-0.53428 1.17716
-0.53420 1.17699
-0.53413 1.17682
-0.53406 1.17665
-0.53398 1.17648
-0.53391 1.17631
-0.53383 1.17614
-0.53376 1.17596
-0.53368 1.17579
-0.53361 1.17562
-0.53353 1.17545
-0.53346 1.17528
-0.53339 1.17511
-0.53331 1.17494
-0.53324 1.17477
-0.53316 1.17460
-0.53309 1.17443
-0.53301 1.17426
-0.53294 1.17409
-0.53286 1.17391
-0.53279 1.17374
-0.53271 1.17357
-0.53264 1.17340
-0.53256 1.17323
-0.53249 1.17306
-0.53241 1.17289
-0.53234 1.17272
-0.53227 1.17255
-0.53219 1.17238
-0.53212 1.17220
-0.53204 1.17203
-0.53197 1.17186
-0.53189 1.17169
-0.53182 1.17152
-0.53174 1.17135
-0.53167 1.17118
-0.53159 1.17101
-0.53152 1.17083
-0.53144 1.17066
-0.53137 1.17049
-0.53129 1.17032
-0.53122 1.17015
-0.53114 1.16998
-0.53107 1.16981
-0.53099 1.16963
-0.53092 1.16946
-0.53084 1.16929
-0.53077 1.16912
-0.53069 1.16895
-0.53062 1.16878
-0.53054 1.16861
-0.53047 1.16843
-0.53039 1.16826
-0.53032 1.16809
-0.53024 1.16792
-0.53017 1.16775
-0.53009 1.16758
-0.53002 1.16740
-0.52994 1.16723
-0.52987 1.16706
-0.52979 1.16689
-0.52972 1.16672
-0.52964 1.16654
-0.52957 1.16637
-0.52949 1.16620
-0.52942 1.16603
-0.52934 1.16586
-0.52927 1.16568
-0.52919 1.16551
-0.52912 1.16534
-0.52904 1.16517
-0.52897 1.16500
-0.52889 1.16482
-0.52882 1.16465
-0.52874 1.16448
-0.52867 1.16431
-0.52859 1.16414
-0.52851 1.16396
-0.52844 1.16379
-0.52836 1.16362
-0.52829 1.16345
-0.52821 1.16327
-0.52814 1.16310
-0.52806 1.16293
-0.52799 1.16276
-0.52791 1.16259
-0.52784 1.16241
-0.52776 1.16224
-0.52769 1.16207
-0.52761 1.16190
-0.52754 1.16172
-0.52746 1.16155
-0.52738 1.16138
-0.52731 1.16121
-0.52723 1.16103
-0.52716 1.16086
-0.52708 1.16069
-0.52701 1.16052
-0.52693 1.16034
-0.52686 1.16017
-0.52678 1.16000
-0.52670 1.15982
-0.52663 1.15965
-0.52655 1.15948
-0.52648 1.15931
-0.52640 1.15913
-0.52633 1.15896
-0.52625 1.15879
-0.52618 1.15861
-0.52610 1.15844
-0.52602 1.15827
-0.52595 1.15810
-0.52587 1.15792
-0.52580 1.15775
-0.52572 1.15758
-0.52565 1.15740
-0.52557 1.15723
-0.52549 1.15706
-0.52542 1.15688
-0.52534 1.15671
-0.52527 1.15654
-0.52519 1.15636
-0.52512 1.15619
-0.52504 1.15602
-0.52496 1.15584
-0.52489 1.15567
-0.52481 1.15550
-0.52474 1.15532
-0.52466 1.15515
-0.52459 1.15498
-0.52451 1.15480
-0.52443 1.15463
-0.52436 1.15446
-0.52428 1.15428
-0.52421 1.15411
-0.52413 1.15394
-0.52405 1.15376
-0.52398 1.15359
-0.52390 1.15342
-0.52383 1.15324
-0.52375 1.15307
-0.52367 1.15290
-0.52360 1.15272
-0.52352 1.15255
-0.52345 1.15237
-0.52337 1.15220
-0.52329 1.15203
-0.52322 1.15185
-0.52314 1.15168
-0.52307 1.15151
-0.52299 1.15133
-0.52291 1.15116
-0.52284 1.15098
-0.52276 1.15081
-0.52269 1.15064
-0.52261 1.15046
-0.52253 1.15029
-0.52246 1.15011
-0.52238 1.14994
-0.52230 1.14977
-0.52223 1.14959
-0.52215 1.14942
-0.52208 1.14924
-0.52200 1.14907
-0.52192 1.14890
-0.52185 1.14872
-0.52177 1.14855
-0.52169 1.14837
-0.52162 1.14820
-0.52154 1.14802
-0.52147 1.14785
-0.52139 1.14768
-0.52131 1.14750
-0.52124 1.14733
-0.52116 1.14715
-0.52108 1.14698
-0.52101 1.14680
-0.52093 1.14663
-0.52085 1.14645
-0.52078 1.14628
-0.52070 1.14610
-0.52063 1.14593
-0.52055 1.14576
-0.52047 1.14558
-0.52040 1.14541
-0.52032 1.14523
-0.52024 1.14506
-0.52017 1.14488
-0.52009 1.14471
-0.52001 1.14453
-0.51994 1.14436
-0.51986 1.14418
-0.51978 1.14401
-0.51971 1.14383
-0.51963 1.14366
-0.51955 1.14348
-0.51948 1.14331
-0.51940 1.14313
-0.51932 1.14296
-0.51925 1.14278
-0.51917 1.14261
-0.51909 1.14243
-0.51902 1.14226
-0.51894 1.14208
