-0.95743 2.33496
-0.95728 2.33496
-0.95713 2.33496
-0.95699 2.33496
-0.95684 2.33496
-0.95670 2.33496
-0.95655 2.33496
-0.95641 2.33496
-0.95626 2.33496
-0.95611 2.33496
-0.95597 2.33496
-0.95582 2.33496
-0.95568 2.33496
-0.95553 2.33496
-0.95539 2.33496
-0.95524 2.33496
-0.95510 2.33496
-0.95495 2.33496
-0.95480 2.33496
-0.95466 2.33496
-0.95451 2.33496
-0.95437 2.33496
-0.95422 2.33496
-0.95408 2.33496
-0.95393 2.33496
-0.95378 2.33495
-0.95364 2.33495
-0.95349 2.33495
-0.95335 2.33495
-0.95320 2.33495
-0.95306 2.33495
-0.95291 2.33495
-0.95276 2.33495
-0.95262 2.33495
-0.95247 2.33495
-0.95233 2.33495
-0.95218 2.33495
-0.95204 2.33495
-0.95189 2.33495
-0.95174 2.33495
-0.95160 2.33495
-0.95145 2.33494
-0.95131 2.33494
-0.95116 2.33494
-0.95102 2.33494
-0.95087 2.33494
-0.95072 2.33494
-0.95058 2.33494
-0.95043 2.33494
-0.95029 2.33494
-0.95014 2.33494
-0.95000 2.33494
-0.94985 2.33493
-0.94970 2.33493
-0.94956 2.33493
-0.94941 2.33493
-0.94927 2.33493
-0.94912 2.33493
-0.94897 2.33493
-0.94883 2.33493
-0.94868 2.33493
-0.94854 2.33492
-0.94839 2.33492
-0.94825 2.33492
-0.94810 2.33492
-0.94795 2.33492
-0.94781 2.33492
-0.94766 2.33492
-0.94752 2.33492
-0.94737 2.33491
-0.94722 2.33491
-0.94708 2.33491
-0.94693 2.33491
-0.94679 2.33491
-0.94664 2.33491
-0.94650 2.33491
-0.94635 2.33490
-0.94620 2.33490
-0.94606 2.33490
-0.94591 2.33490
-0.94577 2.33490
-0.94562 2.33490
-0.94547 2.33490
-0.94533 2.33489
-0.94518 2.33489
-0.94504 2.33489
-0.94489 2.33489
-0.94474 2.33489
-0.94460 2.33489
-0.94445 2.33488
-0.94431 2.33488
-0.94416 2.33488
-0.94401 2.33488
-0.94387 2.33488
-0.94372 2.33488
-0.94358 2.33487
-0.94343 2.33487
-0.94328 2.33487
-0.94314 2.33487
-0.94299 2.33487
-0.94285 2.33486
-0.94270 2.33486
-0.94255 2.33486
-0.94241 2.33486
-0.94226 2.33486
-0.94212 2.33485
-0.94197 2.33485
-0.94182 2.33485
-0.94168 2.33485
-0.94153 2.33485
-0.94139 2.33484
-0.94124 2.33484
-0.94109 2.33484
-0.94095 2.33484
-0.94080 2.33483
-0.94066 2.33483
-0.94051 2.33483
-0.94036 2.33483
-0.94022 2.33483
-0.94007 2.33482
-0.93993 2.33482
-0.93978 2.33482
-0.93963 2.33482
-0.93949 2.33481
-0.93934 2.33481
-0.93920 2.33481
-0.93905 2.33481
-0.93890 2.33480
-0.93876 2.33480
-0.93861 2.33480
-0.93847 2.33480
-0.93832 2.33479
-0.93817 2.33479
-0.93803 2.33479
-0.93788 2.33479
-0.93774 2.33478
-0.93759 2.33478
-0.93744 2.33478
-0.93730 2.33478
-0.93715 2.33477
-0.93701 2.33477
-0.93686 2.33477
-0.93671 2.33477
-0.93657 2.33476
-0.93642 2.33476
-0.93627 2.33476
-0.93613 2.33476
-0.93598 2.33475
-0.93584 2.33475
-0.93569 2.33475
-0.93554 2.33474
-0.93540 2.33474
-0.93525 2.33474
-0.93511 2.33473
-0.93496 2.33473
-0.93481 2.33473
-0.93467 2.33473
-0.93452 2.33472
-0.93437 2.33472
-0.93423 2.33472
-0.93408 2.33471
-0.93394 2.33471
-0.93379 2.33471
-0.93364 2.33470
-0.93350 2.33470
-0.93335 2.33470
-0.93321 2.33470
-0.93306 2.33469
-0.93291 2.33469
-0.93277 2.33469
-0.93262 2.33468
-0.93247 2.33468
-0.93233 2.33468
-0.93218 2.33467
-0.93204 2.33467
-0.93189 2.33467
-0.93174 2.33466
-0.93160 2.33466
-0.93145 2.33466
-0.93130 2.33464
-0.93113 2.33451
-0.93096 2.33437
-0.93079 2.33424
-0.93062 2.33411
-0.93045 2.33397
-0.93028 2.33384
-0.93011 2.33370
-0.92994 2.33357
-0.92977 2.33343
-0.92959 2.33330
-0.92942 2.33316
-0.92925 2.33303
-0.92908 2.33289
-0.92891 2.33276
-0.92874 2.33263
-0.92857 2.33249
-0.92840 2.33236
-0.92823 2.33222
-0.92806 2.33209
-0.92789 2.33195
-0.92772 2.33182
-0.92755 2.33168
-0.92738 2.33155
-0.92721 2.33141
-0.92704 2.33128
-0.92687 2.33114
-0.92670 2.33101
-0.92653 2.33087
-0.92636 2.33074
-0.92619 2.33060
-0.92602 2.33047
-0.92585 2.33033
-0.92568 2.33020
-0.92551 2.33006
-0.92534 2.32993
-0.92517 2.32979
-0.92500 2.32966
-0.92483 2.32952
-0.92466 2.32939
-0.92449 2.32925
-0.92432 2.32912
-0.92415 2.32898
-0.92398 2.32885
-0.92381 2.32871
-0.92364 2.32858
-0.92347 2.32844
-0.92330 2.32831
-0.92313 2.32817
-0.92296 2.32803
-0.92279 2.32790
-0.92262 2.32776
-0.92245 2.32763
-0.92228 2.32749
-0.92211 2.32736
-0.92194 2.32722
-0.92177 2.32709
-0.92160 2.32695
-0.92143 2.32682
-0.92126 2.32668
-0.92109 2.32654
-0.92092 2.32641
-0.92075 2.32627
-0.92059 2.32614
-0.92042 2.32600
-0.92025 2.32587
-0.92008 2.32573
-0.91991 2.32559
-0.91974 2.32546
-0.91957 2.32532
-0.91940 2.32519
-0.91923 2.32505
-0.91906 2.32492
-0.91889 2.32478
-0.91872 2.32464
-0.91856 2.32451
-0.91839 2.32437
-0.91822 2.32424
-0.91805 2.32410
-0.91788 2.32396
-0.91771 2.32383
-0.91754 2.32369
-0.91737 2.32356
-0.91720 2.32342
-0.91704 2.32328
-0.91687 2.32315
-0.91670 2.32301
-0.91653 2.32288
-0.91636 2.32274
-0.91619 2.32260
-0.91602 2.32247
-0.91585 2.32233
-0.91569 2.32219
-0.91552 2.32206
-0.91535 2.32192
-0.91518 2.32179
-0.91501 2.32165
-0.91484 2.32151
-0.91467 2.32138
-0.91451 2.32124
-0.91434 2.32110
-0.91417 2.32097
-0.91400 2.32083
-0.91383 2.32069
-0.91366 2.32056
-0.91350 2.32042
-0.91333 2.32029
-0.91316 2.32015
-0.91299 2.32001
-0.91282 2.31988
-0.91266 2.31974
-0.91249 2.31960
-0.91232 2.31947
-0.91215 2.31933
-0.91198 2.31919
-0.91182 2.31906
-0.91165 2.31892
-0.91148 2.31878
-0.91131 2.31865
-0.91114 2.31851
-0.91098 2.31837
-0.91081 2.31823
-0.91064 2.31810
-0.91047 2.31796
-0.91030 2.31782
-0.91014 2.31769
-0.90997 2.31755
-0.90980 2.31741
-0.90963 2.31728
-0.90947 2.31714
-0.90930 2.31700
-0.90913 2.31687
-0.90896 2.31673
-0.90880 2.31659
-0.90863 2.31645
-0.90846 2.31632
-0.90829 2.31618
-0.90813 2.31604
-0.90796 2.31591
-0.90779 2.31577
-0.90762 2.31563
-0.90746 2.31549
-0.90729 2.31536
-0.90712 2.31522
-0.90695 2.31508
-0.90679 2.31494
-0.90662 2.31481
-0.90645 2.31467
-0.90629 2.31453
-0.90612 2.31440
-0.90595 2.31426
-0.90578 2.31412
-0.90562 2.31398
-0.90545 2.31385
-0.90528 2.31371
-0.90512 2.31357
-0.90495 2.31343
-0.90478 2.31330
-0.90462 2.31316
-0.90445 2.31302
-0.90428 2.31288
-0.90411 2.31275
-0.90395 2.31261
-0.90378 2.31247
-0.90361 2.31233
-0.90345 2.31219
-0.90328 2.31206
-0.90311 2.31192
-0.90295 2.31178
-0.90278 2.31164
-0.90261 2.31151
-0.90245 2.31137
-0.90228 2.31123
-0.90211 2.31109
-0.90195 2.31095
-0.90178 2.31082
-0.90161 2.31068
-0.90145 2.31054
-0.90128 2.31040
-0.90112 2.31026
-0.90095 2.31011
-0.90076 2.30984
-0.90057 2.30957
-0.90038 2.30930
-0.90019 2.30903
-0.90000 2.30876
-0.89981 2.30849
-0.89962 2.30822
-0.89943 2.30795
-0.89924 2.30768
-0.89905 2.30741
-0.89886 2.30714
-0.89867 2.30687
-0.89848 2.30660
-0.89829 2.30633
-0.89810 2.30606
-0.89791 2.30579
-0.89772 2.30553
-0.89754 2.30526
-0.89735 2.30499
-0.89716 2.30472
-0.89697 2.30445
-0.89678 2.30418
-0.89659 2.30391
-0.89640 2.30364
-0.89621 2.30337
-0.89602 2.30310
-0.89583 2.30283
-0.89564 2.30256
-0.89545 2.30229
-0.89527 2.30202
-0.89508 2.30175
-0.89489 2.30148
-0.89470 2.30120
-0.89451 2.30093
-0.89432 2.30066
-0.89413 2.30039
-0.89394 2.30012
-0.89376 2.29985
-0.89357 2.29958
-0.89338 2.29931
-0.89319 2.29904
-0.89300 2.29877
-0.89281 2.29850
-0.89262 2.29823
-0.89243 2.29796
-0.89225 2.29769
-0.89206 2.29742
-0.89187 2.29715
-0.89168 2.29688
-0.89149 2.29661
-0.89130 2.29634
-0.89111 2.29607
-0.89093 2.29579
-0.89074 2.29552
-0.89055 2.29525
-0.89036 2.29498
-0.89017 2.29471
-0.88998 2.29444
-0.88980 2.29417
-0.88961 2.29390
-0.88942 2.29363
-0.88923 2.29336
-0.88904 2.29309
-0.88886 2.29281
-0.88867 2.29254
-0.88848 2.29227
-0.88829 2.29200
-0.88810 2.29173
-0.88792 2.29146
-0.88773 2.29119
-0.88754 2.29092
-0.88735 2.29065
-0.88716 2.29037
-0.88698 2.29010
-0.88679 2.28983
-0.88660 2.28956
-0.88641 2.28929
-0.88622 2.28902
-0.88604 2.28875
-0.88585 2.28847
-0.88566 2.28820
-0.88547 2.28793
-0.88529 2.28766
-0.88510 2.28739
-0.88491 2.28712
-0.88472 2.28685
-0.88453 2.28657
-0.88435 2.28630
-0.88416 2.28603
-0.88398 2.28579
-0.88382 2.28569
-0.88367 2.28560
-0.88351 2.28550
-0.88335 2.28541
-0.88320 2.28531
-0.88304 2.28521
-0.88289 2.28512
-0.88273 2.28502
-0.88258 2.28492
-0.88242 2.28483
-0.88227 2.28473
-0.88211 2.28464
-0.88195 2.28454
-0.88180 2.28444
-0.88164 2.28435
-0.88149 2.28425
-0.88133 2.28415
-0.88118 2.28406
-0.88102 2.28396
-0.88087 2.28386
-0.88071 2.28377
-0.88056 2.28367
-0.88040 2.28358
-0.88025 2.28348
-0.88009 2.28338
-0.87993 2.28329
-0.87978 2.28319
-0.87962 2.28309
-0.87947 2.28300
-0.87931 2.28290
-0.87916 2.28280
-0.87900 2.28271
-0.87885 2.28261
-0.87869 2.28251
-0.87854 2.28242
-0.87838 2.28232
-0.87823 2.28222
-0.87807 2.28213
-0.87792 2.28203
-0.87776 2.28193
-0.87761 2.28184
-0.87745 2.28174
-0.87730 2.28164
-0.87714 2.28155
-0.87699 2.28145
-0.87683 2.28135
-0.87668 2.28125
-0.87652 2.28116
-0.87637 2.28106
-0.87621 2.28096
-0.87606 2.28087
-0.87590 2.28077
-0.87575 2.28067
-0.87559 2.28058
-0.87544 2.28048
-0.87528 2.28038
-0.87513 2.28028
-0.87497 2.28019
-0.87482 2.28009
-0.87467 2.27999
-0.87451 2.27990
-0.87436 2.27980
-0.87420 2.27970
-0.87405 2.27960
-0.87389 2.27951
-0.87374 2.27941
-0.87358 2.27931
-0.87343 2.27922
-0.87327 2.27912
-0.87312 2.27902
-0.87296 2.27892
-0.87281 2.27883
-0.87266 2.27873
-0.87250 2.27863
-0.87235 2.27853
-0.87219 2.27844
-0.87204 2.27834
-0.87188 2.27824
-0.87173 2.27814
-0.87157 2.27805
-0.87142 2.27795
-0.87127 2.27785
-0.87111 2.27775
-0.87096 2.27766
-0.87080 2.27756
-0.87065 2.27746
-0.87049 2.27736
-0.87034 2.27727
-0.87019 2.27717
-0.87003 2.27707
-0.86988 2.27697
-0.86972 2.27688
-0.86957 2.27678
-0.86941 2.27668
-0.86926 2.27658
-0.86911 2.27648
-0.86895 2.27639
-0.86880 2.27629
-0.86864 2.27619
-0.86849 2.27609
-0.86834 2.27600
-0.86818 2.27590
-0.86803 2.27580
-0.86787 2.27570
-0.86772 2.27560
-0.86757 2.27551
-0.86741 2.27541
-0.86726 2.27531
-0.86710 2.27521
-0.86695 2.27511
-0.86680 2.27502
-0.86664 2.27492
-0.86649 2.27482
-0.86634 2.27472
-0.86618 2.27462
-0.86603 2.27452
-0.86587 2.27443
-0.86572 2.27433
-0.86557 2.27423
-0.86541 2.27413
-0.86526 2.27403
-0.86511 2.27394
-0.86495 2.27384
-0.86480 2.27374
-0.86464 2.27364
-0.86449 2.27354
-0.86434 2.27344
-0.86418 2.27335
-0.86403 2.27325
-0.86388 2.27315
-0.86372 2.27305
-0.86357 2.27295
-0.86342 2.27285
-0.86326 2.27275
-0.86311 2.27266
-0.86296 2.27256
-0.86280 2.27246
-0.86265 2.27236
-0.86250 2.27226
-0.86234 2.27216
-0.86219 2.27207
-0.86204 2.27197
-0.86188 2.27187
-0.86173 2.27177
-0.86158 2.27167
-0.86142 2.27157
-0.86127 2.27147
-0.86112 2.27137
-0.86096 2.27128
-0.86081 2.27118
-0.86066 2.27108
-0.86050 2.27098
-0.86035 2.27088
-0.86020 2.27078
-0.86004 2.27068
-0.85989 2.27058
-0.85974 2.27049
-0.85958 2.27039
-0.85943 2.27029
-0.85928 2.27019
-0.85913 2.27009
-0.85897 2.26999
-0.85882 2.26989
-0.85867 2.26979
-0.85851 2.26969
-0.85836 2.26959
-0.85821 2.26950
-0.85806 2.26940
-0.85790 2.26930
-0.85775 2.26920
-0.85760 2.26910
-0.85744 2.26900
-0.85729 2.26890
-0.85714 2.26880
-0.85699 2.26870
-0.85683 2.26860
-0.85668 2.26850
-0.85653 2.26840
-0.85637 2.26831
-0.85622 2.26821
-0.85607 2.26811
-0.85592 2.26801
-0.85576 2.26791
-0.85561 2.26781
-0.85546 2.26771
-0.85531 2.26761
-0.85515 2.26751
-0.85500 2.26741
-0.85485 2.26731
-0.85470 2.26721
-0.85454 2.26711
-0.85439 2.26701
-0.85424 2.26691
-0.85409 2.26681
-0.85393 2.26671
-0.85378 2.26662
-0.85363 2.26652
-0.85348 2.26642
-0.85332 2.26632
-0.85317 2.26622
-0.85302 2.26612
-0.85287 2.26602
-0.85271 2.26592
-0.85256 2.26582
-0.85241 2.26572
-0.85226 2.26562
-0.85210 2.26552
-0.85195 2.26542
-0.85180 2.26532
-0.85165 2.26522
-0.85150 2.26512
-0.85134 2.26502
-0.85119 2.26492
-0.85104 2.26482
-0.85089 2.26472
-0.85073 2.26462
-0.85058 2.26452
-0.85043 2.26442
-0.85028 2.26432
-0.85013 2.26422
-0.84997 2.26412
-0.84982 2.26402
-0.84967 2.26392
-0.84952 2.26382
-0.84937 2.26372
-0.84921 2.26362
-0.84906 2.26352
-0.84891 2.26342
-0.84876 2.26332
-0.84861 2.26322
-0.84845 2.26312
-0.84830 2.26302
-0.84815 2.26292
-0.84800 2.26282
-0.84785 2.26272
-0.84770 2.26262
-0.84754 2.26252
-0.84739 2.26242
-0.84724 2.26232
-0.84709 2.26222
-0.84694 2.26212
-0.84679 2.26202
-0.84663 2.26192
-0.84648 2.26182
-0.84633 2.26171
-0.84618 2.26161
-0.84603 2.26151
-0.84588 2.26141
-0.84572 2.26131
-0.84557 2.26121
-0.84542 2.26111
-0.84527 2.26101
-0.84512 2.26091
-0.84497 2.26081
-0.84481 2.26071
-0.84466 2.26061
-0.84451 2.26051
-0.84436 2.26041
-0.84421 2.26031
-0.84406 2.26021
-0.84391 2.26011
-0.84375 2.26000
-0.84360 2.25990
-0.84345 2.25980
-0.84330 2.25970
-0.84315 2.25960
-0.84300 2.25950
-0.84285 2.25940
-0.84270 2.25930
-0.84254 2.25915
-0.84236 2.25887
-0.84218 2.25859
-0.84200 2.25832
-0.84182 2.25804
-0.84164 2.25776
-0.84146 2.25749
-0.84128 2.25721
-0.84110 2.25693
-0.84092 2.25665
-0.84074 2.25638
-0.84056 2.25610
-0.84038 2.25582
-0.84020 2.25555
-0.84002 2.25527
-0.83984 2.25499
-0.83966 2.25471
-0.83948 2.25444
-0.83931 2.25416
-0.83913 2.25388
-0.83895 2.25360
-0.83877 2.25333
-0.83859 2.25305
-0.83841 2.25277
-0.83823 2.25249
-0.83805 2.25222
-0.83787 2.25194
-0.83769 2.25166
-0.83751 2.25138
-0.83733 2.25111
-0.83715 2.25083
-0.83698 2.25055
-0.83680 2.25027
-0.83662 2.24999
-0.83644 2.24972
-0.83626 2.24944
-0.83608 2.24916
-0.83590 2.24888
-0.83572 2.24860
-0.83554 2.24833
-0.83536 2.24805
-0.83518 2.24777
-0.83501 2.24749
-0.83483 2.24721
-0.83465 2.24694
-0.83447 2.24666
-0.83429 2.24638
-0.83411 2.24610
-0.83393 2.24582
-0.83375 2.24555
-0.83357 2.24527
-0.83340 2.24499
-0.83322 2.24471
-0.83304 2.24443
-0.83286 2.24415
-0.83268 2.24388
-0.83250 2.24360
-0.83232 2.24332
-0.83214 2.24304
-0.83197 2.24276
-0.83179 2.24248
-0.83161 2.24221
-0.83143 2.24193
-0.83125 2.24165
-0.83107 2.24137
-0.83089 2.24109
-0.83071 2.24081
-0.83054 2.24053
-0.83036 2.24025
-0.83018 2.23998
-0.83000 2.23970
-0.82982 2.23942
-0.82964 2.23914
-0.82947 2.23886
-0.82929 2.23858
-0.82911 2.23830
-0.82893 2.23802
-0.82875 2.23775
-0.82857 2.23747
-0.82839 2.23719
-0.82822 2.23691
-0.82804 2.23663
-0.82786 2.23635
-0.82768 2.23607
-0.82750 2.23579
-0.82732 2.23551
-0.82715 2.23523
-0.82697 2.23495
-0.82679 2.23467
-0.82661 2.23440
-0.82644 2.23418
-0.82630 2.23410
-0.82615 2.23402
-0.82601 2.23394
-0.82586 2.23386
-0.82572 2.23378
-0.82557 2.23370
-0.82543 2.23362
-0.82528 2.23354
-0.82514 2.23346
-0.82499 2.23337
-0.82485 2.23329
-0.82470 2.23321
-0.82456 2.23313
-0.82441 2.23305
-0.82427 2.23297
-0.82412 2.23289
-0.82398 2.23281
-0.82383 2.23273
-0.82369 2.23265
-0.82354 2.23257
-0.82340 2.23249
-0.82325 2.23241
-0.82311 2.23233
-0.82296 2.23224
-0.82282 2.23216
-0.82267 2.23208
-0.82253 2.23200
-0.82238 2.23192
-0.82224 2.23184
-0.82209 2.23176
-0.82195 2.23168
-0.82180 2.23160
-0.82166 2.23152
-0.82151 2.23144
-0.82137 2.23135
-0.82123 2.23127
-0.82108 2.23119
-0.82094 2.23111
-0.82079 2.23103
-0.82065 2.23095
-0.82050 2.23087
-0.82036 2.23079
-0.82021 2.23071
-0.82007 2.23062
-0.81992 2.23054
-0.81978 2.23046
-0.81963 2.23038
-0.81949 2.23030
-0.81934 2.23022
-0.81920 2.23014
-0.81906 2.23006
-0.81891 2.22997
-0.81877 2.22989
-0.81862 2.22981
-0.81848 2.22973
-0.81833 2.22965
-0.81819 2.22957
-0.81804 2.22949
-0.81790 2.22941
-0.81775 2.22932
-0.81761 2.22924
-0.81747 2.22916
-0.81732 2.22908
-0.81718 2.22900
-0.81703 2.22892
-0.81689 2.22883
-0.81674 2.22875
-0.81660 2.22867
-0.81646 2.22859
-0.81631 2.22851
-0.81617 2.22843
-0.81602 2.22835
-0.81588 2.22826
-0.81573 2.22818
-0.81559 2.22810
-0.81545 2.22802
-0.81530 2.22794
-0.81516 2.22785
-0.81501 2.22777
-0.81487 2.22769
-0.81472 2.22761
-0.81458 2.22753
-0.81444 2.22745
-0.81429 2.22736
-0.81415 2.22728
-0.81400 2.22720
-0.81386 2.22712
-0.81372 2.22704
-0.81357 2.22695
-0.81343 2.22687
-0.81328 2.22679
-0.81314 2.22671
-0.81299 2.22663
-0.81285 2.22654
-0.81271 2.22646
-0.81256 2.22638
-0.81242 2.22630
-0.81227 2.22622
-0.81213 2.22613
-0.81199 2.22605
-0.81184 2.22597
-0.81170 2.22589
-0.81155 2.22581
-0.81141 2.22572
-0.81127 2.22564
-0.81112 2.22556
-0.81098 2.22548
-0.81084 2.22540
-0.81069 2.22531
-0.81055 2.22523
-0.81040 2.22515
-0.81026 2.22507
-0.81012 2.22498
-0.80997 2.22490
-0.80983 2.22482
-0.80968 2.22474
-0.80954 2.22465
-0.80940 2.22457
-0.80925 2.22449
-0.80911 2.22441
-0.80897 2.22432
-0.80882 2.22424
-0.80868 2.22416
-0.80854 2.22408
-0.80839 2.22399
-0.80825 2.22391
-0.80810 2.22383
-0.80796 2.22375
-0.80782 2.22366
-0.80767 2.22358
-0.80753 2.22350
-0.80739 2.22342
-0.80724 2.22333
-0.80710 2.22325
-0.80696 2.22317
-0.80681 2.22309
-0.80667 2.22300
-0.80652 2.22292
-0.80638 2.22284
-0.80624 2.22276
-0.80609 2.22267
-0.80595 2.22259
-0.80581 2.22251
-0.80566 2.22242
-0.80552 2.22234
-0.80538 2.22226
-0.80523 2.22218
-0.80509 2.22209
-0.80495 2.22201
-0.80480 2.22193
-0.80466 2.22184
-0.80452 2.22176
-0.80437 2.22168
-0.80423 2.22159
-0.80409 2.22151
-0.80394 2.22143
-0.80380 2.22135
-0.80366 2.22126
-0.80351 2.22118
-0.80337 2.22110
-0.80323 2.22101
-0.80308 2.22093
-0.80294 2.22085
-0.80280 2.22076
-0.80265 2.22068
-0.80251 2.22060
-0.80237 2.22051
-0.80222 2.22043
-0.80208 2.22035
-0.80194 2.22026
-0.80180 2.22018
-0.80165 2.22010
-0.80151 2.22002
-0.80137 2.21993
-0.80122 2.21985
-0.80108 2.21977
-0.80094 2.21968
-0.80079 2.21960
-0.80065 2.21951
-0.80050 2.21935
-0.80032 2.21907
-0.80015 2.21879
-0.79998 2.21851
-0.79980 2.21822
-0.79963 2.21794
-0.79945 2.21766
-0.79928 2.21738
-0.79911 2.21709
-0.79893 2.21681
-0.79876 2.21653
-0.79859 2.21625
-0.79841 2.21596
-0.79824 2.21568
-0.79807 2.21540
-0.79789 2.21511
-0.79772 2.21483
-0.79755 2.21455
-0.79737 2.21427
-0.79720 2.21398
-0.79703 2.21370
-0.79685 2.21342
-0.79668 2.21313
-0.79651 2.21285
-0.79633 2.21257
-0.79616 2.21229
-0.79599 2.21200
-0.79581 2.21172
-0.79564 2.21144
-0.79547 2.21115
-0.79529 2.21087
-0.79512 2.21059
-0.79495 2.21030
-0.79477 2.21002
-0.79460 2.20974
-0.79443 2.20945
-0.79426 2.20917
-0.79408 2.20889
-0.79391 2.20860
-0.79374 2.20832
-0.79356 2.20804
-0.79339 2.20775
-0.79322 2.20747
-0.79304 2.20719
-0.79287 2.20690
-0.79270 2.20662
-0.79252 2.20634
-0.79235 2.20605
-0.79218 2.20577
-0.79201 2.20549
-0.79183 2.20520
-0.79166 2.20492
-0.79149 2.20463
-0.79131 2.20435
-0.79114 2.20407
-0.79097 2.20378
-0.79079 2.20350
-0.79062 2.20322
-0.79045 2.20293
-0.79028 2.20265
-0.79010 2.20236
-0.78993 2.20208
-0.78976 2.20180
-0.78958 2.20151
-0.78941 2.20123
-0.78924 2.20094
-0.78906 2.20066
-0.78889 2.20038
-0.78872 2.20009
-0.78855 2.19981
-0.78837 2.19952
-0.78820 2.19924
-0.78803 2.19895
-0.78785 2.19867
-0.78768 2.19839
-0.78751 2.19810
-0.78734 2.19782
-0.78716 2.19753
-0.78699 2.19725
-0.78682 2.19696
-0.78665 2.19668
-0.78647 2.19640
-0.78630 2.19611
-0.78613 2.19583
-0.78595 2.19554
-0.78578 2.19526
-0.78561 2.19497
-0.78544 2.19469
-0.78526 2.19440
-0.78509 2.19412
-0.78493 2.19389
-0.78478 2.19374
-0.78462 2.19359
-0.78447 2.19344
-0.78432 2.19328
-0.78417 2.19313
-0.78402 2.19298
-0.78387 2.19283
-0.78372 2.19268
-0.78357 2.19253
-0.78341 2.19237
-0.78326 2.19222
-0.78311 2.19207
-0.78296 2.19192
-0.78281 2.19177
-0.78266 2.19162
-0.78251 2.19146
-0.78236 2.19131
-0.78220 2.19116
-0.78205 2.19101
-0.78190 2.19086
-0.78175 2.19070
-0.78160 2.19055
-0.78145 2.19040
-0.78130 2.19025
-0.78115 2.19010
-0.78100 2.18995
-0.78085 2.18979
-0.78069 2.18964
-0.78054 2.18949
-0.78039 2.18934
-0.78024 2.18919
-0.78009 2.18903
-0.77994 2.18888
-0.77979 2.18873
-0.77964 2.18858
-0.77949 2.18842
-0.77934 2.18827
-0.77919 2.18812
-0.77903 2.18797
-0.77888 2.18782
-0.77873 2.18766
-0.77858 2.18751
-0.77843 2.18736
-0.77828 2.18721
-0.77813 2.18705
-0.77798 2.18690
-0.77783 2.18675
-0.77768 2.18660
-0.77753 2.18645
-0.77738 2.18629
-0.77723 2.18614
-0.77708 2.18599
-0.77693 2.18584
-0.77677 2.18568
-0.77662 2.18553
-0.77647 2.18538
-0.77632 2.18523
-0.77617 2.18507
-0.77602 2.18492
-0.77587 2.18477
-0.77572 2.18462
-0.77557 2.18446
-0.77542 2.18431
-0.77527 2.18416
-0.77512 2.18401
-0.77497 2.18385
-0.77482 2.18370
-0.77467 2.18355
-0.77452 2.18339
-0.77437 2.18324
-0.77422 2.18309
-0.77407 2.18294
-0.77392 2.18278
-0.77377 2.18263
-0.77362 2.18248
-0.77347 2.18233
-0.77332 2.18217
-0.77317 2.18202
-0.77302 2.18187
-0.77287 2.18171
-0.77272 2.18156
-0.77257 2.18141
-0.77242 2.18125
-0.77227 2.18110
-0.77212 2.18095
-0.77197 2.18080
-0.77182 2.18064
-0.77167 2.18049
-0.77152 2.18034
-0.77137 2.18018
-0.77122 2.18003
-0.77107 2.17988
-0.77092 2.17972
-0.77077 2.17957
-0.77062 2.17942
-0.77047 2.17926
-0.77032 2.17911
-0.77017 2.17896
-0.77002 2.17881
-0.76987 2.17865
-0.76972 2.17850
-0.76957 2.17835
-0.76942 2.17819
-0.76927 2.17804
-0.76912 2.17789
-0.76897 2.17773
-0.76882 2.17758
-0.76867 2.17743
-0.76852 2.17727
-0.76837 2.17712
-0.76822 2.17697
-0.76807 2.17681
-0.76792 2.17666
-0.76777 2.17650
-0.76762 2.17635
-0.76747 2.17620
-0.76732 2.17604
-0.76717 2.17589
-0.76702 2.17574
-0.76687 2.17558
-0.76672 2.17543
-0.76657 2.17528
-0.76643 2.17512
-0.76628 2.17497
-0.76613 2.17482
-0.76598 2.17466
-0.76583 2.17451
-0.76568 2.17435
-0.76553 2.17420
-0.76538 2.17405
-0.76523 2.17389
-0.76508 2.17374
-0.76493 2.17359
-0.76478 2.17343
-0.76463 2.17328
-0.76448 2.17312
-0.76433 2.17297
-0.76419 2.17282
-0.76404 2.17266
-0.76389 2.17251
-0.76374 2.17235
-0.76359 2.17220
-0.76344 2.17205
-0.76329 2.17189
-0.76314 2.17174
-0.76299 2.17158
-0.76284 2.17143
-0.76269 2.17128
-0.76254 2.17112
-0.76240 2.17097
-0.76225 2.17081
-0.76210 2.17066
-0.76195 2.17051
-0.76180 2.17035
-0.76165 2.17020
-0.76150 2.17004
-0.76135 2.16989
-0.76120 2.16973
-0.76105 2.16958
-0.76091 2.16943
-0.76076 2.16927
-0.76061 2.16912
-0.76046 2.16896
-0.76031 2.16881
-0.76016 2.16865
-0.76001 2.16850
-0.75986 2.16835
-0.75972 2.16819
-0.75957 2.16804
-0.75942 2.16788
-0.75927 2.16773
-0.75912 2.16757
-0.75897 2.16742
-0.75882 2.16726
-0.75867 2.16711
-0.75853 2.16696
-0.75838 2.16680
-0.75823 2.16665
-0.75808 2.16649
-0.75793 2.16634
-0.75778 2.16618
-0.75763 2.16603
-0.75749 2.16587
-0.75734 2.16572
-0.75719 2.16556
-0.75704 2.16541
-0.75689 2.16525
-0.75674 2.16510
-0.75659 2.16494
-0.75645 2.16479
-0.75630 2.16464
-0.75615 2.16448
-0.75600 2.16433
-0.75585 2.16417
-0.75570 2.16402
-0.75556 2.16386
-0.75541 2.16371
-0.75526 2.16355
-0.75511 2.16340
-0.75496 2.16324
-0.75481 2.16309
-0.75467 2.16293
-0.75452 2.16278
-0.75437 2.16262
-0.75422 2.16247
-0.75407 2.16231
-0.75392 2.16216
-0.75378 2.16200
-0.75363 2.16185
-0.75348 2.16169
-0.75333 2.16154
-0.75318 2.16138
-0.75304 2.16123
-0.75289 2.16107
-0.75274 2.16091
-0.75259 2.16076
-0.75244 2.16060
-0.75230 2.16045
-0.75215 2.16029
-0.75200 2.16014
-0.75185 2.15998
-0.75170 2.15983
-0.75156 2.15967
-0.75141 2.15952
-0.75126 2.15936
-0.75111 2.15921
-0.75096 2.15905
-0.75082 2.15890
-0.75067 2.15874
-0.75052 2.15858
-0.75037 2.15843
-0.75022 2.15827
-0.75008 2.15812
-0.74993 2.15796
-0.74978 2.15781
-0.74963 2.15765
-0.74949 2.15750
-0.74934 2.15734
-0.74919 2.15718
-0.74904 2.15703
-0.74889 2.15687
-0.74875 2.15672
-0.74860 2.15656
-0.74845 2.15641
-0.74830 2.15625
-0.74816 2.15610
-0.74801 2.15594
-0.74786 2.15578
-0.74771 2.15563
-0.74757 2.15547
-0.74742 2.15532
-0.74727 2.15516
-0.74712 2.15500
-0.74698 2.15485
-0.74683 2.15469
-0.74668 2.15454
-0.74653 2.15438
-0.74639 2.15422
-0.74624 2.15407
-0.74609 2.15391
-0.74594 2.15376
-0.74580 2.15360
-0.74565 2.15345
-0.74550 2.15329
-0.74535 2.15313
-0.74521 2.15298
-0.74506 2.15282
-0.74491 2.15266
-0.74476 2.15251
-0.74462 2.15235
-0.74447 2.15220
-0.74432 2.15204
-0.74418 2.15188
-0.74403 2.15173
-0.74388 2.15157
-0.74373 2.15142
-0.74359 2.15126
-0.74344 2.15110
-0.74329 2.15095
-0.74315 2.15079
-0.74300 2.15063
-0.74285 2.15048
-0.74270 2.15032
-0.74256 2.15016
-0.74241 2.15001
-0.74226 2.14985
-0.74212 2.14970
-0.74197 2.14954
-0.74182 2.14938
-0.74167 2.14923
-0.74153 2.14907
-0.74138 2.14891
-0.74123 2.14876
-0.74109 2.14860
-0.74094 2.14844
-0.74079 2.14829
-0.74065 2.14813
-0.74050 2.14797
-0.74035 2.14782
-0.74021 2.14766
-0.74006 2.14750
-0.73991 2.14735
-0.73976 2.14719
-0.73962 2.14703
-0.73947 2.14688
-0.73932 2.14672
-0.73918 2.14656
-0.73903 2.14641
-0.73888 2.14625
-0.73874 2.14609
-0.73859 2.14594
-0.73844 2.14578
-0.73830 2.14562
-0.73815 2.14547
-0.73800 2.14531
-0.73786 2.14515
-0.73771 2.14499
-0.73756 2.14484
-0.73742 2.14468
-0.73727 2.14452
-0.73712 2.14437
-0.73698 2.14421
-0.73683 2.14405
-0.73668 2.14390
-0.73654 2.14374
-0.73639 2.14358
-0.73625 2.14342
-0.73610 2.14327
-0.73595 2.14311
-0.73581 2.14295
-0.73566 2.14280
-0.73551 2.14264
-0.73537 2.14248
-0.73522 2.14232
-0.73507 2.14217
-0.73493 2.14201
-0.73478 2.14185
-0.73463 2.14170
-0.73449 2.14154
-0.73434 2.14138
-0.73420 2.14122
-0.73405 2.14107
-0.73390 2.14091
-0.73376 2.14075
-0.73361 2.14059
-0.73346 2.14044
-0.73332 2.14028
-0.73317 2.14012
-0.73303 2.13996
-0.73288 2.13981
-0.73273 2.13965
-0.73259 2.13949
-0.73244 2.13933
-0.73230 2.13918
-0.73215 2.13902
-0.73200 2.13886
-0.73186 2.13870
-0.73171 2.13855
-0.73156 2.13839
-0.73142 2.13827
-0.73129 2.13818
-0.73115 2.13809
-0.73102 2.13800
-0.73088 2.13791
-0.73075 2.13782
-0.73061 2.13773
-0.73048 2.13763
-0.73034 2.13754
-0.73020 2.13745
-0.73007 2.13736
-0.72993 2.13727
-0.72980 2.13718
-0.72966 2.13709
-0.72953 2.13700
-0.72939 2.13691
-0.72925 2.13682
-0.72912 2.13673
-0.72898 2.13664
-0.72885 2.13655
-0.72871 2.13645
-0.72858 2.13636
-0.72844 2.13627
-0.72831 2.13618
-0.72817 2.13609
-0.72804 2.13600
-0.72790 2.13591
-0.72776 2.13582
-0.72763 2.13573
-0.72749 2.13564
-0.72736 2.13554
-0.72722 2.13545
-0.72709 2.13536
-0.72695 2.13527
-0.72682 2.13518
-0.72668 2.13509
-0.72655 2.13500
-0.72641 2.13491
-0.72628 2.13482
-0.72614 2.13472
-0.72601 2.13463
-0.72587 2.13454
-0.72573 2.13445
-0.72560 2.13436
-0.72546 2.13427
-0.72533 2.13418
-0.72519 2.13409
-0.72506 2.13399
-0.72492 2.13390
-0.72479 2.13381
-0.72465 2.13372
-0.72452 2.13363
-0.72438 2.13354
-0.72425 2.13345
-0.72411 2.13336
-0.72398 2.13326
-0.72384 2.13317
-0.72371 2.13308
-0.72357 2.13299
-0.72344 2.13290
-0.72330 2.13281
-0.72317 2.13272
-0.72303 2.13262
-0.72290 2.13253
-0.72276 2.13244
-0.72263 2.13235
-0.72249 2.13226
-0.72236 2.13217
-0.72222 2.13207
-0.72209 2.13198
-0.72195 2.13189
-0.72182 2.13180
-0.72168 2.13171
-0.72155 2.13162
-0.72141 2.13152
-0.72128 2.13143
-0.72114 2.13134
-0.72101 2.13125
-0.72087 2.13116
-0.72074 2.13107
-0.72060 2.13097
-0.72047 2.13088
-0.72033 2.13079
-0.72020 2.13070
-0.72006 2.13061
-0.71993 2.13051
-0.71979 2.13042
-0.71966 2.13033
-0.71952 2.13024
-0.71939 2.13015
-0.71925 2.13006
-0.71912 2.12996
-0.71898 2.12987
-0.71885 2.12978
-0.71871 2.12969
-0.71858 2.12960
-0.71844 2.12950
-0.71831 2.12941
-0.71818 2.12932
-0.71804 2.12923
-0.71791 2.12913
-0.71777 2.12904
-0.71764 2.12895
-0.71750 2.12886
-0.71737 2.12877
-0.71723 2.12867
-0.71710 2.12858
-0.71696 2.12849
-0.71683 2.12840
-0.71669 2.12831
-0.71656 2.12821
-0.71642 2.12812
-0.71629 2.12803
-0.71616 2.12794
-0.71602 2.12784
-0.71589 2.12775
-0.71575 2.12766
-0.71562 2.12757
-0.71548 2.12747
-0.71535 2.12738
-0.71521 2.12729
-0.71508 2.12720
-0.71494 2.12711
-0.71481 2.12701
-0.71468 2.12692
-0.71454 2.12683
-0.71441 2.12674
-0.71427 2.12664
-0.71414 2.12655
-0.71400 2.12646
-0.71387 2.12637
-0.71373 2.12627
-0.71360 2.12618
-0.71347 2.12609
-0.71333 2.12600
-0.71320 2.12590
-0.71306 2.12581
-0.71293 2.12572
-0.71279 2.12562
-0.71266 2.12553
-0.71252 2.12544
-0.71239 2.12535
-0.71226 2.12525
-0.71212 2.12516
-0.71199 2.12507
-0.71185 2.12498
-0.71172 2.12488
-0.71158 2.12479
-0.71145 2.12470
-0.71132 2.12460
-0.71118 2.12451
-0.71105 2.12442
-0.71091 2.12433
-0.71078 2.12423
-0.71065 2.12414
-0.71051 2.12405
-0.71038 2.12395
-0.71024 2.12386
-0.71011 2.12377
-0.70997 2.12368
-0.70984 2.12358
-0.70971 2.12349
-0.70957 2.12340
-0.70944 2.12330
-0.70930 2.12321
-0.70917 2.12312
-0.70904 2.12302
-0.70890 2.12293
-0.70877 2.12284
-0.70863 2.12274
-0.70850 2.12265
-0.70837 2.12256
-0.70823 2.12247
-0.70810 2.12237
-0.70796 2.12228
-0.70783 2.12219
-0.70770 2.12209
-0.70756 2.12200
-0.70743 2.12191
-0.70729 2.12181
-0.70715 2.12168
-0.70701 2.12152
-0.70687 2.12136
-0.70672 2.12120
-0.70658 2.12103
-0.70643 2.12087
-0.70629 2.12071
-0.70615 2.12055
-0.70600 2.12039
-0.70586 2.12023
-0.70572 2.12007
-0.70557 2.11991
-0.70543 2.11975
-0.70529 2.11959
-0.70514 2.11943
-0.70500 2.11927
-0.70486 2.11911
-0.70471 2.11895
-0.70457 2.11879
-0.70442 2.11863
-0.70428 2.11847
-0.70414 2.11830
-0.70399 2.11814
-0.70385 2.11798
-0.70371 2.11782
-0.70356 2.11766
-0.70342 2.11750
-0.70328 2.11734
-0.70313 2.11718
-0.70299 2.11702
-0.70285 2.11686
-0.70270 2.11670
-0.70256 2.11654
-0.70242 2.11637
-0.70227 2.11621
-0.70213 2.11605
-0.70199 2.11589
-0.70184 2.11573
-0.70170 2.11557
-0.70156 2.11541
-0.70141 2.11525
-0.70127 2.11509
-0.70113 2.11492
-0.70098 2.11476
-0.70084 2.11460
-0.70070 2.11444
-0.70055 2.11428
-0.70041 2.11412
-0.70027 2.11396
-0.70013 2.11380
-0.69998 2.11364
-0.69984 2.11347
-0.69970 2.11331
-0.69955 2.11315
-0.69941 2.11299
-0.69927 2.11283
-0.69912 2.11267
-0.69898 2.11251
-0.69884 2.11235
-0.69869 2.11218
-0.69855 2.11202
-0.69841 2.11186
-0.69827 2.11170
-0.69812 2.11154
-0.69798 2.11138
-0.69784 2.11122
-0.69769 2.11105
-0.69755 2.11089
-0.69741 2.11073
-0.69726 2.11057
-0.69712 2.11041
-0.69698 2.11025
-0.69684 2.11008
-0.69669 2.10992
-0.69655 2.10976
-0.69641 2.10960
-0.69626 2.10944
-0.69612 2.10928
-0.69598 2.10911
-0.69584 2.10895
-0.69569 2.10879
-0.69555 2.10863
-0.69541 2.10847
-0.69527 2.10831
-0.69512 2.10814
-0.69498 2.10798
-0.69484 2.10782
-0.69469 2.10766
-0.69455 2.10750
-0.69441 2.10734
-0.69427 2.10717
-0.69412 2.10701
-0.69398 2.10685
-0.69384 2.10669
-0.69370 2.10653
-0.69355 2.10636
-0.69341 2.10620
-0.69327 2.10604
-0.69313 2.10588
-0.69298 2.10572
-0.69284 2.10555
-0.69270 2.10539
-0.69256 2.10523
-0.69241 2.10507
-0.69227 2.10491
-0.69213 2.10474
-0.69199 2.10458
-0.69184 2.10442
-0.69170 2.10426
-0.69156 2.10409
-0.69142 2.10393
-0.69127 2.10377
-0.69113 2.10361
-0.69099 2.10345
-0.69085 2.10328
-0.69070 2.10312
-0.69056 2.10296
-0.69042 2.10280
-0.69028 2.10263
-0.69014 2.10247
-0.68999 2.10231
-0.68985 2.10215
-0.68971 2.10198
-0.68957 2.10182
-0.68942 2.10166
-0.68928 2.10150
-0.68914 2.10133
-0.68900 2.10117
-0.68885 2.10101
-0.68871 2.10085
-0.68857 2.10068
-0.68843 2.10052
-0.68829 2.10036
-0.68814 2.10020
-0.68800 2.10003
-0.68786 2.09987
-0.68772 2.09971
-0.68758 2.09955
-0.68743 2.09938
-0.68729 2.09922
-0.68715 2.09906
-0.68701 2.09890
-0.68687 2.09873
-0.68672 2.09857
-0.68658 2.09841
-0.68644 2.09824
-0.68630 2.09808
-0.68616 2.09792
-0.68601 2.09776
-0.68587 2.09759
-0.68573 2.09743
-0.68559 2.09727
-0.68545 2.09710
-0.68530 2.09694
-0.68516 2.09678
-0.68502 2.09662
-0.68488 2.09645
-0.68474 2.09629
-0.68459 2.09613
-0.68445 2.09596
-0.68431 2.09580
-0.68417 2.09564
-0.68403 2.09547
-0.68388 2.09531
-0.68374 2.09515
-0.68360 2.09499
-0.68346 2.09482
-0.68332 2.09466
-0.68318 2.09450
-0.68303 2.09433
-0.68289 2.09417
-0.68275 2.09401
-0.68261 2.09384
-0.68247 2.09368
-0.68233 2.09352
-0.68218 2.09335
-0.68204 2.09319
-0.68190 2.09303
-0.68176 2.09286
-0.68162 2.09270
-0.68148 2.09254
-0.68133 2.09237
-0.68119 2.09221
-0.68105 2.09205
-0.68091 2.09188
-0.68077 2.09172
-0.68063 2.09156
-0.68048 2.09139
-0.68034 2.09123
-0.68020 2.09107
-0.68006 2.09090
-0.67992 2.09074
-0.67978 2.09058
-0.67964 2.09041
-0.67949 2.09025
-0.67935 2.09008
-0.67921 2.08992
-0.67907 2.08976
-0.67893 2.08959
-0.67879 2.08943
-0.67865 2.08927
-0.67850 2.08910
-0.67836 2.08894
-0.67822 2.08878
-0.67808 2.08861
-0.67794 2.08845
-0.67780 2.08828
-0.67766 2.08812
-0.67751 2.08796
-0.67737 2.08779
-0.67723 2.08763
-0.67709 2.08746
-0.67695 2.08730
-0.67681 2.08714
-0.67667 2.08697
-0.67653 2.08681
-0.67638 2.08665
-0.67624 2.08648
-0.67610 2.08632
-0.67596 2.08615
-0.67582 2.08599
-0.67568 2.08583
-0.67554 2.08566
-0.67540 2.08550
-0.67526 2.08533
-0.67511 2.08517
-0.67497 2.08500
-0.67483 2.08484
-0.67469 2.08468
-0.67455 2.08451
-0.67441 2.08435
-0.67427 2.08418
-0.67413 2.08402
-0.67399 2.08386
-0.67384 2.08369
-0.67370 2.08353
-0.67356 2.08336
-0.67342 2.08320
-0.67328 2.08303
-0.67314 2.08287
-0.67300 2.08271
-0.67286 2.08254
-0.67272 2.08238
-0.67258 2.08221
-0.67243 2.08205
-0.67229 2.08188
-0.67215 2.08172
-0.67201 2.08155
-0.67187 2.08139
-0.67173 2.08123
-0.67159 2.08106
-0.67145 2.08090
-0.67131 2.08073
-0.67117 2.08057
-0.67103 2.08040
-0.67089 2.08024
-0.67074 2.08007
-0.67060 2.07991
-0.67046 2.07974
-0.67032 2.07958
-0.67018 2.07942
-0.67004 2.07925
-0.66990 2.07909
-0.66976 2.07892
-0.66962 2.07876
-0.66948 2.07859
-0.66934 2.07843
-0.66920 2.07826
-0.66906 2.07810
-0.66891 2.07793
-0.66877 2.07777
-0.66863 2.07760
-0.66849 2.07744
-0.66835 2.07727
-0.66821 2.07711
-0.66807 2.07694
-0.66793 2.07678
-0.66779 2.07661
-0.66765 2.07645
-0.66751 2.07628
-0.66737 2.07612
-0.66723 2.07595
-0.66709 2.07579
-0.66695 2.07562
-0.66681 2.07546
-0.66667 2.07529
-0.66653 2.07513
-0.66638 2.07496
-0.66624 2.07480
-0.66610 2.07463
-0.66596 2.07447
-0.66582 2.07430
-0.66568 2.07414
-0.66554 2.07397
-0.66540 2.07381
-0.66526 2.07364
-0.66512 2.07348
-0.66498 2.07331
-0.66484 2.07315
-0.66470 2.07298
-0.66456 2.07282
-0.66442 2.07265
-0.66428 2.07248
-0.66414 2.07232
-0.66400 2.07215
-0.66386 2.07199
-0.66372 2.07182
-0.66358 2.07166
-0.66344 2.07149
-0.66330 2.07133
-0.66316 2.07116
-0.66302 2.07100
-0.66288 2.07083
-0.66274 2.07066
-0.66260 2.07050
-0.66246 2.07033
-0.66232 2.07017
-0.66218 2.07000
-0.66203 2.06984
-0.66189 2.06967
-0.66175 2.06951
-0.66161 2.06934
-0.66147 2.06917
-0.66133 2.06901
-0.66119 2.06884
-0.66105 2.06868
-0.66091 2.06851
-0.66077 2.06835
-0.66063 2.06818
-0.66049 2.06801
-0.66035 2.06785
-0.66021 2.06768
-0.66007 2.06752
-0.65993 2.06735
-0.65979 2.06718
-0.65965 2.06702
-0.65951 2.06685
-0.65937 2.06669
-0.65923 2.06652
-0.65909 2.06635
-0.65895 2.06619
-0.65881 2.06602
-0.65867 2.06586
-0.65853 2.06569
-0.65839 2.06552
-0.65825 2.06536
-0.65811 2.06519
-0.65797 2.06503
-0.65783 2.06486
-0.65769 2.06469
-0.65756 2.06453
-0.65742 2.06436
-0.65728 2.06420
-0.65714 2.06403
-0.65700 2.06386
-0.65686 2.06370
-0.65672 2.06353
-0.65658 2.06336
-0.65644 2.06320
-0.65630 2.06303
-0.65616 2.06292
-0.65604 2.06282
-0.65591 2.06272
-0.65578 2.06262
-0.65565 2.06252
-0.65552 2.06243
-0.65539 2.06233
-0.65526 2.06223
-0.65513 2.06213
-0.65500 2.06203
-0.65487 2.06193
-0.65474 2.06183
-0.65461 2.06173
-0.65448 2.06164
-0.65435 2.06154
-0.65422 2.06144
-0.65409 2.06134
-0.65396 2.06124
-0.65383 2.06114
-0.65370 2.06104
-0.65357 2.06094
-0.65344 2.06084
-0.65331 2.06075
-0.65318 2.06065
-0.65305 2.06055
-0.65292 2.06045
-0.65279 2.06035
-0.65266 2.06025
-0.65253 2.06015
-0.65240 2.06005
-0.65227 2.05995
-0.65214 2.05985
-0.65201 2.05976
-0.65189 2.05966
-0.65176 2.05956
-0.65163 2.05946
-0.65150 2.05936
-0.65137 2.05926
-0.65124 2.05916
-0.65111 2.05906
-0.65098 2.05896
-0.65085 2.05886
-0.65072 2.05876
-0.65059 2.05866
-0.65046 2.05857
-0.65033 2.05847
-0.65020 2.05837
-0.65007 2.05827
-0.64994 2.05817
-0.64981 2.05807
-0.64968 2.05797
-0.64955 2.05787
-0.64943 2.05777
-0.64930 2.05767
-0.64917 2.05757
-0.64904 2.05747
-0.64891 2.05737
-0.64878 2.05727
-0.64865 2.05717
-0.64852 2.05708
-0.64839 2.05698
-0.64826 2.05688
-0.64813 2.05678
-0.64800 2.05668
-0.64787 2.05658
-0.64774 2.05648
-0.64761 2.05638
-0.64749 2.05628
-0.64736 2.05618
-0.64723 2.05608
-0.64710 2.05598
-0.64697 2.05588
-0.64684 2.05578
-0.64671 2.05568
-0.64658 2.05558
-0.64645 2.05548
-0.64632 2.05538
-0.64619 2.05528
-0.64606 2.05518
-0.64593 2.05508
-0.64581 2.05498
-0.64568 2.05488
-0.64555 2.05478
-0.64542 2.05468
-0.64529 2.05458
-0.64516 2.05448
-0.64503 2.05438
-0.64490 2.05428
-0.64477 2.05418
-0.64464 2.05409
-0.64451 2.05399
-0.64439 2.05389
-0.64426 2.05379
-0.64413 2.05369
-0.64400 2.05359
-0.64387 2.05349
-0.64374 2.05339
-0.64361 2.05329
-0.64348 2.05319
-0.64335 2.05309
-0.64322 2.05299
-0.64309 2.05289
-0.64297 2.05279
-0.64284 2.05269
-0.64271 2.05259
-0.64258 2.05249
-0.64245 2.05238
-0.64232 2.05228
-0.64219 2.05218
-0.64206 2.05208
-0.64193 2.05198
-0.64181 2.05188
-0.64168 2.05178
-0.64155 2.05168
-0.64142 2.05158
-0.64129 2.05148
-0.64116 2.05138
-0.64103 2.05128
-0.64090 2.05118
-0.64077 2.05108
-0.64064 2.05098
-0.64052 2.05088
-0.64039 2.05078
-0.64026 2.05068
-0.64013 2.05058
-0.64000 2.05048
-0.63987 2.05038
-0.63974 2.05028
-0.63961 2.05018
-0.63949 2.05008
-0.63936 2.04998
-0.63923 2.04988
-0.63910 2.04978
-0.63897 2.04968
-0.63884 2.04958
-0.63871 2.04948
-0.63858 2.04937
-0.63846 2.04927
-0.63833 2.04917
-0.63820 2.04907
-0.63807 2.04897
-0.63794 2.04887
-0.63781 2.04877
-0.63768 2.04867
-0.63755 2.04857
-0.63743 2.04847
-0.63730 2.04837
-0.63717 2.04827
-0.63704 2.04817
-0.63691 2.04807
-0.63678 2.04797
-0.63665 2.04786
-0.63653 2.04776
-0.63640 2.04766
-0.63627 2.04756
-0.63614 2.04746
-0.63601 2.04736
-0.63588 2.04726
-0.63575 2.04716
-0.63563 2.04706
-0.63550 2.04696
-0.63537 2.04686
-0.63524 2.04676
-0.63511 2.04665
-0.63498 2.04655
-0.63485 2.04645
-0.63473 2.04635
-0.63460 2.04625
-0.63447 2.04615
-0.63434 2.04605
-0.63421 2.04595
-0.63408 2.04585
-0.63396 2.04575
-0.63383 2.04564
-0.63370 2.04554
-0.63357 2.04544
-0.63344 2.04534
-0.63331 2.04524
-0.63318 2.04514
-0.63306 2.04504
-0.63292 2.04488
-0.63278 2.04471
-0.63264 2.04454
-0.63251 2.04437
-0.63237 2.04420
-0.63223 2.04403
-0.63209 2.04386
-0.63195 2.04370
-0.63182 2.04353
-0.63168 2.04336
-0.63154 2.04319
-0.63140 2.04302
-0.63127 2.04285
-0.63113 2.04268
-0.63099 2.04251
-0.63085 2.04234
-0.63071 2.04217
-0.63058 2.04200
-0.63044 2.04184
-0.63030 2.04167
-0.63016 2.04150
-0.63003 2.04133
-0.62989 2.04116
-0.62975 2.04099
-0.62961 2.04082
-0.62947 2.04065
-0.62934 2.04048
-0.62920 2.04031
-0.62906 2.04014
-0.62892 2.03997
-0.62879 2.03980
-0.62865 2.03963
-0.62851 2.03946
-0.62837 2.03929
-0.62824 2.03913
-0.62810 2.03896
-0.62796 2.03879
-0.62782 2.03862
-0.62769 2.03845
-0.62755 2.03828
-0.62741 2.03811
-0.62727 2.03794
-0.62714 2.03777
-0.62700 2.03760
-0.62686 2.03743
-0.62672 2.03726
-0.62659 2.03709
-0.62645 2.03692
-0.62631 2.03675
-0.62617 2.03658
-0.62604 2.03641
-0.62590 2.03624
-0.62576 2.03607
-0.62562 2.03590
-0.62549 2.03573
-0.62535 2.03556
-0.62521 2.03539
-0.62507 2.03522
-0.62494 2.03505
-0.62480 2.03488
-0.62466 2.03471
-0.62452 2.03454
-0.62439 2.03437
-0.62425 2.03420
-0.62411 2.03403
-0.62397 2.03386
-0.62384 2.03369
-0.62370 2.03352
-0.62356 2.03335
-0.62342 2.03318
-0.62329 2.03301
-0.62315 2.03284
-0.62301 2.03267
-0.62288 2.03250
-0.62274 2.03233
-0.62260 2.03216
-0.62246 2.03199
-0.62233 2.03182
-0.62219 2.03165
-0.62205 2.03148
-0.62192 2.03131
-0.62178 2.03114
-0.62164 2.03097
-0.62150 2.03080
-0.62137 2.03063
-0.62123 2.03046
-0.62109 2.03029
-0.62095 2.03012
-0.62082 2.02995
-0.62068 2.02978
-0.62054 2.02961
-0.62041 2.02944
-0.62027 2.02927
-0.62013 2.02910
-0.61999 2.02893
-0.61986 2.02876
-0.61972 2.02859
-0.61958 2.02842
-0.61945 2.02824
-0.61931 2.02807
-0.61917 2.02790
-0.61904 2.02773
-0.61890 2.02756
-0.61876 2.02739
-0.61862 2.02722
-0.61849 2.02705
-0.61835 2.02688
-0.61821 2.02671
-0.61808 2.02654
-0.61794 2.02637
-0.61780 2.02620
-0.61767 2.02603
-0.61753 2.02586
-0.61739 2.02568
-0.61725 2.02551
-0.61712 2.02534
-0.61698 2.02517
-0.61684 2.02500
-0.61671 2.02483
-0.61657 2.02466
-0.61643 2.02449
-0.61630 2.02432
-0.61616 2.02415
-0.61602 2.02398
-0.61589 2.02381
-0.61575 2.02363
-0.61561 2.02346
-0.61547 2.02329
-0.61534 2.02312
-0.61520 2.02295
-0.61506 2.02278
-0.61493 2.02261
-0.61479 2.02244
-0.61465 2.02227
-0.61452 2.02209
-0.61438 2.02192
-0.61424 2.02175
-0.61411 2.02158
-0.61397 2.02141
-0.61383 2.02124
-0.61370 2.02107
-0.61356 2.02090
-0.61342 2.02073
-0.61329 2.02055
-0.61315 2.02038
-0.61301 2.02021
-0.61288 2.02004
-0.61274 2.01987
-0.61260 2.01970
-0.61247 2.01953
-0.61233 2.01935
-0.61219 2.01918
-0.61206 2.01901
-0.61192 2.01884
-0.61178 2.01867
-0.61165 2.01850
-0.61151 2.01833
-0.61137 2.01815
-0.61124 2.01798
-0.61110 2.01781
-0.61096 2.01764
-0.61083 2.01747
-0.61069 2.01730
-0.61055 2.01713
-0.61042 2.01695
-0.61028 2.01678
-0.61014 2.01661
-0.61001 2.01644
-0.60987 2.01627
-0.60973 2.01610
-0.60960 2.01592
-0.60946 2.01575
-0.60933 2.01558
-0.60919 2.01541
-0.60905 2.01524
-0.60892 2.01506
-0.60878 2.01489
-0.60864 2.01472
-0.60851 2.01455
-0.60837 2.01438
-0.60823 2.01421
-0.60810 2.01403
-0.60796 2.01386
-0.60782 2.01369
-0.60769 2.01352
-0.60755 2.01335
-0.60742 2.01317
-0.60728 2.01300
-0.60714 2.01283
-0.60701 2.01266
-0.60687 2.01249
-0.60673 2.01231
-0.60660 2.01214
-0.60646 2.01197
-0.60632 2.01180
-0.60619 2.01163
-0.60605 2.01145
-0.60592 2.01128
-0.60578 2.01111
-0.60564 2.01094
-0.60551 2.01076
-0.60537 2.01059
-0.60523 2.01042
-0.60510 2.01025
-0.60496 2.01008
-0.60483 2.00990
-0.60469 2.00973
-0.60455 2.00956
-0.60442 2.00939
-0.60428 2.00921
-0.60414 2.00904
-0.60401 2.00887
-0.60387 2.00870
-0.60374 2.00852
-0.60360 2.00835
-0.60346 2.00818
-0.60333 2.00801
-0.60319 2.00783
-0.60306 2.00766
-0.60292 2.00749
-0.60278 2.00732
-0.60265 2.00714
-0.60251 2.00697
-0.60238 2.00680
-0.60224 2.00663
-0.60210 2.00645
-0.60197 2.00628
-0.60183 2.00611
-0.60169 2.00594
-0.60156 2.00576
-0.60142 2.00559
-0.60129 2.00542
-0.60115 2.00525
-0.60101 2.00507
-0.60088 2.00490
-0.60074 2.00473
-0.60061 2.00455
-0.60047 2.00438
-0.60033 2.00421
-0.60020 2.00404
-0.60006 2.00386
-0.59993 2.00369
-0.59979 2.00352
-0.59965 2.00334
-0.59952 2.00317
-0.59938 2.00300
-0.59925 2.00283
-0.59911 2.00265
-0.59898 2.00248
-0.59884 2.00231
-0.59870 2.00213
-0.59857 2.00196
-0.59843 2.00179
-0.59830 2.00161
-0.59816 2.00144
-0.59802 2.00127
-0.59789 2.00110
-0.59775 2.00092
-0.59762 2.00075
-0.59748 2.00058
-0.59734 2.00040
-0.59721 2.00023
-0.59707 2.00006
-0.59694 1.99988
-0.59680 1.99971
-0.59667 1.99954
-0.59653 1.99936
-0.59639 1.99919
-0.59626 1.99902
-0.59612 1.99884
-0.59599 1.99867
-0.59585 1.99850
-0.59572 1.99832
-0.59558 1.99815
-0.59544 1.99798
-0.59531 1.99780
-0.59517 1.99763
-0.59504 1.99746
-0.59490 1.99728
-0.59477 1.99711
-0.59463 1.99694
-0.59449 1.99676
-0.59436 1.99659
-0.59422 1.99641
-0.59409 1.99624
-0.59395 1.99607
-0.59382 1.99589
-0.59368 1.99572
-0.59354 1.99555
-0.59341 1.99537
-0.59327 1.99520
-0.59314 1.99503
-0.59300 1.99485
-0.59287 1.99468
-0.59273 1.99450
-0.59260 1.99433
-0.59246 1.99416
-0.59232 1.99398
-0.59219 1.99381
-0.59205 1.99364
-0.59192 1.99346
-0.59178 1.99329
-0.59165 1.99311
-0.59151 1.99294
-0.59138 1.99277
-0.59124 1.99259
-0.59110 1.99242
-0.59097 1.99224
-0.59083 1.99207
-0.59070 1.99190
-0.59056 1.99172
-0.59043 1.99155
-0.59029 1.99137
-0.59016 1.99120
-0.59002 1.99103
-0.58989 1.99085
-0.58975 1.99068
-0.58961 1.99050
-0.58948 1.99033
-0.58934 1.99016
-0.58921 1.98998
-0.58907 1.98981
-0.58894 1.98963
-0.58880 1.98946
-0.58867 1.98928
-0.58853 1.98911
-0.58840 1.98894
-0.58826 1.98876
-0.58812 1.98859
-0.58799 1.98841
-0.58785 1.98824
-0.58772 1.98806
-0.58758 1.98789
-0.58745 1.98772
-0.58731 1.98754
-0.58718 1.98737
-0.58704 1.98719
-0.58691 1.98702
-0.58677 1.98684
-0.58664 1.98667
-0.58650 1.98649
-0.58637 1.98632
-0.58623 1.98614
-0.58610 1.98597
-0.58596 1.98580
-0.58582 1.98562
-0.58569 1.98545
-0.58555 1.98527
-0.58542 1.98510
-0.58528 1.98492
-0.58515 1.98475
-0.58501 1.98457
-0.58488 1.98440
-0.58474 1.98422
-0.58461 1.98405
-0.58447 1.98387
-0.58434 1.98370
-0.58420 1.98352
-0.58407 1.98335
-0.58393 1.98317
-0.58381 1.98307
-0.58368 1.98296
-0.58356 1.98286
-0.58343 1.98275
-0.58331 1.98264
-0.58318 1.98254
-0.58306 1.98243
-0.58293 1.98232
-0.58281 1.98222
-0.58268 1.98211
-0.58256 1.98200
-0.58243 1.98190
-0.58231 1.98179
-0.58218 1.98168
-0.58206 1.98158
-0.58193 1.98147
-0.58181 1.98136
-0.58168 1.98126
-0.58156 1.98115
-0.58143 1.98105
-0.58131 1.98094
-0.58118 1.98083
-0.58106 1.98073
-0.58093 1.98062
-0.58081 1.98051
-0.58068 1.98041
-0.58056 1.98030
-0.58043 1.98019
-0.58031 1.98008
-0.58018 1.97998
-0.58006 1.97987
-0.57993 1.97976
-0.57981 1.97966
-0.57968 1.97955
-0.57956 1.97944
-0.57943 1.97934
-0.57931 1.97923
-0.57918 1.97912
-0.57906 1.97902
-0.57893 1.97891
-0.57881 1.97880
-0.57868 1.97870
-0.57856 1.97859
-0.57843 1.97848
-0.57831 1.97838
-0.57818 1.97827
-0.57806 1.97816
-0.57793 1.97805
-0.57781 1.97795
-0.57768 1.97784
-0.57756 1.97773
-0.57743 1.97763
-0.57731 1.97752
-0.57718 1.97741
-0.57706 1.97730
-0.57693 1.97720
-0.57681 1.97709
-0.57668 1.97698
-0.57656 1.97688
-0.57643 1.97677
-0.57631 1.97666
-0.57618 1.97655
-0.57606 1.97645
-0.57594 1.97634
-0.57581 1.97623
-0.57569 1.97613
-0.57556 1.97602
-0.57544 1.97591
-0.57531 1.97580
-0.57519 1.97570
-0.57506 1.97559
-0.57494 1.97548
-0.57481 1.97537
-0.57469 1.97527
-0.57456 1.97516
-0.57444 1.97505
-0.57431 1.97495
-0.57419 1.97484
-0.57406 1.97473
-0.57394 1.97462
-0.57382 1.97452
-0.57369 1.97441
-0.57357 1.97430
-0.57344 1.97419
-0.57332 1.97409
-0.57319 1.97398
-0.57307 1.97387
-0.57294 1.97376
-0.57282 1.97366
-0.57269 1.97355
-0.57257 1.97344
-0.57244 1.97333
-0.57232 1.97323
-0.57220 1.97312
-0.57207 1.97301
-0.57195 1.97290
-0.57182 1.97279
-0.57170 1.97269
-0.57157 1.97258
-0.57145 1.97247
-0.57132 1.97236
-0.57120 1.97226
-0.57107 1.97215
-0.57095 1.97204
-0.57083 1.97193
-0.57070 1.97182
-0.57058 1.97172
-0.57045 1.97161
-0.57033 1.97150
-0.57020 1.97139
-0.57008 1.97129
-0.56995 1.97118
-0.56983 1.97107
-0.56971 1.97096
-0.56958 1.97085
-0.56946 1.97075
-0.56933 1.97064
-0.56921 1.97053
-0.56908 1.97042
-0.56896 1.97031
-0.56883 1.97021
-0.56871 1.97010
-0.56859 1.96999
-0.56846 1.96988
-0.56834 1.96977
-0.56821 1.96967
-0.56809 1.96956
-0.56796 1.96945
-0.56784 1.96934
-0.56772 1.96923
-0.56759 1.96913
-0.56747 1.96902
-0.56734 1.96891
-0.56722 1.96880
-0.56709 1.96869
-0.56697 1.96858
-0.56685 1.96848
-0.56672 1.96837
-0.56660 1.96826
-0.56647 1.96815
-0.56635 1.96804
-0.56622 1.96793
-0.56610 1.96783
-0.56598 1.96772
-0.56585 1.96761
-0.56573 1.96750
-0.56560 1.96739
-0.56548 1.96728
-0.56535 1.96718
-0.56523 1.96707
-0.56511 1.96696
-0.56498 1.96685
-0.56486 1.96674
-0.56473 1.96663
-0.56461 1.96653
-0.56448 1.96642
-0.56436 1.96631
-0.56424 1.96620
-0.56411 1.96609
-0.56399 1.96598
-0.56386 1.96587
-0.56374 1.96577
-0.56362 1.96566
-0.56349 1.96555
-0.56337 1.96544
-0.56324 1.96533
-0.56312 1.96522
-0.56300 1.96511
-0.56287 1.96501
-0.56275 1.96490
-0.56262 1.96479
-0.56250 1.96468
-0.56237 1.96457
-0.56225 1.96446
-0.56213 1.96435
-0.56200 1.96424
-0.56188 1.96414
-0.56175 1.96403
-0.56163 1.96392
-0.56151 1.96380
-0.56137 1.96363
-0.56124 1.96345
-0.56110 1.96327
-0.56097 1.96309
-0.56084 1.96292
-0.56070 1.96274
-0.56057 1.96256
-0.56044 1.96238
-0.56030 1.96221
-0.56017 1.96203
-0.56003 1.96185
-0.55990 1.96167
-0.55977 1.96150
-0.55963 1.96132
-0.55950 1.96114
-0.55937 1.96096
-0.55923 1.96079
-0.55910 1.96061
-0.55897 1.96043
-0.55883 1.96025
-0.55870 1.96007
-0.55856 1.95990
-0.55843 1.95972
-0.55830 1.95954
-0.55816 1.95936
-0.55803 1.95919
-0.55790 1.95901
-0.55776 1.95883
-0.55763 1.95865
-0.55750 1.95847
-0.55736 1.95830
-0.55723 1.95812
-0.55710 1.95794
-0.55696 1.95776
-0.55683 1.95758
-0.55669 1.95741
-0.55656 1.95723
-0.55643 1.95705
-0.55629 1.95687
-0.55616 1.95669
-0.55603 1.95652
-0.55589 1.95634
-0.55576 1.95616
-0.55563 1.95598
-0.55549 1.95580
-0.55536 1.95562
-0.55523 1.95545
-0.55509 1.95527
-0.55496 1.95509
-0.55483 1.95491
-0.55469 1.95473
-0.55456 1.95456
-0.55443 1.95438
-0.55429 1.95420
-0.55416 1.95402
-0.55402 1.95384
-0.55389 1.95366
-0.55376 1.95349
-0.55362 1.95331
-0.55349 1.95313
-0.55336 1.95295
-0.55322 1.95277
-0.55309 1.95259
-0.55296 1.95241
-0.55282 1.95224
-0.55269 1.95206
-0.55256 1.95188
-0.55242 1.95170
-0.55229 1.95152
-0.55216 1.95134
-0.55202 1.95116
-0.55189 1.95099
-0.55176 1.95081
-0.55162 1.95063
-0.55149 1.95045
-0.55136 1.95027
-0.55122 1.95009
-0.55109 1.94991
-0.55096 1.94974
-0.55082 1.94956
-0.55069 1.94938
-0.55056 1.94920
-0.55042 1.94902
-0.55029 1.94884
-0.55016 1.94866
-0.55002 1.94848
-0.54989 1.94830
-0.54976 1.94813
-0.54962 1.94795
-0.54949 1.94777
-0.54937 1.94764
-0.54924 1.94751
-0.54911 1.94737
-0.54899 1.94724
-0.54886 1.94711
-0.54873 1.94697
-0.54861 1.94684
-0.54848 1.94671
-0.54835 1.94657
-0.54823 1.94644
-0.54810 1.94631
-0.54797 1.94617
-0.54785 1.94604
-0.54772 1.94591
-0.54759 1.94578
-0.54747 1.94564
-0.54734 1.94551
-0.54721 1.94538
-0.54709 1.94524
-0.54696 1.94511
-0.54683 1.94498
-0.54671 1.94484
-0.54658 1.94471
-0.54645 1.94457
-0.54633 1.94444
-0.54620 1.94431
-0.54607 1.94417
-0.54595 1.94404
-0.54582 1.94391
-0.54569 1.94377
-0.54557 1.94364
-0.54544 1.94351
-0.54532 1.94337
-0.54519 1.94324
-0.54506 1.94311
-0.54494 1.94297
-0.54481 1.94284
-0.54468 1.94271
-0.54456 1.94257
-0.54443 1.94244
-0.54430 1.94231
-0.54418 1.94217
-0.54405 1.94204
-0.54392 1.94190
-0.54380 1.94177
-0.54367 1.94164
-0.54355 1.94150
-0.54342 1.94137
-0.54329 1.94124
-0.54317 1.94110
-0.54304 1.94097
-0.54291 1.94083
-0.54279 1.94070
-0.54266 1.94057
-0.54253 1.94043
-0.54241 1.94030
-0.54228 1.94016
-0.54216 1.94003
-0.54203 1.93990
-0.54190 1.93976
-0.54178 1.93963
-0.54165 1.93950
-0.54152 1.93936
-0.54140 1.93923
-0.54127 1.93909
-0.54115 1.93896
-0.54102 1.93883
-0.54089 1.93869
-0.54077 1.93856
-0.54064 1.93842
-0.54051 1.93829
-0.54039 1.93815
-0.54026 1.93802
-0.54014 1.93789
-0.54001 1.93775
-0.53988 1.93762
-0.53976 1.93748
-0.53963 1.93735
-0.53950 1.93722
-0.53938 1.93708
-0.53925 1.93695
-0.53913 1.93681
-0.53900 1.93668
-0.53887 1.93654
-0.53875 1.93641
-0.53862 1.93628
-0.53850 1.93614
-0.53837 1.93601
-0.53824 1.93587
-0.53812 1.93574
-0.53799 1.93560
-0.53787 1.93547
-0.53774 1.93534
-0.53761 1.93520
-0.53749 1.93507
-0.53736 1.93493
-0.53723 1.93480
-0.53711 1.93466
-0.53698 1.93453
-0.53686 1.93439
-0.53673 1.93426
-0.53660 1.93413
-0.53648 1.93399
-0.53635 1.93386
-0.53623 1.93372
-0.53610 1.93359
-0.53597 1.93345
-0.53585 1.93332
-0.53572 1.93318
-0.53560 1.93305
-0.53547 1.93291
-0.53534 1.93278
-0.53522 1.93264
-0.53509 1.93251
-0.53497 1.93238
-0.53484 1.93224
-0.53471 1.93211
-0.53459 1.93197
-0.53446 1.93184
-0.53434 1.93170
-0.53421 1.93157
-0.53408 1.93143
-0.53396 1.93130
-0.53383 1.93116
-0.53371 1.93103
-0.53358 1.93089
-0.53346 1.93076
-0.53333 1.93062
-0.53320 1.93049
-0.53308 1.93035
-0.53295 1.93022
-0.53283 1.93008
-0.53270 1.92995
-0.53257 1.92981
-0.53245 1.92968
-0.53232 1.92954
-0.53220 1.92941
-0.53207 1.92927
-0.53195 1.92914
-0.53182 1.92900
-0.53169 1.92887
-0.53157 1.92873
-0.53144 1.92860
-0.53132 1.92846
-0.53119 1.92833
-0.53106 1.92819
-0.53094 1.92806
-0.53081 1.92792
-0.53069 1.92779
-0.53056 1.92765
-0.53044 1.92752
-0.53031 1.92738
-0.53018 1.92725
-0.53006 1.92711
-0.52993 1.92698
-0.52981 1.92684
-0.52968 1.92670
-0.52956 1.92657
-0.52943 1.92643
-0.52930 1.92630
-0.52918 1.92616
-0.52905 1.92603
-0.52893 1.92589
-0.52880 1.92576
-0.52868 1.92562
-0.52855 1.92549
-0.52842 1.92535
-0.52830 1.92522
-0.52817 1.92508
-0.52805 1.92494
-0.52792 1.92481
-0.52780 1.92467
-0.52767 1.92454
-0.52755 1.92440
-0.52742 1.92427
-0.52729 1.92413
-0.52717 1.92400
-0.52704 1.92386
-0.52692 1.92372
-0.52679 1.92359
-0.52667 1.92345
-0.52654 1.92332
-0.52641 1.92318
-0.52629 1.92305
-0.52616 1.92291
-0.52604 1.92277
-0.52591 1.92264
-0.52579 1.92250
-0.52566 1.92237
-0.52554 1.92223
-0.52541 1.92210
-0.52528 1.92196
-0.52516 1.92182
-0.52503 1.92169
-0.52491 1.92155
-0.52478 1.92142
-0.52466 1.92128
-0.52453 1.92114
-0.52441 1.92101
-0.52428 1.92087
-0.52416 1.92074
-0.52403 1.92060
-0.52390 1.92046
-0.52378 1.92033
-0.52365 1.92019
-0.52353 1.92006
-0.52340 1.91992
-0.52328 1.91978
-0.52315 1.91965
-0.52303 1.91951
-0.52290 1.91938
-0.52278 1.91924
-0.52265 1.91910
-0.52252 1.91897
-0.52240 1.91883
-0.52227 1.91870
-0.52215 1.91856
-0.52202 1.91842
-0.52190 1.91829
-0.52177 1.91815
-0.52165 1.91801
-0.52152 1.91788
-0.52140 1.91774
-0.52127 1.91761
-0.52115 1.91747
-0.52102 1.91733
-0.52090 1.91720
-0.52077 1.91706
-0.52064 1.91692
-0.52052 1.91679
-0.52039 1.91665
-0.52027 1.91652
-0.52014 1.91638
-0.52002 1.91624
-0.51989 1.91611
-0.51977 1.91597
-0.51964 1.91583
-0.51952 1.91570
-0.51939 1.91556
-0.51927 1.91542
-0.51914 1.91529
-0.51902 1.91515
-0.51889 1.91501
-0.51877 1.91488
-0.51864 1.91474
-0.51852 1.91460
-0.51839 1.91447
-0.51826 1.91433
-0.51814 1.91419
-0.51801 1.91406
-0.51789 1.91392
-0.51776 1.91378
-0.51764 1.91365
-0.51751 1.91351
-0.51739 1.91337
-0.51726 1.91324
-0.51714 1.91310
-0.51701 1.91296
-0.51689 1.91283
-0.51676 1.91269
-0.51664 1.91255
-0.51651 1.91242
-0.51639 1.91228
-0.51626 1.91214
-0.51614 1.91201
-0.51601 1.91187
-0.51589 1.91173
-0.51576 1.91160
-0.51564 1.91146
-0.51551 1.91134
-0.51540 1.91130
-0.51529 1.91125
-0.51518 1.91121
-0.51507 1.91116
-0.51496 1.91112
-0.51484 1.91107
-0.51473 1.91103
-0.51462 1.91098
-0.51451 1.91094
-0.51440 1.91089
-0.51428 1.91085
-0.51417 1.91080
-0.51406 1.91076
-0.51395 1.91071
-0.51384 1.91067
-0.51372 1.91063
-0.51361 1.91058
-0.51350 1.91054
-0.51339 1.91049
-0.51328 1.91045
-0.51317 1.91040
-0.51305 1.91036
-0.51294 1.91031
-0.51283 1.91027
-0.51272 1.91022
-0.51261 1.91018
-0.51249 1.91013
-0.51238 1.91009
-0.51227 1.91004
-0.51216 1.91000
-0.51205 1.90995
-0.51193 1.90990
-0.51182 1.90986
-0.51171 1.90981
-0.51160 1.90977
-0.51149 1.90972
-0.51138 1.90968
-0.51126 1.90963
-0.51115 1.90959
-0.51104 1.90954
-0.51093 1.90950
-0.51082 1.90945
-0.51070 1.90941
-0.51059 1.90936
-0.51048 1.90932
-0.51037 1.90927
-0.51026 1.90923
-0.51014 1.90918
-0.51003 1.90914
-0.50992 1.90909
-0.50981 1.90905
-0.50970 1.90900
-0.50959 1.90895
-0.50947 1.90891
-0.50936 1.90886
-0.50925 1.90882
-0.50914 1.90877
-0.50903 1.90873
-0.50891 1.90868
-0.50880 1.90864
-0.50869 1.90859
-0.50858 1.90855
-0.50847 1.90850
-0.50835 1.90845
-0.50824 1.90841
-0.50813 1.90836
-0.50802 1.90832
-0.50791 1.90827
-0.50780 1.90823
-0.50768 1.90818
-0.50757 1.90813
-0.50746 1.90809
-0.50735 1.90804
-0.50724 1.90800
-0.50712 1.90795
-0.50701 1.90791
-0.50690 1.90786
-0.50679 1.90781
-0.50668 1.90777
-0.50656 1.90772
-0.50645 1.90768
-0.50634 1.90763
-0.50623 1.90759
-0.50612 1.90754
-0.50601 1.90749
-0.50589 1.90745
-0.50578 1.90740
-0.50567 1.90736
-0.50556 1.90731
-0.50544 1.90724
-0.50532 1.90710
-0.50519 1.90697
-0.50507 1.90683
-0.50494 1.90669
-0.50482 1.90655
-0.50470 1.90641
-0.50457 1.90627
-0.50445 1.90614
-0.50432 1.90600
-0.50420 1.90586
-0.50407 1.90572
-0.50395 1.90558
-0.50382 1.90545
-0.50370 1.90531
-0.50358 1.90517
-0.50345 1.90503
-0.50333 1.90489
-0.50320 1.90475
-0.50308 1.90462
-0.50295 1.90448
-0.50283 1.90434
-0.50270 1.90420
-0.50258 1.90406
-0.50245 1.90392
-0.50233 1.90379
-0.50221 1.90365
-0.50208 1.90351
-0.50196 1.90337
-0.50183 1.90323
-0.50171 1.90309
-0.50158 1.90295
-0.50146 1.90282
-0.50134 1.90268
-0.50121 1.90254
-0.50109 1.90240
-0.50096 1.90226
-0.50084 1.90212
-0.50071 1.90198
-0.50059 1.90185
-0.50046 1.90171
-0.50034 1.90157
-0.50022 1.90143
-0.50009 1.90129
-0.49997 1.90115
-0.49984 1.90101
-0.49972 1.90088
-0.49959 1.90074
-0.49947 1.90060
-0.49935 1.90046
-0.49922 1.90032
-0.49910 1.90018
-0.49897 1.90004
-0.49885 1.89990
-0.49872 1.89977
-0.49860 1.89963
-0.49848 1.89949
-0.49835 1.89935
-0.49823 1.89921
-0.49810 1.89907
-0.49798 1.89893
-0.49785 1.89879
-0.49773 1.89865
-0.49761 1.89852
-0.49748 1.89838
-0.49736 1.89824
-0.49723 1.89810
-0.49711 1.89796
-0.49698 1.89782
-0.49686 1.89768
-0.49674 1.89754
-0.49661 1.89740
-0.49649 1.89726
-0.49636 1.89712
-0.49624 1.89699
-0.49611 1.89685
-0.49599 1.89671
-0.49587 1.89657
-0.49574 1.89643
-0.49562 1.89629
-0.49549 1.89615
-0.49537 1.89601
-0.49525 1.89587
-0.49512 1.89573
-0.49500 1.89559
-0.49487 1.89545
-0.49475 1.89531
-0.49463 1.89518
-0.49450 1.89504
-0.49438 1.89490
-0.49425 1.89476
-0.49413 1.89462
-0.49400 1.89448
-0.49388 1.89434
-0.49376 1.89420
-0.49363 1.89406
-0.49351 1.89392
-0.49338 1.89378
-0.49326 1.89364
-0.49314 1.89350
-0.49301 1.89336
-0.49289 1.89322
-0.49276 1.89308
-0.49264 1.89294
-0.49252 1.89280
-0.49239 1.89267
-0.49227 1.89253
-0.49214 1.89239
-0.49202 1.89225
-0.49190 1.89211
-0.49177 1.89197
-0.49165 1.89183
-0.49152 1.89169
-0.49140 1.89155
-0.49128 1.89141
-0.49115 1.89127
-0.49103 1.89113
-0.49090 1.89099
-0.49078 1.89085
-0.49066 1.89071
-0.49053 1.89057
-0.49041 1.89043
-0.49028 1.89029
-0.49016 1.89015
-0.49004 1.89001
-0.48991 1.88987
-0.48979 1.88973
-0.48966 1.88959
-0.48954 1.88945
-0.48942 1.88931
-0.48929 1.88917
-0.48917 1.88903
-0.48904 1.88889
-0.48892 1.88875
-0.48880 1.88861
-0.48867 1.88847
-0.48855 1.88833
-0.48842 1.88819
-0.48830 1.88805
-0.48818 1.88791
-0.48805 1.88777
-0.48793 1.88763
-0.48781 1.88749
-0.48768 1.88735
-0.48756 1.88721
-0.48743 1.88707
-0.48731 1.88693
-0.48719 1.88679
-0.48706 1.88665
-0.48694 1.88651
-0.48681 1.88637
-0.48669 1.88623
-0.48657 1.88609
-0.48644 1.88595
-0.48632 1.88581
-0.48620 1.88567
-0.48607 1.88553
-0.48595 1.88539
-0.48582 1.88525
-0.48570 1.88511
-0.48558 1.88497
-0.48545 1.88483
-0.48533 1.88469
-0.48521 1.88455
-0.48508 1.88440
-0.48496 1.88426
-0.48483 1.88412
-0.48471 1.88398
-0.48459 1.88384
-0.48446 1.88370
-0.48434 1.88356
-0.48422 1.88342
-0.48409 1.88328
-0.48397 1.88314
-0.48384 1.88300
-0.48372 1.88286
-0.48360 1.88272
-0.48347 1.88258
-0.48335 1.88244
-0.48323 1.88230
-0.48310 1.88216
-0.48298 1.88202
-0.48286 1.88187
-0.48273 1.88173
-0.48261 1.88159
-0.48248 1.88145
-0.48236 1.88131
-0.48224 1.88117
-0.48211 1.88103
-0.48199 1.88089
-0.48187 1.88075
-0.48174 1.88061
-0.48162 1.88047
-0.48150 1.88033
-0.48137 1.88019
-0.48125 1.88004
-0.48112 1.87990
-0.48100 1.87976
-0.48088 1.87962
-0.48075 1.87948
-0.48063 1.87934
-0.48051 1.87920
-0.48038 1.87906
-0.48026 1.87892
-0.48014 1.87878
-0.48001 1.87863
-0.47989 1.87849
-0.47976 1.87835
-0.47964 1.87821
-0.47952 1.87807
-0.47939 1.87793
-0.47927 1.87779
-0.47915 1.87765
-0.47902 1.87751
-0.47890 1.87737
-0.47878 1.87722
-0.47865 1.87708
-0.47853 1.87694
-0.47841 1.87680
-0.47828 1.87666
-0.47816 1.87652
-0.47804 1.87638
-0.47791 1.87624
-0.47779 1.87609
-0.47767 1.87595
-0.47754 1.87581
-0.47742 1.87567
-0.47729 1.87553
-0.47717 1.87539
-0.47705 1.87525
-0.47692 1.87510
-0.47680 1.87496
-0.47668 1.87482
-0.47655 1.87468
-0.47643 1.87454
-0.47631 1.87440
-0.47618 1.87426
-0.47606 1.87411
-0.47594 1.87397
-0.47581 1.87383
-0.47569 1.87369
-0.47557 1.87355
-0.47544 1.87341
-0.47532 1.87327
-0.47520 1.87312
-0.47507 1.87298
-0.47495 1.87284
-0.47483 1.87270
-0.47470 1.87256
-0.47458 1.87242
-0.47446 1.87227
-0.47433 1.87213
-0.47421 1.87199
-0.47409 1.87185
-0.47396 1.87171
-0.47384 1.87157
-0.47372 1.87142
-0.47359 1.87128
-0.47347 1.87114
-0.47335 1.87100
-0.47322 1.87086
-0.47310 1.87071
-0.47298 1.87057
-0.47285 1.87043
-0.47273 1.87029
-0.47261 1.87015
-0.47248 1.87001
-0.47236 1.86986
-0.47224 1.86972
-0.47211 1.86958
-0.47199 1.86947
-0.47188 1.86942
-0.47177 1.86937
-0.47166 1.86932
-0.47155 1.86927
-0.47144 1.86922
-0.47133 1.86917
-0.47122 1.86913
-0.47111 1.86908
-0.47100 1.86903
-0.47089 1.86898
-0.47078 1.86893
-0.47067 1.86888
-0.47056 1.86883
-0.47045 1.86878
-0.47034 1.86873
-0.47023 1.86868
-0.47012 1.86863
-0.47001 1.86858
-0.46990 1.86853
-0.46979 1.86848
-0.46968 1.86843
-0.46957 1.86838
-0.46946 1.86833
-0.46935 1.86828
-0.46924 1.86824
-0.46912 1.86819
-0.46901 1.86814
-0.46890 1.86809
-0.46879 1.86804
-0.46868 1.86799
-0.46857 1.86794
-0.46846 1.86789
-0.46835 1.86784
-0.46824 1.86779
-0.46813 1.86774
-0.46802 1.86769
-0.46791 1.86764
-0.46780 1.86759
-0.46769 1.86754
-0.46758 1.86749
-0.46747 1.86744
-0.46736 1.86739
-0.46725 1.86734
-0.46714 1.86729
-0.46703 1.86724
-0.46692 1.86719
-0.46681 1.86714
-0.46670 1.86709
-0.46659 1.86704
-0.46648 1.86699
-0.46637 1.86694
-0.46626 1.86689
-0.46615 1.86684
-0.46603 1.86679
-0.46592 1.86674
-0.46581 1.86669
-0.46570 1.86664
-0.46559 1.86659
-0.46548 1.86654
-0.46537 1.86649
-0.46526 1.86644
-0.46515 1.86639
-0.46504 1.86634
-0.46493 1.86629
-0.46482 1.86624
-0.46471 1.86619
-0.46460 1.86614
-0.46449 1.86609
-0.46438 1.86604
-0.46427 1.86599
-0.46416 1.86594
-0.46405 1.86589
-0.46394 1.86584
-0.46383 1.86579
-0.46372 1.86574
-0.46361 1.86569
-0.46350 1.86564
-0.46339 1.86559
-0.46328 1.86554
-0.46317 1.86549
-0.46306 1.86544
-0.46294 1.86539
-0.46283 1.86534
-0.46272 1.86529
-0.46261 1.86524
-0.46250 1.86518
-0.46239 1.86513
-0.46228 1.86508
-0.46217 1.86503
-0.46206 1.86497
-0.46194 1.86487
-0.46183 1.86477
-0.46171 1.86467
-0.46159 1.86458
-0.46148 1.86448
-0.46136 1.86438
-0.46124 1.86429
-0.46113 1.86419
-0.46101 1.86409
-0.46089 1.86400
-0.46078 1.86390
-0.46066 1.86380
-0.46054 1.86371
-0.46043 1.86361
-0.46031 1.86351
-0.46020 1.86341
-0.46008 1.86332
-0.45996 1.86322
-0.45985 1.86312
-0.45973 1.86303
-0.45961 1.86293
-0.45950 1.86283
-0.45938 1.86274
-0.45926 1.86264
-0.45915 1.86254
-0.45903 1.86244
-0.45891 1.86235
-0.45880 1.86225
-0.45868 1.86215
-0.45856 1.86206
-0.45845 1.86196
-0.45833 1.86186
-0.45822 1.86176
-0.45810 1.86167
-0.45798 1.86157
-0.45787 1.86147
-0.45775 1.86138
-0.45763 1.86128
-0.45752 1.86118
-0.45740 1.86108
-0.45728 1.86099
-0.45717 1.86089
-0.45705 1.86079
-0.45693 1.86069
-0.45682 1.86060
-0.45670 1.86050
-0.45659 1.86040
-0.45647 1.86030
-0.45635 1.86021
-0.45624 1.86011
-0.45612 1.86001
-0.45600 1.85992
-0.45589 1.85982
-0.45577 1.85972
-0.45565 1.85962
-0.45554 1.85953
-0.45542 1.85943
-0.45531 1.85933
-0.45519 1.85923
-0.45507 1.85913
-0.45496 1.85904
-0.45484 1.85894
-0.45472 1.85884
-0.45461 1.85874
-0.45449 1.85865
-0.45437 1.85855
-0.45426 1.85845
-0.45414 1.85835
-0.45403 1.85826
-0.45391 1.85816
-0.45379 1.85806
-0.45368 1.85796
-0.45356 1.85787
-0.45344 1.85777
-0.45333 1.85767
-0.45321 1.85757
-0.45309 1.85747
-0.45298 1.85738
-0.45286 1.85728
-0.45275 1.85718
-0.45263 1.85708
-0.45251 1.85699
-0.45240 1.85689
-0.45228 1.85679
-0.45216 1.85669
-0.45205 1.85659
-0.45193 1.85650
-0.45182 1.85640
-0.45170 1.85630
-0.45158 1.85620
-0.45147 1.85610
-0.45135 1.85601
-0.45123 1.85591
-0.45112 1.85581
-0.45100 1.85571
-0.45089 1.85561
-0.45077 1.85552
-0.45065 1.85542
-0.45054 1.85532
-0.45042 1.85522
-0.45031 1.85512
-0.45019 1.85503
-0.45007 1.85493
-0.44996 1.85483
-0.44984 1.85473
-0.44972 1.85463
-0.44961 1.85454
-0.44949 1.85444
-0.44938 1.85434
-0.44926 1.85424
-0.44914 1.85414
-0.44903 1.85404
-0.44891 1.85395
-0.44880 1.85385
-0.44868 1.85375
-0.44856 1.85365
-0.44845 1.85355
-0.44833 1.85345
-0.44821 1.85336
-0.44810 1.85326
-0.44798 1.85316
-0.44787 1.85306
-0.44775 1.85296
-0.44763 1.85286
-0.44752 1.85277
-0.44740 1.85267
-0.44729 1.85257
-0.44717 1.85247
-0.44705 1.85237
-0.44694 1.85227
-0.44682 1.85218
-0.44670 1.85208
-0.44659 1.85198
-0.44647 1.85188
-0.44636 1.85178
-0.44624 1.85168
-0.44612 1.85158
-0.44601 1.85149
-0.44589 1.85139
-0.44578 1.85129
-0.44566 1.85119
-0.44554 1.85109
-0.44543 1.85099
-0.44531 1.85089
-0.44520 1.85079
-0.44508 1.85070
-0.44496 1.85060
-0.44485 1.85050
-0.44473 1.85040
-0.44462 1.85030
-0.44450 1.85020
-0.44438 1.85010
-0.44427 1.85000
-0.44415 1.84991
-0.44404 1.84981
-0.44392 1.84971
-0.44380 1.84961
-0.44369 1.84951
-0.44357 1.84941
-0.44346 1.84931
-0.44334 1.84921
-0.44322 1.84912
-0.44311 1.84902
-0.44299 1.84892
-0.44288 1.84882
-0.44276 1.84872
-0.44264 1.84862
-0.44253 1.84852
-0.44241 1.84842
-0.44230 1.84832
-0.44218 1.84822
-0.44206 1.84813
-0.44195 1.84803
-0.44183 1.84793
-0.44172 1.84783
-0.44160 1.84773
-0.44148 1.84763
-0.44137 1.84753
-0.44125 1.84743
-0.44114 1.84733
-0.44102 1.84723
-0.44091 1.84713
-0.44079 1.84704
-0.44067 1.84694
-0.44056 1.84684
-0.44044 1.84674
-0.44033 1.84664
-0.44021 1.84654
-0.44009 1.84644
-0.43998 1.84634
-0.43986 1.84624
-0.43975 1.84614
-0.43963 1.84604
-0.43951 1.84594
-0.43940 1.84584
-0.43928 1.84575
-0.43917 1.84565
-0.43905 1.84555
-0.43894 1.84545
-0.43882 1.84535
-0.43870 1.84525
-0.43859 1.84515
-0.43847 1.84505
-0.43836 1.84495
-0.43824 1.84485
-0.43812 1.84475
-0.43801 1.84465
-0.43789 1.84455
-0.43778 1.84445
-0.43766 1.84435
-0.43755 1.84425
-0.43743 1.84415
-0.43731 1.84405
-0.43720 1.84395
-0.43708 1.84386
-0.43697 1.84376
-0.43685 1.84366
-0.43674 1.84356
-0.43662 1.84346
-0.43650 1.84336
-0.43639 1.84326
-0.43627 1.84316
-0.43616 1.84306
-0.43604 1.84296
-0.43592 1.84286
-0.43581 1.84276
-0.43569 1.84266
-0.43558 1.84256
-0.43546 1.84246
-0.43535 1.84236
-0.43523 1.84226
-0.43511 1.84216
-0.43500 1.84206
-0.43488 1.84196
-0.43477 1.84186
-0.43465 1.84176
-0.43454 1.84166
-0.43442 1.84156
-0.43430 1.84146
-0.43419 1.84136
-0.43407 1.84126
-0.43396 1.84116
-0.43384 1.84106
-0.43373 1.84096
-0.43361 1.84086
-0.43349 1.84076
-0.43338 1.84066
-0.43326 1.84056
-0.43315 1.84046
-0.43303 1.84036
-0.43292 1.84026
-0.43280 1.84016
-0.43269 1.84006
-0.43257 1.83996
-0.43245 1.83986
-0.43234 1.83976
-0.43222 1.83966
-0.43211 1.83956
-0.43199 1.83946
-0.43188 1.83936
-0.43176 1.83926
-0.43164 1.83916
-0.43153 1.83906
-0.43141 1.83896
-0.43130 1.83886
-0.43118 1.83876
-0.43107 1.83866
-0.43095 1.83856
-0.43084 1.83846
-0.43072 1.83838
-0.43061 1.83833
-0.43050 1.83827
-0.43039 1.83822
-0.43028 1.83817
-0.43017 1.83811
-0.43007 1.83806
-0.42996 1.83800
-0.42985 1.83795
-0.42974 1.83789
-0.42963 1.83784
-0.42952 1.83779
-0.42941 1.83773
-0.42930 1.83768
-0.42919 1.83762
-0.42908 1.83757
-0.42897 1.83752
-0.42886 1.83746
-0.42875 1.83741
-0.42864 1.83735
-0.42853 1.83730
-0.42842 1.83725
-0.42831 1.83719
-0.42820 1.83714
-0.42809 1.83708
-0.42798 1.83703
-0.42787 1.83697
-0.42776 1.83692
-0.42765 1.83687
-0.42755 1.83681
-0.42744 1.83676
-0.42733 1.83670
-0.42722 1.83665
-0.42711 1.83659
-0.42700 1.83654
-0.42689 1.83648
-0.42678 1.83643
-0.42667 1.83638
-0.42656 1.83632
-0.42645 1.83627
-0.42634 1.83621
-0.42623 1.83616
-0.42612 1.83610
-0.42601 1.83605
-0.42590 1.83599
-0.42579 1.83594
-0.42568 1.83589
-0.42557 1.83583
-0.42546 1.83578
-0.42535 1.83572
-0.42524 1.83567
-0.42513 1.83561
-0.42503 1.83556
-0.42492 1.83550
-0.42481 1.83545
-0.42470 1.83539
-0.42459 1.83534
-0.42448 1.83528
-0.42437 1.83523
-0.42426 1.83518
-0.42415 1.83512
-0.42404 1.83507
-0.42393 1.83501
-0.42382 1.83496
-0.42371 1.83490
-0.42360 1.83485
-0.42349 1.83479
-0.42338 1.83474
-0.42327 1.83468
-0.42316 1.83463
-0.42305 1.83457
-0.42294 1.83452
-0.42283 1.83446
-0.42273 1.83441
-0.42262 1.83435
-0.42251 1.83430
-0.42240 1.83424
-0.42229 1.83419
-0.42218 1.83413
-0.42207 1.83408
-0.42196 1.83402
-0.42185 1.83397
-0.42174 1.83391
-0.42163 1.83386
-0.42152 1.83380
-0.42141 1.83375
-0.42130 1.83369
-0.42119 1.83364
-0.42108 1.83358
-0.42097 1.83353
-0.42086 1.83343
-0.42074 1.83331
-0.42062 1.83319
-0.42050 1.83306
-0.42039 1.83294
-0.42027 1.83281
-0.42015 1.83269
-0.42003 1.83256
-0.41991 1.83244
-0.41979 1.83231
-0.41968 1.83219
-0.41956 1.83206
-0.41944 1.83194
-0.41932 1.83181
-0.41920 1.83169
-0.41908 1.83156
-0.41897 1.83144
-0.41885 1.83131
-0.41873 1.83119
-0.41861 1.83106
-0.41849 1.83094
-0.41838 1.83081
-0.41826 1.83069
-0.41814 1.83056
-0.41802 1.83044
-0.41790 1.83031
-0.41778 1.83019
-0.41767 1.83007
-0.41755 1.82994
-0.41743 1.82982
-0.41731 1.82969
-0.41719 1.82956
-0.41708 1.82944
-0.41696 1.82931
-0.41684 1.82919
-0.41672 1.82906
-0.41660 1.82894
-0.41649 1.82881
-0.41637 1.82869
-0.41625 1.82856
-0.41613 1.82844
-0.41601 1.82831
-0.41589 1.82819
-0.41578 1.82806
-0.41566 1.82794
-0.41554 1.82781
-0.41542 1.82769
-0.41530 1.82756
-0.41519 1.82744
-0.41507 1.82731
-0.41495 1.82719
-0.41483 1.82706
-0.41471 1.82694
-0.41460 1.82681
-0.41448 1.82669
-0.41436 1.82656
-0.41424 1.82643
-0.41412 1.82631
-0.41401 1.82618
-0.41389 1.82606
-0.41377 1.82593
-0.41365 1.82581
-0.41353 1.82568
-0.41342 1.82556
-0.41330 1.82543
-0.41318 1.82531
-0.41306 1.82518
-0.41294 1.82505
-0.41283 1.82493
-0.41271 1.82480
-0.41259 1.82468
-0.41247 1.82455
-0.41235 1.82443
-0.41224 1.82430
-0.41212 1.82418
-0.41200 1.82405
-0.41188 1.82392
-0.41176 1.82380
-0.41165 1.82367
-0.41153 1.82355
-0.41141 1.82342
-0.41129 1.82330
-0.41117 1.82317
-0.41106 1.82304
-0.41094 1.82292
-0.41082 1.82279
-0.41070 1.82267
-0.41058 1.82254
-0.41047 1.82242
-0.41035 1.82229
-0.41023 1.82216
-0.41011 1.82204
-0.40999 1.82191
-0.40988 1.82179
-0.40976 1.82166
-0.40964 1.82153
-0.40952 1.82141
-0.40940 1.82128
-0.40929 1.82116
-0.40917 1.82103
-0.40905 1.82090
-0.40893 1.82078
-0.40882 1.82065
-0.40870 1.82053
-0.40858 1.82040
-0.40846 1.82027
-0.40834 1.82015
-0.40823 1.82002
-0.40811 1.81990
-0.40799 1.81977
-0.40787 1.81964
-0.40775 1.81952
-0.40764 1.81939
-0.40752 1.81927
-0.40740 1.81914
-0.40728 1.81901
-0.40717 1.81889
-0.40705 1.81876
-0.40693 1.81863
-0.40681 1.81851
-0.40669 1.81838
-0.40658 1.81826
-0.40646 1.81813
-0.40634 1.81800
-0.40622 1.81788
-0.40610 1.81775
-0.40599 1.81762
-0.40587 1.81750
-0.40575 1.81737
-0.40563 1.81724
-0.40552 1.81712
-0.40540 1.81699
-0.40528 1.81687
-0.40516 1.81674
-0.40504 1.81661
-0.40493 1.81649
-0.40481 1.81636
-0.40469 1.81623
-0.40457 1.81611
-0.40446 1.81598
-0.40434 1.81585
-0.40422 1.81573
-0.40410 1.81560
-0.40398 1.81547
-0.40387 1.81535
-0.40375 1.81522
-0.40363 1.81509
-0.40351 1.81497
-0.40340 1.81484
-0.40328 1.81471
-0.40316 1.81459
-0.40304 1.81446
-0.40292 1.81433
-0.40281 1.81421
-0.40269 1.81408
-0.40257 1.81395
-0.40245 1.81383
-0.40234 1.81370
-0.40222 1.81357
-0.40210 1.81345
-0.40198 1.81332
-0.40187 1.81319
-0.40175 1.81307
-0.40163 1.81294
-0.40151 1.81281
-0.40139 1.81269
-0.40128 1.81256
-0.40116 1.81243
-0.40104 1.81231
-0.40092 1.81218
-0.40081 1.81205
-0.40069 1.81192
-0.40057 1.81180
-0.40045 1.81167
-0.40034 1.81154
-0.40022 1.81142
-0.40010 1.81129
-0.39998 1.81116
-0.39987 1.81104
-0.39975 1.81091
-0.39964 1.81082
-0.39953 1.81077
-0.39942 1.81071
-0.39931 1.81065
-0.39920 1.81059
-0.39909 1.81054
-0.39898 1.81048
-0.39887 1.81042
-0.39876 1.81036
-0.39866 1.81031
-0.39855 1.81025
-0.39844 1.81019
-0.39833 1.81013
-0.39822 1.81008
-0.39811 1.81002
-0.39800 1.80996
-0.39789 1.80990
-0.39778 1.80985
-0.39768 1.80979
-0.39757 1.80973
-0.39746 1.80967
-0.39735 1.80962
-0.39724 1.80956
-0.39713 1.80950
-0.39702 1.80944
-0.39691 1.80938
-0.39681 1.80933
-0.39670 1.80927
-0.39659 1.80921
-0.39648 1.80915
-0.39637 1.80910
-0.39626 1.80904
-0.39615 1.80898
-0.39604 1.80892
-0.39593 1.80886
-0.39583 1.80881
-0.39572 1.80875
-0.39561 1.80869
-0.39550 1.80863
-0.39539 1.80858
-0.39528 1.80852
-0.39517 1.80846
-0.39506 1.80840
-0.39495 1.80834
-0.39485 1.80829
-0.39474 1.80823
-0.39463 1.80817
-0.39452 1.80811
-0.39441 1.80805
-0.39430 1.80800
-0.39419 1.80794
-0.39408 1.80788
-0.39398 1.80782
-0.39387 1.80776
-0.39376 1.80771
-0.39365 1.80765
-0.39354 1.80759
-0.39343 1.80753
-0.39332 1.80747
-0.39321 1.80741
-0.39310 1.80736
-0.39300 1.80730
-0.39289 1.80724
-0.39278 1.80718
-0.39267 1.80712
-0.39256 1.80707
-0.39245 1.80701
-0.39234 1.80695
-0.39223 1.80689
-0.39213 1.80683
-0.39202 1.80677
-0.39191 1.80672
-0.39180 1.80666
-0.39169 1.80660
-0.39158 1.80654
-0.39147 1.80648
-0.39136 1.80642
-0.39125 1.80637
-0.39115 1.80631
-0.39104 1.80625
-0.39093 1.80619
-0.39082 1.80613
-0.39071 1.80607
-0.39060 1.80601
-0.39049 1.80596
-0.39038 1.80590
-0.39028 1.80584
-0.39017 1.80578
-0.39006 1.80572
-0.38995 1.80566
-0.38984 1.80561
-0.38973 1.80555
-0.38962 1.80549
-0.38951 1.80543
-0.38941 1.80537
-0.38930 1.80531
-0.38919 1.80525
-0.38908 1.80519
-0.38897 1.80514
-0.38886 1.80508
-0.38875 1.80502
-0.38864 1.80496
-0.38853 1.80490
-0.38843 1.80484
-0.38832 1.80478
-0.38821 1.80472
-0.38810 1.80467
-0.38799 1.80461
-0.38788 1.80455
-0.38777 1.80449
-0.38766 1.80443
-0.38756 1.80437
-0.38745 1.80431
-0.38734 1.80425
-0.38723 1.80420
-0.38712 1.80414
-0.38701 1.80408
-0.38690 1.80402
-0.38679 1.80396
-0.38669 1.80390
-0.38658 1.80384
-0.38647 1.80378
-0.38636 1.80372
-0.38625 1.80366
-0.38614 1.80361
-0.38603 1.80355
-0.38592 1.80349
-0.38582 1.80343
-0.38571 1.80337
-0.38560 1.80331
-0.38549 1.80325
-0.38538 1.80319
-0.38527 1.80313
-0.38516 1.80307
-0.38505 1.80301
-0.38494 1.80296
-0.38484 1.80290
-0.38473 1.80284
-0.38462 1.80278
-0.38451 1.80272
-0.38440 1.80266
-0.38429 1.80260
-0.38418 1.80254
-0.38407 1.80248
-0.38397 1.80242
-0.38386 1.80236
-0.38375 1.80230
-0.38364 1.80224
-0.38353 1.80219
-0.38342 1.80213
-0.38331 1.80207
-0.38320 1.80201
-0.38310 1.80195
-0.38299 1.80189
-0.38288 1.80183
-0.38277 1.80177
-0.38266 1.80171
-0.38255 1.80165
-0.38244 1.80159
-0.38233 1.80153
-0.38223 1.80147
-0.38212 1.80141
-0.38201 1.80135
-0.38190 1.80129
-0.38179 1.80123
-0.38168 1.80117
-0.38157 1.80111
-0.38146 1.80105
-0.38136 1.80100
-0.38125 1.80094
-0.38114 1.80088
-0.38103 1.80082
-0.38092 1.80076
-0.38081 1.80070
-0.38070 1.80064
-0.38059 1.80058
-0.38049 1.80052
-0.38038 1.80046
-0.38027 1.80040
-0.38016 1.80034
-0.38005 1.80028
-0.37994 1.80022
-0.37983 1.80016
-0.37972 1.80010
-0.37962 1.80004
-0.37951 1.79998
-0.37940 1.79992
-0.37929 1.79986
-0.37918 1.79980
-0.37907 1.79974
-0.37896 1.79968
-0.37885 1.79962
-0.37875 1.79956
-0.37864 1.79950
-0.37853 1.79944
-0.37842 1.79938
-0.37831 1.79932
-0.37820 1.79926
-0.37809 1.79920
-0.37798 1.79914
-0.37788 1.79908
-0.37777 1.79902
-0.37766 1.79896
-0.37755 1.79890
-0.37744 1.79884
-0.37733 1.79878
-0.37722 1.79872
-0.37712 1.79866
-0.37701 1.79860
-0.37690 1.79854
-0.37679 1.79848
-0.37668 1.79842
-0.37657 1.79836
-0.37646 1.79830
-0.37635 1.79824
-0.37625 1.79818
-0.37614 1.79812
-0.37603 1.79806
-0.37592 1.79800
-0.37581 1.79794
-0.37570 1.79788
-0.37559 1.79782
-0.37548 1.79776
-0.37538 1.79770
-0.37527 1.79764
-0.37516 1.79758
-0.37505 1.79751
-0.37494 1.79745
-0.37483 1.79739
-0.37472 1.79733
-0.37461 1.79727
-0.37451 1.79721
-0.37440 1.79715
-0.37429 1.79709
-0.37418 1.79703
-0.37407 1.79697
-0.37396 1.79691
-0.37385 1.79685
-0.37375 1.79679
-0.37364 1.79673
-0.37353 1.79667
-0.37342 1.79661
-0.37331 1.79655
-0.37320 1.79649
-0.37309 1.79643
-0.37298 1.79637
-0.37288 1.79630
-0.37277 1.79624
-0.37266 1.79618
-0.37255 1.79612
-0.37244 1.79606
-0.37233 1.79600
-0.37222 1.79594
-0.37211 1.79588
-0.37201 1.79582
-0.37190 1.79576
-0.37179 1.79570
-0.37168 1.79564
-0.37157 1.79558
-0.37146 1.79551
-0.37135 1.79545
-0.37125 1.79539
-0.37114 1.79533
-0.37103 1.79527
-0.37092 1.79521
-0.37081 1.79515
-0.37070 1.79509
-0.37059 1.79503
-0.37048 1.79497
-0.37038 1.79491
-0.37027 1.79484
-0.37016 1.79478
-0.37005 1.79472
-0.36994 1.79466
-0.36983 1.79460
-0.36972 1.79454
-0.36962 1.79448
-0.36951 1.79442
-0.36940 1.79436
-0.36929 1.79430
-0.36918 1.79423
-0.36907 1.79417
-0.36896 1.79411
-0.36885 1.79405
-0.36875 1.79399
-0.36864 1.79393
-0.36853 1.79387
-0.36842 1.79381
-0.36831 1.79375
-0.36820 1.79368
-0.36809 1.79362
-0.36799 1.79356
-0.36788 1.79350
-0.36777 1.79344
-0.36766 1.79338
-0.36755 1.79332
-0.36744 1.79325
-0.36733 1.79319
-0.36722 1.79313
-0.36712 1.79307
-0.36701 1.79301
-0.36690 1.79295
-0.36679 1.79289
-0.36668 1.79283
-0.36657 1.79276
-0.36646 1.79270
-0.36636 1.79264
-0.36625 1.79258
-0.36614 1.79252
-0.36603 1.79246
-0.36592 1.79240
-0.36581 1.79233
-0.36570 1.79227
-0.36559 1.79221
-0.36549 1.79215
-0.36538 1.79209
-0.36527 1.79203
-0.36516 1.79196
-0.36505 1.79190
-0.36494 1.79184
-0.36483 1.79178
-0.36473 1.79172
-0.36462 1.79166
-0.36451 1.79159
-0.36440 1.79153
-0.36429 1.79147
-0.36418 1.79141
-0.36407 1.79135
-0.36397 1.79129
-0.36386 1.79122
-0.36375 1.79116
-0.36364 1.79110
-0.36353 1.79104
-0.36342 1.79098
-0.36331 1.79092
-0.36320 1.79085
-0.36310 1.79079
-0.36299 1.79073
-0.36288 1.79067
-0.36277 1.79061
-0.36266 1.79054
-0.36255 1.79048
-0.36244 1.79042
-0.36234 1.79036
-0.36223 1.79030
-0.36212 1.79023
-0.36201 1.79017
-0.36190 1.79011
-0.36179 1.79005
-0.36168 1.78999
-0.36158 1.78992
-0.36147 1.78986
-0.36136 1.78980
-0.36125 1.78974
-0.36114 1.78968
-0.36103 1.78961
-0.36092 1.78955
-0.36082 1.78949
-0.36071 1.78943
-0.36060 1.78937
-0.36049 1.78930
-0.36038 1.78924
-0.36027 1.78918
-0.36016 1.78912
-0.36005 1.78905
-0.35995 1.78899
-0.35984 1.78893
-0.35973 1.78887
-0.35962 1.78881
-0.35951 1.78874
-0.35940 1.78868
-0.35929 1.78862
-0.35919 1.78856
-0.35908 1.78849
-0.35897 1.78843
-0.35886 1.78837
-0.35875 1.78831
-0.35864 1.78824
-0.35853 1.78818
-0.35843 1.78812
-0.35832 1.78806
-0.35821 1.78799
-0.35810 1.78793
-0.35799 1.78787
-0.35788 1.78781
-0.35777 1.78774
-0.35767 1.78768
-0.35756 1.78762
-0.35745 1.78756
-0.35734 1.78749
-0.35723 1.78743
-0.35712 1.78737
-0.35701 1.78731
-0.35691 1.78724
-0.35680 1.78718
-0.35669 1.78712
-0.35658 1.78706
-0.35647 1.78699
-0.35636 1.78693
-0.35625 1.78687
-0.35615 1.78681
-0.35604 1.78674
-0.35593 1.78668
-0.35582 1.78662
-0.35571 1.78656
-0.35560 1.78649
-0.35549 1.78643
-0.35539 1.78637
-0.35528 1.78630
-0.35517 1.78624
-0.35506 1.78618
-0.35495 1.78612
-0.35484 1.78605
-0.35473 1.78599
-0.35463 1.78593
-0.35452 1.78586
-0.35441 1.78580
-0.35430 1.78574
-0.35419 1.78568
-0.35408 1.78561
-0.35397 1.78555
-0.35387 1.78549
-0.35376 1.78542
-0.35365 1.78536
-0.35354 1.78530
-0.35343 1.78523
-0.35332 1.78517
-0.35321 1.78511
-0.35311 1.78505
-0.35300 1.78498
-0.35289 1.78492
-0.35278 1.78486
-0.35267 1.78479
-0.35256 1.78473
-0.35245 1.78467
-0.35235 1.78460
-0.35224 1.78454
-0.35213 1.78448
-0.35202 1.78441
-0.35191 1.78435
-0.35180 1.78429
-0.35169 1.78422
-0.35159 1.78416
-0.35148 1.78410
-0.35137 1.78403
-0.35126 1.78397
-0.35115 1.78391
-0.35104 1.78384
-0.35093 1.78378
-0.35083 1.78372
-0.35072 1.78365
-0.35061 1.78359
-0.35050 1.78353
-0.35039 1.78346
-0.35028 1.78340
-0.35018 1.78334
-0.35007 1.78327
-0.34996 1.78321
-0.34985 1.78315
-0.34974 1.78308
-0.34963 1.78302
-0.34952 1.78296
-0.34942 1.78289
-0.34931 1.78283
-0.34920 1.78277
-0.34909 1.78270
-0.34898 1.78264
-0.34887 1.78258
-0.34876 1.78251
-0.34866 1.78245
-0.34855 1.78238
-0.34844 1.78232
-0.34833 1.78226
-0.34822 1.78219
-0.34811 1.78213
-0.34800 1.78207
-0.34790 1.78200
-0.34779 1.78194
-0.34768 1.78188
-0.34757 1.78181
-0.34746 1.78175
-0.34735 1.78168
-0.34725 1.78162
-0.34714 1.78156
-0.34703 1.78149
-0.34692 1.78143
-0.34681 1.78136
-0.34670 1.78130
-0.34659 1.78124
-0.34649 1.78117
-0.34638 1.78111
-0.34627 1.78105
-0.34616 1.78098
-0.34605 1.78092
-0.34594 1.78085
-0.34583 1.78079
-0.34573 1.78073
-0.34562 1.78066
-0.34551 1.78060
-0.34540 1.78053
-0.34529 1.78047
-0.34518 1.78041
-0.34508 1.78034
-0.34497 1.78028
-0.34486 1.78021
-0.34475 1.78015
-0.34464 1.78009
-0.34453 1.78002
-0.34442 1.77996
-0.34432 1.77989
-0.34421 1.77983
-0.34410 1.77976
-0.34399 1.77970
-0.34388 1.77964
-0.34377 1.77957
-0.34366 1.77951
-0.34356 1.77944
-0.34345 1.77938
-0.34334 1.77932
-0.34323 1.77925
-0.34312 1.77919
-0.34301 1.77912
-0.34291 1.77906
-0.34280 1.77899
-0.34269 1.77893
-0.34258 1.77887
-0.34247 1.77880
-0.34236 1.77874
-0.34225 1.77867
-0.34215 1.77861
-0.34204 1.77854
-0.34193 1.77848
-0.34182 1.77841
-0.34171 1.77835
-0.34160 1.77829
-0.34150 1.77822
-0.34139 1.77816
-0.34128 1.77809
-0.34117 1.77803
-0.34106 1.77796
-0.34095 1.77790
-0.34084 1.77783
-0.34074 1.77777
-0.34063 1.77770
-0.34052 1.77764
-0.34041 1.77758
-0.34030 1.77751
-0.34019 1.77745
-0.34009 1.77738
-0.33998 1.77732
-0.33987 1.77725
-0.33976 1.77719
-0.33965 1.77712
-0.33954 1.77706
-0.33943 1.77699
-0.33933 1.77693
-0.33922 1.77686
-0.33911 1.77680
-0.33900 1.77673
-0.33889 1.77667
-0.33878 1.77661
-0.33868 1.77654
-0.33857 1.77648
-0.33846 1.77641
-0.33835 1.77635
-0.33824 1.77628
-0.33813 1.77622
-0.33802 1.77615
-0.33792 1.77609
-0.33781 1.77602
-0.33770 1.77596
-0.33759 1.77589
-0.33748 1.77583
-0.33737 1.77576
-0.33727 1.77570
-0.33716 1.77563
-0.33705 1.77557
-0.33694 1.77550
-0.33683 1.77544
-0.33672 1.77537
-0.33662 1.77531
-0.33651 1.77524
-0.33640 1.77518
-0.33629 1.77511
-0.33618 1.77505
-0.33607 1.77498
-0.33596 1.77492
-0.33586 1.77485
-0.33575 1.77479
-0.33564 1.77472
-0.33553 1.77465
-0.33542 1.77459
-0.33531 1.77452
-0.33521 1.77446
-0.33510 1.77439
-0.33499 1.77433
-0.33488 1.77426
-0.33477 1.77420
-0.33466 1.77413
-0.33456 1.77407
-0.33445 1.77400
-0.33434 1.77394
-0.33423 1.77387
-0.33412 1.77381
-0.33401 1.77374
-0.33390 1.77368
-0.33380 1.77361
-0.33369 1.77354
-0.33358 1.77348
-0.33347 1.77341
-0.33336 1.77335
-0.33325 1.77328
-0.33315 1.77322
-0.33304 1.77315
-0.33293 1.77309
-0.33282 1.77302
-0.33271 1.77295
-0.33260 1.77289
-0.33250 1.77282
-0.33239 1.77276
-0.33228 1.77269
-0.33217 1.77263
-0.33206 1.77256
-0.33195 1.77250
-0.33184 1.77243
-0.33174 1.77236
-0.33163 1.77230
-0.33152 1.77223
-0.33141 1.77217
-0.33130 1.77210
-0.33119 1.77204
-0.33109 1.77197
-0.33098 1.77190
-0.33087 1.77184
-0.33076 1.77177
-0.33065 1.77171
-0.33054 1.77164
-0.33044 1.77158
-0.33033 1.77151
-0.33022 1.77144
-0.33011 1.77138
-0.33000 1.77131
-0.32989 1.77125
-0.32979 1.77118
-0.32968 1.77111
-0.32957 1.77105
-0.32946 1.77098
-0.32935 1.77092
-0.32924 1.77085
-0.32914 1.77078
-0.32903 1.77072
-0.32892 1.77065
-0.32881 1.77059
-0.32870 1.77052
-0.32859 1.77045
-0.32849 1.77039
-0.32838 1.77032
-0.32827 1.77026
-0.32816 1.77019
-0.32805 1.77012
-0.32794 1.77006
-0.32784 1.76999
-0.32773 1.76993
-0.32762 1.76986
-0.32751 1.76979
-0.32740 1.76973
-0.32729 1.76966
-0.32718 1.76959
-0.32708 1.76953
-0.32697 1.76946
-0.32686 1.76940
-0.32675 1.76933
-0.32664 1.76926
-0.32653 1.76920
-0.32643 1.76913
-0.32632 1.76906
-0.32621 1.76900
-0.32610 1.76893
-0.32599 1.76887
-0.32588 1.76880
-0.32578 1.76873
-0.32567 1.76867
-0.32556 1.76860
-0.32545 1.76853
-0.32534 1.76847
-0.32523 1.76840
-0.32513 1.76833
-0.32502 1.76827
-0.32491 1.76820
-0.32480 1.76813
-0.32469 1.76807
-0.32458 1.76800
-0.32448 1.76794
-0.32437 1.76787
-0.32426 1.76780
-0.32415 1.76774
-0.32404 1.76767
-0.32393 1.76760
-0.32383 1.76754
-0.32372 1.76747
-0.32361 1.76740
-0.32350 1.76734
-0.32339 1.76727
-0.32328 1.76720
-0.32318 1.76714
-0.32307 1.76707
-0.32296 1.76700
-0.32285 1.76694
-0.32274 1.76687
-0.32263 1.76680
-0.32253 1.76674
-0.32242 1.76667
-0.32231 1.76660
-0.32220 1.76653
-0.32209 1.76647
-0.32198 1.76640
-0.32188 1.76633
-0.32177 1.76627
-0.32166 1.76620
-0.32155 1.76613
-0.32143 1.76594
-0.32131 1.76574
-0.32119 1.76553
-0.32106 1.76533
-0.32094 1.76512
-0.32082 1.76492
-0.32070 1.76471
-0.32058 1.76451
-0.32045 1.76430
-0.32033 1.76410
-0.32021 1.76389
-0.32009 1.76369
-0.31997 1.76348
-0.31984 1.76328
-0.31972 1.76307
-0.31960 1.76287
-0.31948 1.76266
-0.31936 1.76246
-0.31923 1.76225
-0.31911 1.76205
-0.31899 1.76184
-0.31887 1.76163
-0.31875 1.76143
-0.31862 1.76122
-0.31850 1.76102
-0.31838 1.76081
-0.31826 1.76061
-0.31813 1.76040
-0.31801 1.76020
-0.31789 1.75999
-0.31777 1.75979
-0.31765 1.75958
-0.31752 1.75937
-0.31740 1.75917
-0.31728 1.75896
-0.31716 1.75876
-0.31704 1.75855
-0.31691 1.75835
-0.31679 1.75814
-0.31667 1.75793
-0.31655 1.75773
-0.31642 1.75752
-0.31630 1.75732
-0.31618 1.75711
-0.31606 1.75691
-0.31594 1.75670
-0.31581 1.75649
-0.31569 1.75629
-0.31557 1.75608
-0.31545 1.75588
-0.31532 1.75567
-0.31520 1.75546
-0.31508 1.75526
-0.31496 1.75505
-0.31484 1.75485
-0.31471 1.75464
-0.31459 1.75443
-0.31447 1.75423
-0.31435 1.75402
-0.31422 1.75382
-0.31410 1.75361
-0.31398 1.75340
-0.31386 1.75320
-0.31374 1.75299
-0.31361 1.75278
-0.31349 1.75258
-0.31337 1.75237
-0.31325 1.75217
-0.31312 1.75196
-0.31300 1.75175
-0.31288 1.75155
-0.31276 1.75134
-0.31264 1.75113
-0.31251 1.75093
-0.31239 1.75072
-0.31227 1.75051
-0.31215 1.75031
-0.31202 1.75010
-0.31190 1.74990
-0.31178 1.74969
-0.31166 1.74948
-0.31153 1.74928
-0.31141 1.74907
-0.31129 1.74886
-0.31117 1.74866
-0.31105 1.74845
-0.31092 1.74824
-0.31080 1.74804
-0.31068 1.74783
-0.31056 1.74762
-0.31045 1.74761
-0.31035 1.74761
-0.31025 1.74761
-0.31015 1.74761
-0.31005 1.74761
-0.30995 1.74762
-0.30985 1.74762
-0.30975 1.74762
-0.30965 1.74762
-0.30955 1.74762
-0.30945 1.74762
-0.30935 1.74762
-0.30925 1.74763
-0.30915 1.74763
-0.30905 1.74763
-0.30894 1.74763
-0.30884 1.74763
-0.30874 1.74763
-0.30864 1.74763
-0.30854 1.74763
-0.30844 1.74763
-0.30834 1.74764
-0.30824 1.74764
-0.30814 1.74764
-0.30804 1.74764
-0.30794 1.74764
-0.30784 1.74764
-0.30774 1.74764
-0.30763 1.74764
-0.30753 1.74764
-0.30743 1.74764
-0.30733 1.74765
-0.30723 1.74765
-0.30713 1.74765
-0.30703 1.74765
-0.30693 1.74765
-0.30683 1.74765
-0.30673 1.74765
-0.30663 1.74765
-0.30653 1.74765
-0.30643 1.74765
-0.30632 1.74765
-0.30622 1.74765
-0.30612 1.74766
-0.30602 1.74766
-0.30592 1.74766
-0.30582 1.74766
-0.30572 1.74766
-0.30562 1.74766
-0.30552 1.74766
-0.30542 1.74766
-0.30532 1.74766
-0.30521 1.74766
-0.30511 1.74766
-0.30501 1.74766
-0.30491 1.74766
-0.30481 1.74766
-0.30471 1.74766
-0.30461 1.74766
-0.30451 1.74766
-0.30441 1.74767
-0.30431 1.74767
-0.30420 1.74767
-0.30410 1.74767
-0.30400 1.74767
-0.30390 1.74767
-0.30380 1.74767
-0.30370 1.74767
-0.30360 1.74767
-0.30350 1.74767
-0.30340 1.74767
-0.30330 1.74767
-0.30319 1.74767
-0.30309 1.74767
-0.30299 1.74767
-0.30289 1.74767
-0.30279 1.74767
-0.30269 1.74767
-0.30259 1.74767
-0.30249 1.74767
-0.30239 1.74767
-0.30228 1.74767
-0.30218 1.74767
-0.30208 1.74767
-0.30198 1.74767
-0.30188 1.74767
-0.30178 1.74767
-0.30168 1.74767
-0.30158 1.74767
-0.30147 1.74767
-0.30137 1.74767
-0.30127 1.74767
-0.30117 1.74767
-0.30107 1.74767
-0.30097 1.74767
-0.30087 1.74767
-0.30077 1.74767
-0.30066 1.74767
-0.30056 1.74767
-0.30046 1.74767
-0.30036 1.74767
-0.30026 1.74767
-0.30016 1.74767
-0.30006 1.74767
-0.29996 1.74767
-0.29985 1.74767
-0.29975 1.74767
-0.29965 1.74767
-0.29955 1.74766
-0.29945 1.74766
-0.29935 1.74766
-0.29925 1.74766
-0.29915 1.74766
-0.29904 1.74766
-0.29894 1.74766
-0.29884 1.74766
-0.29874 1.74766
-0.29864 1.74766
-0.29854 1.74766
-0.29844 1.74766
-0.29833 1.74766
-0.29823 1.74766
-0.29813 1.74766
-0.29803 1.74766
-0.29793 1.74766
-0.29783 1.74766
-0.29773 1.74765
-0.29762 1.74765
-0.29752 1.74765
-0.29742 1.74765
-0.29732 1.74765
-0.29722 1.74765
-0.29712 1.74765
-0.29702 1.74765
-0.29691 1.74765
-0.29681 1.74765
-0.29671 1.74765
-0.29661 1.74765
-0.29651 1.74764
-0.29641 1.74764
-0.29630 1.74764
-0.29620 1.74764
-0.29610 1.74764
-0.29600 1.74764
-0.29590 1.74764
-0.29580 1.74764
-0.29570 1.74764
-0.29559 1.74764
-0.29549 1.74763
-0.29539 1.74763
-0.29529 1.74763
-0.29519 1.74763
-0.29509 1.74763
-0.29498 1.74763
-0.29488 1.74763
-0.29478 1.74763
-0.29468 1.74762
-0.29458 1.74762
-0.29448 1.74762
-0.29437 1.74762
-0.29427 1.74762
-0.29417 1.74762
-0.29407 1.74762
-0.29397 1.74762
-0.29387 1.74761
-0.29376 1.74761
-0.29366 1.74761
-0.29356 1.74761
-0.29346 1.74761
-0.29336 1.74761
-0.29326 1.74761
-0.29315 1.74760
-0.29305 1.74760
-0.29295 1.74760
-0.29285 1.74760
-0.29275 1.74760
-0.29265 1.74760
-0.29254 1.74759
-0.29244 1.74759
-0.29234 1.74759
