-1.15882 1.75310
-1.15846 1.75290
-1.15810 1.75269
-1.15774 1.75249
-1.15737 1.75229
-1.15701 1.75209
-1.15665 1.75189
-1.15629 1.75169
-1.15593 1.75149
-1.15556 1.75128
-1.15520 1.75108
-1.15484 1.75088
-1.15448 1.75068
-1.15412 1.75047
-1.15375 1.75027
-1.15339 1.75007
-1.15303 1.74987
-1.15267 1.74966
-1.15231 1.74946
-1.15194 1.74926
-1.15158 1.74905
-1.15122 1.74885
-1.15086 1.74864
-1.15049 1.74844
-1.15013 1.74824
-1.14977 1.74803
-1.14941 1.74783
-1.14905 1.74762
-1.14868 1.74742
-1.14832 1.74721
-1.14796 1.74701
-1.14760 1.74680
-1.14724 1.74660
-1.14687 1.74639
-1.14651 1.74619
-1.14615 1.74598
-1.14588 1.74593
-1.14574 1.74607
-1.14559 1.74620
-1.14544 1.74634
-1.14530 1.74648
-1.14515 1.74661
-1.14500 1.74675
-1.14485 1.74689
-1.14471 1.74703
-1.14456 1.74716
-1.14441 1.74730
-1.14426 1.74744
-1.14411 1.74757
-1.14397 1.74771
-1.14382 1.74785
-1.14367 1.74798
-1.14352 1.74812
-1.14337 1.74826
-1.14323 1.74839
-1.14308 1.74853
-1.14293 1.74867
-1.14278 1.74880
-1.14263 1.74894
-1.14248 1.74907
-1.14234 1.74921
-1.14219 1.74935
-1.14204 1.74948
-1.14189 1.74962
-1.14174 1.74975
-1.14159 1.74989
-1.14144 1.75002
-1.14129 1.75016
-1.14114 1.75029
-1.14100 1.75043
-1.14085 1.75056
-1.14070 1.75070
-1.14055 1.75083
-1.14040 1.75097
-1.14025 1.75110
-1.14010 1.75124
-1.13995 1.75137
-1.13980 1.75151
-1.13965 1.75164
-1.13950 1.75178
-1.13935 1.75191
-1.13920 1.75205
-1.13905 1.75218
-1.13890 1.75231
-1.13875 1.75245
-1.13860 1.75258
-1.13845 1.75272
-1.13830 1.75285
-1.13815 1.75298
-1.13800 1.75312
-1.13785 1.75325
-1.13770 1.75338
-1.13755 1.75352
-1.13740 1.75365
-1.13725 1.75378
-1.13709 1.75392
-1.13694 1.75405
-1.13679 1.75418
-1.13664 1.75432
-1.13649 1.75445
-1.13634 1.75458
-1.13619 1.75471
-1.13604 1.75485
-1.13589 1.75498
-1.13573 1.75511
-1.13558 1.75524
-1.13543 1.75538
-1.13528 1.75551
-1.13513 1.75564
-1.13498 1.75577
-1.13482 1.75591
-1.13467 1.75604
-1.13452 1.75617
-1.13437 1.75630
-1.13422 1.75643
-1.13406 1.75656
-1.13391 1.75670
-1.13376 1.75683
-1.13361 1.75696
-1.13345 1.75709
-1.13330 1.75722
-1.13315 1.75735
-1.13300 1.75748
-1.13284 1.75762
-1.13269 1.75775
-1.13254 1.75788
-1.13239 1.75801
-1.13223 1.75814
-1.13208 1.75827
-1.13193 1.75840
-1.13177 1.75853
-1.13162 1.75866
-1.13147 1.75879
-1.13131 1.75892
-1.13116 1.75905
-1.13101 1.75918
-1.13085 1.75931
-1.13070 1.75944
-1.13055 1.75957
-1.13039 1.75970
-1.13024 1.75983
-1.13009 1.75996
-1.12993 1.76009
-1.12978 1.76022
-1.12962 1.76035
-1.12947 1.76048
-1.12932 1.76061
-1.12916 1.76074
-1.12901 1.76087
-1.12885 1.76099
-1.12870 1.76112
-1.12854 1.76125
-1.12839 1.76138
-1.12824 1.76151
-1.12808 1.76164
-1.12793 1.76177
-1.12777 1.76190
-1.12762 1.76202
-1.12746 1.76215
-1.12731 1.76228
-1.12715 1.76241
-1.12700 1.76254
-1.12684 1.76267
-1.12669 1.76279
-1.12653 1.76292
-1.12638 1.76305
-1.12622 1.76318
-1.12606 1.76330
-1.12591 1.76343
-1.12575 1.76356
-1.12560 1.76369
-1.12544 1.76381
-1.12529 1.76394
-1.12513 1.76407
-1.12498 1.76420
-1.12482 1.76432
-1.12466 1.76445
-1.12451 1.76458
-1.12435 1.76470
-1.12419 1.76483
-1.12404 1.76496
-1.12388 1.76508
-1.12373 1.76521
-1.12357 1.76534
-1.12341 1.76546
-1.12326 1.76559
-1.12310 1.76571
-1.12294 1.76584
-1.12279 1.76597
-1.12263 1.76609
-1.12247 1.76622
-1.12232 1.76634
-1.12216 1.76647
-1.12200 1.76660
-1.12184 1.76672
-1.12169 1.76685
-1.12153 1.76697
-1.12137 1.76710
-1.12121 1.76722
-1.12106 1.76735
-1.12090 1.76747
-1.12074 1.76760
-1.12058 1.76772
-1.12043 1.76785
-1.12027 1.76797
-1.12011 1.76810
-1.11995 1.76822
-1.11980 1.76835
-1.11964 1.76847
-1.11948 1.76859
-1.11932 1.76872
-1.11916 1.76884
-1.11900 1.76897
-1.11885 1.76909
-1.11869 1.76922
-1.11853 1.76934
-1.11837 1.76946
-1.11821 1.76959
-1.11805 1.76971
-1.11790 1.76983
-1.11774 1.76996
-1.11758 1.77008
-1.11742 1.77020
-1.11726 1.77033
-1.11710 1.77045
-1.11694 1.77057
-1.11678 1.77070
-1.11662 1.77082
-1.11646 1.77094
-1.11630 1.77107
-1.11614 1.77119
-1.11599 1.77131
-1.11583 1.77143
-1.11567 1.77156
-1.11551 1.77168
-1.11535 1.77180
-1.11519 1.77192
-1.11503 1.77205
-1.11487 1.77217
-1.11471 1.77229
-1.11455 1.77241
-1.11439 1.77253
-1.11423 1.77266
-1.11407 1.77278
-1.11391 1.77290
-1.11375 1.77302
-1.11359 1.77314
-1.11343 1.77326
-1.11326 1.77339
-1.11310 1.77351
-1.11294 1.77363
-1.11278 1.77375
-1.11262 1.77387
-1.11246 1.77399
-1.11230 1.77411
-1.11211 1.77419
-1.11174 1.77396
-1.11138 1.77374
-1.11101 1.77351
-1.11064 1.77329
-1.11027 1.77306
-1.10991 1.77283
-1.10954 1.77261
-1.10917 1.77238
-1.10880 1.77216
-1.10844 1.77193
-1.10807 1.77170
-1.10770 1.77148
-1.10733 1.77125
-1.10697 1.77102
-1.10660 1.77080
-1.10623 1.77057
-1.10586 1.77034
-1.10550 1.77011
-1.10513 1.76989
-1.10476 1.76966
-1.10440 1.76943
-1.10403 1.76920
-1.10366 1.76897
-1.10329 1.76874
-1.10293 1.76852
-1.10256 1.76829
-1.10219 1.76806
-1.10182 1.76783
-1.10146 1.76760
-1.10109 1.76737
-1.10072 1.76714
-1.10036 1.76691
-1.09999 1.76668
-1.09962 1.76645
-1.09925 1.76622
-1.09889 1.76599
-1.09864 1.76596
-1.09848 1.76608
-1.09832 1.76620
-1.09815 1.76632
-1.09799 1.76643
-1.09783 1.76655
-1.09767 1.76667
-1.09751 1.76679
-1.09734 1.76690
-1.09718 1.76702
-1.09702 1.76714
-1.09686 1.76725
-1.09669 1.76737
-1.09653 1.76749
-1.09637 1.76760
-1.09621 1.76772
-1.09604 1.76784
-1.09588 1.76795
-1.09572 1.76807
-1.09555 1.76818
-1.09539 1.76830
-1.09523 1.76842
-1.09506 1.76853
-1.09490 1.76865
-1.09474 1.76876
-1.09458 1.76888
-1.09441 1.76900
-1.09425 1.76911
-1.09409 1.76923
-1.09392 1.76934
-1.09376 1.76946
-1.09359 1.76957
-1.09343 1.76969
-1.09327 1.76980
-1.09310 1.76992
-1.09294 1.77003
-1.09277 1.77015
-1.09261 1.77026
-1.09245 1.77038
-1.09228 1.77049
-1.09212 1.77061
-1.09195 1.77072
-1.09179 1.77083
-1.09163 1.77095
-1.09146 1.77106
-1.09130 1.77118
-1.09113 1.77129
-1.09097 1.77141
-1.09080 1.77152
-1.09064 1.77163
-1.09047 1.77175
-1.09031 1.77186
-1.09014 1.77197
-1.08998 1.77209
-1.08981 1.77220
-1.08965 1.77231
-1.08948 1.77243
-1.08932 1.77254
-1.08915 1.77265
-1.08899 1.77277
-1.08882 1.77288
-1.08866 1.77299
-1.08849 1.77311
-1.08832 1.77322
-1.08816 1.77333
-1.08799 1.77344
-1.08783 1.77356
-1.08766 1.77367
-1.08750 1.77378
-1.08733 1.77389
-1.08716 1.77401
-1.08700 1.77412
-1.08683 1.77423
-1.08676 1.77451
-1.08680 1.77497
-1.08683 1.77543
-1.08687 1.77589
-1.08691 1.77635
-1.08694 1.77681
-1.08698 1.77727
-1.08701 1.77773
-1.08705 1.77819
-1.08708 1.77865
-1.08712 1.77911
-1.08715 1.77957
-1.08718 1.78003
-1.08722 1.78049
-1.08725 1.78095
-1.08729 1.78140
-1.08732 1.78186
-1.08735 1.78232
-1.08739 1.78278
-1.08742 1.78324
-1.08745 1.78370
-1.08749 1.78415
-1.08752 1.78461
-1.08755 1.78507
-1.08759 1.78553
-1.08762 1.78599
-1.08765 1.78644
-1.08768 1.78690
-1.08771 1.78736
-1.08775 1.78782
-1.08778 1.78827
-1.08781 1.78873
-1.08784 1.78919
-1.08787 1.78964
-1.08790 1.79010
-1.08793 1.79056
-1.08796 1.79101
-1.08781 1.79115
-1.08764 1.79126
-1.08747 1.79137
-1.08730 1.79148
-1.08713 1.79158
-1.08696 1.79169
-1.08679 1.79180
-1.08662 1.79191
-1.08645 1.79202
-1.08628 1.79213
-1.08610 1.79224
-1.08593 1.79235
-1.08576 1.79245
-1.08559 1.79256
-1.08542 1.79267
-1.08525 1.79278
-1.08508 1.79289
-1.08491 1.79299
-1.08474 1.79310
-1.08457 1.79321
-1.08440 1.79332
-1.08422 1.79343
-1.08405 1.79353
-1.08388 1.79364
-1.08371 1.79375
-1.08354 1.79386
-1.08337 1.79396
-1.08320 1.79407
-1.08302 1.79418
-1.08285 1.79429
-1.08268 1.79439
-1.08251 1.79450
-1.08234 1.79461
-1.08217 1.79471
-1.08199 1.79482
-1.08182 1.79493
-1.08165 1.79503
-1.08148 1.79514
-1.08130 1.79525
-1.08113 1.79535
-1.08096 1.79546
-1.08079 1.79556
-1.08062 1.79567
-1.08044 1.79578
-1.08027 1.79588
-1.08010 1.79599
-1.07992 1.79609
-1.07975 1.79620
-1.07958 1.79631
-1.07941 1.79641
-1.07923 1.79652
-1.07906 1.79662
-1.07889 1.79673
-1.07871 1.79683
-1.07854 1.79694
-1.07837 1.79704
-1.07819 1.79715
-1.07802 1.79725
-1.07785 1.79736
-1.07767 1.79746
-1.07750 1.79757
-1.07733 1.79767
-1.07715 1.79778
-1.07698 1.79788
-1.07681 1.79798
-1.07663 1.79809
-1.07646 1.79819
-1.07628 1.79830
-1.07611 1.79840
-1.07594 1.79850
-1.07576 1.79861
-1.07559 1.79871
-1.07541 1.79882
-1.07524 1.79892
-1.07506 1.79902
-1.07489 1.79913
-1.07472 1.79923
-1.07454 1.79933
-1.07437 1.79944
-1.07419 1.79954
-1.07402 1.79964
-1.07384 1.79975
-1.07367 1.79985
-1.07349 1.79995
-1.07332 1.80005
-1.07314 1.80016
-1.07297 1.80026
-1.07279 1.80036
-1.07262 1.80047
-1.07244 1.80057
-1.07227 1.80067
-1.07209 1.80077
-1.07192 1.80087
-1.07174 1.80098
-1.07156 1.80108
-1.07139 1.80118
-1.07121 1.80128
-1.07104 1.80138
-1.07086 1.80149
-1.07069 1.80159
-1.07051 1.80169
-1.07033 1.80179
-1.07016 1.80189
-1.06998 1.80199
-1.06981 1.80209
-1.06963 1.80220
-1.06945 1.80230
-1.06928 1.80240
-1.06910 1.80250
-1.06892 1.80260
-1.06875 1.80270
-1.06857 1.80280
-1.06839 1.80290
-1.06822 1.80300
-1.06804 1.80310
-1.06786 1.80320
-1.06769 1.80330
-1.06751 1.80340
-1.06733 1.80350
-1.06716 1.80360
-1.06698 1.80370
-1.06680 1.80380
-1.06663 1.80390
-1.06645 1.80400
-1.06627 1.80410
-1.06609 1.80420
-1.06592 1.80430
-1.06574 1.80440
-1.06556 1.80450
-1.06538 1.80460
-1.06521 1.80470
-1.06503 1.80480
-1.06485 1.80490
-1.06467 1.80499
-1.06449 1.80509
-1.06432 1.80519
-1.06414 1.80529
-1.06396 1.80539
-1.06378 1.80549
-1.06360 1.80559
-1.06343 1.80569
-1.06325 1.80578
-1.06307 1.80588
-1.06289 1.80598
-1.06271 1.80608
-1.06253 1.80618
-1.06236 1.80627
-1.06218 1.80637
-1.06200 1.80647
-1.06182 1.80657
-1.06164 1.80666
-1.06146 1.80676
-1.06128 1.80686
-1.06110 1.80696
-1.06092 1.80705
-1.06075 1.80715
-1.06057 1.80725
-1.06039 1.80735
-1.06021 1.80744
-1.06003 1.80754
-1.05985 1.80764
-1.05967 1.80773
-1.05949 1.80783
-1.05931 1.80793
-1.05913 1.80802
-1.05895 1.80812
-1.05877 1.80822
-1.05859 1.80831
-1.05841 1.80841
-1.05823 1.80850
-1.05805 1.80860
-1.05787 1.80870
-1.05769 1.80879
-1.05751 1.80889
-1.05733 1.80898
-1.05715 1.80908
-1.05697 1.80917
-1.05679 1.80927
-1.05661 1.80937
-1.05643 1.80946
-1.05625 1.80956
-1.05607 1.80965
-1.05589 1.80975
-1.05571 1.80984
-1.05553 1.80994
-1.05535 1.81003
-1.05516 1.81013
-1.05498 1.81022
-1.05480 1.81031
-1.05462 1.81041
-1.05444 1.81050
-1.05426 1.81060
-1.05408 1.81069
-1.05390 1.81079
-1.05372 1.81088
-1.05353 1.81097
-1.05335 1.81107
-1.05317 1.81116
-1.05299 1.81126
-1.05281 1.81135
-1.05263 1.81144
-1.05244 1.81154
-1.05226 1.81163
-1.05208 1.81172
-1.05190 1.81182
-1.05172 1.81191
-1.05153 1.81200
-1.05135 1.81210
-1.05117 1.81219
-1.05099 1.81228
-1.05081 1.81238
-1.05062 1.81247
-1.05044 1.81256
-1.05026 1.81265
-1.05008 1.81275
-1.04989 1.81284
-1.04971 1.81293
-1.04953 1.81302
-1.04935 1.81312
-1.04922 1.81331
-1.04913 1.81358
-1.04905 1.81385
-1.04896 1.81411
-1.04887 1.81438
-1.04878 1.81465
-1.04870 1.81491
-1.04861 1.81518
-1.04852 1.81544
-1.04843 1.81571
-1.04834 1.81598
-1.04825 1.81624
-1.04817 1.81651
-1.04808 1.81677
-1.04799 1.81704
-1.04790 1.81730
-1.04781 1.81757
-1.04772 1.81783
-1.04763 1.81810
-1.04754 1.81836
-1.04745 1.81863
-1.04736 1.81889
-1.04727 1.81916
-1.04718 1.81942
-1.04709 1.81969
-1.04700 1.81995
-1.04691 1.82021
-1.04682 1.82048
-1.04673 1.82074
-1.04664 1.82101
-1.04655 1.82127
-1.04646 1.82153
-1.04637 1.82180
-1.04628 1.82206
-1.04619 1.82233
-1.04610 1.82259
-1.04601 1.82285
-1.04591 1.82312
-1.04582 1.82338
-1.04573 1.82364
-1.04564 1.82391
-1.04555 1.82417
-1.04546 1.82443
-1.04536 1.82469
-1.04527 1.82496
-1.04518 1.82522
-1.04509 1.82548
-1.04500 1.82575
-1.04490 1.82601
-1.04481 1.82627
-1.04472 1.82653
-1.04463 1.82679
-1.04453 1.82706
-1.04444 1.82732
-1.04435 1.82758
-1.04425 1.82784
-1.04416 1.82810
-1.04407 1.82837
-1.04397 1.82863
-1.04388 1.82889
-1.04379 1.82915
-1.04369 1.82941
-1.04360 1.82967
-1.04350 1.82994
-1.04341 1.83020
-1.04332 1.83046
-1.04322 1.83072
-1.04313 1.83098
-1.04303 1.83124
-1.04294 1.83150
-1.04284 1.83176
-1.04275 1.83202
-1.04265 1.83228
-1.04251 1.83245
-1.04232 1.83254
-1.04213 1.83263
-1.04194 1.83271
-1.04176 1.83280
-1.04157 1.83289
-1.04138 1.83297
-1.04119 1.83306
-1.04100 1.83314
-1.04081 1.83323
-1.04062 1.83332
-1.04043 1.83340
-1.04024 1.83349
-1.04005 1.83357
-1.03986 1.83366
-1.03967 1.83374
-1.03949 1.83383
-1.03930 1.83391
-1.03911 1.83400
-1.03892 1.83408
-1.03873 1.83417
-1.03854 1.83425
-1.03835 1.83434
-1.03816 1.83442
-1.03797 1.83451
-1.03778 1.83459
-1.03759 1.83468
-1.03740 1.83476
-1.03721 1.83485
-1.03702 1.83493
-1.03683 1.83502
-1.03664 1.83510
-1.03645 1.83518
-1.03626 1.83527
-1.03607 1.83535
-1.03587 1.83544
-1.03568 1.83552
-1.03549 1.83560
-1.03530 1.83569
-1.03511 1.83577
-1.03492 1.83585
-1.03473 1.83594
-1.03454 1.83602
-1.03435 1.83610
-1.03416 1.83619
-1.03397 1.83627
-1.03378 1.83635
-1.03358 1.83644
-1.03339 1.83652
-1.03320 1.83660
-1.03301 1.83668
-1.03282 1.83677
-1.03263 1.83685
-1.03244 1.83693
-1.03224 1.83701
-1.03205 1.83710
-1.03186 1.83718
-1.03167 1.83726
-1.03148 1.83734
-1.03129 1.83742
-1.03109 1.83751
-1.03090 1.83759
-1.03071 1.83767
-1.03052 1.83775
-1.03033 1.83783
-1.03013 1.83791
-1.02994 1.83799
-1.02975 1.83808
-1.02956 1.83816
-1.02936 1.83824
-1.02917 1.83832
-1.02898 1.83840
-1.02879 1.83848
-1.02859 1.83856
-1.02840 1.83864
-1.02821 1.83872
-1.02802 1.83880
-1.02782 1.83888
-1.02763 1.83896
-1.02744 1.83904
-1.02724 1.83913
-1.02705 1.83921
-1.02686 1.83929
-1.02667 1.83937
-1.02647 1.83945
-1.02628 1.83953
-1.02609 1.83960
-1.02589 1.83968
-1.02570 1.83976
-1.02551 1.83984
-1.02531 1.83992
-1.02512 1.84000
-1.02492 1.84008
-1.02473 1.84016
-1.02454 1.84024
-1.02434 1.84032
-1.02415 1.84040
-1.02396 1.84048
-1.02376 1.84056
-1.02357 1.84063
-1.02337 1.84071
-1.02318 1.84079
-1.02299 1.84087
-1.02279 1.84095
-1.02260 1.84103
-1.02240 1.84110
-1.02221 1.84118
-1.02201 1.84126
-1.02182 1.84134
-1.02162 1.84142
-1.02143 1.84149
-1.02124 1.84157
-1.02104 1.84165
-1.02085 1.84173
-1.02065 1.84181
-1.02046 1.84188
-1.02026 1.84196
-1.02007 1.84204
-1.01987 1.84211
-1.01968 1.84219
-1.01948 1.84227
-1.01929 1.84235
-1.01909 1.84242
-1.01890 1.84250
-1.01870 1.84258
-1.01850 1.84265
-1.01831 1.84273
-1.01811 1.84281
-1.01792 1.84288
-1.01772 1.84296
-1.01753 1.84303
-1.01733 1.84311
-1.01714 1.84319
-1.01694 1.84326
-1.01674 1.84334
-1.01655 1.84341
-1.01635 1.84349
-1.01616 1.84357
-1.01596 1.84364
-1.01576 1.84372
-1.01557 1.84379
-1.01537 1.84387
-1.01517 1.84394
-1.01498 1.84402
-1.01478 1.84409
-1.01459 1.84417
-1.01439 1.84424
-1.01419 1.84432
-1.01400 1.84439
-1.01380 1.84447
-1.01360 1.84454
-1.01341 1.84462
-1.01321 1.84469
-1.01301 1.84477
-1.01282 1.84484
-1.01262 1.84491
-1.01242 1.84499
-1.01222 1.84506
-1.01203 1.84514
-1.01183 1.84521
-1.01163 1.84528
-1.01144 1.84536
-1.01124 1.84543
-1.01104 1.84550
-1.01084 1.84558
-1.01065 1.84565
-1.01045 1.84572
-1.01025 1.84580
-1.01005 1.84587
-1.00985 1.84594
-1.00966 1.84602
-1.00946 1.84609
-1.00926 1.84616
-1.00906 1.84624
-1.00887 1.84631
-1.00867 1.84638
-1.00847 1.84645
-1.00827 1.84653
-1.00807 1.84660
-1.00787 1.84667
-1.00768 1.84674
-1.00748 1.84682
-1.00728 1.84689
-1.00708 1.84696
-1.00688 1.84703
-1.00668 1.84710
-1.00649 1.84717
-1.00629 1.84725
-1.00609 1.84732
-1.00589 1.84739
-1.00569 1.84746
-1.00549 1.84753
-1.00529 1.84760
-1.00509 1.84767
-1.00489 1.84775
-1.00470 1.84782
-1.00450 1.84789
-1.00430 1.84796
-1.00410 1.84803
-1.00390 1.84810
-1.00370 1.84817
-1.00350 1.84824
-1.00330 1.84831
-1.00310 1.84838
-1.00290 1.84845
-1.00270 1.84852
-1.00250 1.84859
-1.00230 1.84866
-1.00210 1.84873
-1.00190 1.84880
-1.00170 1.84887
-1.00150 1.84894
-1.00130 1.84901
-1.00110 1.84908
-1.00090 1.84915
-1.00070 1.84922
-1.00050 1.84929
-1.00030 1.84936
-1.00010 1.84943
-0.99990 1.84950
-0.99970 1.84956
-0.99950 1.84963
-0.99930 1.84970
-0.99910 1.84977
-0.99890 1.84984
-0.99870 1.84991
-0.99850 1.84998
-0.99830 1.85005
-0.99810 1.85011
-0.99790 1.85018
-0.99769 1.85025
-0.99749 1.85032
-0.99729 1.85039
-0.99709 1.85045
-0.99689 1.85052
-0.99669 1.85059
-0.99649 1.85066
-0.99629 1.85072
-0.99609 1.85079
-0.99588 1.85086
-0.99568 1.85093
-0.99548 1.85099
-0.99528 1.85106
-0.99508 1.85113
-0.99488 1.85120
-0.99468 1.85126
-0.99447 1.85133
-0.99427 1.85140
-0.99407 1.85146
-0.99387 1.85153
-0.99367 1.85160
-0.99346 1.85166
-0.99326 1.85173
-0.99306 1.85180
-0.99286 1.85186
-0.99266 1.85193
-0.99245 1.85199
-0.99225 1.85206
-0.99205 1.85213
-0.99185 1.85219
-0.99164 1.85226
-0.99144 1.85232
-0.99124 1.85239
-0.99104 1.85245
-0.99083 1.85252
-0.99063 1.85258
-0.99043 1.85265
-0.99023 1.85272
-0.99002 1.85278
-0.98982 1.85285
-0.98962 1.85291
-0.98941 1.85298
-0.98921 1.85304
-0.98901 1.85310
-0.98881 1.85317
-0.98860 1.85323
-0.98840 1.85330
-0.98820 1.85336
-0.98799 1.85343
-0.98779 1.85349
-0.98759 1.85356
-0.98738 1.85362
-0.98718 1.85368
-0.98697 1.85375
-0.98677 1.85381
-0.98657 1.85387
-0.98636 1.85394
-0.98616 1.85400
-0.98596 1.85407
-0.98575 1.85413
-0.98555 1.85419
-0.98534 1.85426
-0.98514 1.85432
-0.98494 1.85438
-0.98473 1.85444
-0.98453 1.85451
-0.98432 1.85457
-0.98412 1.85463
-0.98392 1.85470
-0.98371 1.85476
-0.98351 1.85482
-0.98330 1.85488
-0.98310 1.85495
-0.98289 1.85501
-0.98269 1.85507
-0.98248 1.85513
-0.98228 1.85519
-0.98207 1.85526
-0.98187 1.85532
-0.98166 1.85538
-0.98146 1.85544
-0.98125 1.85550
-0.98105 1.85556
-0.98084 1.85563
-0.98064 1.85569
-0.98043 1.85575
-0.98023 1.85581
-0.98002 1.85587
-0.97982 1.85593
-0.97961 1.85599
-0.97941 1.85605
-0.97920 1.85611
-0.97900 1.85618
-0.97879 1.85624
-0.97859 1.85630
-0.97838 1.85636
-0.97817 1.85642
-0.97797 1.85648
-0.97776 1.85654
-0.97756 1.85660
-0.97735 1.85666
-0.97714 1.85672
-0.97694 1.85678
-0.97673 1.85684
-0.97653 1.85690
-0.97632 1.85696
-0.97611 1.85702
-0.97591 1.85708
-0.97570 1.85714
-0.97550 1.85719
-0.97529 1.85725
-0.97508 1.85731
-0.97488 1.85737
-0.97467 1.85743
-0.97446 1.85749
-0.97426 1.85755
-0.97405 1.85761
-0.97384 1.85767
-0.97364 1.85773
-0.97343 1.85778
-0.97322 1.85784
-0.97302 1.85790
-0.97281 1.85796
-0.97260 1.85802
-0.97239 1.85807
-0.97219 1.85813
-0.97198 1.85819
-0.97177 1.85825
-0.97157 1.85831
-0.97136 1.85836
-0.97115 1.85842
-0.97094 1.85848
-0.97074 1.85854
-0.97053 1.85859
-0.97032 1.85865
-0.97011 1.85871
-0.96999 1.85894
-0.96987 1.85917
-0.96974 1.85940
-0.96962 1.85964
-0.96949 1.85987
-0.96937 1.86010
-0.96925 1.86033
-0.96912 1.86056
-0.96900 1.86079
-0.96887 1.86102
-0.96875 1.86126
-0.96863 1.86149
-0.96850 1.86172
-0.96838 1.86195
-0.96825 1.86218
-0.96813 1.86241
-0.96800 1.86264
-0.96788 1.86287
-0.96775 1.86310
-0.96763 1.86333
-0.96750 1.86356
-0.96737 1.86379
-0.96725 1.86403
-0.96712 1.86426
-0.96700 1.86449
-0.96687 1.86472
-0.96675 1.86495
-0.96662 1.86518
-0.96649 1.86540
-0.96637 1.86563
-0.96624 1.86586
-0.96611 1.86609
-0.96599 1.86632
-0.96586 1.86655
-0.96573 1.86678
-0.96561 1.86701
-0.96548 1.86724
-0.96535 1.86747
-0.96522 1.86770
-0.96510 1.86793
-0.96497 1.86815
-0.96484 1.86838
-0.96471 1.86861
-0.96459 1.86884
-0.96446 1.86907
-0.96433 1.86930
-0.96420 1.86953
-0.96407 1.86975
-0.96394 1.86998
-0.96382 1.87021
-0.96369 1.87044
-0.96356 1.87066
-0.96343 1.87089
-0.96330 1.87112
-0.96317 1.87135
-0.96304 1.87157
-0.96291 1.87180
-0.96278 1.87203
-0.96265 1.87226
-0.96253 1.87248
-0.96240 1.87271
-0.96227 1.87294
-0.96214 1.87316
-0.96201 1.87339
-0.96188 1.87362
-0.96175 1.87384
-0.96162 1.87407
-0.96148 1.87430
-0.96135 1.87452
-0.96122 1.87475
-0.96109 1.87498
-0.96096 1.87520
-0.96083 1.87543
-0.96063 1.87550
-0.96041 1.87555
-0.96020 1.87560
-0.95999 1.87565
-0.95977 1.87570
-0.95956 1.87575
-0.95935 1.87580
-0.95913 1.87586
-0.95892 1.87591
-0.95871 1.87596
-0.95849 1.87601
-0.95828 1.87606
-0.95807 1.87611
-0.95785 1.87616
-0.95764 1.87621
-0.95743 1.87626
-0.95721 1.87631
-0.95700 1.87636
-0.95678 1.87641
-0.95657 1.87646
-0.95636 1.87651
-0.95614 1.87656
-0.95593 1.87661
-0.95571 1.87666
-0.95550 1.87671
-0.95529 1.87676
-0.95507 1.87681
-0.95486 1.87685
-0.95464 1.87690
-0.95443 1.87695
-0.95421 1.87700
-0.95400 1.87705
-0.95379 1.87710
-0.95357 1.87715
-0.95336 1.87720
-0.95314 1.87725
-0.95293 1.87729
-0.95271 1.87734
-0.95250 1.87739
-0.95228 1.87744
-0.95207 1.87749
-0.95185 1.87753
-0.95164 1.87758
-0.95142 1.87763
-0.95121 1.87768
-0.95099 1.87773
-0.95078 1.87777
-0.95056 1.87782
-0.95035 1.87787
-0.95013 1.87792
-0.94992 1.87796
-0.94970 1.87801
-0.94948 1.87806
-0.94927 1.87810
-0.94905 1.87815
-0.94884 1.87820
-0.94862 1.87825
-0.94841 1.87829
-0.94819 1.87834
-0.94798 1.87839
-0.94776 1.87843
-0.94754 1.87848
-0.94733 1.87852
-0.94711 1.87857
-0.94690 1.87862
-0.94668 1.87866
-0.94646 1.87871
-0.94625 1.87875
-0.94603 1.87880
-0.94582 1.87885
-0.94560 1.87889
-0.94538 1.87894
-0.94517 1.87898
-0.94495 1.87903
-0.94473 1.87907
-0.94452 1.87912
-0.94430 1.87916
-0.94408 1.87921
-0.94387 1.87925
-0.94365 1.87930
-0.94343 1.87934
-0.94322 1.87939
-0.94300 1.87943
-0.94278 1.87948
-0.94257 1.87952
-0.94235 1.87957
-0.94213 1.87961
-0.94192 1.87966
-0.94170 1.87970
-0.94148 1.87974
-0.94126 1.87979
-0.94105 1.87983
-0.94083 1.87988
-0.94061 1.87992
-0.94039 1.87996
-0.94018 1.88001
-0.93996 1.88005
-0.93974 1.88009
-0.93953 1.88014
-0.93931 1.88018
-0.93909 1.88022
-0.93887 1.88027
-0.93865 1.88031
-0.93844 1.88035
-0.93822 1.88039
-0.93800 1.88044
-0.93778 1.88048
-0.93757 1.88052
-0.93735 1.88057
-0.93713 1.88061
-0.93691 1.88065
-0.93669 1.88069
-0.93648 1.88073
-0.93626 1.88078
-0.93604 1.88082
-0.93582 1.88086
-0.93560 1.88090
-0.93538 1.88094
-0.93517 1.88099
-0.93495 1.88103
-0.93473 1.88107
-0.93451 1.88111
-0.93429 1.88115
-0.93407 1.88119
-0.93385 1.88123
-0.93364 1.88128
-0.93342 1.88132
-0.93320 1.88136
-0.93298 1.88140
-0.93276 1.88144
-0.93254 1.88148
-0.93232 1.88152
-0.93210 1.88156
-0.93188 1.88160
-0.93166 1.88164
-0.93145 1.88168
-0.93123 1.88172
-0.93101 1.88176
-0.93079 1.88180
-0.93057 1.88184
-0.93035 1.88188
-0.93013 1.88192
-0.92991 1.88196
-0.92969 1.88200
-0.92947 1.88204
-0.92925 1.88208
-0.92903 1.88212
-0.92881 1.88216
-0.92859 1.88220
-0.92837 1.88224
-0.92815 1.88228
-0.92793 1.88232
-0.92771 1.88235
-0.92749 1.88239
-0.92727 1.88243
-0.92705 1.88247
-0.92683 1.88251
-0.92661 1.88255
-0.92639 1.88259
-0.92617 1.88262
-0.92595 1.88266
-0.92573 1.88270
-0.92551 1.88274
-0.92529 1.88278
-0.92507 1.88281
-0.92485 1.88285
-0.92463 1.88289
-0.92441 1.88293
-0.92419 1.88297
-0.92397 1.88300
-0.92375 1.88304
-0.92353 1.88308
-0.92331 1.88312
-0.92309 1.88315
-0.92287 1.88319
-0.92264 1.88323
-0.92242 1.88326
-0.92220 1.88330
-0.92198 1.88334
-0.92176 1.88337
-0.92154 1.88341
-0.92132 1.88345
-0.92110 1.88348
-0.92088 1.88352
-0.92065 1.88356
-0.92043 1.88359
-0.92021 1.88363
-0.91999 1.88366
-0.91977 1.88370
-0.91955 1.88374
-0.91933 1.88377
-0.91910 1.88381
-0.91888 1.88384
-0.91866 1.88388
-0.91844 1.88391
-0.91822 1.88395
-0.91800 1.88398
-0.91777 1.88402
-0.91755 1.88405
-0.91733 1.88409
-0.91711 1.88412
-0.91689 1.88416
-0.91667 1.88419
-0.91644 1.88423
-0.91622 1.88426
-0.91600 1.88430
-0.91578 1.88433
-0.91555 1.88437
-0.91533 1.88440
-0.91511 1.88444
-0.91489 1.88447
-0.91467 1.88450
-0.91444 1.88454
-0.91422 1.88457
-0.91400 1.88461
-0.91378 1.88464
-0.91355 1.88467
-0.91333 1.88471
-0.91311 1.88474
-0.91297 1.88497
-0.91290 1.88536
-0.91283 1.88574
-0.91276 1.88612
-0.91269 1.88650
-0.91262 1.88689
-0.91254 1.88727
-0.91247 1.88765
-0.91240 1.88803
-0.91233 1.88842
-0.91226 1.88880
-0.91218 1.88918
-0.91211 1.88956
-0.91204 1.88994
-0.91196 1.89033
-0.91189 1.89071
-0.91182 1.89109
-0.91174 1.89147
-0.91167 1.89185
-0.91160 1.89223
-0.91152 1.89261
-0.91145 1.89299
-0.91137 1.89337
-0.91130 1.89376
-0.91122 1.89414
-0.91115 1.89452
-0.91107 1.89490
-0.91100 1.89528
-0.91092 1.89566
-0.91084 1.89604
-0.91077 1.89642
-0.91069 1.89680
-0.91062 1.89717
-0.91054 1.89755
-0.91046 1.89793
-0.91039 1.89831
-0.91031 1.89868
-0.91008 1.89871
-0.90985 1.89875
-0.90963 1.89878
-0.90940 1.89881
-0.90917 1.89884
-0.90895 1.89887
-0.90872 1.89890
-0.90849 1.89893
-0.90827 1.89896
-0.90804 1.89898
-0.90781 1.89901
-0.90759 1.89904
-0.90736 1.89907
-0.90713 1.89910
-0.90691 1.89913
-0.90668 1.89916
-0.90645 1.89919
-0.90623 1.89922
-0.90600 1.89925
-0.90577 1.89928
-0.90554 1.89931
-0.90532 1.89933
-0.90509 1.89936
-0.90486 1.89939
-0.90464 1.89942
-0.90441 1.89945
-0.90418 1.89948
-0.90395 1.89951
-0.90373 1.89953
-0.90350 1.89956
-0.90327 1.89959
-0.90304 1.89962
-0.90282 1.89964
-0.90259 1.89967
-0.90236 1.89970
-0.90213 1.89973
-0.90191 1.89976
-0.90168 1.89978
-0.90145 1.89981
-0.90122 1.89984
-0.90099 1.89986
-0.90077 1.89989
-0.90054 1.89992
-0.90031 1.89994
-0.90008 1.89997
-0.89985 1.90000
-0.89963 1.90002
-0.89940 1.90005
-0.89917 1.90008
-0.89894 1.90010
-0.89871 1.90013
-0.89849 1.90016
-0.89826 1.90018
-0.89803 1.90021
-0.89780 1.90023
-0.89757 1.90026
-0.89734 1.90029
-0.89712 1.90031
-0.89689 1.90034
-0.89666 1.90036
-0.89643 1.90039
-0.89620 1.90041
-0.89597 1.90044
-0.89574 1.90046
-0.89551 1.90049
-0.89529 1.90051
-0.89506 1.90054
-0.89483 1.90056
-0.89460 1.90059
-0.89437 1.90061
-0.89414 1.90064
-0.89391 1.90066
-0.89368 1.90069
-0.89345 1.90071
-0.89322 1.90074
-0.89299 1.90076
-0.89277 1.90078
-0.89254 1.90081
-0.89231 1.90083
-0.89208 1.90086
-0.89185 1.90088
-0.89162 1.90090
-0.89139 1.90093
-0.89116 1.90095
-0.89093 1.90097
-0.89070 1.90100
-0.89047 1.90102
-0.89024 1.90104
-0.89001 1.90107
-0.88978 1.90109
-0.88955 1.90111
-0.88932 1.90114
-0.88909 1.90116
-0.88886 1.90118
-0.88863 1.90120
-0.88840 1.90123
-0.88817 1.90125
-0.88794 1.90127
-0.88771 1.90129
-0.88748 1.90132
-0.88725 1.90134
-0.88702 1.90136
-0.88679 1.90138
-0.88656 1.90140
-0.88633 1.90143
-0.88610 1.90145
-0.88587 1.90147
-0.88564 1.90149
-0.88541 1.90151
-0.88518 1.90153
-0.88495 1.90155
-0.88472 1.90158
-0.88449 1.90160
-0.88426 1.90162
-0.88402 1.90164
-0.88379 1.90166
-0.88356 1.90168
-0.88333 1.90170
-0.88310 1.90172
-0.88287 1.90174
-0.88264 1.90176
-0.88241 1.90178
-0.88218 1.90180
-0.88195 1.90182
-0.88172 1.90184
-0.88148 1.90186
-0.88125 1.90188
-0.88102 1.90190
-0.88079 1.90192
-0.88056 1.90194
-0.88033 1.90196
-0.88010 1.90198
-0.87986 1.90200
-0.87963 1.90202
-0.87940 1.90204
-0.87917 1.90206
-0.87894 1.90208
-0.87871 1.90210
-0.87848 1.90212
-0.87824 1.90214
-0.87801 1.90215
-0.87778 1.90217
-0.87755 1.90219
-0.87732 1.90221
-0.87709 1.90223
-0.87685 1.90225
-0.87662 1.90227
-0.87639 1.90228
-0.87616 1.90230
-0.87593 1.90232
-0.87569 1.90234
-0.87546 1.90236
-0.87523 1.90237
-0.87500 1.90239
-0.87476 1.90241
-0.87453 1.90243
-0.87430 1.90244
-0.87407 1.90246
-0.87384 1.90248
-0.87360 1.90250
-0.87337 1.90251
-0.87314 1.90253
-0.87291 1.90255
-0.87267 1.90256
-0.87244 1.90258
-0.87221 1.90260
-0.87198 1.90261
-0.87174 1.90263
-0.87151 1.90265
-0.87128 1.90266
-0.87104 1.90268
-0.87081 1.90270
-0.87058 1.90271
-0.87035 1.90273
-0.87011 1.90274
-0.86988 1.90276
-0.86965 1.90278
-0.86941 1.90279
-0.86918 1.90281
-0.86895 1.90282
-0.86871 1.90284
-0.86848 1.90285
-0.86825 1.90287
-0.86802 1.90288
-0.86778 1.90290
-0.86755 1.90291
-0.86732 1.90293
-0.86708 1.90294
-0.86685 1.90296
-0.86661 1.90297
-0.86638 1.90299
-0.86615 1.90300
-0.86591 1.90302
-0.86568 1.90303
-0.86545 1.90305
-0.86521 1.90306
-0.86498 1.90307
-0.86475 1.90309
-0.86451 1.90310
-0.86428 1.90312
-0.86404 1.90313
-0.86381 1.90314
-0.86358 1.90316
-0.86334 1.90317
-0.86311 1.90318
-0.86287 1.90320
-0.86264 1.90321
-0.86241 1.90322
-0.86217 1.90324
-0.86194 1.90325
-0.86170 1.90326
-0.86147 1.90328
-0.86124 1.90329
-0.86100 1.90330
-0.86077 1.90331
-0.86053 1.90333
-0.86030 1.90334
-0.86006 1.90335
-0.85983 1.90336
-0.85959 1.90337
-0.85936 1.90339
-0.85913 1.90340
-0.85889 1.90341
-0.85866 1.90342
-0.85842 1.90343
-0.85819 1.90345
-0.85795 1.90346
-0.85772 1.90347
-0.85748 1.90348
-0.85725 1.90349
-0.85701 1.90350
-0.85678 1.90351
-0.85654 1.90353
-0.85631 1.90354
-0.85607 1.90355
-0.85584 1.90356
-0.85560 1.90357
-0.85537 1.90358
-0.85513 1.90359
-0.85490 1.90360
-0.85466 1.90361
-0.85443 1.90362
-0.85419 1.90363
-0.85396 1.90364
-0.85372 1.90365
-0.85349 1.90366
-0.85325 1.90367
-0.85301 1.90368
-0.85278 1.90369
-0.85254 1.90370
-0.85231 1.90371
-0.85207 1.90372
-0.85184 1.90373
-0.85160 1.90374
-0.85137 1.90375
-0.85113 1.90376
-0.85089 1.90377
-0.85066 1.90378
-0.85042 1.90379
-0.85019 1.90379
-0.84995 1.90380
-0.84971 1.90381
-0.84948 1.90382
-0.84924 1.90383
-0.84901 1.90384
-0.84877 1.90385
-0.84853 1.90385
-0.84830 1.90386
-0.84806 1.90387
-0.84783 1.90388
-0.84759 1.90389
-0.84735 1.90389
-0.84712 1.90390
-0.84688 1.90391
-0.84664 1.90392
-0.84641 1.90392
-0.84617 1.90393
-0.84593 1.90394
-0.84570 1.90395
-0.84546 1.90395
-0.84522 1.90396
-0.84499 1.90397
-0.84475 1.90397
-0.84451 1.90398
-0.84428 1.90399
-0.84404 1.90400
-0.84380 1.90400
-0.84357 1.90401
-0.84333 1.90401
-0.84309 1.90402
-0.84286 1.90403
-0.84262 1.90403
-0.84238 1.90404
-0.84215 1.90405
-0.84191 1.90405
-0.84167 1.90406
-0.84144 1.90406
-0.84120 1.90407
-0.84096 1.90407
-0.84072 1.90408
-0.84049 1.90409
-0.84025 1.90409
-0.84001 1.90410
-0.83977 1.90410
-0.83954 1.90411
-0.83930 1.90411
-0.83906 1.90412
-0.83882 1.90412
-0.83859 1.90413
-0.83835 1.90413
-0.83811 1.90414
-0.83787 1.90414
-0.83764 1.90414
-0.83740 1.90415
-0.83716 1.90415
-0.83692 1.90416
-0.83669 1.90416
-0.83645 1.90416
-0.83621 1.90417
-0.83597 1.90417
-0.83573 1.90418
-0.83550 1.90418
-0.83526 1.90418
-0.83502 1.90419
-0.83478 1.90419
-0.83454 1.90419
-0.83431 1.90420
-0.83407 1.90420
-0.83383 1.90420
-0.83359 1.90421
-0.83335 1.90421
-0.83312 1.90421
-0.83288 1.90422
-0.83264 1.90422
-0.83240 1.90422
-0.83216 1.90422
-0.83192 1.90423
-0.83169 1.90423
-0.83145 1.90423
-0.83121 1.90423
-0.83097 1.90423
-0.83073 1.90424
-0.83049 1.90424
-0.83025 1.90424
-0.83002 1.90424
-0.82978 1.90424
-0.82954 1.90424
-0.82930 1.90425
-0.82906 1.90425
-0.82882 1.90425
-0.82858 1.90425
-0.82834 1.90425
-0.82811 1.90425
-0.82787 1.90425
-0.82763 1.90425
-0.82739 1.90426
-0.82715 1.90426
-0.82691 1.90426
-0.82667 1.90426
-0.82643 1.90426
-0.82619 1.90426
-0.82595 1.90426
-0.82572 1.90426
-0.82548 1.90426
-0.82524 1.90426
-0.82500 1.90426
-0.82476 1.90426
-0.82452 1.90426
-0.82428 1.90426
-0.82404 1.90426
-0.82380 1.90426
-0.82356 1.90426
-0.82332 1.90426
-0.82308 1.90426
-0.82284 1.90426
-0.82260 1.90425
-0.82236 1.90425
-0.82212 1.90425
-0.82188 1.90425
-0.82164 1.90425
-0.82140 1.90425
-0.82117 1.90425
-0.82093 1.90425
-0.82069 1.90424
-0.82045 1.90424
-0.82021 1.90424
-0.81997 1.90424
-0.81973 1.90424
-0.81949 1.90424
-0.81925 1.90423
-0.81901 1.90423
-0.81877 1.90423
-0.81853 1.90423
-0.81829 1.90423
-0.81805 1.90422
-0.81781 1.90422
-0.81756 1.90422
-0.81732 1.90422
-0.81708 1.90421
-0.81684 1.90421
-0.81660 1.90421
-0.81636 1.90420
-0.81612 1.90420
-0.81588 1.90420
-0.81564 1.90419
-0.81540 1.90419
-0.81516 1.90419
-0.81492 1.90418
-0.81468 1.90418
-0.81444 1.90418
-0.81420 1.90417
-0.81396 1.90417
-0.81372 1.90416
-0.81348 1.90416
-0.81324 1.90416
-0.81300 1.90415
-0.81275 1.90415
-0.81251 1.90414
-0.81227 1.90414
-0.81203 1.90414
-0.81179 1.90413
-0.81155 1.90413
-0.81131 1.90412
-0.81107 1.90412
-0.81083 1.90411
-0.81059 1.90411
-0.81034 1.90410
-0.81010 1.90410
-0.80986 1.90409
-0.80962 1.90409
-0.80938 1.90408
-0.80914 1.90407
-0.80890 1.90407
-0.80866 1.90406
-0.80841 1.90406
-0.80817 1.90405
-0.80793 1.90405
-0.80769 1.90404
-0.80750 1.90417
-0.80738 1.90451
-0.80726 1.90486
-0.80714 1.90520
-0.80703 1.90554
-0.80691 1.90588
-0.80679 1.90623
-0.80667 1.90657
-0.80655 1.90691
-0.80643 1.90725
-0.80631 1.90759
-0.80619 1.90794
-0.80607 1.90828
-0.80595 1.90862
-0.80583 1.90896
-0.80571 1.90930
-0.80559 1.90964
-0.80547 1.90998
-0.80535 1.91032
-0.80523 1.91066
-0.80511 1.91101
-0.80499 1.91135
-0.80487 1.91169
-0.80475 1.91203
-0.80462 1.91237
-0.80450 1.91271
-0.80438 1.91305
-0.80426 1.91339
-0.80413 1.91372
-0.80401 1.91406
-0.80389 1.91440
-0.80377 1.91474
-0.80364 1.91508
-0.80352 1.91542
-0.80340 1.91576
-0.80327 1.91610
-0.80315 1.91644
-0.80292 1.91648
-0.80268 1.91647
-0.80243 1.91646
-0.80219 1.91645
-0.80194 1.91644
-0.80170 1.91643
-0.80145 1.91642
-0.80121 1.91641
-0.80096 1.91640
-0.80072 1.91639
-0.80047 1.91638
-0.80023 1.91637
-0.79998 1.91636
-0.79974 1.91635
-0.79949 1.91634
-0.79925 1.91633
-0.79900 1.91632
-0.79876 1.91631
-0.79851 1.91630
-0.79827 1.91629
-0.79802 1.91628
-0.79778 1.91627
-0.79753 1.91626
-0.79729 1.91625
-0.79704 1.91623
-0.79680 1.91622
-0.79655 1.91621
-0.79631 1.91620
-0.79606 1.91619
-0.79582 1.91618
-0.79557 1.91617
-0.79533 1.91615
-0.79508 1.91614
-0.79483 1.91613
-0.79459 1.91612
-0.79434 1.91611
-0.79410 1.91609
-0.79385 1.91608
-0.79361 1.91607
-0.79336 1.91606
-0.79312 1.91604
-0.79287 1.91603
-0.79262 1.91602
-0.79238 1.91600
-0.79213 1.91599
-0.79189 1.91598
-0.79164 1.91597
-0.79140 1.91595
-0.79115 1.91594
-0.79090 1.91593
-0.79066 1.91591
-0.79041 1.91590
-0.79017 1.91589
-0.78992 1.91587
-0.78967 1.91586
-0.78943 1.91584
-0.78918 1.91583
-0.78894 1.91582
-0.78869 1.91580
-0.78844 1.91579
-0.78820 1.91577
-0.78795 1.91576
-0.78770 1.91575
-0.78746 1.91573
-0.78721 1.91572
-0.78697 1.91570
-0.78672 1.91569
-0.78647 1.91567
-0.78623 1.91566
-0.78598 1.91564
-0.78573 1.91563
-0.78549 1.91561
-0.78524 1.91560
-0.78499 1.91558
-0.78475 1.91557
-0.78450 1.91555
-0.78425 1.91553
-0.78401 1.91552
-0.78376 1.91550
-0.78351 1.91549
-0.78327 1.91547
-0.78302 1.91546
-0.78277 1.91544
-0.78253 1.91542
-0.78228 1.91541
-0.78203 1.91539
-0.78179 1.91537
-0.78154 1.91536
-0.78129 1.91534
-0.78105 1.91532
-0.78080 1.91531
-0.78055 1.91529
-0.78030 1.91527
-0.78006 1.91526
-0.77981 1.91524
-0.77956 1.91522
-0.77932 1.91520
-0.77907 1.91519
-0.77882 1.91517
-0.77858 1.91515
-0.77833 1.91513
-0.77808 1.91512
-0.77783 1.91510
-0.77759 1.91508
-0.77734 1.91506
-0.77709 1.91505
-0.77684 1.91503
-0.77660 1.91501
-0.77635 1.91499
-0.77610 1.91497
-0.77585 1.91495
-0.77561 1.91494
-0.77536 1.91492
-0.77511 1.91490
-0.77486 1.91488
-0.77462 1.91486
-0.77437 1.91484
-0.77412 1.91482
-0.77387 1.91480
-0.77363 1.91478
-0.77338 1.91476
-0.77313 1.91475
-0.77288 1.91473
-0.77264 1.91471
-0.77239 1.91469
-0.77214 1.91467
-0.77189 1.91465
-0.77164 1.91463
-0.77140 1.91461
-0.77115 1.91459
-0.77090 1.91457
-0.77065 1.91455
-0.77040 1.91453
-0.77016 1.91451
-0.76991 1.91449
-0.76966 1.91447
-0.76941 1.91444
-0.76916 1.91442
-0.76892 1.91440
-0.76867 1.91438
-0.76842 1.91436
-0.76817 1.91434
-0.76792 1.91432
-0.76768 1.91430
-0.76743 1.91428
-0.76718 1.91426
-0.76693 1.91423
-0.76668 1.91421
-0.76643 1.91419
-0.76619 1.91417
-0.76594 1.91415
-0.76569 1.91413
-0.76544 1.91410
-0.76519 1.91408
-0.76494 1.91406
-0.76469 1.91404
-0.76445 1.91401
-0.76420 1.91399
-0.76395 1.91397
-0.76370 1.91395
-0.76345 1.91392
-0.76320 1.91390
-0.76295 1.91388
-0.76271 1.91386
-0.76246 1.91383
-0.76221 1.91381
-0.76196 1.91379
-0.76171 1.91376
-0.76146 1.91374
-0.76121 1.91372
-0.76096 1.91369
-0.76071 1.91367
-0.76047 1.91365
-0.76022 1.91362
-0.75997 1.91360
-0.75972 1.91358
-0.75947 1.91355
-0.75922 1.91353
-0.75897 1.91350
-0.75872 1.91348
-0.75847 1.91345
-0.75822 1.91343
-0.75798 1.91341
-0.75773 1.91338
-0.75748 1.91336
-0.75723 1.91333
-0.75698 1.91331
-0.75673 1.91328
-0.75648 1.91326
-0.75623 1.91323
-0.75598 1.91321
-0.75573 1.91318
-0.75548 1.91316
-0.75523 1.91313
-0.75498 1.91311
-0.75473 1.91308
-0.75449 1.91305
-0.75424 1.91303
-0.75399 1.91300
-0.75374 1.91298
-0.75349 1.91295
-0.75324 1.91292
-0.75299 1.91290
-0.75274 1.91287
-0.75249 1.91285
-0.75224 1.91282
-0.75199 1.91279
-0.75174 1.91277
-0.75149 1.91274
-0.75124 1.91271
-0.75099 1.91269
-0.75074 1.91266
-0.75049 1.91263
-0.75024 1.91261
-0.74999 1.91258
-0.74974 1.91255
-0.74949 1.91252
-0.74924 1.91250
-0.74899 1.91247
-0.74874 1.91244
-0.74849 1.91241
-0.74824 1.91239
-0.74799 1.91236
-0.74774 1.91233
-0.74749 1.91230
-0.74724 1.91227
-0.74699 1.91225
-0.74674 1.91222
-0.74649 1.91219
-0.74624 1.91216
-0.74599 1.91213
-0.74574 1.91210
-0.74549 1.91208
-0.74524 1.91205
-0.74499 1.91202
-0.74474 1.91199
-0.74449 1.91196
-0.74424 1.91193
-0.74399 1.91190
-0.74374 1.91187
-0.74349 1.91184
-0.74324 1.91181
-0.74299 1.91178
-0.74274 1.91175
-0.74249 1.91173
-0.74224 1.91170
-0.74198 1.91167
-0.74173 1.91164
-0.74148 1.91161
-0.74123 1.91158
-0.74098 1.91155
-0.74073 1.91152
-0.74048 1.91149
-0.74023 1.91145
-0.73998 1.91142
-0.73973 1.91139
-0.73948 1.91136
-0.73923 1.91133
-0.73898 1.91130
-0.73873 1.91127
-0.73847 1.91124
-0.73822 1.91121
-0.73797 1.91118
-0.73772 1.91115
-0.73747 1.91111
-0.73722 1.91108
-0.73697 1.91105
-0.73672 1.91102
-0.73647 1.91099
-0.73622 1.91096
-0.73597 1.91093
-0.73571 1.91089
-0.73546 1.91086
-0.73521 1.91083
-0.73496 1.91080
-0.73471 1.91076
-0.73446 1.91073
-0.73421 1.91070
-0.73396 1.91067
-0.73371 1.91063
-0.73345 1.91060
-0.73320 1.91057
-0.73295 1.91054
-0.73270 1.91050
-0.73245 1.91047
-0.73220 1.91044
-0.73195 1.91040
-0.73170 1.91037
-0.73144 1.91034
-0.73119 1.91030
-0.73094 1.91027
-0.73069 1.91024
-0.73044 1.91020
-0.73019 1.91017
-0.72994 1.91014
-0.72968 1.91010
-0.72943 1.91007
-0.72918 1.91003
-0.72893 1.91000
-0.72868 1.90997
-0.72843 1.90993
-0.72817 1.90990
-0.72792 1.90986
-0.72767 1.90983
-0.72742 1.90979
-0.72717 1.90976
-0.72692 1.90972
-0.72666 1.90969
-0.72641 1.90965
-0.72616 1.90962
-0.72591 1.90958
-0.72566 1.90955
-0.72540 1.90951
-0.72515 1.90948
-0.72490 1.90944
-0.72465 1.90941
-0.72440 1.90937
-0.72415 1.90934
-0.72389 1.90930
-0.72364 1.90926
-0.72339 1.90923
-0.72314 1.90919
-0.72289 1.90916
-0.72263 1.90912
-0.72238 1.90908
-0.72213 1.90905
-0.72188 1.90901
-0.72162 1.90897
-0.72137 1.90894
-0.72112 1.90890
-0.72087 1.90886
-0.72062 1.90883
-0.72036 1.90879
-0.72011 1.90875
-0.71986 1.90872
-0.71961 1.90868
-0.71935 1.90864
-0.71910 1.90860
-0.71885 1.90857
-0.71860 1.90853
-0.71835 1.90849
-0.71809 1.90845
-0.71784 1.90842
-0.71759 1.90838
-0.71734 1.90834
-0.71708 1.90830
-0.71683 1.90826
-0.71658 1.90822
-0.71633 1.90819
-0.71607 1.90815
-0.71582 1.90811
-0.71557 1.90807
-0.71532 1.90803
-0.71506 1.90799
-0.71481 1.90795
-0.71456 1.90792
-0.71431 1.90788
-0.71405 1.90784
-0.71380 1.90780
-0.71355 1.90776
-0.71329 1.90772
-0.71304 1.90768
-0.71279 1.90764
-0.71254 1.90760
-0.71228 1.90756
-0.71203 1.90752
-0.71178 1.90748
-0.71152 1.90744
-0.71127 1.90740
-0.71102 1.90736
-0.71077 1.90732
-0.71051 1.90728
-0.71026 1.90724
-0.71001 1.90720
-0.70975 1.90716
-0.70950 1.90712
-0.70925 1.90708
-0.70900 1.90704
-0.70874 1.90700
-0.70849 1.90696
-0.70824 1.90692
-0.70798 1.90688
-0.70773 1.90683
-0.70748 1.90679
-0.70722 1.90675
-0.70697 1.90671
-0.70672 1.90667
-0.70646 1.90663
-0.70621 1.90659
-0.70596 1.90654
-0.70570 1.90650
-0.70545 1.90646
-0.70520 1.90642
-0.70494 1.90638
-0.70469 1.90633
-0.70444 1.90629
-0.70418 1.90625
-0.70393 1.90621
-0.70368 1.90616
-0.70342 1.90612
-0.70317 1.90608
-0.70292 1.90604
-0.70274 1.90626
-0.70258 1.90656
-0.70243 1.90687
-0.70227 1.90717
-0.70211 1.90747
-0.70196 1.90778
-0.70180 1.90808
-0.70164 1.90838
-0.70149 1.90868
-0.70133 1.90899
-0.70117 1.90929
-0.70101 1.90959
-0.70085 1.90989
-0.70070 1.91019
-0.70054 1.91050
-0.70038 1.91080
-0.70022 1.91110
-0.70006 1.91140
-0.69990 1.91170
-0.69974 1.91200
-0.69958 1.91230
-0.69942 1.91260
-0.69926 1.91290
-0.69910 1.91320
-0.69894 1.91350
-0.69878 1.91380
-0.69862 1.91410
-0.69846 1.91440
-0.69830 1.91470
-0.69814 1.91500
-0.69798 1.91530
-0.69782 1.91560
-0.69766 1.91590
-0.69749 1.91620
-0.69733 1.91650
-0.69717 1.91680
-0.69699 1.91702
-0.69673 1.91697
-0.69648 1.91693
-0.69622 1.91688
-0.69596 1.91684
-0.69571 1.91679
-0.69545 1.91674
-0.69520 1.91670
-0.69494 1.91665
-0.69468 1.91660
-0.69443 1.91656
-0.69417 1.91651
-0.69391 1.91646
-0.69366 1.91642
-0.69340 1.91637
-0.69315 1.91632
-0.69289 1.91627
-0.69263 1.91623
-0.69238 1.91618
-0.69212 1.91613
-0.69186 1.91608
-0.69161 1.91604
-0.69135 1.91599
-0.69109 1.91594
-0.69084 1.91589
-0.69058 1.91584
-0.69033 1.91580
-0.69007 1.91575
-0.68981 1.91570
-0.68956 1.91565
-0.68930 1.91560
-0.68904 1.91555
-0.68879 1.91551
-0.68853 1.91546
-0.68827 1.91541
-0.68802 1.91536
-0.68776 1.91531
-0.68750 1.91526
-0.68725 1.91521
-0.68699 1.91516
-0.68673 1.91511
-0.68648 1.91506
-0.68622 1.91501
-0.68596 1.91496
-0.68571 1.91491
-0.68545 1.91487
-0.68519 1.91482
-0.68494 1.91477
-0.68468 1.91472
-0.68442 1.91467
-0.68417 1.91462
-0.68391 1.91457
-0.68365 1.91451
-0.68340 1.91446
-0.68314 1.91441
-0.68288 1.91436
-0.68263 1.91431
-0.68237 1.91426
-0.68211 1.91421
-0.68185 1.91416
-0.68160 1.91411
-0.68134 1.91406
-0.68108 1.91401
-0.68083 1.91396
-0.68057 1.91390
-0.68031 1.91385
-0.68006 1.91380
-0.67980 1.91375
-0.67954 1.91370
-0.67928 1.91365
-0.67903 1.91360
-0.67877 1.91354
-0.67851 1.91349
-0.67826 1.91344
-0.67800 1.91339
-0.67774 1.91333
-0.67748 1.91328
-0.67723 1.91323
-0.67697 1.91318
-0.67671 1.91313
-0.67646 1.91307
-0.67620 1.91302
-0.67594 1.91297
-0.67568 1.91291
-0.67543 1.91286
-0.67517 1.91281
-0.67491 1.91275
-0.67466 1.91270
-0.67440 1.91265
-0.67414 1.91260
-0.67388 1.91254
-0.67363 1.91249
-0.67337 1.91243
-0.67311 1.91238
-0.67285 1.91233
-0.67260 1.91227
-0.67234 1.91222
-0.67208 1.91217
-0.67182 1.91211
-0.67157 1.91206
-0.67131 1.91200
-0.67105 1.91195
-0.67079 1.91189
-0.67054 1.91184
-0.67028 1.91178
-0.67002 1.91173
-0.66976 1.91168
-0.66951 1.91162
-0.66925 1.91157
-0.66899 1.91151
-0.66873 1.91146
-0.66848 1.91140
-0.66822 1.91134
-0.66796 1.91129
-0.66770 1.91123
-0.66745 1.91118
-0.66719 1.91112
-0.66693 1.91107
-0.66667 1.91101
-0.66641 1.91096
-0.66616 1.91090
-0.66590 1.91084
-0.66564 1.91079
-0.66538 1.91073
-0.66513 1.91067
-0.66487 1.91062
-0.66461 1.91056
-0.66435 1.91051
-0.66409 1.91045
-0.66384 1.91039
-0.66358 1.91034
-0.66332 1.91028
-0.66306 1.91022
-0.66281 1.91016
-0.66255 1.91011
-0.66229 1.91005
-0.66203 1.90999
-0.66177 1.90994
-0.66152 1.90988
-0.66126 1.90982
-0.66100 1.90976
-0.66074 1.90971
-0.66048 1.90965
-0.66023 1.90959
-0.65997 1.90953
-0.65971 1.90947
-0.65945 1.90942
-0.65919 1.90936
-0.65894 1.90930
-0.65868 1.90924
-0.65842 1.90918
-0.65816 1.90912
-0.65790 1.90907
-0.65764 1.90901
-0.65739 1.90895
-0.65713 1.90889
-0.65687 1.90883
-0.65661 1.90877
-0.65635 1.90871
-0.65610 1.90865
-0.65584 1.90859
-0.65558 1.90854
-0.65532 1.90848
-0.65506 1.90842
-0.65480 1.90836
-0.65455 1.90830
-0.65429 1.90824
-0.65403 1.90818
-0.65377 1.90812
-0.65351 1.90806
-0.65326 1.90800
-0.65300 1.90794
-0.65274 1.90788
-0.65248 1.90782
-0.65222 1.90776
-0.65196 1.90770
-0.65170 1.90764
-0.65145 1.90757
-0.65119 1.90751
-0.65093 1.90745
-0.65067 1.90739
-0.65041 1.90733
-0.65015 1.90727
-0.64990 1.90721
-0.64964 1.90715
-0.64938 1.90709
-0.64912 1.90703
-0.64886 1.90696
-0.64860 1.90690
-0.64834 1.90684
-0.64809 1.90678
-0.64783 1.90672
-0.64757 1.90666
-0.64731 1.90659
-0.64705 1.90653
-0.64679 1.90647
-0.64653 1.90641
-0.64628 1.90634
-0.64602 1.90628
-0.64576 1.90622
-0.64550 1.90616
-0.64524 1.90609
-0.64498 1.90603
-0.64472 1.90597
-0.64447 1.90591
-0.64421 1.90584
-0.64395 1.90578
-0.64369 1.90572
-0.64343 1.90565
-0.64317 1.90559
-0.64291 1.90553
-0.64265 1.90546
-0.64240 1.90540
-0.64214 1.90534
-0.64188 1.90527
-0.64162 1.90521
-0.64136 1.90515
-0.64110 1.90508
-0.64084 1.90502
-0.64058 1.90495
-0.64033 1.90489
-0.64007 1.90483
-0.63981 1.90476
-0.63955 1.90470
-0.63929 1.90463
-0.63903 1.90457
-0.63877 1.90450
-0.63851 1.90444
-0.63825 1.90437
-0.63799 1.90431
-0.63774 1.90424
-0.63748 1.90418
-0.63722 1.90411
-0.63696 1.90405
-0.63670 1.90398
-0.63644 1.90392
-0.63618 1.90385
-0.63592 1.90379
-0.63566 1.90372
-0.63540 1.90365
-0.63515 1.90359
-0.63489 1.90352
-0.63463 1.90346
-0.63437 1.90339
-0.63411 1.90332
-0.63385 1.90326
-0.63359 1.90319
-0.63333 1.90313
-0.63307 1.90306
-0.63281 1.90299
-0.63255 1.90293
-0.63230 1.90286
-0.63204 1.90279
-0.63178 1.90273
-0.63152 1.90266
-0.63126 1.90259
-0.63100 1.90252
-0.63074 1.90246
-0.63048 1.90239
-0.63022 1.90232
-0.62996 1.90226
-0.62970 1.90219
-0.62944 1.90212
-0.62918 1.90205
-0.62893 1.90198
-0.62867 1.90192
-0.62841 1.90185
-0.62815 1.90178
-0.62789 1.90171
-0.62763 1.90164
-0.62737 1.90158
-0.62711 1.90151
-0.62685 1.90144
-0.62659 1.90137
-0.62633 1.90130
-0.62607 1.90123
-0.62581 1.90116
-0.62555 1.90110
-0.62529 1.90103
-0.62504 1.90096
-0.62478 1.90089
-0.62452 1.90082
-0.62426 1.90075
-0.62400 1.90068
-0.62374 1.90061
-0.62348 1.90054
-0.62322 1.90047
-0.62296 1.90040
-0.62270 1.90033
-0.62244 1.90026
-0.62218 1.90019
-0.62192 1.90012
-0.62166 1.90005
-0.62140 1.89998
-0.62114 1.89991
-0.62088 1.89984
-0.62062 1.89977
-0.62036 1.89970
-0.62010 1.89963
-0.61984 1.89956
-0.61959 1.89949
-0.61933 1.89942
-0.61907 1.89935
-0.61881 1.89928
-0.61855 1.89921
-0.61829 1.89913
-0.61803 1.89906
-0.61777 1.89899
-0.61751 1.89892
-0.61725 1.89885
-0.61699 1.89878
-0.61673 1.89871
-0.61647 1.89863
-0.61621 1.89856
-0.61595 1.89849
-0.61569 1.89842
-0.61543 1.89835
-0.61517 1.89827
-0.61491 1.89820
-0.61465 1.89813
-0.61439 1.89806
-0.61413 1.89799
-0.61387 1.89791
-0.61361 1.89784
-0.61335 1.89777
-0.61309 1.89769
-0.61283 1.89762
-0.61257 1.89755
-0.61231 1.89748
-0.61205 1.89740
-0.61179 1.89733
-0.61153 1.89726
-0.61127 1.89718
-0.61101 1.89711
-0.61075 1.89704
-0.61049 1.89696
-0.61023 1.89689
-0.60997 1.89682
-0.60971 1.89674
-0.60945 1.89667
-0.60919 1.89659
-0.60893 1.89652
-0.60867 1.89645
-0.60841 1.89637
-0.60815 1.89630
-0.60789 1.89622
-0.60763 1.89615
-0.60737 1.89607
-0.60711 1.89600
-0.60685 1.89592
-0.60659 1.89585
-0.60633 1.89577
-0.60607 1.89570
-0.60581 1.89562
-0.60555 1.89555
-0.60529 1.89547
-0.60503 1.89540
-0.60477 1.89532
-0.60451 1.89525
-0.60425 1.89517
-0.60399 1.89510
-0.60373 1.89502
-0.60347 1.89495
-0.60321 1.89487
-0.60295 1.89479
-0.60269 1.89472
-0.60243 1.89464
-0.60217 1.89457
-0.60191 1.89449
-0.60165 1.89441
-0.60139 1.89434
-0.60113 1.89426
-0.60087 1.89418
-0.60061 1.89411
-0.60035 1.89403
-0.60009 1.89395
-0.59983 1.89388
-0.59957 1.89380
-0.59931 1.89372
-0.59905 1.89364
-0.59879 1.89357
-0.59853 1.89349
-0.59827 1.89341
-0.59801 1.89333
-0.59775 1.89326
-0.59749 1.89318
-0.59723 1.89310
-0.59697 1.89302
-0.59671 1.89295
-0.59645 1.89287
-0.59619 1.89279
-0.59593 1.89271
-0.59567 1.89263
-0.59541 1.89256
-0.59515 1.89248
-0.59489 1.89240
-0.59463 1.89232
-0.59437 1.89224
-0.59411 1.89216
-0.59385 1.89208
-0.59359 1.89201
-0.59333 1.89193
-0.59307 1.89185
-0.59281 1.89177
-0.59254 1.89169
-0.59228 1.89161
-0.59202 1.89153
-0.59176 1.89145
-0.59150 1.89137
-0.59124 1.89129
-0.59098 1.89121
-0.59072 1.89113
-0.59046 1.89105
-0.59020 1.89097
-0.58994 1.89089
-0.58968 1.89081
-0.58942 1.89073
-0.58916 1.89065
-0.58890 1.89057
-0.58864 1.89049
-0.58838 1.89041
-0.58812 1.89033
-0.58786 1.89025
-0.58760 1.89017
-0.58734 1.89009
-0.58708 1.89001
-0.58682 1.88993
-0.58655 1.88985
-0.58629 1.88976
-0.58603 1.88968
-0.58577 1.88960
-0.58551 1.88952
-0.58525 1.88944
-0.58499 1.88936
-0.58473 1.88928
-0.58447 1.88919
-0.58421 1.88911
-0.58395 1.88903
-0.58369 1.88895
-0.58343 1.88887
-0.58317 1.88878
-0.58291 1.88870
-0.58265 1.88862
-0.58239 1.88854
-0.58213 1.88845
-0.58186 1.88837
-0.58160 1.88829
-0.58134 1.88821
-0.58108 1.88812
-0.58082 1.88804
-0.58056 1.88796
-0.58030 1.88788
-0.58004 1.88779
-0.57978 1.88771
-0.57952 1.88763
-0.57926 1.88754
-0.57900 1.88746
-0.57874 1.88738
-0.57848 1.88729
-0.57822 1.88721
-0.57795 1.88712
-0.57769 1.88704
-0.57743 1.88696
-0.57717 1.88687
-0.57691 1.88679
-0.57665 1.88670
-0.57639 1.88662
-0.57613 1.88654
-0.57587 1.88645
-0.57561 1.88637
-0.57535 1.88628
-0.57509 1.88620
-0.57483 1.88611
-0.57457 1.88603
-0.57430 1.88594
-0.57404 1.88586
-0.57378 1.88577
-0.57352 1.88569
-0.57326 1.88560
-0.57300 1.88552
-0.57274 1.88543
-0.57248 1.88535
-0.57222 1.88526
-0.57196 1.88518
-0.57170 1.88509
-0.57144 1.88501
-0.57118 1.88492
-0.57091 1.88483
-0.57065 1.88475
-0.57039 1.88466
-0.57013 1.88458
-0.56987 1.88449
-0.56961 1.88440
-0.56935 1.88432
-0.56909 1.88423
-0.56883 1.88414
-0.56857 1.88406
-0.56831 1.88397
-0.56804 1.88388
-0.56778 1.88380
-0.56752 1.88371
-0.56726 1.88362
-0.56700 1.88354
-0.56674 1.88345
-0.56648 1.88336
-0.56622 1.88327
-0.56596 1.88319
-0.56570 1.88310
-0.56544 1.88301
-0.56518 1.88292
-0.56491 1.88284
-0.56465 1.88275
-0.56439 1.88266
-0.56413 1.88257
-0.56387 1.88248
-0.56361 1.88240
-0.56335 1.88231
-0.56309 1.88222
-0.56283 1.88213
-0.56257 1.88204
-0.56230 1.88195
-0.56204 1.88186
-0.56178 1.88178
-0.56152 1.88169
-0.56126 1.88160
-0.56100 1.88151
-0.56074 1.88142
-0.56048 1.88133
-0.56022 1.88124
-0.55996 1.88115
-0.55969 1.88106
-0.55943 1.88097
-0.55917 1.88088
-0.55891 1.88079
-0.55865 1.88071
-0.55839 1.88062
-0.55813 1.88053
-0.55787 1.88044
-0.55761 1.88035
-0.55735 1.88026
-0.55708 1.88017
-0.55682 1.88008
-0.55656 1.87998
-0.55630 1.87989
-0.55604 1.87980
-0.55578 1.87971
-0.55552 1.87962
-0.55526 1.87953
-0.55500 1.87944
-0.55473 1.87935
-0.55447 1.87926
-0.55421 1.87917
-0.55395 1.87908
-0.55369 1.87899
-0.55343 1.87889
-0.55317 1.87880
-0.55291 1.87871
-0.55265 1.87862
-0.55239 1.87853
-0.55212 1.87844
-0.55186 1.87835
-0.55160 1.87825
-0.55134 1.87816
-0.55108 1.87807
-0.55082 1.87798
-0.55056 1.87789
-0.55030 1.87779
-0.55003 1.87770
-0.54977 1.87761
-0.54951 1.87752
-0.54925 1.87742
-0.54899 1.87733
-0.54873 1.87724
-0.54847 1.87714
-0.54821 1.87705
-0.54795 1.87696
-0.54768 1.87687
-0.54742 1.87677
-0.54716 1.87668
-0.54690 1.87659
-0.54664 1.87649
-0.54638 1.87640
-0.54612 1.87631
-0.54586 1.87621
-0.54560 1.87612
-0.54535 1.87609
-0.54512 1.87617
-0.54489 1.87624
-0.54466 1.87632
-0.54443 1.87639
-0.54420 1.87647
-0.54397 1.87655
-0.54374 1.87662
-0.54351 1.87670
-0.54328 1.87677
-0.54305 1.87685
-0.54282 1.87692
-0.54259 1.87700
-0.54236 1.87707
-0.54213 1.87715
-0.54190 1.87722
-0.54167 1.87729
-0.54144 1.87737
-0.54121 1.87744
-0.54098 1.87752
-0.54075 1.87759
-0.54052 1.87767
-0.54029 1.87774
-0.54006 1.87781
-0.53983 1.87789
-0.53960 1.87796
-0.53936 1.87803
-0.53913 1.87811
-0.53890 1.87818
-0.53867 1.87825
-0.53844 1.87833
-0.53821 1.87840
-0.53798 1.87847
-0.53775 1.87855
-0.53751 1.87862
-0.53728 1.87869
-0.53705 1.87876
-0.53682 1.87884
-0.53659 1.87891
-0.53636 1.87898
-0.53613 1.87905
-0.53589 1.87912
-0.53566 1.87920
-0.53543 1.87927
-0.53520 1.87934
-0.53497 1.87941
-0.53473 1.87948
-0.53450 1.87955
-0.53427 1.87963
-0.53404 1.87970
-0.53380 1.87977
-0.53357 1.87984
-0.53334 1.87991
-0.53311 1.87998
-0.53287 1.88005
-0.53264 1.88012
-0.53241 1.88019
-0.53218 1.88026
-0.53194 1.88033
-0.53171 1.88040
-0.53148 1.88047
-0.53124 1.88054
-0.53101 1.88061
-0.53078 1.88068
-0.53054 1.88075
-0.53031 1.88082
-0.53008 1.88089
-0.52984 1.88096
-0.52961 1.88103
-0.52938 1.88110
-0.52914 1.88117
-0.52891 1.88124
-0.52867 1.88131
-0.52843 1.88133
-0.52817 1.88123
-0.52791 1.88113
-0.52764 1.88103
-0.52738 1.88093
-0.52712 1.88083
-0.52685 1.88073
-0.52659 1.88062
-0.52633 1.88052
-0.52607 1.88042
-0.52580 1.88032
-0.52554 1.88022
-0.52528 1.88012
-0.52501 1.88002
-0.52475 1.87992
-0.52449 1.87982
-0.52422 1.87972
-0.52396 1.87961
-0.52370 1.87951
-0.52344 1.87941
-0.52317 1.87931
-0.52291 1.87921
-0.52265 1.87911
-0.52238 1.87901
-0.52212 1.87890
-0.52186 1.87880
-0.52159 1.87870
-0.52133 1.87860
-0.52107 1.87849
-0.52081 1.87839
-0.52054 1.87829
-0.52028 1.87819
-0.52002 1.87809
-0.51975 1.87798
-0.51949 1.87788
-0.51923 1.87778
-0.51896 1.87767
-0.51870 1.87757
-0.51844 1.87747
-0.51818 1.87737
-0.51791 1.87726
-0.51765 1.87716
-0.51739 1.87706
-0.51712 1.87695
-0.51686 1.87685
-0.51660 1.87674
-0.51633 1.87664
-0.51607 1.87654
-0.51581 1.87643
-0.51554 1.87633
-0.51528 1.87623
-0.51502 1.87612
-0.51476 1.87602
-0.51449 1.87591
-0.51423 1.87581
-0.51397 1.87570
-0.51370 1.87560
-0.51344 1.87550
-0.51318 1.87539
-0.51291 1.87529
-0.51265 1.87518
-0.51239 1.87508
-0.51213 1.87497
-0.51186 1.87487
-0.51160 1.87476
-0.51134 1.87466
-0.51107 1.87455
-0.51081 1.87445
-0.51055 1.87434
-0.51028 1.87424
-0.51002 1.87413
-0.50976 1.87402
-0.50950 1.87392
-0.50923 1.87381
-0.50897 1.87371
-0.50871 1.87360
-0.50844 1.87350
-0.50818 1.87339
-0.50792 1.87328
-0.50765 1.87318
-0.50739 1.87307
-0.50713 1.87296
-0.50686 1.87286
-0.50660 1.87275
-0.50634 1.87264
-0.50608 1.87254
-0.50581 1.87243
-0.50555 1.87232
-0.50529 1.87222
-0.50502 1.87211
-0.50476 1.87200
-0.50450 1.87190
-0.50423 1.87179
-0.50397 1.87168
-0.50371 1.87157
-0.50345 1.87147
-0.50318 1.87136
-0.50292 1.87125
-0.50266 1.87114
-0.50239 1.87103
-0.50213 1.87093
-0.50187 1.87082
-0.50160 1.87071
-0.50134 1.87060
-0.50108 1.87049
-0.50082 1.87039
-0.50055 1.87028
-0.50029 1.87017
-0.50003 1.87006
-0.49976 1.86995
-0.49950 1.86984
-0.49924 1.86973
-0.49897 1.86963
-0.49871 1.86952
-0.49845 1.86941
-0.49818 1.86930
-0.49792 1.86919
-0.49766 1.86908
-0.49740 1.86897
-0.49713 1.86886
-0.49687 1.86875
-0.49661 1.86864
-0.49634 1.86853
-0.49608 1.86842
-0.49582 1.86831
-0.49555 1.86820
-0.49529 1.86809
-0.49503 1.86798
-0.49477 1.86787
-0.49450 1.86776
-0.49424 1.86765
-0.49398 1.86754
-0.49371 1.86743
-0.49345 1.86732
-0.49319 1.86721
-0.49292 1.86710
-0.49266 1.86699
-0.49240 1.86688
-0.49214 1.86677
-0.49187 1.86666
-0.49161 1.86655
-0.49135 1.86643
-0.49108 1.86632
-0.49082 1.86621
-0.49056 1.86610
-0.49029 1.86599
-0.49003 1.86588
-0.48977 1.86577
-0.48951 1.86565
-0.48924 1.86554
-0.48898 1.86543
-0.48872 1.86532
-0.48845 1.86521
-0.48819 1.86509
-0.48793 1.86498
-0.48766 1.86487
-0.48740 1.86476
-0.48714 1.86464
-0.48688 1.86453
-0.48661 1.86442
-0.48635 1.86431
-0.48609 1.86419
-0.48582 1.86408
-0.48556 1.86397
-0.48530 1.86386
-0.48504 1.86374
-0.48477 1.86363
-0.48451 1.86352
-0.48425 1.86340
-0.48398 1.86329
-0.48372 1.86318
-0.48346 1.86306
-0.48319 1.86295
-0.48293 1.86284
-0.48267 1.86272
-0.48241 1.86261
-0.48214 1.86249
-0.48188 1.86238
-0.48162 1.86227
-0.48135 1.86215
-0.48109 1.86204
-0.48083 1.86192
-0.48056 1.86181
-0.48030 1.86169
-0.48004 1.86158
-0.47978 1.86147
-0.47951 1.86135
-0.47925 1.86124
-0.47899 1.86112
-0.47872 1.86101
-0.47846 1.86089
-0.47820 1.86078
-0.47794 1.86066
-0.47767 1.86055
-0.47741 1.86043
-0.47715 1.86031
-0.47688 1.86020
-0.47662 1.86008
-0.47636 1.85997
-0.47610 1.85985
-0.47583 1.85974
-0.47557 1.85962
-0.47531 1.85950
-0.47504 1.85939
-0.47478 1.85927
-0.47452 1.85916
-0.47425 1.85904
-0.47399 1.85892
-0.47373 1.85881
-0.47347 1.85869
-0.47320 1.85857
-0.47294 1.85846
-0.47268 1.85834
-0.47241 1.85822
-0.47215 1.85811
-0.47189 1.85799
-0.47163 1.85787
-0.47136 1.85776
-0.47110 1.85764
-0.47084 1.85752
-0.47053 1.85708
-0.47021 1.85663
-0.46990 1.85617
-0.46959 1.85572
-0.46928 1.85527
-0.46897 1.85482
-0.46866 1.85436
-0.46834 1.85391
-0.46803 1.85346
-0.46772 1.85300
-0.46741 1.85255
-0.46710 1.85210
-0.46679 1.85164
-0.46647 1.85119
-0.46616 1.85074
-0.46585 1.85028
-0.46554 1.84983
-0.46523 1.84937
-0.46492 1.84892
-0.46460 1.84847
-0.46429 1.84801
-0.46398 1.84756
-0.46367 1.84710
-0.46336 1.84665
-0.46305 1.84619
-0.46273 1.84574
-0.46242 1.84528
-0.46211 1.84483
-0.46180 1.84437
-0.46149 1.84392
-0.46118 1.84346
-0.46087 1.84301
-0.46055 1.84255
-0.46024 1.84210
-0.45993 1.84164
-0.45962 1.84118
-0.45933 1.84087
-0.45907 1.84075
-0.45881 1.84063
-0.45854 1.84051
-0.45828 1.84039
-0.45802 1.84027
-0.45776 1.84015
-0.45750 1.84003
-0.45724 1.83991
-0.45698 1.83979
-0.45672 1.83967
-0.45645 1.83955
-0.45619 1.83942
-0.45593 1.83930
-0.45567 1.83918
-0.45541 1.83906
-0.45515 1.83894
-0.45489 1.83882
-0.45462 1.83870
-0.45436 1.83858
-0.45410 1.83846
-0.45384 1.83833
-0.45358 1.83821
-0.45332 1.83809
-0.45306 1.83797
-0.45279 1.83785
-0.45253 1.83773
-0.45227 1.83760
-0.45201 1.83748
-0.45175 1.83736
-0.45149 1.83724
-0.45123 1.83712
-0.45097 1.83699
-0.45070 1.83687
-0.45044 1.83675
-0.45018 1.83663
-0.44992 1.83650
-0.44966 1.83638
-0.44940 1.83626
-0.44914 1.83614
-0.44888 1.83601
-0.44861 1.83589
-0.44835 1.83577
-0.44809 1.83564
-0.44783 1.83552
-0.44757 1.83540
-0.44731 1.83527
-0.44705 1.83515
-0.44678 1.83503
-0.44652 1.83490
-0.44626 1.83478
-0.44600 1.83466
-0.44574 1.83453
-0.44548 1.83441
-0.44522 1.83429
-0.44496 1.83416
-0.44469 1.83404
-0.44443 1.83391
-0.44417 1.83379
-0.44391 1.83366
-0.44365 1.83354
-0.44339 1.83342
-0.44313 1.83329
-0.44287 1.83317
-0.44260 1.83304
-0.44234 1.83292
-0.44208 1.83279
-0.44182 1.83267
-0.44156 1.83254
-0.44130 1.83242
-0.44104 1.83229
-0.44078 1.83217
-0.44051 1.83204
-0.44025 1.83192
-0.43999 1.83179
-0.43973 1.83166
-0.43947 1.83154
-0.43921 1.83141
-0.43895 1.83129
-0.43869 1.83116
-0.43842 1.83104
-0.43816 1.83091
-0.43790 1.83078
-0.43764 1.83066
-0.43738 1.83053
-0.43712 1.83040
-0.43686 1.83028
-0.43660 1.83015
-0.43633 1.83002
-0.43607 1.82990
-0.43581 1.82977
-0.43555 1.82964
-0.43529 1.82952
-0.43503 1.82939
-0.43477 1.82926
-0.43451 1.82914
-0.43425 1.82901
-0.43398 1.82888
-0.43372 1.82875
-0.43346 1.82863
-0.43320 1.82850
-0.43294 1.82837
-0.43268 1.82824
-0.43242 1.82812
-0.43216 1.82799
-0.43189 1.82786
-0.43163 1.82773
-0.43137 1.82760
-0.43111 1.82748
-0.43085 1.82735
-0.43057 1.82709
-0.43029 1.82680
-0.43000 1.82650
-0.42972 1.82620
-0.42944 1.82591
-0.42915 1.82561
-0.42887 1.82532
-0.42858 1.82502
-0.42830 1.82472
-0.42802 1.82443
-0.42773 1.82413
-0.42745 1.82383
-0.42716 1.82354
-0.42688 1.82324
-0.42660 1.82294
-0.42631 1.82265
-0.42603 1.82235
-0.42574 1.82205
-0.42546 1.82175
-0.42518 1.82146
-0.42489 1.82116
-0.42461 1.82086
-0.42433 1.82056
-0.42404 1.82027
-0.42376 1.81997
-0.42348 1.81967
-0.42319 1.81937
-0.42291 1.81908
-0.42262 1.81878
-0.42234 1.81848
-0.42206 1.81818
-0.42177 1.81788
-0.42149 1.81758
-0.42121 1.81729
-0.42092 1.81699
-0.42064 1.81669
-0.42036 1.81639
-0.42007 1.81609
-0.41979 1.81579
-0.41951 1.81549
-0.41922 1.81519
-0.41894 1.81490
-0.41866 1.81460
-0.41837 1.81430
-0.41809 1.81400
-0.41781 1.81370
-0.41752 1.81340
-0.41724 1.81310
-0.41696 1.81280
-0.41667 1.81250
-0.41639 1.81220
-0.41611 1.81190
-0.41583 1.81160
-0.41554 1.81130
-0.41526 1.81100
-0.41498 1.81070
-0.41469 1.81040
-0.41441 1.81010
-0.41413 1.80980
-0.41384 1.80950
-0.41356 1.80920
-0.41328 1.80890
-0.41300 1.80860
-0.41271 1.80830
-0.41243 1.80799
-0.41215 1.80769
-0.41186 1.80739
-0.41158 1.80709
-0.41130 1.80679
-0.41102 1.80649
-0.41073 1.80619
-0.41045 1.80589
-0.41017 1.80558
-0.40990 1.80539
-0.40964 1.80526
-0.40938 1.80513
-0.40912 1.80499
-0.40886 1.80486
-0.40860 1.80472
-0.40834 1.80459
-0.40808 1.80446
-0.40782 1.80432
-0.40756 1.80419
-0.40730 1.80405
-0.40704 1.80392
-0.40678 1.80378
-0.40652 1.80365
-0.40627 1.80352
-0.40601 1.80338
-0.40575 1.80325
-0.40549 1.80311
-0.40523 1.80298
-0.40497 1.80284
-0.40471 1.80271
-0.40445 1.80257
-0.40419 1.80244
-0.40393 1.80230
-0.40367 1.80217
-0.40341 1.80203
-0.40315 1.80189
-0.40289 1.80176
-0.40263 1.80162
-0.40237 1.80149
-0.40211 1.80135
-0.40185 1.80122
-0.40159 1.80108
-0.40133 1.80094
-0.40107 1.80081
-0.40081 1.80067
-0.40055 1.80054
-0.40029 1.80040
-0.40004 1.80026
-0.39978 1.80013
-0.39952 1.79999
-0.39926 1.79985
-0.39900 1.79972
-0.39874 1.79958
-0.39848 1.79944
-0.39822 1.79931
-0.39796 1.79917
-0.39770 1.79903
-0.39744 1.79889
-0.39718 1.79876
-0.39692 1.79862
-0.39666 1.79848
-0.39640 1.79834
-0.39614 1.79821
-0.39588 1.79807
-0.39562 1.79793
-0.39536 1.79779
-0.39510 1.79766
-0.39484 1.79752
-0.39458 1.79738
-0.39433 1.79724
-0.39407 1.79710
-0.39381 1.79696
-0.39355 1.79683
-0.39329 1.79669
-0.39303 1.79655
-0.39277 1.79641
-0.39251 1.79627
-0.39225 1.79613
-0.39199 1.79599
-0.39173 1.79586
-0.39147 1.79572
-0.39121 1.79558
-0.39095 1.79544
-0.39069 1.79530
-0.39043 1.79516
-0.39017 1.79502
-0.38991 1.79488
-0.38965 1.79474
-0.38940 1.79460
-0.38914 1.79446
-0.38888 1.79432
-0.38862 1.79418
-0.38836 1.79404
-0.38810 1.79390
-0.38784 1.79376
-0.38758 1.79362
-0.38732 1.79348
-0.38706 1.79334
-0.38680 1.79320
-0.38654 1.79306
-0.38628 1.79292
-0.38602 1.79278
-0.38576 1.79264
-0.38550 1.79250
-0.38524 1.79236
-0.38499 1.79222
-0.38473 1.79208
-0.38447 1.79194
-0.38421 1.79179
-0.38395 1.79165
-0.38369 1.79151
-0.38343 1.79137
-0.38317 1.79123
-0.38291 1.79109
-0.38265 1.79095
-0.38239 1.79080
-0.38213 1.79066
-0.38187 1.79052
-0.38161 1.79038
