angle_1 angle_2
-0.988897 2.25786
-0.988897 2.25786
-0.988897 2.25786
-0.988868 2.25786
-0.988839 2.25789
-0.98881 2.25792
-0.98881 2.25798
-0.98878 2.25801
-0.988751 2.25804
-0.988693 2.25807
-0.988635 2.2581
-0.988577 2.25813
-0.98849 2.25815
-0.988432 2.25821
-0.988344 2.25821
-0.988257 2.25824
-0.988141 2.25827
-0.988025 2.25827
-0.987908 2.25833
-0.987734 2.25827
-0.987588 2.25827
-0.987414 2.25824
-0.98724 2.25821
-0.987094 2.25824
-0.98692 2.25821
-0.986745 2.25821
-0.986542 2.25818
-0.986367 2.25818
-0.986164 2.25815
-0.985989 2.25818
-0.985786 2.25815
-0.985553 2.25813
-0.98535 2.2581
-0.985146 2.2581
-0.984943 2.25815
-0.984681 2.25807
-0.984448 2.25807
-0.984245 2.25807
-0.984012 2.25804
-0.98378 2.25801
-0.983576 2.25804
-0.983373 2.25804
-0.983169 2.25804
-0.982937 2.25801
-0.982733 2.25801
-0.98253 2.25801
-0.982297 2.25798
-0.982093 2.25795
-0.98189 2.25795
-0.981657 2.25792
-0.981454 2.25789
-0.981221 2.25786
-0.981018 2.25781
-0.980843 2.25781
-0.98064 2.25778
-0.980436 2.25775
-0.980233 2.25769
-0.980029 2.25763
-0.979855 2.2576
-0.97968 2.25757
-0.979477 2.25746
-0.979331 2.25743
-0.979128 2.25731
-0.978983 2.25725
-0.978808 2.25711
-0.978634 2.25696
-0.978459 2.25682
-0.978314 2.2567
-0.978139 2.25656
-0.977994 2.25644
-0.977849 2.25635
-0.977703 2.25627
-0.977587 2.25618
-0.977442 2.25609
-0.977325 2.25603
-0.977209 2.25597
-0.977122 2.25595
-0.977035 2.25589
-0.976947 2.25586
-0.97686 2.2558
-0.976773 2.25574
-0.976715 2.25568
-0.976657 2.25565
-0.976598 2.2556
-0.976569 2.25557
-0.976511 2.25551
-0.976482 2.25548
-0.976453 2.25545
-0.976453 2.25545
-0.976424 2.25542
-0.976424 2.25542
-0.976395 2.25539
-0.976395 2.25539
-0.976395 2.25539
-0.976395 2.25539
-0.976395 2.25539
-0.976395 2.25539
-0.976395 2.25539
-0.976395 2.25539
-0.976395 2.25533
-0.976395 2.25533
-0.976395 2.25533
-0.976395 2.25531
-0.976395 2.25531
-0.976395 2.25531
-0.976395 2.25531
-0.976395 2.25531
-0.976395 2.25531
-0.976395 2.25528
-0.976395 2.25528
-0.976395 2.25528
-0.976395 2.25528
-0.976395 2.25528
-0.976395 2.25528
-0.976395 2.25528
-0.976395 2.25528
-0.976395 2.25528
-0.976395 2.25528
-0.976395 2.25528
-0.976395 2.25528
-0.976395 2.25528
-0.976395 2.25528
-0.976395 2.25528
-0.976395 2.25528
-0.976395 2.25528
-0.976395 2.25528
-0.976395 2.25528
-0.976395 2.25525
-0.976395 2.25525
-0.976395 2.25525
-0.976395 2.25525
-0.976395 2.25525
-0.976395 2.25525
-0.976395 2.25525
-0.976395 2.25525
-0.976395 2.25525
-0.976395 2.25525
-0.976395 2.25525
-0.976395 2.25525
-0.976395 2.25525
-0.976395 2.25525
-0.976395 2.25525
-0.976395 2.25525
-0.976395 2.25525
-0.976395 2.25525
-0.976395 2.25525
-0.976395 2.25525
-0.976395 2.25525
-0.976395 2.25522
-0.976395 2.25522
-0.976395 2.25522
-0.976395 2.25522
-0.976395 2.25522
-0.976395 2.25522
-0.976395 2.25522
-0.976395 2.25522
-0.976395 2.25522
-0.976395 2.25522
-0.976395 2.25522
-0.976395 2.25522
-0.976395 2.25522
-0.976395 2.25522
-0.976395 2.25522
-0.976395 2.25522
-0.976395 2.25522
-0.976395 2.25519
-0.976395 2.25519
-0.976395 2.25519
-0.976395 2.25516
-0.976395 2.25516
-0.976395 2.25516
-0.976395 2.25513
-0.976395 2.25513
-0.976395 2.25513
-0.976395 2.2551
-0.976395 2.2551
-0.976395 2.2551
-0.976395 2.25507
-0.976395 2.25507
-0.976395 2.25501
-0.976395 2.25501
-0.976395 2.25501
-0.976395 2.25499
-0.976395 2.25499
-0.976395 2.25496
-0.976395 2.25496
-0.976395 2.25493
-0.976395 2.25493
-0.976395 2.2549
-0.976395 2.2549
-0.976395 2.25487
-0.976395 2.25484
-0.976395 2.25484
-0.976395 2.25481
-0.976395 2.25478
-0.976395 2.25478
-0.976395 2.25475
-0.976395 2.25475
-0.976395 2.2547
-0.976395 2.2547
-0.976395 2.25467
-0.976395 2.25464
-0.976395 2.25461
-0.976395 2.25458
-0.976395 2.25455
-0.976395 2.25452
-0.976395 2.25449
-0.976395 2.25446
-0.976395 2.25443
-0.976395 2.25438
-0.976395 2.25435
-0.976395 2.25429
-0.976395 2.25426
-0.976395 2.25417
-0.976395 2.25414
-0.976395 2.25408
-0.976395 2.25403
-0.976395 2.25397
-0.976395 2.25388
-0.976395 2.25382
-0.976395 2.25376
-0.976395 2.25368
-0.976395 2.25359
-0.976395 2.2535
-0.976395 2.25344
-0.976395 2.25336
-0.976395 2.25327
-0.976395 2.25321
-0.976395 2.25313
-0.976395 2.25304
-0.976395 2.25298
-0.976395 2.25289
-0.976395 2.25283
-0.976395 2.25275
-0.976395 2.25269
-0.976395 2.25266
-0.976395 2.25257
-0.976395 2.25251
-0.976395 2.25243
-0.976395 2.25237
-0.976395 2.25231
-0.976395 2.25225
-0.976395 2.25219
-0.976395 2.25214
-0.976395 2.25208
-0.976395 2.25202
-0.976395 2.25196
-0.976395 2.2519
-0.976395 2.25187
-0.976395 2.25179
-0.976395 2.25173
-0.976395 2.25167
-0.976395 2.25161
-0.976395 2.25156
-0.976395 2.2515
-0.976395 2.25144
-0.976395 2.25138
-0.976395 2.25132
-0.976395 2.25124
-0.976395 2.25118
-0.976395 2.25109
-0.976395 2.251
-0.976395 2.25094
-0.976395 2.25086
-0.976395 2.25077
-0.976395 2.25065
-0.976395 2.25057
-0.976395 2.25045
-0.976395 2.25036
-0.976395 2.25025
-0.976395 2.25013
-0.976395 2.25004
-0.976395 2.24993
-0.976395 2.24978
-0.976395 2.24969
-0.976395 2.24958
-0.976424 2.24949
-0.976424 2.24937
-0.976424 2.24926
-0.976424 2.24914
-0.976424 2.24903
-0.976424 2.24888
-0.976424 2.24879
-0.976424 2.24865
-0.976424 2.24853
-0.976424 2.24839
-0.976424 2.24824
-0.976424 2.24812
-0.976424 2.24798
-0.976424 2.24783
-0.976424 2.24769
-0.976424 2.24754
-0.976424 2.2474
-0.976424 2.24722
-0.976424 2.24708
-0.976424 2.2469
-0.976424 2.24673
-0.976424 2.24655
-0.976424 2.24635
-0.976424 2.24615
-0.976424 2.24597
-0.976424 2.24577
-0.976424 2.24554
-0.976424 2.24533
-0.976424 2.2451
-0.976453 2.2449
-0.976453 2.24464
-0.976453 2.2444
-0.976453 2.24414
-0.976453 2.24391
-0.976453 2.24365
-0.976482 2.24341
-0.976482 2.24315
-0.976482 2.24286
-0.976482 2.24254
-0.976482 2.24225
-0.976482 2.24193
-0.976482 2.24158
-0.976511 2.24126
-0.97654 2.24091
-0.97654 2.24054
-0.97654 2.24013
-0.97654 2.23972
-0.97654 2.23929
-0.97654 2.23888
-0.97654 2.23847
-0.97654 2.23804
-0.97654 2.2376
-0.976569 2.23716
-0.976569 2.2367
-0.976569 2.23623
-0.976569 2.23571
-0.976569 2.23516
-0.976569 2.23458
-0.976569 2.23394
-0.976598 2.2333
-0.976598 2.23254
-0.976598 2.23181
-0.976598 2.23106
-0.976598 2.23027
-0.976628 2.22958
-0.976628 2.22882
-0.976628 2.22809
-0.976657 2.22739
-0.976657 2.22667
-0.976686 2.22597
-0.976686 2.2253
-0.976715 2.22466
-0.976715 2.22399
-0.976744 2.22341
-0.976744 2.22277
-0.976744 2.22216
-0.976744 2.22158
-0.976744 2.221
-0.976744 2.22045
-0.976744 2.21989
-0.976744 2.21937
-0.976744 2.21888
-0.976744 2.21838
-0.976744 2.21789
-0.976744 2.21739
-0.976744 2.2169
-0.976715 2.21635
-0.976686 2.21579
-0.976657 2.21524
-0.976598 2.21466
-0.976569 2.21411
-0.976511 2.21347
-0.976482 2.21289
-0.976453 2.21231
-0.976424 2.21169
-0.976424 2.21111
-0.976424 2.21056
-0.976424 2.20998
-0.976395 2.20931
-0.976395 2.20879
-0.976395 2.20829
-0.976395 2.20786
-0.976395 2.20742
-0.976395 2.20701
-0.976395 2.20664
-0.976395 2.20629
-0.976424 2.20597
-0.976424 2.20568
-0.976482 2.20544
-0.976482 2.20515
-0.97654 2.20498
-0.976569 2.20477
-0.976598 2.20454
-0.976598 2.20434
-0.976598 2.20416
-0.976598 2.20396
-0.976598 2.20382
-0.976598 2.20364
-0.976598 2.20347
-0.976598 2.20332
-0.976598 2.20323
-0.976598 2.20312
-0.976598 2.20303
-0.976598 2.20294
-0.976598 2.20289
-0.976598 2.20283
-0.976569 2.20277
-0.976569 2.20271
-0.97654 2.20265
-0.97654 2.20265
-0.976511 2.20262
-0.976511 2.20262
-0.976482 2.20259
-0.976482 2.20259
-0.976482 2.20259
-0.976482 2.20259
-0.976482 2.20257
-0.976482 2.20257
-0.976482 2.20257
-0.976482 2.20254
-0.976482 2.20254
-0.976482 2.20251
-0.976482 2.20251
-0.976482 2.20248
-0.976482 2.20248
-0.976482 2.20245
-0.976482 2.20245
-0.976482 2.20242
-0.976482 2.20242
-0.976482 2.20242
-0.976482 2.20239
-0.976482 2.20239
-0.976482 2.20239
-0.976482 2.20239
-0.976482 2.20236
-0.976482 2.20236
-0.976482 2.2023
-0.976482 2.2023
-0.976482 2.20225
-0.976482 2.20222
-0.976482 2.20216
-0.976482 2.20213
-0.976482 2.20207
-0.976482 2.20198
-0.976482 2.20193
-0.976482 2.2019
-0.976482 2.20181
-0.976482 2.20175
-0.976482 2.20172
-0.976482 2.20163
-0.976482 2.20161
-0.976482 2.20155
-0.976482 2.20152
-0.976482 2.20149
-0.976482 2.20146
-0.976482 2.20143
-0.976482 2.2014
-0.976482 2.20137
-0.976482 2.20134
-0.976482 2.20132
-0.976482 2.20129
-0.976482 2.20126
-0.976482 2.20123
-0.976482 2.2012
-0.976482 2.20114
-0.976482 2.20111
-0.976482 2.20102
-0.976482 2.20097
-0.976482 2.20091
-0.976482 2.20082
-0.976482 2.20076
-0.976482 2.20068
-0.976482 2.20059
-0.976482 2.2005
-0.976482 2.20044
-0.976482 2.20033
-0.976482 2.20021
-0.976482 2.20012
-0.976482 2.20001
-0.976482 2.19989
-0.976482 2.19977
-0.976482 2.19966
-0.976482 2.19951
-0.976482 2.19937
-0.976482 2.19922
-0.976482 2.19908
-0.976482 2.19896
-0.976482 2.19876
-0.976482 2.19864
-0.976482 2.19847
-0.976482 2.19832
-0.976482 2.19815
-0.976482 2.198
-0.976482 2.19783
-0.976482 2.19765
-0.976482 2.19745
-0.976482 2.1973
-0.976482 2.1971
-0.976482 2.19692
-0.976482 2.19675
-0.976482 2.19655
-0.976482 2.19637
-0.976482 2.19617
-0.976482 2.19597
-0.976482 2.19576
-0.976482 2.19556
-0.976482 2.19533
-0.976482 2.19512
-0.976482 2.19489
-0.976482 2.19466
-0.976482 2.1944
-0.976482 2.19413
-0.976482 2.19387
-0.976482 2.19355
-0.976482 2.19323
-0.976482 2.19294
-0.976482 2.19259
-0.976482 2.19227
-0.976482 2.19192
-0.976482 2.19158
-0.976482 2.19123
-0.976482 2.19088
-0.976482 2.19047
-0.976482 2.19009
-0.976482 2.18969
-0.976482 2.18931
-0.97654 2.18893
-0.97654 2.18852
-0.97654 2.18803
-0.97654 2.18756
-0.97654 2.18707
-0.97654 2.18657
-0.97654 2.18608
-0.97654 2.18556
-0.97654 2.18503
-0.97654 2.18448
-0.97654 2.1839
-0.97654 2.18335
-0.97654 2.18271
-0.97654 2.18207
-0.97654 2.18137
-0.97654 2.18064
-0.97654 2.17992
-0.97654 2.17902
-0.97654 2.17823
-0.97654 2.17745
-0.97654 2.17666
-0.97654 2.17585
-0.97654 2.17506
-0.97654 2.17425
-0.97654 2.17346
-0.97654 2.17271
-0.97654 2.17198
-0.97654 2.17117
-0.97654 2.17053
-0.97654 2.16986
-0.97654 2.16925
-0.97654 2.16864
-0.97654 2.16808
-0.97654 2.16753
-0.97654 2.16701
-0.97654 2.16651
-0.97654 2.16599
-0.97654 2.16547
-0.976511 2.16491
-0.976511 2.16442
-0.976482 2.16387
-0.976482 2.16337
-0.976424 2.16279
-0.976395 2.16221
-0.976337 2.16163
-0.976308 2.16105
-0.97625 2.16044
-0.97622 2.15988
-0.976191 2.15933
-0.976191 2.15878
-0.976162 2.15823
-0.976162 2.15773
-0.976162 2.15724
-0.976162 2.15677
-0.976162 2.15625
-0.976162 2.15584
-0.976162 2.15547
-0.976162 2.15512
-0.976162 2.1548
-0.976162 2.15451
-0.976162 2.15424
-0.976162 2.15401
-0.976162 2.15384
-0.976162 2.15366
-0.976162 2.15352
-0.976162 2.1534
-0.976162 2.15331
-0.97622 2.15328
-0.97622 2.15323
-0.97622 2.15314
-0.97622 2.15311
-0.97622 2.15308
-0.97622 2.15305
-0.97622 2.15302
-0.97622 2.15299
-0.97622 2.15299
-0.97622 2.15299
-0.97622 2.15296
-0.976191 2.15294
-0.976191 2.15294
-0.976191 2.15294
-0.976162 2.15291
-0.976162 2.15291
-0.976162 2.15291
-0.976162 2.15291
-0.976162 2.15291
-0.976162 2.15291
-0.976162 2.15291
-0.976162 2.15291
-0.976162 2.15291
-0.976162 2.15288
-0.976162 2.15285
-0.976162 2.15282
-0.976162 2.15276
-0.976162 2.15273
-0.976162 2.1527
-0.976162 2.15267
-0.976162 2.15265
-0.976162 2.15262
-0.976162 2.15259
-0.976162 2.15256
-0.976162 2.15256
-0.976162 2.15253
-0.976162 2.1525
-0.976162 2.15244
-0.976162 2.15241
-0.976162 2.15238
-0.976162 2.15235
-0.976162 2.1523
-0.976162 2.15224
-0.976162 2.15218
-0.976162 2.15209
-0.976162 2.15203
-0.976162 2.15198
-0.976162 2.15189
-0.976162 2.1518
-0.976162 2.15174
-0.976162 2.15169
-0.976162 2.15163
-0.976162 2.1516
-0.976162 2.15154
-0.976162 2.15148
-0.976162 2.15145
-0.976162 2.15142
-0.976162 2.15139
-0.976162 2.15137
-0.976162 2.15134
-0.976162 2.15131
-0.976162 2.15128
-0.976162 2.15125
-0.976162 2.15122
-0.976162 2.15116
-0.976162 2.15113
-0.976162 2.15108
-0.976162 2.15105
-0.976162 2.15099
-0.976162 2.1509
-0.976162 2.15081
-0.976162 2.15076
-0.976162 2.15067
-0.976162 2.15058
-0.976162 2.15049
-0.976162 2.15041
-0.976162 2.15029
-0.976162 2.15017
-0.976162 2.15009
-0.976162 2.14997
-0.976162 2.14985
-0.976162 2.14977
-0.976162 2.14965
-0.976162 2.14951
-0.976162 2.14936
-0.976162 2.14921
-0.976162 2.1491
-0.976162 2.14892
-0.976162 2.14878
-0.976162 2.1486
-0.976162 2.14843
-0.976162 2.14823
-0.976162 2.14805
-0.976162 2.14785
-0.976162 2.14764
-0.976162 2.14741
-0.976162 2.14718
-0.976162 2.14695
-0.976162 2.14671
-0.976162 2.14645
-0.976162 2.14622
-0.976162 2.14596
-0.976162 2.14564
-0.976162 2.14538
-0.976162 2.14511
-0.976162 2.14485
-0.976162 2.14456
-0.976162 2.1443
-0.976162 2.14404
-0.976162 2.14378
-0.976162 2.14352
-0.976162 2.14325
-0.976162 2.14296
-0.976162 2.1427
-0.976162 2.14244
-0.976162 2.14218
-0.976162 2.14189
-0.976162 2.1416
-0.976162 2.14128
-0.976162 2.14099
-0.976162 2.14067
-0.976162 2.14035
-0.976162 2.13997
-0.976162 2.13956
-0.976162 2.13921
-0.976162 2.13883
-0.976162 2.13849
-0.976162 2.13811
-0.976162 2.1377
-0.976162 2.13735
-0.976162 2.13695
-0.976162 2.13657
-0.976162 2.13619
-0.976162 2.13578
-0.976162 2.13535
-0.976162 2.13494
-0.976162 2.1345
-0.976162 2.13407
-0.976162 2.1336
-0.976162 2.13311
-0.976162 2.13255
-0.976162 2.13209
-0.976162 2.13157
-0.976162 2.13104
-0.976162 2.13052
-0.976162 2.12994
-0.976162 2.12936
-0.976162 2.12872
-0.976162 2.12808
-0.976162 2.12741
-0.976162 2.12671
-0.976162 2.12598
-0.976162 2.12529
-0.976162 2.12453
-0.976162 2.1238
-0.976162 2.12308
-0.976162 2.12235
-0.976162 2.12162
-0.976162 2.12093
-0.976162 2.12023
-0.976162 2.11953
-0.976162 2.11886
-0.976162 2.11819
-0.976162 2.11752
-0.976162 2.11685
-0.976162 2.11619
-0.976162 2.11552
-0.976162 2.11494
-0.976162 2.1143
-0.976162 2.11371
-0.976162 2.11316
-0.976162 2.11258
-0.976162 2.11206
-0.976133 2.11151
-0.976133 2.11095
-0.976104 2.11037
-0.976075 2.10982
-0.976046 2.10927
-0.975959 2.10863
-0.975901 2.10805
-0.975872 2.10746
-0.975843 2.10691
-0.975813 2.10636
-0.975784 2.10581
-0.975755 2.10525
-0.975726 2.1047
-0.975668 2.10415
-0.975639 2.10366
-0.97561 2.10316
-0.975581 2.10275
-0.975581 2.10238
-0.975552 2.102
-0.975552 2.10171
-0.975552 2.10145
-0.975552 2.10121
-0.975552 2.10101
-0.975552 2.10084
-0.975552 2.10069
-0.975552 2.10054
-0.975552 2.10043
-0.975552 2.10028
-0.975552 2.10017
-0.975552 2.10008
-0.975552 2.09996
-0.975552 2.09988
-0.975552 2.09979
-0.975552 2.09967
-0.975552 2.09961
-0.975552 2.09953
-0.975552 2.0995
-0.975552 2.09947
-0.975552 2.09944
-0.975523 2.09941
-0.975523 2.09941
-0.975494 2.09938
-0.975494 2.09938
-0.975465 2.09935
-0.975465 2.09935
-0.975465 2.09935
-0.975435 2.09932
-0.975435 2.09932
-0.975435 2.09932
-0.975406 2.09929
-0.975406 2.09929
-0.975406 2.09929
-0.975406 2.09929
-0.975348 2.09924
-0.975348 2.09924
-0.975348 2.09924
-0.975348 2.09924
-0.975319 2.09921
-0.975319 2.09921
-0.975319 2.09921
-0.975319 2.09921
-0.975319 2.09921
-0.975319 2.09921
-0.975319 2.09921
-0.975319 2.09915
-0.975319 2.09915
-0.975319 2.09912
-0.975319 2.09909
-0.975319 2.09906
-0.975319 2.09903
-0.975319 2.09897
-0.975319 2.09895
-0.975319 2.09889
-0.975319 2.0988
-0.975319 2.09874
-0.975319 2.09868
-0.975319 2.09863
-0.975319 2.09857
-0.975319 2.09854
-0.975319 2.09848
-0.975319 2.09842
-0.975319 2.09839
-0.975319 2.09833
-0.975319 2.09831
-0.975319 2.09828
-0.975319 2.09825
-0.975319 2.09822
-0.975319 2.09816
-0.975319 2.09813
-0.975319 2.09807
-0.975319 2.09804
-0.975319 2.09799
-0.975319 2.09793
-0.975319 2.09787
-0.975319 2.09778
-0.975319 2.0977
-0.975319 2.09761
-0.975319 2.09752
-0.975319 2.09743
-0.975319 2.09732
-0.975319 2.0972
-0.975319 2.09711
-0.975319 2.097
-0.975319 2.09685
-0.975319 2.09674
-0.975319 2.09662
-0.975319 2.09647
-0.975319 2.09636
-0.975319 2.09621
-0.975319 2.09607
-0.975319 2.09589
-0.975319 2.09572
-0.975319 2.09557
-0.975319 2.0954
-0.975319 2.09522
-0.975319 2.09505
-0.975319 2.09487
-0.975319 2.0947
-0.975319 2.0945
-0.975319 2.09429
-0.975319 2.09409
-0.975319 2.09392
-0.975319 2.09371
-0.975319 2.09348
-0.975319 2.09328
-0.975319 2.09307
-0.975319 2.09287
-0.975319 2.09267
-0.975319 2.09243
-0.975319 2.09226
-0.975319 2.09203
-0.975319 2.09182
-0.975319 2.09162
-0.975319 2.09142
-0.975319 2.09118
-0.975319 2.09098
-0.975319 2.09075
-0.975319 2.09054
-0.975319 2.09031
-0.975319 2.09008
-0.975319 2.08985
-0.975319 2.08958
-0.975319 2.08932
-0.975319 2.08906
-0.975319 2.08877
-0.975319 2.08848
-0.975319 2.08822
-0.975319 2.0879
-0.975319 2.08758
-0.975319 2.08726
-0.975319 2.08691
-0.975319 2.08659
-0.975319 2.08627
-0.975319 2.08595
-0.975319 2.0856
-0.975319 2.08528
-0.975319 2.08496
-0.975319 2.08464
-0.975319 2.08432
-0.975319 2.08397
-0.975319 2.08365
-0.975319 2.08327
-0.975319 2.0829
-0.975319 2.08252
-0.975319 2.08214
-0.975319 2.08173
-0.975319 2.0813
-0.975319 2.08086
-0.975319 2.0804
-0.975319 2.07993
-0.975319 2.07947
-0.975319 2.07886
-0.975319 2.07836
-0.975319 2.07778
-0.975319 2.0772
-0.975319 2.07662
-0.975319 2.07592
-0.975319 2.07528
-0.975319 2.07458
-0.975319 2.0738
-0.975319 2.0731
-0.975319 2.07226
-0.975319 2.07156
-0.975319 2.07089
-0.975319 2.07007
-0.975319 2.06941
-0.975319 2.06862
-0.975319 2.06795
-0.975319 2.06731
-0.975319 2.06667
-0.975319 2.06606
-0.975319 2.06539
-0.975319 2.06478
-0.975319 2.06417
-0.975319 2.06359
-0.975319 2.06301
-0.975319 2.06234
-0.975319 2.06182
-0.975319 2.06132
-0.97529 2.06077
-0.975261 2.06025
-0.975203 2.05972
-0.975145 2.05914
-0.975087 2.05856
-0.975028 2.05801
-0.97497 2.05743
-0.974912 2.05688
-0.974854 2.05629
-0.974767 2.05565
-0.974709 2.0551
-0.97465 2.05455
-0.974563 2.054
-0.974476 2.05344
-0.974389 2.05295
-0.974331 2.05251
-0.974243 2.05208
-0.974185 2.05167
-0.974098 2.05129
-0.974011 2.05089
-0.973953 2.0506
-0.973865 2.05022
-0.973807 2.04996
-0.97372 2.04966
-0.973662 2.0494
-0.973575 2.04914
-0.973546 2.04894
-0.973488 2.04871
-0.9734 2.04847
-0.973342 2.04827
-0.973255 2.04804
-0.973197 2.0478
-0.973139 2.04763
-0.973051 2.04743
-0.972993 2.04722
-0.972906 2.04702
-0.972848 2.04687
-0.972732 2.04664
-0.972673 2.04652
-0.972615 2.04638
-0.972528 2.04623
-0.972441 2.04612
-0.972383 2.046
-0.972295 2.04591
-0.972208 2.0458
-0.972121 2.04571
-0.972034 2.04562
-0.971947 2.04554
-0.971888 2.04548
-0.971772 2.04536
-0.971685 2.04527
-0.971598 2.04519
-0.97154 2.04513
-0.971423 2.04501
-0.971365 2.04495
-0.971278 2.04487
-0.971191 2.04478
-0.971074 2.04466
-0.971016 2.04461
-0.970929 2.04452
-0.970813 2.04443
-0.970755 2.04437
-0.970667 2.04429
-0.970609 2.04423
-0.970522 2.04414
-0.970435 2.04405
-0.970377 2.044
-0.970318 2.04394
-0.970231 2.04385
-0.970173 2.04379
-0.970115 2.04373
-0.970057 2.04368
-0.969999 2.04362
-0.96994 2.04356
-0.969882 2.0435
-0.969824 2.04341
-0.969795 2.04338
-0.969737 2.0433
-0.969679 2.04321
-0.96965 2.04312
-0.969621 2.04306
-0.969592 2.04298
-0.969533 2.04283
-0.969504 2.04275
-0.969475 2.04263
-0.969446 2.04251
-0.969417 2.04237
-0.969388 2.04225
-0.969388 2.04213
-0.969359 2.04199
-0.969359 2.0419
-0.96933 2.04176
-0.96933 2.04164
-0.96933 2.04149
-0.96933 2.04141
-0.96933 2.04126
-0.96933 2.04115
-0.96933 2.041
-0.96933 2.04086
-0.96933 2.04074
-0.96933 2.04056
-0.96933 2.04045
-0.96933 2.04027
-0.96933 2.04013
-0.96933 2.03995
-0.96933 2.03981
-0.96933 2.03961
-0.96933 2.03943
-0.96933 2.03926
-0.96933 2.03905
-0.96933 2.03888
-0.96933 2.03867
-0.96933 2.03853
-0.96933 2.03833
-0.96933 2.03815
-0.96933 2.03795
-0.96933 2.03777
-0.96933 2.0376
-0.96933 2.03742
-0.96933 2.03728
-0.96933 2.03708
-0.96933 2.0369
-0.96933 2.03673
-0.96933 2.03655
-0.96933 2.03632
-0.96933 2.03615
-0.96933 2.03594
-0.96933 2.03577
-0.96933 2.03556
-0.96933 2.03536
-0.96933 2.03516
-0.96933 2.03498
-0.96933 2.03481
-0.96933 2.0346
-0.96933 2.03443
-0.96933 2.03426
-0.96933 2.03408
-0.96933 2.03394
-0.96933 2.03373
-0.96933 2.03356
-0.96933 2.03341
-0.96933 2.03324
-0.96933 2.03312
-0.96933 2.03298
-0.96933 2.03283
-0.96933 2.03266
-0.96933 2.03254
-0.96933 2.03239
-0.96933 2.03225
-0.96933 2.03216
-0.96933 2.03202
-0.96933 2.03187
-0.96933 2.03173
-0.96933 2.03161
-0.96933 2.03149
-0.96933 2.03138
-0.96933 2.03123
-0.96933 2.03112
-0.96933 2.03097
-0.96933 2.03085
-0.96933 2.03071
-0.96933 2.03056
-0.96933 2.03042
-0.96933 2.03027
-0.96933 2.03013
-0.96933 2.02995
-0.96933 2.02981
-0.96933 2.02963
-0.96933 2.02949
-0.96933 2.02934
-0.96933 2.02917
-0.96933 2.02899
-0.96933 2.02885
-0.96933 2.0287
-0.96933 2.02853
-0.96933 2.02835
-0.96933 2.02818
-0.96933 2.028
-0.96933 2.0278
-0.96933 2.02763
-0.96933 2.02739
-0.96933 2.02719
-0.96933 2.02699
-0.96933 2.02675
-0.96933 2.02649
-0.96933 2.02623
-0.96933 2.02594
-0.96933 2.02562
-0.96933 2.0253
-0.96933 2.02495
-0.96933 2.02457
-0.96933 2.02417
-0.96933 2.02373
-0.96933 2.02329
-0.96933 2.0228
-0.96933 2.02234
-0.96933 2.02184
-0.96933 2.02138
-0.96933 2.02088
-0.96933 2.02042
-0.96933 2.01992
-0.96933 2.01943
-0.96933 2.0189
-0.96933 2.01835
-0.96933 2.01777
-0.96933 2.01719
-0.96933 2.0164
-0.96933 2.01571
-0.96933 2.01495
-0.96933 2.01422
-0.96933 2.01344
-0.96933 2.01265
-0.96933 2.01187
-0.96933 2.01108
-0.96933 2.0103
-0.96933 2.00948
-0.96933 2.0087
-0.96933 2.00794
-0.96933 2.00719
-0.96933 2.00646
-0.96933 2.00579
-0.96933 2.00512
-0.96933 2.00448
-0.96933 2.00384
-0.96933 2.00326
-0.96933 2.00268
-0.96933 2.00207
-0.96933 2.00146
-0.969301 2.00082
-0.969301 2.00021
-0.969272 1.99954
-0.969243 1.99884
-0.969185 1.99812
-0.969126 1.99736
-0.969097 1.99646
-0.969039 1.9957
-0.96901 1.99483
-0.968952 1.99405
-0.968865 1.9932
-0.968836 1.99239
-0.968778 1.99163
-0.968748 1.99073
-0.968719 1.99009
-0.96869 1.98951
-0.968661 1.98887
-0.968632 1.98841
-0.968603 1.98791
-0.968603 1.98756
-0.968574 1.98721
-0.968545 1.98689
-0.968545 1.98663
-0.968545 1.98637
-0.968545 1.98614
-0.968545 1.98591
-0.968545 1.9857
-0.968545 1.98544
-0.968545 1.98524
-0.968545 1.98497
-0.968545 1.98477
-0.968545 1.98457
-0.968516 1.98434
-0.968516 1.98416
-0.968516 1.98402
-0.968516 1.9839
-0.968516 1.98378
-0.968487 1.9837
-0.968487 1.98367
-0.968458 1.98364
-0.968458 1.98364
-0.968458 1.98364
-0.968429 1.98361
-0.968429 1.98361
-0.9684 1.98358
-0.9684 1.98358
-0.96837 1.98358
-0.968341 1.98358
-0.968341 1.98358
-0.968312 1.98358
-0.968283 1.98355
-0.968225 1.98352
-0.968196 1.98349
-0.968167 1.98346
-0.968167 1.98349
-0.968138 1.98346
-0.968109 1.98343
-0.96808 1.98343
-0.968051 1.9834
-0.968022 1.9834
-0.967993 1.98338
-0.967993 1.98338
-0.967963 1.98335
-0.967963 1.98335
-0.967905 1.98329
-0.967905 1.98329
-0.967905 1.98329
-0.967905 1.98329
-0.967905 1.98329
-0.967905 1.98329
-0.967905 1.98326
-0.967905 1.98323
-0.967905 1.9832
-0.967905 1.9832
-0.967905 1.98317
-0.967905 1.98317
-0.967905 1.98314
-0.967905 1.98314
-0.967905 1.98314
-0.967905 1.98311
-0.967905 1.98311
-0.967905 1.98311
-0.967905 1.98311
-0.967905 1.98311
-0.967905 1.98309
-0.967905 1.98309
-0.967905 1.98309
-0.967905 1.98309
-0.967905 1.98309
-0.967905 1.98309
-0.967905 1.98309
-0.967905 1.98309
-0.967905 1.98309
-0.967905 1.98309
-0.967905 1.98309
-0.967905 1.98306
-0.967905 1.98303
-0.967905 1.983
-0.967905 1.98297
-0.967905 1.98288
-0.967905 1.98282
-0.967905 1.98277
-0.967905 1.98268
-0.967905 1.98259
-0.967905 1.9825
-0.967905 1.98239
-0.967905 1.98224
-0.967905 1.98213
-0.967905 1.98201
-0.967905 1.98189
-0.967905 1.98175
-0.967905 1.98163
-0.967905 1.98154
-0.967905 1.9814
-0.967905 1.98128
-0.967905 1.98117
-0.967905 1.98105
-0.967905 1.98093
-0.967905 1.98079
-0.967905 1.9807
-0.967905 1.98056
-0.967905 1.98041
-0.967905 1.98026
-0.967905 1.98012
-0.967905 1.97995
-0.967905 1.9798
-0.967905 1.97963
-0.967905 1.97945
-0.967905 1.97925
-0.967905 1.97904
-0.967905 1.97887
-0.967905 1.97867
-0.967905 1.97846
-0.967905 1.97826
-0.967905 1.97806
-0.967905 1.97785
-0.967905 1.97765
-0.967905 1.97742
-0.967905 1.97721
-0.967905 1.97701
-0.967905 1.97681
-0.967905 1.97657
-0.967905 1.97631
-0.967905 1.97608
-0.967905 1.97579
-0.967905 1.97553
-0.967905 1.97524
-0.967905 1.97494
-0.967905 1.9746
-0.967905 1.97428
-0.967905 1.97396
-0.967905 1.97361
-0.967905 1.97326
-0.967905 1.97288
-0.967905 1.97253
-0.967905 1.97215
-0.967905 1.97178
-0.967905 1.97137
-0.967905 1.97093
-0.967905 1.9705
-0.967905 1.97003
-0.967905 1.96957
-0.967905 1.96907
-0.967905 1.96858
-0.967905 1.96808
-0.967905 1.96756
-0.967905 1.96707
-0.967905 1.96654
-0.967905 1.96602
-0.967905 1.96544
-0.967905 1.96486
-0.967905 1.96419
-0.967905 1.96349
-0.967905 1.96273
-0.967905 1.96198
-0.967905 1.96116
-0.967905 1.96032
-0.967905 1.95951
-0.967905 1.95869
-0.967905 1.95788
-0.967905 1.95709
-0.967905 1.95634
-0.967905 1.95555
-0.967905 1.95483
-0.967905 1.95413
-0.967905 1.95343
-0.967905 1.95276
-0.967905 1.95212
-0.967905 1.95148
-0.967905 1.95084
-0.967905 1.95026
-0.967905 1.94965
-0.967905 1.94907
-0.967905 1.94849
-0.967905 1.94791
-0.967905 1.94732
-0.967905 1.94671
-0.967905 1.9461
-0.967876 1.94546
-0.967847 1.94477
-0.967818 1.9441
-0.96776 1.9434
-0.967731 1.94273
-0.967702 1.94206
-0.967673 1.94139
-0.967644 1.94078
-0.967644 1.94017
-0.967585 1.93953
-0.967556 1.93895
-0.967556 1.93843
-0.967527 1.93793
-0.967527 1.93747
-0.967527 1.93709
-0.967527 1.93674
-0.967498 1.93642
-0.967498 1.93613
-0.967498 1.93584
-0.967498 1.93555
-0.967498 1.93535
-0.967498 1.93511
-0.967498 1.93485
-0.967498 1.93462
-0.967498 1.93439
-0.967498 1.93418
-0.967498 1.93392
-0.967498 1.93372
-0.967498 1.93351
-0.967498 1.93331
-0.967498 1.93314
-0.967498 1.93296
-0.967498 1.93285
-0.967498 1.93273
-0.967498 1.93261
-0.967498 1.93255
-0.967498 1.93253
-0.967498 1.93253
-0.967498 1.93253
-0.967498 1.93253
-0.967498 1.93253
-0.967498 1.93253
-0.967498 1.93253
-0.967498 1.93253
-0.967498 1.93253
-0.967498 1.93253
-0.967498 1.93253
-0.967498 1.93253
-0.967498 1.93253
-0.967498 1.93253
-0.967498 1.93253
-0.967498 1.93253
-0.967498 1.93253
-0.967498 1.93253
-0.967498 1.93253
-0.967469 1.9325
-0.967469 1.9325
-0.967469 1.9325
-0.967469 1.9325
-0.967469 1.9325
-0.967469 1.9325
-0.967469 1.93247
-0.967469 1.93247
-0.967469 1.93247
-0.967469 1.93247
-0.967469 1.93247
-0.967469 1.93244
-0.967469 1.93241
-0.967469 1.93238
-0.967469 1.93235
-0.967469 1.93229
-0.967469 1.93223
-0.967469 1.93221
-0.967469 1.93215
-0.967469 1.93209
-0.967469 1.93203
-0.967469 1.93194
-0.967469 1.93191
-0.967469 1.93189
-0.967469 1.93183
-0.967469 1.9318
-0.967469 1.93177
-0.967469 1.93174
-0.967469 1.93174
-0.967469 1.93174
-0.967469 1.93171
-0.967469 1.93168
-0.967469 1.93168
-0.967469 1.93162
-0.967469 1.93159
-0.967469 1.93157
-0.967469 1.93151
-0.967469 1.93148
-0.967469 1.93142
-0.967469 1.93136
-0.967469 1.93128
-0.967469 1.93122
-0.967469 1.93113
-0.967469 1.93104
-0.967469 1.93096
-0.967469 1.93087
-0.967469 1.93075
-0.967469 1.93064
-0.967469 1.93055
-0.967469 1.93043
-0.967469 1.93032
-0.967469 1.93017
-0.967469 1.93005
-0.967469 1.92994
-0.967469 1.92979
-0.967469 1.92965
-0.967469 1.9295
-0.967469 1.92933
-0.967469 1.92918
-0.967469 1.92901
-0.967469 1.92883
-0.967469 1.92866
-0.967469 1.92845
-0.967469 1.92825
-0.967469 1.92805
-0.967469 1.92782
-0.967469 1.92761
-0.967469 1.92738
-0.967469 1.92715
-0.967469 1.92691
-0.967469 1.92668
-0.967469 1.92645
-0.967469 1.92622
-0.967469 1.92595
-0.967469 1.92572
-0.967469 1.92546
-0.967469 1.9252
-0.967469 1.92494
-0.967469 1.92468
-0.967469 1.92444
-0.967469 1.92415
-0.967469 1.92386
-0.967469 1.9236
-0.967469 1.92328
-0.967469 1.92299
-0.967469 1.92267
-0.967469 1.92232
-0.967469 1.92197
-0.967469 1.92159
-0.967469 1.92124
-0.967469 1.92087
-0.967469 1.92046
-0.967469 1.92008
-0.967469 1.91967
-0.967469 1.91927
-0.967469 1.91883
-0.967469 1.9184
-0.967469 1.91796
-0.967469 1.91752
-0.967469 1.91703
-0.967469 1.91656
-0.967469 1.91607
-0.967469 1.91555
-0.967469 1.91505
-0.967469 1.91453
-0.967469 1.91401
-0.967469 1.91345
-0.967469 1.9129
-0.967469 1.91229
-0.967469 1.91165
-0.967469 1.91098
-0.967469 1.91025
-0.967469 1.9095
-0.967469 1.90874
-0.967469 1.90796
-0.967469 1.90714
-0.967469 1.90633
-0.967469 1.90552
-0.967469 1.9047
-0.967469 1.90386
-0.967469 1.90299
-0.967469 1.90217
-0.967469 1.9013
-0.967469 1.90051
-0.967469 1.89979
-0.967469 1.89906
-0.967469 1.89836
-0.967469 1.89769
-0.967469 1.89703
-0.967469 1.89639
-0.967469 1.89578
-0.967469 1.89519
-0.967469 1.89455
-0.967469 1.89394
-0.967469 1.8933
-0.967469 1.89264
-0.967469 1.89194
-0.967469 1.89121
-0.96744 1.89046
-0.967411 1.88964
-0.967411 1.88889
-0.967382 1.8881
-0.967353 1.88732
-0.967353 1.88656
-0.967324 1.8858
-0.967324 1.88511
-0.967266 1.88435
-0.967266 1.88371
-0.967266 1.88313
-0.967266 1.88252
-0.967266 1.88202
-0.967266 1.88156
-0.967266 1.88115
-0.967266 1.8808
-0.967266 1.88042
-0.967266 1.8801
-0.967266 1.87978
-0.967266 1.87955
-0.967266 1.87929
-0.967266 1.87906
-0.967266 1.87885
-0.967266 1.87859
-0.967266 1.87839
-0.967266 1.87816
-0.967266 1.87795
-0.967266 1.87778
-0.967266 1.8776
-0.967266 1.87746
-0.967266 1.87731
-0.967237 1.87717
-0.967237 1.87714
-0.967208 1.87708
-0.967208 1.87708
-0.967178 1.87705
-0.967178 1.87705
-0.967149 1.87702
-0.967149 1.87702
-0.967149 1.87702
-0.96712 1.87699
-0.96712 1.87699
-0.967091 1.87696
-0.967091 1.87696
-0.967062 1.87694
-0.967033 1.87694
-0.967033 1.87694
-0.967004 1.87691
-0.966946 1.87688
-0.966917 1.87685
-0.966888 1.87682
-0.966859 1.87685
-0.96683 1.87682
-0.9668 1.87679
-0.966771 1.87679
-0.966771 1.87679
-0.966742 1.87676
-0.966742 1.87676
-0.966713 1.87673
-0.966713 1.87673
-0.966713 1.87673
-0.966684 1.87667
-0.966684 1.87667
-0.966684 1.87667
-0.966684 1.87664
-0.966684 1.87664
-0.966684 1.87664
-0.966684 1.87662
-0.966684 1.87659
-0.966684 1.87659
-0.966684 1.87659
-0.966684 1.87656
-0.966684 1.87656
-0.966684 1.87653
-0.966684 1.87653
-0.966684 1.8765
-0.966684 1.8765
-0.966684 1.8765
-0.966684 1.87644
-0.966684 1.87644
-0.966684 1.87644
-0.966684 1.87644
-0.966684 1.87644
-0.966684 1.87644
-0.966684 1.87644
-0.966684 1.87644
-0.966684 1.87641
-0.966684 1.87641
-0.966684 1.87638
-0.966684 1.87635
-0.966684 1.87633
-0.966684 1.87627
-0.966684 1.87621
-0.966684 1.87612
-0.966684 1.87603
-0.966684 1.87595
-0.966684 1.8758
-0.966684 1.87571
-0.966684 1.8756
-0.966684 1.87542
-0.966684 1.87531
-0.966684 1.87519
-0.966684 1.87499
-0.966684 1.87484
-0.966684 1.87467
-0.966684 1.87452
-0.966684 1.87435
-0.966684 1.8742
-0.966684 1.87406
-0.966684 1.87385
-0.966684 1.87368
-0.966684 1.8735
-0.966684 1.87336
-0.966684 1.87316
-0.966684 1.87298
-0.966684 1.87278
-0.966684 1.87257
-0.966684 1.87237
-0.966684 1.87217
-0.966684 1.87191
-0.966684 1.8717
-0.966684 1.87147
-0.966684 1.87124
-0.966684 1.871
-0.966684 1.87074
-0.966684 1.87051
-0.966684 1.87022
-0.966684 1.86993
-0.966684 1.86964
-0.966684 1.86935
-0.966684 1.86903
-0.966684 1.86871
-0.966684 1.86836
-0.966684 1.86801
-0.966684 1.86769
-0.966684 1.86734
-0.966684 1.86696
-0.966684 1.86659
-0.966684 1.86612
-0.966684 1.86571
-0.966684 1.86534
-0.966684 1.8649
-0.966684 1.86446
-0.966684 1.86406
-0.966684 1.86359
-0.966684 1.86313
-0.966684 1.86263
-0.966684 1.86211
-0.966684 1.86164
-0.966684 1.86115
-0.966684 1.86063
-0.966684 1.86004
-0.966684 1.85949
-0.966684 1.85888
-0.966684 1.85824
-0.966684 1.85757
-0.966684 1.85685
-0.966684 1.85609
-0.966684 1.8553
-0.966684 1.85452
-0.966684 1.85371
-0.966684 1.85286
-0.966684 1.85205
-0.966684 1.85123
-0.966684 1.85039
-0.966684 1.84958
-0.966684 1.84876
-0.966684 1.84795
-0.966684 1.84716
-0.966684 1.84638
-0.966684 1.84559
-0.966684 1.84481
-0.966684 1.84405
-0.966684 1.84333
-0.966684 1.8426
-0.966684 1.8419
-0.966684 1.8412
-0.966684 1.84053
-0.966684 1.83981
-0.966684 1.83911
-0.966684 1.83838
-0.966684 1.83766
-0.966684 1.8369
-0.966684 1.83606
-0.966684 1.83527
-0.966655 1.83446
-0.966655 1.83364
-0.966626 1.8328
-0.966597 1.83196
-0.966597 1.83114
-0.966597 1.83036
-0.966597 1.82957
-0.966568 1.82882
-0.966568 1.82812
-0.966568 1.82748
-0.966568 1.8269
-0.966568 1.8264
-0.966568 1.82594
-0.966568 1.82556
-0.966568 1.82521
-0.966568 1.82489
-0.966568 1.8246
-0.966568 1.82431
-0.966568 1.82408
-0.966568 1.82382
-0.966568 1.82353
-0.966568 1.82329
-0.966568 1.82306
-0.966568 1.82283
-0.966568 1.82263
-0.966568 1.82239
-0.966568 1.82225
-0.966568 1.82207
-0.966539 1.82196
-0.966539 1.82184
-0.96651 1.82178
-0.966481 1.82172
-0.966452 1.82169
-0.966452 1.82169
-0.966423 1.82169
-0.966393 1.82167
-0.966393 1.82167
-0.966364 1.82167
-0.966335 1.82164
-0.966277 1.82161
-0.966248 1.82161
-0.966219 1.82161
-0.966161 1.82158
-0.966103 1.82152
-0.966045 1.82149
-0.965986 1.82146
-0.965928 1.82143
-0.96587 1.82143
-0.965783 1.8214
-0.965696 1.82138
-0.965638 1.82135
-0.96555 1.82129
-0.965463 1.82126
-0.965405 1.82123
-0.965347 1.82123
-0.96526 1.82117
-0.965201 1.82111
-0.965172 1.82108
-0.965114 1.82103
-0.965056 1.82097
-0.964998 1.82091
-0.964969 1.82088
-0.96494 1.82082
-0.964911 1.82079
-0.964882 1.82076
-0.964882 1.82074
-0.964853 1.82071
-0.964853 1.82071
-0.964823 1.82065
-0.964823 1.82065
-0.964823 1.82065
-0.964823 1.82062
-0.964823 1.82062
-0.964823 1.82062
-0.964823 1.82059
-0.964823 1.82059
-0.964823 1.82059
-0.964823 1.82056
-0.964823 1.8205
-0.964823 1.8205
-0.964823 1.8205
-0.964823 1.82047
-0.964823 1.82047
-0.964823 1.82047
-0.964823 1.82044
-0.964823 1.82044
-0.964823 1.82044
-0.964823 1.82042
-0.964823 1.82039
-0.964823 1.82036
-0.964823 1.82033
-0.964823 1.8203
-0.964823 1.82027
-0.964823 1.82024
-0.964823 1.82018
-0.964823 1.82015
-0.964823 1.82012
-0.964823 1.82007
-0.964823 1.82001
-0.964823 1.81995
-0.964823 1.81992
-0.964823 1.81986
-0.964823 1.81981
-0.964823 1.81975
-0.964823 1.81966
-0.964823 1.8196
-0.964823 1.81951
-0.964823 1.81946
-0.964823 1.81937
-0.964823 1.81928
-0.964823 1.81919
-0.964823 1.81914
-0.964823 1.81902
-0.964823 1.81893
-0.964823 1.81882
-0.964823 1.8187
-0.964823 1.81861
-0.964823 1.81847
-0.964823 1.81835
-0.964823 1.81821
-0.964823 1.81809
-0.964823 1.81792
-0.964823 1.8178
-0.964823 1.81762
-0.964823 1.81745
-0.964823 1.81725
-0.964823 1.81704
-0.964823 1.81684
-0.964823 1.81661
-0.964823 1.81637
-0.964823 1.81605
-0.964823 1.81571
-0.964823 1.81539
-0.964823 1.81498
-0.964823 1.8146
-0.964823 1.81425
-0.964823 1.81384
-0.964823 1.81347
-0.964823 1.81306
-0.964823 1.81265
-0.964823 1.81222
-0.964823 1.81178
-0.964823 1.81132
-0.964823 1.81088
-0.964823 1.81039
-0.964823 1.80989
-0.964823 1.8094
-0.964823 1.80884
-0.964823 1.80829
-0.964823 1.80774
-0.964823 1.80716
-0.964823 1.80658
-0.964823 1.80594
-0.964823 1.8053
-0.964823 1.80451
-0.964823 1.80379
-0.964823 1.80297
-0.964823 1.8021
-0.964823 1.8012
-0.964823 1.80024
-0.964823 1.79928
-0.964823 1.79829
-0.964823 1.7973
-0.964823 1.79634
-0.964823 1.79538
-0.964823 1.79442
-0.964823 1.79352
-0.964823 1.79262
-0.964823 1.79172
-0.964823 1.79085
-0.964823 1.79
-0.964823 1.78925
-0.964823 1.78852
-0.964823 1.78779
-0.964823 1.78707
-0.964823 1.78628
-0.964794 1.78547
-0.964794 1.7846
-0.964794 1.78364
-0.964794 1.78271
-0.964765 1.78169
-0.964736 1.78067
-0.964736 1.77965
-0.964678 1.77855
-0.964649 1.77744
-0.96462 1.77634
-0.964591 1.77521
-0.964562 1.7741
-0.964562 1.77308
-0.964533 1.77209
-0.964504 1.77116
-0.964475 1.77029
-0.964445 1.76957
-0.964416 1.76887
-0.964387 1.76829
-0.964329 1.76773
-0.964329 1.7673
-0.9643 1.76686
-0.964271 1.76651
-0.964242 1.76613
-0.964213 1.76581
-0.964184 1.76547
-0.964155 1.76515
-0.964126 1.76483
-0.964097 1.76451
-0.964068 1.76419
-0.964009 1.76387
-0.963951 1.76355
-0.963922 1.76331
-0.963864 1.76299
-0.963777 1.7627
-0.963748 1.7625
-0.96369 1.76227
-0.963631 1.76206
-0.963573 1.76192
-0.963515 1.7618
-0.963457 1.76172
-0.963428 1.76169
-0.963341 1.7616
-0.963283 1.76157
-0.963224 1.76157
-0.963166 1.76154
-0.963108 1.76151
-0.963021 1.76145
-0.962963 1.76145
-0.962875 1.7614
-0.962788 1.7614
-0.962643 1.76128
-0.962556 1.76125
-0.962468 1.76122
-0.962352 1.76116
-0.962265 1.76116
-0.962149 1.76113
-0.962032 1.76108
-0.961945 1.76108
-0.961829 1.76105
-0.961713 1.76102
-0.961596 1.76099
-0.961509 1.76093
-0.961393 1.76084
-0.961305 1.76076
-0.961218 1.76067
-0.96116 1.76061
-0.961073 1.76052
-0.960986 1.76044
-0.960928 1.76038
-0.960869 1.76032
-0.960782 1.76023
-0.960724 1.76017
-0.960695 1.76015
-0.960666 1.76012
-0.960637 1.76009
-0.960608 1.76006
-0.960579 1.76003
-0.96055 1.76
-0.96055 1.76
-0.96052 1.75997
-0.96052 1.75997
-0.96052 1.75997
-0.96052 1.75997
-0.96052 1.75994
-0.96052 1.75994
-0.96052 1.75994
-0.96052 1.75991
-0.96052 1.75991
-0.96052 1.75985
-0.96052 1.75983
-0.96052 1.75983
-0.96052 1.7598
-0.96052 1.7598
-0.96052 1.75977
-0.96052 1.75977
-0.96052 1.75974
-0.96052 1.75971
-0.96052 1.75968
-0.96052 1.75965
-0.96052 1.75962
-0.96052 1.75959
-0.96052 1.75953
-0.96052 1.75948
-0.96052 1.75945
-0.96052 1.75942
-0.96052 1.75936
-0.96052 1.7593
-0.96052 1.75924
-0.96052 1.75919
-0.96052 1.75913
-0.96052 1.7591
-0.96052 1.75904
-0.96052 1.75898
-0.96052 1.75892
-0.96052 1.75887
-0.96052 1.75884
-0.96052 1.75878
-0.96052 1.75869
-0.96052 1.7586
-0.96052 1.75852
-0.96052 1.75843
-0.96052 1.75834
-0.96052 1.75823
-0.96052 1.75814
-0.96052 1.75802
-0.96052 1.75788
-0.96052 1.75773
-0.96052 1.75753
-0.96052 1.75738
-0.96052 1.75721
-0.96052 1.75703
-0.96052 1.75686
-0.96052 1.75666
-0.96052 1.75645
-0.96052 1.75622
-0.96052 1.75602
-0.96052 1.75575
-0.96052 1.75549
-0.96052 1.7552
-0.96052 1.75491
-0.96052 1.75456
-0.96052 1.75421
-0.96052 1.75381
-0.96052 1.75337
-0.96052 1.75293
-0.96052 1.75241
-0.96052 1.75189
-0.96052 1.75136
-0.96052 1.75078
-0.96052 1.75023
-0.96052 1.74962
-0.96052 1.74901
-0.96052 1.7484
-0.96052 1.74776
-0.96052 1.74706
-0.96052 1.74636
-0.96052 1.74561
-0.96052 1.74479
-0.96052 1.74395
-0.96052 1.74311
-0.96052 1.74221
-0.96052 1.74131
-0.96052 1.7404
-0.96052 1.73947
-0.96052 1.73854
-0.96052 1.73761
-0.96052 1.73668
-0.96052 1.73575
-0.96052 1.73485
-0.96052 1.73398
-0.96052 1.73314
-0.96052 1.73229
-0.96052 1.73151
-0.96052 1.73069
-0.96052 1.72994
-0.96052 1.72915
-0.96052 1.72831
-0.96052 1.72744
-0.96052 1.72656
-0.96052 1.72566
-0.96052 1.7247
-0.96052 1.72372
-0.960462 1.72264
-0.960462 1.72153
-0.960462 1.7204
-0.960462 1.7193
-0.960462 1.71819
-0.960462 1.71685
-0.960462 1.71584
-0.960462 1.71488
-0.960462 1.71389
-0.960462 1.71313
-0.960462 1.71246
-0.960462 1.71191
-0.960462 1.71139
-0.960462 1.71095
-0.960462 1.71054
-0.960462 1.71017
-0.960462 1.70985
-0.960462 1.70953
-0.960462 1.70924
-0.960462 1.70895
-0.960462 1.7086
-0.960462 1.70831
-0.960462 1.70804
-0.960462 1.70781
-0.960462 1.70755
-0.960462 1.70732
-0.960462 1.70708
-0.960462 1.70691
-0.960462 1.70674
-0.960433 1.70656
-0.960433 1.70645
-0.960433 1.70633
-0.960404 1.70627
-0.960404 1.70624
-0.960404 1.70624
-0.960404 1.70624
-0.960375 1.70621
-0.960346 1.70618
-0.960346 1.70618
-0.960288 1.70613
-0.960259 1.7061
-0.960201 1.70604
-0.960113 1.70595
-0.960055 1.70592
-0.959968 1.70583
-0.959852 1.70575
-0.959765 1.70569
-0.959619 1.7056
-0.959503 1.70551
-0.959387 1.70549
-0.959241 1.7054
-0.959125 1.70534
-0.95898 1.70525
-0.958892 1.7052
-0.958747 1.70505
-0.958631 1.70493
-0.958514 1.70482
-0.958398 1.7047
-0.958282 1.70458
-0.958165 1.70447
-0.958107 1.70441
-0.957991 1.70429
-0.957875 1.70418
-0.957817 1.70412
-0.957729 1.70403
-0.957642 1.70394
-0.957526 1.70383
-0.957468 1.70377
-0.95738 1.70368
-0.957293 1.7036
-0.957206 1.70351
-0.957148 1.70345
-0.957061 1.70336
-0.956973 1.70328
-0.956944 1.70325
-0.956857 1.70316
-0.956741 1.70304
-0.956683 1.70299
-0.956625 1.70293
-0.956537 1.70284
-0.956479 1.70278
-0.956392 1.70269
-0.956334 1.70264
-0.956276 1.70258
-0.956188 1.70249
-0.95613 1.70243
-0.956043 1.70232
-0.955985 1.70226
-0.955898 1.70217
-0.95584 1.70211
-0.955781 1.70206
-0.955694 1.70191
-0.955636 1.70185
-0.955578 1.70179
-0.95552 1.70171
-0.955462 1.70162
-0.955374 1.70153
-0.955345 1.70147
-0.955287 1.70139
-0.955229 1.70133
-0.955142 1.70121
-0.955084 1.70112
-0.955025 1.70104
-0.954996 1.70098
-0.954909 1.70086
-0.954851 1.70075
-0.954764 1.70066
-0.954735 1.7006
-0.954677 1.70051
-0.954589 1.7004
-0.954531 1.70031
-0.954473 1.70019
-0.954444 1.70014
-0.954386 1.70002
-0.954299 1.69987
-0.95424 1.69976
-0.954211 1.69967
-0.954153 1.69953
-0.954066 1.69935
-0.954008 1.69921
-0.95395 1.69906
-0.953892 1.69889
-0.953833 1.69874
-0.953775 1.69854
-0.953717 1.69836
-0.953659 1.69819
-0.953601 1.69801
-0.953543 1.69781
-0.953455 1.69758
-0.953397 1.69735
-0.95331 1.69711
-0.953252 1.69688
-0.953165 1.69659
-0.953107 1.69636
-0.953019 1.69607
-0.952961 1.69575
-0.952903 1.69546
-0.952816 1.69511
-0.952729 1.6947
-0.952641 1.69432
-0.952554 1.69386
-0.952496 1.69345
-0.952409 1.69293
-0.952322 1.69246
-0.952234 1.69197
-0.952147 1.69144
-0.95206 1.69092
-0.951973 1.69037
-0.951885 1.68981
-0.951798 1.68926
-0.951682 1.68865
-0.951595 1.68807
-0.951508 1.68746
-0.951362 1.68662
-0.951304 1.68592
-0.951188 1.68513
-0.951071 1.68429
-0.951013 1.68345
-0.950897 1.68252
-0.95081 1.68159
-0.950693 1.68063
-0.950577 1.67964
-0.95049 1.67871
-0.950374 1.67775
-0.950257 1.67679
-0.95017 1.67583
-0.950054 1.6749
-0.949938 1.67397
-0.949821 1.67307
-0.949705 1.67217
-0.949589 1.67129
-0.949501 1.67045
-0.949385 1.66964
-0.949269 1.66882
-0.949123 1.66801
-0.949036 1.66725
-0.94892 1.66647
-0.948804 1.66568
-0.948687 1.66487
-0.948571 1.664
-0.948455 1.6631
-0.948338 1.66219
-0.948222 1.66124
-0.948106 1.66028
-0.94799 1.65923
-0.947902 1.65827
-0.947786 1.65725
-0.94767 1.65626
-0.947583 1.6553
-0.947466 1.65434
-0.947379 1.65347
-0.947292 1.65263
-0.947175 1.65179
-0.947117 1.65109
-0.94703 1.65039
-0.946943 1.64975
-0.946856 1.6492
-0.946798 1.64876
-0.94671 1.64836
-0.946652 1.64798
-0.946594 1.64769
-0.946507 1.64737
-0.946478 1.64713
-0.94642 1.6469
-0.94639 1.6467
-0.946361 1.64649
-0.946303 1.64626
-0.946274 1.64606
-0.946245 1.64585
-0.946216 1.64568
-0.946187 1.64551
-0.946187 1.64539
-0.946158 1.64524
-0.946158 1.64522
-0.946158 1.64519
-0.946158 1.64519
-0.946158 1.64519
-0.946158 1.64519
-0.946158 1.64519
-0.946158 1.64519
-0.946158 1.64519
-0.946158 1.64519
-0.946129 1.64516
-0.946129 1.64516
-0.9461 1.64513
-0.946071 1.6451
-0.946013 1.64507
-0.945954 1.64501
-0.945925 1.64501
-0.945838 1.64498
-0.94578 1.64495
-0.945693 1.6449
-0.945635 1.64487
-0.945547 1.64478
-0.945489 1.64475
-0.945431 1.64472
-0.945373 1.64466
-0.945344 1.64463
-0.945315 1.6446
-0.945257 1.64455
-0.945228 1.64452
-0.945198 1.64449
-0.945169 1.64446
-0.945169 1.64443
-0.94514 1.6444
-0.94514 1.6444
-0.94514 1.6444
-0.94514 1.6444
-0.94514 1.64437
-0.94514 1.64437
-0.94514 1.64437
-0.94514 1.64434
-0.94514 1.64434
-0.94514 1.64431
-0.94514 1.64428
-0.94514 1.64428
-0.94514 1.64426
-0.94514 1.64426
-0.94514 1.64426
-0.94514 1.64426
-0.94514 1.64423
-0.94514 1.64423
-0.94514 1.64423
-0.94514 1.64423
-0.94514 1.6442
-0.94514 1.64417
-0.94514 1.64414
-0.94514 1.64408
-0.94514 1.64402
-0.94514 1.64397
-0.94514 1.64391
-0.94514 1.64385
-0.94514 1.64376
-0.94514 1.6437
-0.94514 1.64359
-0.94514 1.64353
-0.94514 1.64344
-0.94514 1.64338
-0.94514 1.6433
-0.94514 1.64321
-0.94514 1.64312
-0.94514 1.64303
-0.94514 1.64295
-0.94514 1.64286
-0.94514 1.64274
-0.94514 1.64263
-0.94514 1.64254
-0.945169 1.64242
-0.945169 1.64231
-0.945169 1.64216
-0.945169 1.64205
-0.945169 1.64187
-0.945169 1.64173
-0.945169 1.64155
-0.945169 1.64138
-0.945169 1.6412
-0.945169 1.641
-0.945169 1.64083
-0.945169 1.64062
-0.945169 1.64039
-0.945169 1.64019
-0.945169 1.63995
-0.945169 1.63969
-0.945169 1.63943
-0.945169 1.63914
-0.945169 1.63879
-0.945169 1.63847
-0.945169 1.63812
-0.945169 1.63777
-0.945169 1.63739
-0.945169 1.63702
-0.945169 1.63661
-0.945169 1.63617
-0.945169 1.63574
-0.945169 1.63527
-0.945169 1.63478
-0.945169 1.63428
-0.945169 1.63373
-0.945169 1.63315
-0.945169 1.6326
-0.945169 1.63202
-0.945169 1.63138
-0.945169 1.63077
-0.945169 1.63013
-0.945169 1.62946
-0.945169 1.62879
-0.945169 1.62806
-0.945169 1.62728
-0.945169 1.62643
-0.945169 1.62556
-0.945169 1.62466
-0.945169 1.6237
-0.945169 1.62274
-0.945169 1.62175
-0.945169 1.62073
-0.945169 1.61972
-0.945169 1.6187
-0.945169 1.61765
-0.945169 1.61666
-0.945169 1.61568
-0.945169 1.61472
-0.945169 1.61382
-0.945169 1.61291
-0.945169 1.61207
-0.945169 1.61117
-0.945169 1.61036
-0.945169 1.60951
-0.945169 1.60864
-0.945169 1.60774
-0.945169 1.60678
-0.945169 1.60579
-0.945169 1.60474
-0.945169 1.6037
-0.945169 1.60256
-0.945169 1.60143
-0.945169 1.60021
-0.945169 1.59902
-0.945169 1.5978
-0.945169 1.59657
-0.945169 1.59541
-0.945169 1.59434
-0.945169 1.59338
-0.945169 1.59245
-0.945169 1.59163
-0.945169 1.59088
-0.945169 1.59018
-0.945169 1.5896
-0.945169 1.58904
-0.945169 1.58849
-0.945169 1.58803
-0.945169 1.58759
-0.945169 1.58718
-0.945169 1.58678
-0.945169 1.58637
-0.945169 1.58593
-0.945169 1.5855
-0.945169 1.58509
-0.945169 1.58465
-0.945169 1.58428
-0.945169 1.58384
-0.945169 1.58346
-0.945169 1.58311
-0.945169 1.58276
-0.945169 1.5825
-0.945169 1.58224
-0.945169 1.58207
-0.945169 1.58198
-0.945169 1.58192
-0.945169 1.58189
-0.945169 1.58192
-0.945169 1.58195
-0.945169 1.58198
-0.945169 1.58198
-0.945169 1.58198
-0.945169 1.58198
-0.94514 1.58198
-0.94514 1.58201
-0.94514 1.58201
-0.945111 1.58198
-0.945082 1.58198
-0.945024 1.58192
-0.944995 1.58192
-0.944937 1.58186
-0.944879 1.58186
-0.94485 1.58183
-0.94482 1.5818
-0.944791 1.5818
-0.944762 1.58178
-0.944733 1.58175
-0.944733 1.58175
-0.944704 1.58172
-0.944675 1.58169
-0.944675 1.58169
-0.944675 1.58169
-0.944675 1.58169
-0.944675 1.58169
-0.944675 1.58169
-0.944675 1.58166
-0.944675 1.58166
-0.944675 1.58163
-0.944675 1.58163
-0.944675 1.5816
-0.944675 1.5816
-0.944675 1.58157
-0.944675 1.58157
-0.944675 1.58157
-0.944675 1.58157
-0.944675 1.58154
-0.944675 1.58154
-0.944675 1.58154
-0.944675 1.58151
-0.944675 1.58151
-0.944675 1.58151
-0.944675 1.58148
-0.944675 1.58143
-0.944675 1.5814
-0.944675 1.58137
-0.944675 1.58134
-0.944675 1.58128
-0.944675 1.58122
-0.944675 1.58119
-0.944675 1.58111
-0.944675 1.58105
-0.944675 1.58099
-0.944675 1.5809
-0.944675 1.58079
-0.944675 1.5807
-0.944675 1.58058
-0.944675 1.5805
-0.944675 1.58038
-0.944675 1.58023
-0.944675 1.58009
-0.944675 1.57994
-0.944675 1.5798
-0.944675 1.57962
-0.944675 1.57945
-0.944675 1.57928
-0.944675 1.57907
-0.944675 1.57887
-0.944675 1.57866
-0.944675 1.57843
-0.944675 1.5782
-0.944675 1.57794
-0.944675 1.57768
-0.944675 1.57739
-0.944675 1.57707
-0.944675 1.57675
-0.944675 1.5764
-0.944675 1.57602
-0.944675 1.57561
-0.944675 1.57515
-0.944675 1.57468
-0.944675 1.57416
-0.944675 1.57361
-0.944675 1.57302
-0.944675 1.57241
-0.944675 1.57172
-0.944675 1.57105
-0.944675 1.57035
-0.944675 1.56962
-0.944675 1.56878
-0.944675 1.56802
-0.944675 1.56727
-0.944675 1.56651
-0.944675 1.5657
-0.944675 1.56494
-0.944675 1.56419
-0.944675 1.56343
-0.944675 1.56267
-0.944675 1.56192
-0.944675 1.56113
-0.944675 1.56038
-0.944675 1.55962
-0.944675 1.55887
-0.944675 1.55814
-0.944675 1.55738
-0.944675 1.55663
-0.944675 1.55584
-0.944675 1.55506
-0.944675 1.55421
-0.944675 1.55334
-0.944675 1.55244
-0.944675 1.55154
-0.944675 1.55058
-0.944675 1.54962
-0.944675 1.54866
-0.944675 1.54764
-0.944675 1.54665
-0.944675 1.54564
-0.944675 1.54468
-0.944675 1.54378
-0.944675 1.5429
-0.944675 1.54209
-0.944675 1.54136
-0.944675 1.54069
-0.944675 1.54008
-0.944675 1.5395
-0.944675 1.53898
-0.944646 1.53846
-0.944646 1.53799
-0.944646 1.53752
-0.944646 1.53709
-0.944646 1.53662
-0.944646 1.53619
-0.944646 1.53575
-0.944646 1.53532
-0.944646 1.53485
-0.944646 1.53438
-0.944646 1.53389
-0.944646 1.53331
-0.944646 1.53279
-0.944646 1.53223
-0.944646 1.5318
-0.944646 1.53139
-0.944646 1.53098
-0.944646 1.53066
-0.944646 1.53037
-0.944646 1.5302
-0.944646 1.53008
-0.944646 1.53002
-0.944646 1.52999
-0.944646 1.52999
-0.944646 1.52999
-0.944646 1.52999
-0.944646 1.52999
-0.944646 1.52999
-0.944646 1.52999
-0.944588 1.52994
-0.944588 1.52994
-0.944588 1.52994
-0.944588 1.52994
-0.944588 1.52994
-0.944588 1.52994
-0.944559 1.52991
-0.944559 1.52991
-0.944559 1.52991
-0.944559 1.52991
-0.944559 1.52991
-0.944559 1.52991
-0.94453 1.52988
-0.94453 1.52988
-0.94453 1.52988
-0.944501 1.52985
-0.944501 1.52985
-0.944472 1.52982
-0.944472 1.52982
-0.944472 1.52982
-0.944443 1.52979
-0.944443 1.52979
-0.944443 1.52979
-0.944443 1.52976
-0.944443 1.5297
-0.944443 1.52967
-0.944443 1.52965
-0.944443 1.52956
-0.944443 1.5295
-0.944443 1.52938
-0.944443 1.5293
-0.944443 1.52918
-0.944443 1.52909
-0.944443 1.52898
-0.944443 1.52886
-0.944443 1.52872
-0.944443 1.52857
-0.944443 1.52845
-0.944443 1.52831
-0.944443 1.52816
-0.944443 1.52799
-0.944443 1.52784
-0.944443 1.52767
-0.944443 1.52749
-0.944443 1.52726
-0.944443 1.52709
-0.944443 1.52685
-0.944443 1.52662
-0.944443 1.52639
-0.944443 1.5261
-0.944443 1.52581
-0.944413 1.52552
-0.944413 1.52517
-0.944413 1.52482
-0.944413 1.52444
-0.944413 1.52403
-0.944413 1.5236
-0.944413 1.5231
-0.944413 1.52258
-0.944413 1.522
-0.944413 1.52139
-0.944413 1.52069
-0.944384 1.51994
-0.944384 1.51918
-0.944384 1.51839
-0.944384 1.51758
-0.944384 1.5168
-0.944384 1.51598
-0.944355 1.51514
-0.944355 1.51421
-0.944326 1.51336
-0.944326 1.51258
-0.944268 1.51174
-0.944268 1.51098
-0.944239 1.51017
-0.94421 1.50935
-0.944181 1.50854
-0.944152 1.50775
-0.944152 1.50703
-0.944123 1.5063
-0.944094 1.50554
-0.944065 1.50476
-0.944035 1.50394
-0.944035 1.5031
-0.944006 1.50217
-0.943948 1.50115
-0.943948 1.50016
-0.943948 1.49918
-0.943919 1.4981
-0.943919 1.49705
-0.94389 1.49595
-0.94389 1.49484
-0.94389 1.49377
-0.943861 1.49266
-0.943861 1.49165
-0.943832 1.49063
-0.943803 1.48967
-0.943774 1.4888
-0.943745 1.48801
-0.943716 1.48731
-0.943687 1.48667
-0.943658 1.48612
-0.943599 1.48554
-0.94357 1.48502
-0.943541 1.48452
-0.943483 1.48397
-0.943454 1.48351
-0.943425 1.48301
-0.943396 1.48249
-0.943367 1.48188
-0.943338 1.48138
-0.943338 1.4808
-0.94328 1.48025
-0.94328 1.47975
-0.94328 1.47923
-0.94325 1.47874
-0.94325 1.47824
-0.943221 1.47786
-0.943221 1.47752
-0.943221 1.4772
-0.943192 1.47693
-0.943192 1.47676
-0.943192 1.47667
-0.943163 1.47659
-0.943163 1.47659
-0.943134 1.47656
-0.943134 1.47656
-0.943105 1.47653
-0.943105 1.47653
-0.943105 1.47653
-0.943076 1.4765
-0.943047 1.4765
-0.943047 1.4765
-0.943018 1.47647
-0.94296 1.47641
-0.942931 1.47638
-0.942902 1.47635
-0.942873 1.47632
-0.942843 1.47629
-0.942814 1.47627
-0.942756 1.47621
-0.942727 1.47618
-0.942698 1.47615
-0.94264 1.47609
-0.942611 1.47606
-0.942553 1.476
-0.942524 1.47598
-0.942465 1.47592
-0.942436 1.47589
-0.942407 1.47586
-0.942349 1.4758
-0.942291 1.47574
-0.942262 1.47571
-0.942233 1.47566
-0.942204 1.47563
-0.942175 1.4756
-0.942175 1.4756
-0.942146 1.47554
-0.942117 1.47548
-0.942088 1.47542
-0.942058 1.47536
-0.942058 1.47531
-0.942 1.47519
-0.942 1.47513
-0.941971 1.47504
-0.941942 1.47496
-0.941942 1.4749
-0.941913 1.47478
-0.941913 1.4747
-0.941884 1.47458
-0.941884 1.47446
-0.941855 1.47429
-0.941855 1.47417
-0.941855 1.47403
-0.941826 1.47382
-0.941826 1.47365
-0.941797 1.47342
-0.941797 1.47321
-0.941768 1.47292
-0.941768 1.47269
-0.941768 1.47243
-0.941739 1.47208
-0.941739 1.47179
-0.94168 1.47141
-0.94168 1.47106
-0.941651 1.47068
-0.941622 1.47028
-0.941593 1.46987
-0.941564 1.4694
-0.941535 1.46894
-0.941506 1.46844
-0.941477 1.46792
-0.941448 1.46737
-0.94139 1.46673
-0.941332 1.46606
-0.941303 1.46536
-0.941244 1.46461
-0.941186 1.46376
-0.941157 1.46295
-0.941099 1.46211
-0.94107 1.46126
-0.940983 1.46036
-0.940925 1.45946
-0.940866 1.45859
-0.940779 1.4574
-0.940721 1.4565
-0.940634 1.45554
-0.940576 1.45461
-0.940488 1.45368
-0.940372 1.45272
-0.940314 1.45181
-0.940227 1.45091
-0.94014 1.45001
-0.940052 1.44911
-0.939965 1.44821
-0.939878 1.44725
-0.93982 1.44632
-0.939733 1.4453
-0.939645 1.44426
-0.939558 1.44315
-0.9395 1.44202
-0.939413 1.4408
-0.939325 1.43957
-0.939267 1.43832
-0.939209 1.43707
-0.939151 1.43582
-0.939064 1.43457
-0.939006 1.43341
-0.938918 1.43228
-0.93886 1.43123
-0.938773 1.43024
-0.938686 1.42937
-0.938599 1.42856
-0.938511 1.42783
-0.938424 1.42716
-0.938337 1.42652
-0.93825 1.42591
-0.938163 1.42533
-0.938075 1.42478
-0.938017 1.42425
-0.937959 1.42373
-0.937901 1.42321
-0.937843 1.42268
-0.937785 1.42216
-0.937726 1.42164
-0.937668 1.42108
-0.937639 1.42047
-0.937581 1.41995
-0.937581 1.41946
-0.937552 1.41896
-0.937523 1.4185
-0.937465 1.41803
-0.937465 1.41765
-0.937436 1.41733
-0.937436 1.41707
-0.937407 1.41687
-0.937407 1.41675
-0.937378 1.41666
-0.937378 1.41666
-0.937348 1.41663
-0.937348 1.41666
-0.937319 1.41663
-0.93729 1.41661
-0.937261 1.41658
-0.937232 1.41658
-0.937203 1.41655
-0.937145 1.41649
-0.937116 1.41646
-0.937087 1.41646
-0.937058 1.41643
-0.937029 1.4164
-0.937 1.41637
-0.936941 1.41632
-0.936912 1.41629
-0.936883 1.41626
-0.936796 1.41617
-0.936767 1.41614
-0.936738 1.41611
-0.93668 1.41605
-0.936622 1.416
-0.936593 1.41597
-0.936563 1.41594
-0.936534 1.41591
-0.936476 1.41582
-0.936447 1.41579
-0.936418 1.41576
-0.936389 1.41573
-0.936331 1.41565
-0.936302 1.41562
-0.936244 1.41556
-0.936215 1.4155
-0.936156 1.41544
-0.936127 1.41538
-0.936098 1.41533
-0.936069 1.41527
-0.93604 1.41521
-0.935982 1.41512
-0.935982 1.41504
-0.935924 1.41495
-0.935895 1.41486
-0.935837 1.41472
-0.935808 1.4146
-0.935749 1.41445
-0.93572 1.41434
-0.935691 1.41419
-0.935662 1.41405
-0.935633 1.4139
-0.935604 1.41373
-0.935517 1.41352
-0.935488 1.41335
-0.93543 1.41312
-0.9354 1.41291
-0.935342 1.41268
-0.935284 1.41239
-0.935226 1.41213
-0.935168 1.41187
-0.93511 1.41155
-0.935052 1.41126
-0.934993 1.41091
-0.934935 1.41056
-0.934848 1.41015
-0.93479 1.40972
-0.934703 1.40925
-0.934645 1.40876
-0.934557 1.4082
-0.93447 1.40759
-0.934383 1.40695
-0.934296 1.40623
-0.934208 1.40547
-0.934121 1.40469
-0.934034 1.40387
-0.933889 1.40285
-0.933801 1.40201
-0.933685 1.40117
-0.933569 1.4003
-0.933423 1.39942
-0.933307 1.39855
-0.933162 1.39768
-0.933016 1.39678
-0.932871 1.39585
-0.932697 1.39489
-0.932551 1.39399
-0.932377 1.39306
-0.932231 1.39213
-0.932086 1.3912
-0.931912 1.39029
-0.931737 1.38936
-0.931563 1.3884
-0.931388 1.38747
-0.931214 1.38651
-0.931068 1.38553
-0.930894 1.38448
-0.930749 1.38346
-0.930574 1.38233
-0.930429 1.38119
-0.930254 1.38
-0.930109 1.37884
-0.929964 1.37762
-0.929818 1.3764
-0.929644 1.37515
-0.929498 1.3739
-0.929324 1.37262
-0.929179 1.37137
-0.929004 1.37015
-0.92883 1.36898
-0.928655 1.36791
-0.928481 1.36695
-0.928306 1.36605
-0.928103 1.3652
-0.927899 1.36439
-0.927696 1.36366
-0.927521 1.36299
-0.927318 1.36232
-0.927143 1.36171
-0.92694 1.36107
-0.926765 1.36049
-0.926591 1.35991
-0.926388 1.35927
-0.926213 1.35866
-0.926039 1.35808
-0.925893 1.3575
-0.925719 1.35686
-0.925573 1.35631
-0.925399 1.3557
-0.925254 1.35511
-0.925108 1.35456
-0.924963 1.35404
-0.924818 1.35352
-0.924672 1.35305
-0.924556 1.35267
-0.92441 1.35226
-0.924265 1.35195
-0.92412 1.35165
-0.923974 1.35148
-0.923829 1.35131
-0.923713 1.35119
-0.923567 1.35107
-0.923422 1.35096
-0.923277 1.35084
-0.923131 1.35072
-0.922986 1.35061
-0.92284 1.35046
-0.922666 1.35032
-0.922521 1.3502
-0.922346 1.35003
-0.922172 1.34988
-0.922026 1.34974
-0.921852 1.34959
-0.921648 1.34939
-0.921474 1.34921
-0.92127 1.34907
-0.921096 1.34889
-0.920893 1.34869
-0.920718 1.34851
-0.920515 1.34831
-0.920282 1.34808
-0.920078 1.34787
-0.919904 1.3477
-0.9197 1.3475
-0.919468 1.34726
-0.919264 1.34706
-0.919061 1.34683
-0.918828 1.3466
-0.918625 1.34639
-0.918392 1.34613
-0.918189 1.34593
-0.917985 1.34572
-0.917782 1.34549
-0.917578 1.34529
-0.917375 1.34505
-0.917142 1.34482
-0.916938 1.34459
-0.916735 1.34439
-0.916531 1.34412
-0.916357 1.34395
-0.916212 1.3438
-0.916008 1.34357
-0.915863 1.34343
-0.915688 1.34325
-0.915514 1.34308
-0.915368 1.3429
-0.915194 1.34273
-0.915049 1.34258
-0.914903 1.34244
-0.914758 1.34229
-0.914642 1.34218
-0.914525 1.34203
-0.914409 1.34191
-0.914264 1.34174
-0.914205 1.34165
-0.914089 1.34151
-0.913973 1.34139
-0.913915 1.34127
-0.913828 1.34116
-0.913769 1.34104
-0.913711 1.34093
-0.913653 1.34078
-0.913595 1.34064
-0.913566 1.34052
-0.913479 1.34032
-0.91345 1.34014
-0.91342 1.34
-0.91342 1.33982
-0.913391 1.33962
-0.913391 1.33944
-0.913391 1.33924
-0.913391 1.33901
-0.913391 1.33877
-0.913391 1.33851
-0.913391 1.33819
-0.913391 1.3379
-0.913391 1.33761
-0.913391 1.33723
-0.913391 1.33688
-0.913391 1.33645
-0.913391 1.33593
-0.913391 1.33549
-0.913391 1.33499
-0.913391 1.33444
-0.913391 1.33386
-0.913391 1.33325
-0.913391 1.33255
-0.913391 1.33185
-0.913391 1.3311
-0.913391 1.33034
-0.913391 1.32953
-0.913362 1.32866
-0.913362 1.32778
-0.913333 1.32688
-0.913304 1.32592
-0.913275 1.32494
-0.913246 1.32398
-0.913188 1.32302
-0.91313 1.32206
-0.91313 1.3211
-0.913072 1.32017
-0.913013 1.31924
-0.912955 1.31834
-0.912926 1.31746
-0.912897 1.31656
-0.912839 1.3156
-0.91281 1.31461
-0.912781 1.31357
-0.912781 1.31246
-0.912752 1.31127
-0.912752 1.31005
-0.912752 1.3088
-0.912752 1.30746
-0.912752 1.3061
-0.912752 1.30467
-0.912752 1.30319
-0.912752 1.30173
-0.912752 1.30031
-0.912723 1.29894
-0.912723 1.29766
-0.912723 1.29644
-0.912723 1.29531
-0.912723 1.29423
-0.912723 1.29327
-0.912723 1.29237
-0.912694 1.2915
-0.912694 1.29069
-0.912665 1.28981
-0.912665 1.28897
-0.912665 1.2881
-0.912635 1.28714
-0.912635 1.28618
-0.912635 1.28513
-0.912635 1.28412
-0.912635 1.28301
-0.912635 1.28188
-0.912635 1.28074
-0.912635 1.27955
-0.912635 1.27836
-0.912635 1.2772
-0.912635 1.27606
-0.912635 1.27496
-0.912635 1.27391
-0.912635 1.27295
-0.912635 1.27205
-0.912635 1.27124
-0.912635 1.27051
-0.912635 1.2699
-0.912635 1.26932
-0.912635 1.26879
-0.912635 1.26833
-0.912635 1.26792
-0.912606 1.26748
-0.912577 1.26711
-0.912519 1.26673
-0.91249 1.26638
-0.91249 1.26612
-0.91249 1.26589
-0.91249 1.26565
-0.91249 1.26548
-0.91249 1.26533
-0.91249 1.26522
-0.91249 1.2651
-0.91249 1.26501
-0.91249 1.26496
-0.91249 1.26493
-0.912519 1.26496
-0.912519 1.26496
-0.912519 1.26496
-0.912519 1.26496
-0.912519 1.26496
-0.912519 1.26496
-0.912519 1.26496
-0.912519 1.26496
-0.912519 1.26496
-0.91249 1.26493
-0.912461 1.2649
-0.912403 1.26484
-0.912287 1.26472
-0.91217 1.26461
-0.912025 1.26446
-0.91185 1.26429
-0.911705 1.26414
-0.91156 1.26403
-0.911443 1.26394
-0.911298 1.26382
-0.911182 1.26371
-0.911036 1.26356
-0.910891 1.26341
-0.910746 1.26327
-0.910629 1.26315
-0.910484 1.26301
-0.910368 1.26289
-0.910251 1.26277
-0.910135 1.26266
-0.910048 1.26257
-0.909932 1.26246
-0.909844 1.26237
-0.909757 1.26228
-0.90967 1.26219
-0.909583 1.26211
-0.909495 1.26202
-0.909437 1.26196
-0.909408 1.26193
-0.90935 1.26187
-0.909263 1.26173
-0.909234 1.26167
-0.909176 1.26158
-0.909147 1.26152
-0.909118 1.26144
-0.909088 1.26135
-0.909088 1.26126
-0.909059 1.26112
-0.909059 1.261
-0.90903 1.26086
-0.90903 1.26071
-0.90903 1.26057
-0.90903 1.26039
-0.90903 1.26019
-0.90903 1.25998
-0.90903 1.25981
-0.90903 1.25958
-0.90903 1.25932
-0.90903 1.25902
-0.90903 1.25873
-0.90903 1.25841
-0.90903 1.25806
-0.90903 1.25772
-0.90903 1.25731
