torque_1 torque_2
-0.0038863 0.167564
-0.0154363 0.178364
-0.0266363 0.188864
-0.0378363 0.199364
-0.0493863 0.210164
-0.0605863 0.220664
-0.0721363 0.231464
-0.0833363 0.241964
-0.0945363 0.252764
-0.106086 0.263264
-0.117286 0.274064
-0.128836 0.284564
-0.140036 0.295364
-0.151236 0.305864
-0.162786 0.316664
-0.173986 0.327164
-0.185536 0.337964
-0.196736 0.347592
-0.207936 0.358392
-0.219486 0.368892
-0.230686 0.379692
-0.241886 0.390492
-0.253436 0.400992
-0.264636 0.411792
-0.275836 0.422001
-0.287386 0.43222
-0.298586 0.44302
-0.309786 0.452648
-0.321336 0.464029
-0.332536 0.474248
-0.343736 0.487655
-0.355286 0.493803
-0.366486 0.503731
-0.377686 0.513659
-0.389236 0.524459
-0.400436 0.53584
-0.411986 0.54287
-0.423186 0.552798
-0.434386 0.566505
-0.445936 0.575561
-0.457136 0.581709
-0.468686 0.596289
-0.479886 0.601274
-0.491086 0.613527
-0.502636 0.624037
-0.513836 0.629322
-0.525036 0.642448
-0.536586 0.645689
-0.547786 0.656489
-0.555993 0.663509
-0.569519 0.667922
-0.580719 0.676105
-0.592269 0.685161
-0.603469 0.694216
-0.614669 0.704153
-0.626219 0.710883
-0.636401 0.721392
-0.647601 0.724051
-0.659151 0.738931
-0.670351 0.74159
-0.680534 0.750646
-0.691734 0.764653
-0.703284 0.773127
-0.714484 0.781311
-0.718851 0.78805
-0.736216 0.797977
-0.747416 0.802381
-0.738991 0.811737
-0.769148 0.821374
-0.760723 0.828685
-0.777884 0.837168
-0.777599 0.849703
-0.794759 0.856433
-0.82006 0.86607
-0.819921 0.872509
-0.839408 0.877494
-0.843775 0.88277
-0.836659 0.890663
-0.846841 0.897674
-0.872287 0.904985
-0.868659 0.911424
-0.896432 0.918153
-0.905596 0.92779
-0.890339 0.932776
-0.892526 0.945611
-0.92277 0.947398
-0.92612 0.960233
-0.938773 0.962892
-0.934128 0.973983
-0.936315 0.981294
-0.956237 0.986861
-0.967873 0.991264
-0.963228 0.997703
-0.972393 1.00589
-0.972545 1.0132
-0.980692 1.02603
-0.99131 1.03247
-1.00295 1.03804
-1.01109 1.04622
-1.01822 1.04714
-1.02782 1.05183
-1.02449 1.05827
-1.03511 1.07111
-1.0354 1.0697
-1.0573 1.08167
-1.05062 1.08316
-1.05877 1.0928
-1.07186 1.0972
-1.07099 1.1019
-1.07478 1.10631
-1.07289 1.10809
-1.08215 1.11104
-1.09073 1.11806
-1.09684 1.12101
-1.09147 1.11902
-1.10668 1.12749
-1.10131 1.12957
-1.10538 1.12873
-1.11048 1.12993
-1.11188 1.13114
-1.11247 1.1306
-1.11654 1.13064
-1.11612 1.12691
-1.11635 1.12928
-1.12741 1.12641
-1.12451 1.12413
-1.1307 1.12068
-1.12446 1.11985
-1.13333 1.11408
-1.13058 1.11238
-1.14157 1.10341
-1.13533 1.09851
-1.14086 1.09244
-1.13557 1.08667
-1.14212 1.07916
-1.13617 1.07048
-1.14484 1.06209
-1.13307 1.05195
-1.14093 1.04618
-1.13477 1.03373
-1.13332 1.02505
-1.13333 1.0155
-1.134 1.00188
-1.14331 0.991453
-1.12471 0.975214
-1.12786 0.960429
-1.13019 0.945944
-1.13717 0.929705
-1.12985 0.911431
-1.11954 0.890831
-1.12515 0.872848
-1.12749 0.85312
-1.12066 0.831076
-1.12279 0.811348
-1.10797 0.788422
-1.1194 0.768113
-1.11388 0.749557
-1.10255 0.729539
-1.08636 0.7133
-1.08564 0.693863
-1.08573 0.678496
-1.07783 0.662257
-1.07376 0.64659
-1.05554 0.62977
-1.05046 0.614113
-1.0427 0.597874
-1.03858 0.581335
-1.03117 0.56277
-1.01673 0.546531
-1.01377 0.534363
-1.00316 0.512881
-0.989879 0.494607
-0.978923 0.47924
-0.971807 0.465618
-0.953001 0.44967
-0.942482 0.430233
-0.926352 0.416901
-0.915833 0.402107
-0.906331 0.389066
-0.904157 0.383003
-0.893637 0.369381
-0.87614 0.361864
-0.865621 0.349987
-0.854434 0.34654
-0.840425 0.343676
-0.824091 0.33645
-0.818719 0.328351
-0.808635 0.319963
-0.794046 0.311864
-0.772537 0.30522
-0.772775 0.298866
-0.750917 0.294839
-0.735891 0.290229
-0.722669 0.286201
-0.717964 0.285081
-0.71544 0.285414
-0.709427 0.286911
-0.702601 0.284918
-0.701095 0.292229
-0.684615 0.294307
-0.67177 0.297257
-0.652151 0.30137
-0.641632 0.305192
-0.634601 0.309887
-0.626553 0.312837
-0.625687 0.318703
-0.610371 0.326596
-0.621511 0.33129
-0.60823 0.338601
-0.596257 0.342424
-0.585651 0.352933
-0.580074 0.355311
-0.574934 0.360005
-0.564414 0.363827
-0.559419 0.368522
-0.551284 0.373798
-0.549342 0.379364
-0.547399 0.383477
-0.5488 0.39107
-0.547875 0.396055
-0.542444 0.402494
-0.539134 0.408342
-0.538063 0.415653
-0.530306 0.421792
-0.539702 0.428813
-0.527874 0.43844
-0.544248 0.443135
-0.532566 0.448411
-0.534548 0.45455
-0.549469 0.461861
-0.548108 0.465092
-0.544943 0.473276
-0.551577 0.476226
-0.553269 0.483527
-0.564264 0.485896
-0.570462 0.493498
-0.573171 0.49702
-0.585184 0.500842
-0.595889 0.505537
-0.599266 0.510231
-0.598486 0.513753
-0.598724 0.518448
-0.611755 0.523142
-0.624495 0.529581
-0.629239 0.533103
-0.634651 0.53867
-0.636924 0.544237
-0.650682 0.551257
-0.662259 0.557396
-0.665549 0.566161
-0.679307 0.572309
-0.678759 0.577003
-0.693534 0.58257
-0.717612 0.585811
-0.717414 0.587007
-0.729718 0.595772
-0.723705 0.602792
-0.748451 0.610103
-0.757266 0.613344
-0.755614 0.621527
-0.771407 0.627966
-0.789525 0.637603
-0.79799 0.639381
-0.788197 0.65367
-0.822452 0.661272
-0.809171 0.663059
-0.840082 0.671242
-0.825142 0.681751
-0.839771 0.688481
-0.865885 0.697537
-0.862925 0.710372
-0.864412 0.717974
-0.895033 0.725576
-0.891055 0.733759
-0.914988 0.742814
-0.924471 0.757976
-0.934303 0.760635
-0.925528 0.769981
-0.928528 0.778164
-0.962433 0.788392
-0.953658 0.799474
-0.9691 0.805031
-0.968466 0.813787
-0.999027 0.82197
-0.993741 0.833633
-1.01732 0.844133
-0.997878 0.846201
-1.01701 0.854385
-1.03725 0.866048
-1.03677 0.873931
-1.03593 0.880942
-1.04672 0.884183
-1.05553 0.895264
-1.06647 0.897333
-1.07775 0.904644
-1.07241 0.911364
-1.07637 0.914305
-1.09114 0.923942
-1.09059 0.927464
-1.10769 0.932731
-1.10133 0.937426
-1.10776 0.940076
-1.11222 0.945642
-1.12344 0.945676
-1.12537 0.950079
-1.13113 0.953601
-1.13654 0.953053
-1.13512 0.956003
-1.1339 0.958363
-1.13597 0.96044
-1.14967 0.961346
-1.1406 0.960226
-1.14747 0.960259
-1.14873 0.962046
-1.15108 0.960335
-1.14748 0.960668
-1.15368 0.958957
-1.15604 0.960163
-1.14459 0.957579
-1.15428 0.955296
-1.15794 0.953585
-1.15798 0.953046
-1.15234 0.951053
-1.14953 0.947598
-1.14404 0.946187
-1.15018 0.941859
-1.13849 0.939285
-1.1285 0.936129
-1.1278 0.932674
-1.12644 0.929809
-1.12924 0.927235
-1.11953 0.922326
-1.11134 0.9151
-1.10861 0.9102
-1.10486 0.909942
-1.09414 0.903589
-1.09525 0.898689
-1.08016 0.891163
-1.07642 0.888007
-1.06851 0.886305
-1.06826 0.884894
-1.06582 0.880566
-1.03445 0.873631
-1.04181 0.870476
-1.03603 0.86732
-1.01993 0.863292
-1.00964 0.858964
-1.00531 0.853764
-0.992989 0.847692
-0.985172 0.842192
-0.981862 0.837864
-0.964742 0.832664
-0.956575 0.827464
-0.958062 0.821964
-0.940942 0.816764
-0.939958 0.812437
-0.926326 0.807237
-0.923307 0.802037
-0.906186 0.794211
-0.897438 0.78872
-0.889621 0.78352
-0.885294 0.779192
-0.869482 0.77312
-0.875475 0.768792
-0.867659 0.763011
-0.863998 0.760709
-0.850221 0.757253
-0.842405 0.752053
-0.838077 0.746853
-0.824446 0.741653
-0.822444 0.736453
-0.80948 0.732126
-0.807478 0.726926
-0.80315 0.721726
-0.792862 0.717398
-0.786063 0.71307
-0.775425 0.708742
-0.775604 0.704414
-0.765316 0.700087
-0.768838 0.696631
-0.75666 0.689687
-0.74704 0.686231
-0.74373 0.681903
-0.740274 0.678448
-0.734493 0.674992
-0.7322 0.671537
-0.72258 0.668081
-0.714472 0.664626
-0.712034 0.662042
-0.709742 0.658587
-0.710588 0.655131
-0.69434 0.649068
-0.688559 0.649392
-0.688301 0.647681
-0.686676 0.64597
-0.685401 0.640479
-0.68747 0.64342
-0.683723 0.642
-0.687972 0.642914
-0.684894 0.642948
-0.682165 0.642109
-0.679436 0.642142
-0.686011 0.641303
-0.673629 0.642509
-0.68471 0.642542
-0.684017 0.643448
-0.678817 0.639701
-0.681262 0.645559
-0.689872 0.646464
-0.693685 0.648242
-0.695985 0.65002
-0.699798 0.652098
-0.70114 0.654748
-0.703499 0.65827
-0.711119 0.66032
-0.724903 0.66237
-0.715137 0.666164
-0.733283 0.670259
-0.740816 0.674926
-0.739046 0.679592
-0.752394 0.684259
-0.752949 0.688926
-0.7615 0.694464
-0.763073 0.700303
-0.775113 0.705842
-0.783519 0.712253
-0.789598 0.718664
-0.798817 0.725076
-0.809403 0.732659
-0.829293 0.739942
-0.827086 0.747226
-0.841016 0.755381
-0.851602 0.762964
-0.852739 0.77112
-0.860854 0.779276
-0.888739 0.787431
-0.880222 0.795887
-0.907962 0.804914
-0.907791 0.813942
-0.927245 0.824142
-0.921259 0.83317
-0.945509 0.842198
-0.933563 0.852398
-0.965809 0.862298
-0.975959 0.872198
-0.985759 0.882398
-0.972796 0.891426
-1.00504 0.904533
-1.01519 0.910653
-1.02534 0.920553
-1.03549 0.930753
-1.04564 0.941235
-1.05544 0.949981
-1.06559 0.959881
-1.07574 0.971816
-1.08487 0.978237
-1.09502 0.987264
-1.10517 0.997464
-1.11532 1.00649
-1.12512 1.01582
-1.13324 1.02398
-1.14339 1.03534
-1.15354 1.04146
-1.16267 1.05079
-1.1532 1.05894
-1.16198 1.0674
-1.18972 1.07468
-1.17675 1.08314
-1.19287 1.09159
-1.19749 1.1012
-1.22523 1.11024
-1.21439 1.11752
-1.21704 1.12221
-1.22748 1.13473
-1.22978 1.14232
-1.24371 1.14933
-1.24499 1.14964
-1.26241 1.15723
-1.273 1.16947
-1.27079 1.17066
-1.27091 1.17969
-1.27801 1.18816
-1.2806 1.18993
-1.28668 1.19345
-1.29276 1.19667
-1.29884 1.20222
-1.30157 1.20574
-1.30896 1.20635
-1.30856 1.21074
-1.30664 1.21367
-1.31069 1.214
-1.32621 1.21606
-1.32328 1.21638
-1.32049 1.21757
-1.32686 1.21935
-1.32408 1.21908
-1.3271 1.21737
-1.32562 1.21536
-1.32516 1.21684
-1.32615 1.21163
-1.32816 1.21051
-1.32334 1.20675
-1.31735 1.20417
-1.30453 1.19692
-1.31497 1.19347
-1.31524 1.18623
-1.31289 1.18015
-1.29905 1.17466
-1.29801 1.16654
-1.29827 1.1596
-1.28793 1.15265
-1.29081 1.1425
-1.28424 1.13061
-1.28014 1.12076
-1.26776 1.11265
-1.25363 1.09872
-1.2382 1.0848
-1.23686 1.06971
-1.22041 1.05404
-1.21224 1.03896
-1.1878 1.02474
-1.18108 1.00529
-1.16841 0.987003
-1.16024 0.96872
-1.14873 0.951881
-1.13606 0.93447
-1.12484 0.910081
-1.10432 0.889472
-1.0931 0.868572
-1.08319 0.848244
-1.05918 0.827635
-1.04563 0.810805
-1.0299 0.79165
-1.01418 0.771913
-1.01124 0.754783
-0.999675 0.734746
-0.986421 0.717616
-0.973166 0.695244
-0.956218 0.673463
-0.933514 0.655461
-0.916566 0.635714
-0.906655 0.613933
-0.896889 0.593605
-0.883284 0.572987
-0.871047 0.551205
-0.855321 0.53175
-0.844188 0.511131
-0.836894 0.485861
-0.811805 0.464951
-0.792735 0.443751
-0.779917 0.42197
-0.759771 0.399026
-0.741428 0.376372
-0.733638 0.358661
-0.723872 0.343857
-0.7096 0.327018
-0.697013 0.312514
-0.676926 0.29335
-0.665647 0.280872
-0.646578 0.269266
-0.629834 0.256207
-0.619719 0.24402
-0.609953 0.234159
-0.602163 0.224298
-0.593415 0.215609
-0.582196 0.207492
-0.576441 0.199376
-0.561878 0.190387
-0.548273 0.180526
-0.53938 0.172409
-0.538627 0.163139
-0.515573 0.151824
-0.515838 0.14894
-0.501797 0.145766
-0.491596 0.139694
-0.487209 0.12867
-0.475348 0.128113
-0.476485 0.125229
-0.477272 0.119739
-0.466634 0.120053
-0.469602 0.119205
-0.456493 0.120392
-0.459665 0.119844
-0.461179 0.121322
-0.46188 0.121927
-0.45409 0.12545
-0.463804 0.130416
-0.459358 0.131894
-0.45279 0.136289
-0.46666 0.142127
-0.465617 0.147676
-0.470388 0.152361
-0.472484 0.159653
-0.478272 0.162303
-0.477896 0.169596
-0.490372 0.174281
-0.487875 0.181292
-0.493023 0.186559
-0.501865 0.198513
-0.503874 0.200581
-0.514896 0.212244
-0.520917 0.217801
-0.52845 0.225685
-0.542816 0.232696
-0.543081 0.239707
-0.558114 0.253405
-0.567683 0.25809
-0.584084 0.270044
-0.595687 0.278218
-0.608249 0.285229
-0.60706 0.296029
-0.618664 0.309437
-0.629918 0.318483
-0.651697 0.329564
-0.658504 0.339192
-0.67098 0.349692
-0.68078 0.360492
-0.69093 0.370992
-0.70108 0.381492
-0.71123 0.391992
-0.72103 0.402492
-0.73118 0.415327
-0.74133 0.42292
-0.75113 0.436327
-0.76128 0.442176
-0.77143 0.452676
-0.78158 0.468127
-0.79138 0.472231
-0.80153 0.482731
-0.81168 0.493531
-0.840087 0.50374
-0.83163 0.513659
-0.84178 0.524459
-0.85193 0.534959
-0.86173 0.545459
-0.87188 0.561492
-0.88203 0.565887
-0.89183 0.576387
-0.90198 0.586024
-0.91213 0.59885
-0.916115 0.604698
-0.93208 0.614626
-0.94223 0.624253
-0.95238 0.635053
-0.961162 0.642937
-0.971312 0.65489
-0.980445 0.668016
-0.990245 0.67212
-0.998359 0.681176
-1.00851 0.693711
-1.01497 0.698987
-1.02744 0.709487
-1.02727 0.72145
-1.04637 0.727298
-1.05551 0.739261
-1.04254 0.750342
-1.07377 0.7562
-1.08255 0.762339
-1.09169 0.77372
-1.09151 0.779277
-1.09346 0.78717
-1.1167 0.794181
-1.10687 0.798866
-1.12162 0.807903
-1.11694 0.811426
-1.12703 0.815239
-1.13514 0.820214
-1.13608 0.822864
-1.17108 0.829003
-1.14992 0.832526
-1.15702 0.836629
-1.16376 0.841024
-1.16601 0.841929
-1.16525 0.843416
-1.19061 0.845194
-1.17939 0.8461
-1.18279 0.847877
-1.18785 0.847911
-1.19838 0.848816
-1.19379 0.848277
-1.20132 0.845694
-1.19222 0.844564
-1.19525 0.841109
-1.19895 0.84027
-1.19848 0.83507
-1.20363 0.831614
-1.19933 0.827287
-1.19887 0.823831
-1.20649 0.817477
-1.19919 0.815476
-1.19635 0.811148
-1.19181 0.801005
-1.18795 0.795805
-1.18176 0.791477
-1.18522 0.786577
-1.17104 0.779924
-1.17232 0.776177
-1.15711 0.768651
-1.15136 0.765205
-1.15162 0.757679
-1.15168 0.752479
-1.14177 0.747279
-1.13733 0.739763
-1.12241 0.732237
-1.11701 0.727037
-1.11285 0.721837
-1.10541 0.716064
-1.09995 0.708539
-1.083 0.705083
-1.08385 0.701055
-1.06254 0.690331
-1.04739 0.685131
-1.03757 0.681103
-1.02905 0.675903
-1.02568 0.670131
-1.01368 0.662024
-1.00551 0.659731
-0.998012 0.655703
-0.989496 0.650503
-0.965484 0.641533
-0.971213 0.637787
-0.938915 0.632014
-0.935196 0.626814
-0.9295 0.621914
-0.917495 0.613807
-0.918427 0.612105
-0.906771 0.60517
-0.90407 0.603168
-0.890088 0.597687
-0.890875 0.600055
-0.889686 0.594274
-0.874192 0.588792
-0.85986 0.58709
-0.847187 0.587414
-0.830675 0.577863
-0.828469 0.579359
-0.809921 0.570089
-0.814547 0.564607
-0.806031 0.563487
-0.791699 0.559159
-0.783533 0.554259
-0.781848 0.54965
-0.778188 0.547076
-0.75935 0.541003
-0.751184 0.536103
-0.73816 0.530331
-0.725137 0.524559
-0.720459 0.519659
-0.714414 0.513587
-0.714534 0.507814
-0.707034 0.503787
-0.695029 0.498887
-0.681047 0.493987
-0.67602 0.489087
-0.670179 0.483887
-0.660354 0.479859
-0.651837 0.474959
-0.645996 0.470059
-0.638497 0.466031
-0.628005 0.461131
-0.622832 0.457103
-0.618154 0.452203
-0.607166 0.448176
-0.606645 0.444148
-0.60531 0.44012
-0.591996 0.436092
-0.59168 0.432937
-0.588687 0.429781
-0.585695 0.426626
-0.577092 0.424342
-0.585438 0.422931
-0.576835 0.420648
-0.579367 0.419237
-0.575938 0.41957
-0.573296 0.416414
-0.563325 0.41355
-0.567079 0.414464
-0.560307 0.410146
-0.566182 0.414259
-0.560632 0.414592
-0.555749 0.413763
-0.560666 0.418748
-0.573083 0.420826
-0.569218 0.424076
-0.57617 0.422374
-0.582626 0.429976
-0.577803 0.427692
-0.584259 0.436748
-0.592896 0.44057
-0.598249 0.444111
-0.599909 0.449959
-0.601568 0.453481
-0.621544 0.459048
-0.618406 0.463442
-0.627915 0.468709
-0.631609 0.473976
-0.636321 0.480114
-0.644522 0.486253
-0.652723 0.492692
-0.667757 0.499703
-0.675958 0.505842
-0.681687 0.512853
-0.69076 0.520737
-0.687186 0.528048
-0.694951 0.536803
-0.729755 0.543814
-0.715423 0.55257
-0.723188 0.561626
-0.733279 0.570381
-0.738718 0.579137
-0.762619 0.589064
-0.779687 0.59782
-0.789487 0.60832
-0.79827 0.618248
-0.801237 0.627876
-0.806531 0.637503
-0.825634 0.648303
-0.834417 0.657931
-0.844217 0.668431
-0.854017 0.679231
-0.863817 0.689731
-0.873617 0.703439
-0.883417 0.709287
-0.893217 0.719787
-0.903017 0.729714
-0.912817 0.740214
-0.922617 0.754794
-0.932417 0.760642
-0.942217 0.771442
-0.952017 0.786594
-0.961817 0.79187
-0.971617 0.80237
-0.981417 0.816077
-0.991217 0.822798
-1.00102 0.833598
-1.0098 0.847877
-1.0103 0.852281
-1.0294 0.864235
-1.02888 0.872418
-1.04696 0.880592
-1.05676 0.89052
-1.04592 0.897531
-1.04889 0.906587
-1.06349 0.915642
-1.07576 0.924398
-1.08803 0.934907
-1.10844 0.944535
-1.1021 0.95359
-1.10638 0.965553
-1.13377 0.972855
-1.11842 0.975514
-1.13069 0.989222
-1.13497 0.994489
-1.13939 1.00122
-1.14367 1.00853
-1.1539 1.01351
-1.18027 1.02663
-1.16042 1.03074
-1.17414 1.03544
-1.1729 1.0378
-1.18313 1.04424
-1.19337 1.05358
-1.18761 1.0606
-1.19334 1.0621
-1.20256 1.07144
-1.20727 1.07176
-1.20233 1.07528
-1.21053 1.07996
-1.20376 1.08116
-1.21059 1.08293
-1.2108 1.08528
-1.21182 1.08968
-1.21682 1.09204
-1.21717 1.09351
-1.20671 1.09442
-1.21316 1.09358
-1.21098 1.09099
-1.2093 1.09102
-1.20712 1.08931
-1.20325 1.09399
-1.20041 1.08821
-1.19735 1.08649
-1.19 1.08653
-1.18826 1.08597
-1.18338 1.08426
-1.17829 1.08255
-1.17035 1.07735
-1.16692 1.07157
-1.15384 1.06926
-1.13893 1.06261
-1.13181 1.06148
-1.14015 1.05396
-1.12736 1.05195
-1.11841 1.0485
-1.10364 1.04154
-1.09434 1.03227
-1.09832 1.03027
-1.08451 1.02187
-1.06771 1.02074
-1.05637 1.01525
-1.04001 1.00598
-1.03594 0.998166
-1.0219 0.989477
-1.00553 0.980489
-0.991139 0.970637
-0.981605 0.963692
-0.972738 0.958492
-0.956371 0.951548
-0.952302 0.945476
-0.935935 0.938531
-0.926401 0.932459
-0.921314 0.925514
-0.905238 0.916826
-0.89986 0.911626
-0.898321 0.906426
-0.888437 0.900353
-0.882246 0.895153
-0.864426 0.890253
-0.853524 0.883309
-0.834686 0.877237
-0.822767 0.870292
-0.811197 0.862476
-0.803784 0.855531
-0.790761 0.849459
-0.793002 0.842514
-0.787624 0.837314
-0.7919 0.832114
-0.785069 0.825179
-0.779896 0.825503
-0.768703 0.820303
-0.757715 0.815976
-0.739545 0.810776
-0.723033 0.805003
-0.713498 0.799803
-0.708121 0.794603
-0.704401 0.788531
-0.696552 0.784203
-0.697048 0.781048
-0.692688 0.77672
-0.685189 0.772392
-0.683505 0.768064
-0.680162 0.764909
-0.659871 0.76
-0.658854 0.757998
-0.652372 0.754542
-0.645541 0.751087
-0.625249 0.747059
-0.625396 0.743603
-0.628218 0.740148
-0.629382 0.737564
-0.617958 0.736153
-0.612144 0.73357
-0.613658 0.730987
-0.614676 0.729276
-0.613719 0.727864
-0.612411 0.726153
-0.604476 0.724442
-0.592702 0.722731
-0.598722 0.719285
-0.594944 0.721353
-0.600819 0.720514
-0.588086 0.719976
-0.59114 0.719427
-0.595707 0.720914
-0.599778 0.722992
-0.588063 0.723026
-0.599112 0.725103
-0.597719 0.723101
-0.586671 0.726914
-0.599088 0.728992
-0.587896 0.72699
-0.609325 0.735464
-0.601621 0.737242
-0.614765 0.741637
-0.611568 0.744587
-0.627037 0.749853
-0.62006 0.754548
-0.631023 0.75807
-0.63335 0.762764
-0.640534 0.768031
-0.648675 0.772726
-0.646555 0.777992
-0.655714 0.783559
-0.658391 0.787953
-0.663103 0.794392
-0.674443 0.800831
-0.679155 0.80697
-0.680028 0.813409
-0.691572 0.82042
-0.700441 0.827731
-0.714166 0.835614
-0.712568 0.842926
-0.718297 0.850237
-0.744465 0.85812
-0.746706 0.865431
-0.737839 0.874487
-0.754908 0.883242
-0.771771 0.891426
-0.791166 0.903389
-0.789277 0.909237
-0.806346 0.918292
-0.798642 0.927348
-0.820217 0.936976
-0.807861 0.946031
-0.839758 0.956831
-0.8231 0.965887
-0.840836 0.975514
-0.865755 0.986314
-0.868372 0.996242
-0.883987 1.00704
-0.89242 1.0158
-0.90222 1.03212
-0.888556 1.03653
-0.920452 1.04733
-0.92307 1.05725
-0.938684 1.06775
-0.948134 1.07768
-0.957934 1.08848
-0.951248 1.09811
-0.975817 1.10774
-0.985617 1.11854
-0.98242 1.12729
-1.0035 1.13809
-1.0133 1.14772
-1.0101 1.15648
-1.03153 1.1664
-1.01787 1.17603
-1.04941 1.18654
-1.04206 1.19937
-1.0598 1.2029
-1.07506 1.21485
-1.08384 1.22623
-1.09228 1.23412
-1.09969 1.24201
-1.08638 1.24844
-1.11589 1.25255
-1.10505 1.26276
-1.13107 1.266
-1.11057 1.27766
-1.11834 1.28323
-1.13055 1.28675
-1.13215 1.2897
-1.15416 1.29527
-1.15009 1.30112
-1.15416 1.3032
-1.15393 1.30672
-1.1628 1.31025
-1.16155 1.31087
-1.16591 1.31149
-1.16897 1.31269
-1.17949 1.31448
-1.18138 1.31364
-1.18342 1.31281
-1.18712 1.31227
-1.18348 1.30853
-1.18718 1.30595
-1.18703 1.2996
-1.18936 1.29236
-1.18375 1.28834
-1.19305 1.2814
-1.19436 1.27214
-1.19006 1.26403
-1.19937 1.2539
-1.18687 1.24318
-1.18504 1.23218
-1.18533 1.21652
-1.17899 1.20231
-1.18175 1.18752
-1.17274 1.16605
-1.17484 1.14749
-1.16263 1.12107
-1.17339 1.1028
-1.16298 1.07376
-1.15092 1.0488
-1.1485 1.02093
-1.13542 0.991896
-1.12961 0.960248
-1.11571 0.93674
-1.12138 0.905383
-1.1051 0.877224
-1.0976 0.851972
-1.09048 0.828174
-1.08633 0.79827
-1.0667 0.775053
-1.06787 0.751837
-1.05208 0.728039
-1.04757 0.704822
-1.03775 0.682477
-1.0219 0.658098
-1.01304 0.634009
-0.994636 0.601198
-0.982281 0.579144
-0.972396 0.550394
-0.959373 0.521944
-0.950507 0.495239
-0.950944 0.465616
-0.935245 0.435422
-0.919836 0.400857
-0.904487 0.373861
-0.896929 0.345701
-0.881666 0.307648
-0.866694 0.273092
-0.861957 0.244933
-0.850037 0.215029
-0.833321 0.189187
-0.822419 0.163644
-0.811867 0.138974
-0.793987 0.118364
-0.776253 0.097183
-0.771166 0.0780367
-0.770935 0.0612163
-0.754219 0.0475848
-0.753638 0.0325089
-0.751749 0.0249922
-0.734887 0.012533
-0.726371 0.00937741
-0.712997 0.00301444
-0.702096 -0.0106078
-0.689885 -0.0143448
-0.685148 -0.0238967
-0.675264 -0.0296689
-0.661891 -0.0354411
-0.663782 -0.0420856
-0.649886 -0.0496022
-0.644363 -0.05393
-0.640003 -0.0579578
-0.638114 -0.0619856
-0.630615 -0.0651411
-0.615788 -0.0712041
-0.614917 -0.0734874
-0.594275 -0.0798411
-0.601895 -0.0780541
-0.592737 -0.0817911
-0.581399 -0.08233
-0.580383 -0.0819967
-0.578844 -0.0834078
-0.57303 -0.0836559
-0.573031 -0.0798337
-0.570706 -0.0786281
-0.566259 -0.0762596
-0.561463 -0.070693
-0.566988 -0.0651263
-0.549399 -0.0613041
-0.557746 -0.0583541
-0.551641 -0.0527874
-0.547862 -0.0478022
-0.554405 -0.0404819
-0.54269 -0.0322985
-0.545744 -0.0276041
-0.555775 -0.020293
-0.561009 -0.0121096
-0.560634 -0.00479852
-0.556419 0.00425704
-0.551186 0.0124496
-0.557788 0.0197607
-0.554591 0.0279441
-0.567675 0.0369996
-0.572473 0.045183
-0.570644 0.0545385
-0.582274 0.0644663
-0.590561 0.0726496
-0.586928 0.0825774
-0.59725 0.0948311
-0.599577 0.100389
-0.608736 0.112061
-0.613098 0.123142
-0.626764 0.131616
-0.631126 0.142989
-0.638977 0.156114
-0.644357 0.166614
-0.653225 0.178287
-0.662094 0.187333
-0.681284 0.200459
-0.666893 0.210387
-0.67329 0.224085
-0.683176 0.233431
-0.702366 0.243059
-0.718067 0.257929
-0.721993 0.265231
-0.706294 0.280101
-0.728972 0.289157
-0.726066 0.29704
-0.747582 0.306387
-0.736389 0.319513
-0.742786 0.327687
-0.756016 0.33994
-0.753459 0.35452
-0.773667 0.362694
-0.799689 0.369424
-0.785008 0.385748
-0.790096 0.38927
-0.799837 0.400651
-0.801437 0.416103
-0.825134 0.426031
-0.841852 0.435659
-0.843307 0.446459
-0.841418 0.456387
-0.862643 0.466314
-0.87689 0.475942
-0.884305 0.484998
-0.883434 0.494926
-0.88954 0.504853
-0.897972 0.514781
-0.908731 0.524709
-0.926467 0.534337
-0.934899 0.544264
-0.943332 0.554192
-0.951764 0.56412
-0.960196 0.574048
-0.952493 0.583103
-0.951621 0.593031
-0.98215 0.602959
-0.992909 0.612887
-1.00032 0.621942
-1.00876 0.63157
-1.00556 0.641498
-1.00018 0.649681
-1.03202 0.658737
-1.01835 0.673898
-1.04787 0.675976
-1.04365 0.687357
-1.04656 0.697866
-1.06909 0.704305
-1.0579 0.708709
-1.0643 0.71602
-1.06755 0.723631
-1.06567 0.733268
-1.09183 0.740579
-1.07846 0.749344
-1.08384 0.758981
-1.09024 0.765711
-1.09213 0.767207
-1.10449 0.774518
-1.10085 0.780666
-1.0994 0.786233
-1.10725 0.792972
-1.10914 0.798539
-1.1135 0.806431
-1.11438 0.808218
-1.11772 0.814366
-1.12455 0.814709
-1.12194 0.820276
-1.12426 0.829903
-1.12528 0.829946
-1.12761 0.83435
-1.13095 0.834974
-1.12878 0.841994
-1.12761 0.845226
-1.12543 0.846722
-1.12442 0.848509
-1.12573 0.850587
-1.12567 0.852664
-1.11549 0.850672
-1.12276 0.855076
-1.11375 0.849594
-1.11302 0.851372
-1.11462 0.850542
-1.11055 0.850876
-1.09834 0.84772
-1.09428 0.845437
-1.08803 0.844607
-1.08526 0.839707
-1.07218 0.835679
-1.0684 0.828453
-1.06529 0.825879
-1.0605 0.820689
-1.04872 0.81259
-1.0509 0.804783
-1.04712 0.799011
-1.02052 0.790622
-1.0275 0.782233
-1.0134 0.77617
-1.00657 0.764292
-0.996249 0.755031
-0.980114 0.743453
-0.975754 0.731576
-0.964416 0.719407
-0.956567 0.706948
-0.952207 0.692453
-0.933891 0.682901
-0.931652 0.668407
-0.922785 0.654785
-0.905633 0.641463
-0.899092 0.627259
-0.887899 0.614509
-0.881359 0.601759
-0.870166 0.586392
-0.867114 0.573942
-0.848944 0.561192
-0.849381 0.548442
-0.833682 0.537437
-0.822344 0.524114
-0.813477 0.512237
-0.821909 0.502976
-0.802576 0.489353
-0.787895 0.476903
-0.77801 0.465026
-0.778447 0.44995
-0.766092 0.440116
-0.754899 0.427657
-0.744288 0.41229
-0.735421 0.401585
-0.727572 0.391742
-0.71638 0.383653
-0.721323 0.375555
-0.713474 0.365131
-0.695159 0.360531
-0.693937 0.356503
-0.677075 0.351031
-0.669226 0.347003
-0.660359 0.342103
-0.665303 0.338376
-0.652657 0.33522
-0.649314 0.332364
-0.635505 0.330081
-0.642484 0.328098
-0.639141 0.325814
-0.625332 0.323831
-0.619518 0.32242
-0.612686 0.314031
-0.609344 0.312901
-0.602162 0.315561
-0.599837 0.31385
-0.599488 0.310685
-0.594692 0.310437
-0.592017 0.312796
-0.583732 0.312829
-0.582424 0.314907
-0.581784 0.315813
-0.574517 0.317881
-0.577366 0.317342
-0.583909 0.324063
-0.571494 0.327885
-0.583851 0.329953
-0.584579 0.335229
-0.577979 0.336135
-0.583213 0.336459
-0.577631 0.342026
-0.576905 0.347001
-0.588971 0.350824
-0.585424 0.355218
-0.588187 0.355551
-0.596124 0.362563
-0.597434 0.369292
-0.595254 0.373114
-0.611041 0.378381
-0.609879 0.383076
-0.621159 0.38747
-0.627993 0.393037
-0.627848 0.398303
-0.644653 0.404742
-0.652504 0.411181
-0.651719 0.418192
-0.662913 0.425503
-0.671782 0.432514
-0.693093 0.439826
-0.696001 0.448009
-0.707863 0.455892
-0.709463 0.464948
-0.699579 0.472259
-0.72874 0.481014
-0.721036 0.492105
-0.753891 0.498253
-0.761973 0.510216
-0.770406 0.518972
-0.778488 0.52512
-0.777617 0.534176
-0.796371 0.544976
-0.804453 0.559255
-0.813903 0.566566
-0.823353 0.573587
-0.832453 0.584387
-0.841903 0.599539
-0.851003 0.603942
-0.860453 0.61387
-0.869903 0.625251
-0.879003 0.634307
-0.888453 0.644526
-0.897903 0.654453
-0.907003 0.666989
-0.916453 0.674009
-0.925903 0.683937
-0.935003 0.694737
-0.944453 0.704664
-0.953553 0.718372
-0.963003 0.723648
-0.972453 0.736483
-0.981553 0.747283
-0.991003 0.755466
-1.00045 0.765976
-1.00955 0.773577
-1.019 0.783505
-1.02744 0.789944
-1.03552 0.799
-1.04497 0.805439
-1.03378 0.813622
-1.06047 0.823259
-1.0689 0.829989
-1.05422 0.833529
-1.06614 0.846364
-1.09318 0.853394
-1.10059 0.857516
-1.08556 0.868326
-1.11609 0.873311
-1.11187 0.878305
-1.1206 0.885044
-1.12467 0.890911
-1.11231 0.899676
-1.1443 0.905542
-1.12511 0.909664
-1.1536 0.912914
-1.13305 0.91849
-1.15122 0.919987
-1.1611 0.924109
-1.16067 0.929103
-1.16256 0.932935
-1.15994 0.937057
-1.16881 0.938563
-1.16969 0.941813
-1.16125 0.942446
-1.17158 0.943951
-1.17559 0.946029
-1.17544 0.948407
-1.17879 0.94904
-1.17632 0.948801
-1.17865 0.949435
-1.18097 0.950068
-1.17981 0.948957
-1.17763 0.946974
-1.17545 0.948479
-1.18374 0.947368
-1.17022 0.94364
-1.17051 0.941076
-1.17182 0.943163
-1.16478 0.939153
-1.16406 0.938624
-1.1658 0.935187
-1.16028 0.932331
-1.14676 0.932964
-1.16014 0.932435
-1.15011 0.930742
-1.14386 0.923816
-1.14211 0.925031
-1.14037 0.921894
-1.13179 0.91962
-1.12554 0.917055
-1.12278 0.917398
-1.11319 0.909018
-1.10941 0.906463
-1.10462 0.903607
-1.0863 0.897553
-1.07918 0.901094
-1.07569 0.893014
-1.06057 0.891031
-1.05723 0.888176
-1.04176 0.886774
-1.04074 0.882764
-1.0329 0.879037
-1.03057 0.877053
-1.01923 0.873626
-1.01589 0.87077
-1.0031 0.868787
-0.992923 0.865359
-0.979114 0.862503
-0.977225 0.857903
-0.958909 0.854476
-0.949693 0.848676
-0.933294 0.842576
-0.919221 0.835903
-0.916982 0.830103
-0.900437 0.824876
-0.904013 0.819076
-0.898953 0.81502
-0.892875 0.80892
-0.87261 0.801376
-0.863044 0.795576
-0.84868 0.78774
-0.839463 0.78542
-0.835711 0.779039
-0.82068 0.774692
-0.807624 0.768311
-0.802564 0.764837
-0.795673 0.755829
-0.787124 0.754681
-0.785903 0.749753
-0.777354 0.743372
-0.773311 0.741642
-0.767438 0.736714
-0.762378 0.731487
-0.751708 0.728303
-0.743159 0.723376
-0.732284 0.718448
-0.727428 0.714392
-0.714082 0.711209
-0.716204 0.707153
-0.712161 0.703098
-0.702159 0.699914
-0.702972 0.696731
-0.695732 0.690931
-0.687242 0.687748
-0.686543 0.684564
-0.667586 0.681381
-0.664561 0.673246
-0.654995 0.67327
-0.648831 0.670087
-0.648132 0.666903
-0.649963 0.663139
-0.637489 0.663153
-0.631325 0.65997
-0.625829 0.653298
-0.623821 0.657964
-0.618675 0.655653
-0.621174 0.648981
-0.616028 0.652776
-0.610532 0.651337
-0.602914 0.645246
-0.607739 0.650203
-0.586979 0.646439
-0.593317 0.648498
-0.589856 0.647931
-0.596048 0.643585
-0.601891 0.648542
-0.593983 0.64972
-0.597354 0.65177
-0.589446 0.653248
-0.592817 0.653553
-0.593862 0.654731
-0.58828 0.655909
-0.593832 0.656805
-0.596099 0.656529
-0.594673 0.66265
-0.592289 0.663827
-0.597696 0.663851
-0.595166 0.67317
-0.602753 0.676092
-0.609527 0.678433
-0.611154 0.684853
-0.619409 0.683968
-0.627518 0.691787
-0.629812 0.695253
-0.629781 0.694068
-0.638908 0.703931
-0.649197 0.70827
-0.654835 0.712609
-0.666143 0.71782
-0.670472 0.723031
-0.671313 0.728242
-0.680149 0.734326
-0.691311 0.740409
-0.687355 0.746492
-0.723811 0.75432
-0.717384 0.761276
-0.738867 0.768231
-0.724153 0.776059
-0.735024 0.784187
-0.749384 0.792014
-0.769414 0.800714
-0.777814 0.809124
-0.786214 0.817242
-0.794614 0.825942
-0.803014 0.83377
-0.811414 0.84247
-0.819814 0.851751
-0.828214 0.858126
-0.836614 0.867126
-0.846032 0.879605
-0.854432 0.889177
-0.888271 0.897005
-0.872249 0.900181
-0.896785 0.909753
-0.890067 0.919335
-0.898467 0.92629
-0.907884 0.934409
-0.916284 0.945144
-0.924684 0.950937
-0.933084 0.959937
-0.941484 0.968637
-0.949884 0.976464
-0.958284 0.985164
-0.966684 0.994164
-0.975084 1.00286
-0.983484 1.01156
-0.991884 1.02056
-0.996941 1.02839
-1.00767 1.03855
-1.00575 1.04435
-1.02345 1.05305
-1.00874 1.06088
-1.0231 1.07191
-1.04661 1.07683
-1.04237 1.08669
-1.05556 1.09191
-1.06876 1.10439
-1.05789 1.10583
-1.06876 1.11395
-1.07512 1.12614
-1.0732 1.12933
-1.10399 1.13338
-1.09276 1.14033
-1.11774 1.14671
-1.10549 1.1528
-1.13148 1.15918
-1.11438 1.1699
-1.12525 1.17655
-1.13127 1.17768
-1.14941 1.1791
-1.14263 1.18779
-1.14516 1.19503
-1.1505 1.19964
-1.14969 1.20222
-1.15256 1.20452
-1.17733 1.20593
-1.17221 1.2091
-1.1634 1.21604
-1.17223 1.21688
-1.18319 1.22033
-1.194 1.2203
-1.18554 1.2255
-1.1965 1.22634
-1.19385 1.22747
-1.19332 1.2254
-1.19184 1.22682
-1.20061 1.22563
-1.20393 1.2285
-1.1986 1.22905
-1.20788 1.22756
-1.20735 1.22549
-1.2058 1.22342
-1.20912 1.22223
-1.21106 1.22162
-1.21335 1.21781
-1.21428 1.21574
-1.20727 1.21193
-1.2082 1.20869
-1.21296 1.20459
-1.21287 1.19816
-1.20368 1.1926
-1.20708 1.1885
-1.20153 1.1812
-1.19693 1.17477
-1.18919 1.16573
-1.19259 1.15901
-1.18465 1.14735
-1.18869 1.13831
-1.18409 1.1249
-1.18232 1.11644
-1.18019 1.1039
-1.16809 1.09282
-1.16146 1.07884
-1.15634 1.06514
-1.15218 1.05086
-1.14939 1.03629
-1.14523 1.02114
-1.13444 1.00483
-1.12344 0.985611
-1.12792 0.969007
-1.11344 0.948042
-1.10759 0.927368
-1.09543 0.906985
-1.08857 0.886611
-1.08237 0.863611
-1.06969 0.843809
-1.05797 0.815866
-1.04413 0.792866
-1.04637 0.766668
-1.02569 0.741924
-1.01979 0.715444
-1.00507 0.695061
-0.991319 0.670607
-0.98242 0.651096
-0.968664 0.627805
-0.959765 0.61062
-0.954005 0.592572
-0.934784 0.573351
-0.934839 0.557911
-0.924922 0.540435
-0.900846 0.522968
-0.889911 0.50462
-0.879645 0.488598
-0.871849 0.472848
-0.865071 0.454772
-0.865126 0.443964
-0.847882 0.426761
-0.852093 0.414218
-0.83354 0.399631
-0.833595 0.390859
-0.818531 0.374237
-0.813438 0.368081
-0.8007 0.360181
-0.798284 0.354026
-0.786709 0.34787
-0.779435 0.340842
-0.779199 0.334977
-0.775474 0.332892
-0.779599 0.329944
-0.776892 0.324079
-0.771363 0.324029
-0.763132 0.315839
-0.758971 0.317533
-0.753792 0.317483
-0.747596 0.317151
-0.744393 0.318846
-0.737906 0.320831
-0.739559 0.325142
-0.734381 0.329744
-0.736847 0.333774
-0.730215 0.341574
-0.73056 0.349374
-0.729743 0.358627
-0.729071 0.366427
-0.735898 0.376272
-0.72694 0.384944
-0.720308 0.393326
-0.717164 0.399672
-0.720998 0.406609
-0.716051 0.412955
-0.712908 0.422209
-0.716596 0.430309
-0.712145 0.437237
-0.70653 0.444746
-0.700565 0.451101
-0.698439 0.456285
-0.699802 0.461177
-0.707997 0.467533
-0.712849 0.473879
-0.707902 0.47412
-0.706794 0.482511
-0.702196 0.478681
-0.708066 0.486481
-0.708266 0.483824
-0.707825 0.487553
-0.704391 0.483151
-0.699794 0.488626
-0.702174 0.488876
-0.694088 0.488826
-0.693997 0.49052
-0.688033 0.489898
-0.698409 0.49072
-0.694829 0.491842
-0.697209 0.491792
-0.699445 0.492914
-0.693539 0.493737
-0.69557 0.493987
-0.69199 0.494809
-0.695388 0.495931
-0.695297 0.501405
-0.691718 0.497876
-0.705437 0.49957
-0.698019 0.505926
-0.705923 0.501514
-0.709321 0.501764
-0.703271 0.505785
-0.711175 0.504281
-0.714746 0.505948
-0.715322 0.50587
-0.720056 0.507246
-0.722668 0.508903
-0.723912 0.51057
-0.733502 0.513109
-0.73809 0.515648
-0.739394 0.519059
-0.744332 0.521298
-0.746594 0.523837
-0.759672 0.526376
-0.755974 0.529787
-0.767599 0.53407
-0.763901 0.537481
-0.772037 0.541464
-0.779823 0.545748
-0.779964 0.549159
-0.791444 0.554314
-0.793415 0.558598
-0.800388 0.562881
-0.809192 0.568037
-0.809042 0.572892
-0.820171 0.578048
-0.837611 0.582331
-0.849091 0.587487
-0.85208 0.592642
-0.841463 0.597798
-0.843289 0.602953
-0.852443 0.608109
-0.85296 0.614137
-0.883047 0.619292
-0.88973 0.62532
-0.873966 0.631348
-0.884137 0.639411
-0.892941 0.641659
-0.914742 0.647687
-0.921074 0.653714
-0.927757 0.663522
-0.934439 0.664898
-0.934957 0.670053
-0.947454 0.679861
-0.954804 0.685889
-0.961486 0.688718
-0.969186 0.69242
-0.956911 0.698448
-0.983219 0.708255
-0.970944 0.710213
-0.996234 0.715659
-1.00393 0.721687
-1.01128 0.727714
-0.99587 0.733742
-1.01848 0.738898
-1.032 0.745798
-1.02007 0.754733
-1.04501 0.757281
-1.0517 0.763309
-1.05803 0.768464
-1.06573 0.775364
-1.07139 0.7843
-1.07773 0.785676
-1.07859 0.791703
-1.07213 0.795987
-1.08579 0.802896
-1.08797 0.809505
-1.1084 0.811463
-1.10345 0.816037
-1.09932 0.822064
-1.12708 0.830427
-1.10832 0.83064
-1.12294 0.838122
-1.11829 0.837753
-1.12729 0.847561
-1.14308 0.847492
-1.13493 0.852357
-1.14257 0.861292
-1.15318 0.862377
-1.14954 0.863763
-1.16314 0.864848
-1.1643 0.867387
-1.16444 0.873705
-1.17223 0.878289
-1.17004 0.875303
-1.17085 0.884239
-1.16483 0.882689
-1.19436 0.8849
-1.17103 0.881296
-1.18676 0.887577
-1.18271 0.883101
-1.18462 0.883568
-1.18406 0.885489
-1.18531 0.885083
-1.1814 0.880326
-1.18913 0.8837
-1.19104 0.885039
-1.18714 0.885214
-1.19769 0.883937
-1.18928 0.876553
-1.1877 0.881672
-1.18511 0.876324
-1.18949 0.881442
-1.18041 0.879011
-1.1848 0.873081
-1.18118 0.871803
-1.17408 0.871979
-1.18094 0.868376
-1.17419 0.86797
-1.17654 0.86612
-1.17641 0.868622
-1.17629 0.868216
-1.1755 0.861414
-1.17087 0.860137
-1.1674 0.860613
-1.16277 0.85759
-1.15611 0.853114
-1.1543 0.850092
-1.15912 0.85085
-1.14998 0.846092
-1.15233 0.844814
-1.14253 0.841792
-1.14735 0.839642
-1.14417 0.83692
-1.13852 0.83477
-1.12639 0.831748
-1.12569 0.828153
-1.12004 0.826003
-1.11236 0.822109
-1.11165 0.818214
-1.10432 0.81462
-1.09766 0.811598
-1.10044 0.807703
-1.08927 0.804109
-1.0924 0.800214
-1.08821 0.79632
-1.075 0.790981
-1.06398 0.786214
-1.05912 0.781448
-1.05391 0.776981
-1.0487 0.772214
-1.04697 0.767748
-1.03513 0.762981
-1.02207 0.75647
-1.01236 0.751131
-1.00511 0.74462
-0.999231 0.738981
-0.985007 0.73277
-0.988227 0.726259
-0.965135 0.717431
-0.949226 0.709176
-0.945469 0.702964
-0.932698 0.694709
-0.926906 0.686453
-0.918992 0.67937
-0.910728 0.671987
-0.902464 0.664903
-0.8942 0.65752
-0.888758 0.649564
-0.880494 0.642181
-0.854349 0.630737
-0.851233 0.622481
-0.840934 0.613653
-0.819296 0.602781
-0.819318 0.594826
-0.810386 0.587442
-0.797616 0.576279
-0.786009 0.570931
-0.782542 0.562676
-0.767446 0.55442
-0.76049 0.547037
-0.748883 0.535874
-0.736112 0.530526
-0.732646 0.523142
-0.731359 0.515177
-0.7151 0.509248
-0.724485 0.502737
-0.712733 0.492446
-0.716971 0.491459
-0.710742 0.486692
-0.700007 0.481053
-0.693778 0.470763
-0.68406 0.46774
-0.694113 0.467626
-0.678581 0.461696
-0.672352 0.455185
-0.667141 0.452163
-0.667745 0.448268
-0.669861 0.444374
-0.667994 0.446294
-0.661474 0.441818
-0.666584 0.438796
-0.666897 0.436646
-0.660233 0.433914
-0.667378 0.439614
-0.668709 0.435729
-0.66655 0.438231
-0.671224 0.437244
-0.667758 0.438292
-0.672782 0.437887
-0.672659 0.432248
-0.679513 0.437366
-0.680408 0.437251
-0.679267 0.439753
-0.685976 0.44052
-0.680038 0.440987
-0.694743 0.442326
-0.705959 0.444537
-0.691589 0.445876
-0.700829 0.447214
-0.706084 0.450598
-0.706688 0.452809
-0.710926 0.454148
-0.727666 0.457231
-0.734084 0.457407
-0.725239 0.46427
-0.732675 0.467653
-0.746276 0.470737
-0.745426 0.474692
-0.751699 0.477776
-0.760153 0.482031
-0.759303 0.485987
-0.7711 0.490814
-0.772576 0.49477
-0.800655 0.499898
-0.783523 0.503853
-0.78753 0.508681
-0.817934 0.513509
-0.823917 0.518637
-0.805477 0.523464
-0.824252 0.528292
-0.842882 0.534292
-0.846538 0.53912
-0.856214 0.54482
-0.863214 0.55082
-0.869196 0.555648
-0.876196 0.561348
-0.883196 0.567348
-0.890196 0.573048
-0.896179 0.577003
-0.884921 0.583003
-0.910529 0.588703
-0.917529 0.594403
-0.924529 0.600403
-0.930511 0.605231
-0.915415 0.610931
-0.944511 0.616931
-0.950844 0.621759
-0.938219 0.626887
-0.963826 0.632587
-0.951201 0.637414
-0.976809 0.643414
-0.973487 0.648242
-0.989791 0.65337
-0.984494 0.663722
-1.00211 0.663326
-1.00911 0.669026
-0.998952 0.673281
-1.02107 0.678981
-1.01092 0.682937
-1.03237 0.688064
-1.03733 0.69202
-1.02436 0.696848
-1.03383 0.700503
-1.05391 0.707066
-1.03678 0.707814
-1.05419 0.71147
-1.05683 0.715126
-1.05729 0.717909
-1.0526 0.721564
-1.06236 0.723476
-1.057 0.726259
-1.0606 0.729042
-1.07385 0.732126
-1.06849 0.734909
-1.06758 0.73682
-1.06703 0.737859
-1.07344 0.745294
-1.08335 0.741681
-1.07546 0.743592
-1.07505 0.744631
-1.07696 0.74597
-1.08434 0.747009
-1.07593 0.750083
-1.07086 0.747342
-1.0749 0.747509
-1.0723 0.747676
-1.07218 0.746107
-1.07656 0.745692
-1.07028 0.744987
-1.06666 0.743409
-1.07003 0.742703
-1.06156 0.741426
-1.06144 0.74072
-1.05448 0.739142
-1.05916 0.737274
-1.05083 0.734242
-1.04867 0.732092
-1.04404 0.730514
-1.03805 0.728064
-1.03589 0.725614
-1.02792 0.723464
-1.03506 0.721014
-1.02223 0.717692
-1.01906 0.71467
-1.01341 0.71222
-1.01919 0.708898
-1.00671 0.705576
-1.01385 0.703426
-1.00137 0.700103
-1.00134 0.696781
-1.00397 0.693759
-0.994984 0.690437
-0.99079 0.686242
-0.990608 0.684092
-0.986414 0.679898
-0.973934 0.676576
-0.974247 0.673553
-0.9604 0.669359
-0.966528 0.666337
-0.96437 0.663887
-0.96913 0.659692
-0.963483 0.657542
-0.957981 0.65422
-0.968615 0.65207
-0.954622 0.648748
-0.955953 0.646298
-0.950306 0.644148
-0.94713 0.640826
-0.951599 0.638676
-0.949441 0.636226
-0.937979 0.634076
-0.948613 0.631626
-0.933312 0.629176
-0.946272 0.627898
-0.938299 0.625448
-0.937595 0.621553
-0.927441 0.618231
-0.93191 0.616081
-0.93077 0.614503
-0.934426 0.612353
-0.934303 0.611648
-0.93979 0.61037
-0.922368 0.608792
-0.927042 0.607514
-0.920086 0.605937
-0.928917 0.605531
-0.927776 0.603953
-0.924164 0.603548
-0.931019 0.603142
-0.930546 0.602437
-0.929405 0.601159
-0.932771 0.600453
-0.935991 0.60092
-0.935868 0.600214
-0.933069 0.599809
-0.935271 0.599403
-0.932822 0.598698
-0.930228 0.599164
-0.940076 0.599331
-0.939953 0.598326
-0.941515 0.599064
-0.942059 0.598631
-0.941586 0.597626
-0.942131 0.597492
-0.939186 0.597059
-0.948076 0.597798
-0.941643 0.597664
-0.949165 0.597531
-0.950727 0.59797
-0.947783 0.597837
-0.95734 0.599448
-0.950907 0.599314
-0.962122 0.599753
-0.95787 0.600492
-0.968735 0.601231
-0.966809 0.60197
-0.966045 0.602409
-0.9631 0.602276
-0.974316 0.603014
-0.971081 0.604626
-0.973951 0.604492
-0.974205 0.605803
-0.981582 0.606542
-0.978346 0.608153
-0.989562 0.608892
-0.978332 0.609631
-0.985709 0.61007
-0.991777 0.611681
-0.98985 0.61242
-0.994901 0.613159
-0.992016 0.61477
-0.993578 0.615509
-0.997466 0.616248
-0.996702 0.616687
-1.00757 0.617426
-0.999826 0.618164
-1.00857 0.619776
-1.01013 0.620514
-1.01169 0.621253
-1.00744 0.621992
-1.00203 0.622731
-1.01092 0.62347
-1.00899 0.623909
-1.00953 0.623776
-1.01008 0.623642
-1.00713 0.623509
-1.00905 0.624248
-1.00276 0.623242
-1.01013 0.623981
-1.01766 0.623848
-1.00439 0.622842
-1.00558 0.620964
-1.00612 0.620831
-1.00565 0.619826
-0.999359 0.61882
-0.998886 0.617814
-0.995274 0.616809
-0.987969 0.614931
-0.992293 0.613053
-0.995309 0.612048
-0.983496 0.609298
-0.988171 0.60742
-0.975341 0.603798
-0.97385 0.60192
-0.962038 0.59917
-0.965345 0.59642
-0.966675 0.59367
-0.964167 0.59092
-0.953663 0.587298
-0.951591 0.581931
-0.938761 0.578609
-0.935585 0.574987
-0.937874 0.571364
-0.925045 0.567742
-0.930822 0.56412
-0.917325 0.559626
-0.912782 0.555131
-0.909256 0.551509
-0.904712 0.547014
-0.892233 0.543692
-0.895975 0.538326
-0.892449 0.534703
-0.887906 0.530209
-0.883362 0.525714
-0.882658 0.52122
-0.874625 0.517598
-0.865575 0.512531
-0.859723 0.508909
-0.855821 0.50267
-0.859272 0.499048
-0.85124 0.494553
-0.841899 0.491231
-0.857331 0.487609
-0.84799 0.484859
-0.847808 0.482109
-0.839484 0.479359
-0.845612 0.476037
-0.843104 0.473287
-0.844084 0.470537
-0.842594 0.468659
-0.840435 0.464174
-0.841416 0.464331
-0.836436 0.462453
-0.837417 0.459703
-0.836944 0.458398
-0.844757 0.45622
-0.839777 0.451135
-0.842793 0.453609
-0.840952 0.451431
-0.843968 0.450126
-0.843495 0.44882
-0.84055 0.448677
-0.843566 0.447953
-0.850593 0.448392
-0.845322 0.447959
-0.851682 0.447226
-0.852226 0.446792
-0.860766 0.447231
-0.853983 0.446798
-0.864848 0.447237
-0.861613 0.448548
-0.86899 0.448987
-0.870552 0.449426
-0.867317 0.450737
-0.881321 0.451176
-0.883901 0.452487
-0.886481 0.453798
-0.882083 0.455109
-0.888151 0.45642
-0.883898 0.456859
-0.909242 0.459042
-0.896558 0.461226
-0.903644 0.463409
-0.907241 0.465592
-0.923631 0.468076
-0.92586 0.469387
-0.933964 0.472442
-0.917791 0.474626
-0.943484 0.476809
-0.931963 0.478992
-0.933089 0.482048
-0.943519 0.485103
-0.951272 0.488159
-0.950072 0.491214
-0.95367 0.493398
-0.964099 0.496453
-0.968714 0.499809
-0.967514 0.502864
-0.986897 0.50592
-0.97872 0.508976
-0.986823 0.512031
-0.994927 0.515087
-0.992564 0.518142
-0.997179 0.521498
-1.02156 0.524553
-1.00504 0.526737
-1.00486 0.530664
-1.01194 0.532848
-1.01656 0.535903
-1.03048 0.539259
-1.04193 0.543187
-1.04552 0.54537
-1.03016 0.547553
-1.05004 0.549737
-1.05466 0.553092
-1.04197 0.555276
-1.04557 0.557459
-1.06545 0.559642
-1.05276 0.562126
-1.05287 0.564309
-1.07923 0.567364
-1.05623 0.568676
-1.0716 0.570287
-1.07287 0.57247
-1.06745 0.572909
-1.07352 0.57452
-1.06913 0.575831
-1.07069 0.57627
-1.07292 0.577581
-1.07448 0.57832
-1.07604 0.578759
-1.07528 0.579198
-1.07233 0.579064
-1.0659 0.578631
-1.07691 0.578198
-1.07498 0.578937
-1.06652 0.576759
-1.06569 0.575453
-1.06624 0.57532
-1.06344 0.574014
-1.05948 0.572709
-1.05551 0.571703
-1.05853 0.570398
-1.05355 0.56852
-1.05206 0.566342
-1.04708 0.564164
-1.04559 0.562287
-1.04724 0.560109
-1.03194 0.557359
-1.03292 0.554309
-1.03041 0.551259
-1.03473 0.549381
-1.02641 0.546331
-1.0159 0.542709
-1.01689 0.539659
-1.01089 0.536909
-1.01187 0.533859
-1.00355 0.531109
-1.00583 0.527187
-0.996144 0.523564
-0.993926 0.51847
-0.987724 0.514248
-0.991031 0.510898
-0.984684 0.507548
-0.977814 0.502753
-0.977282 0.499403
-0.973756 0.495181
-0.968571 0.491831
-0.965336 0.485864
-0.962478 0.482814
-0.958952 0.478592
-0.963071 0.475242
-0.956057 0.47102
-0.957705 0.468542
-0.954179 0.46462
-0.951321 0.46127
-0.945323 0.45792
-0.946304 0.45457
-0.939957 0.45152
-0.933959 0.44817
-0.933572 0.443948
-0.934553 0.440898
-0.931695 0.437548
-0.933693 0.43507
-0.931852 0.432592
-0.921348 0.42867
-0.916019 0.426192
-0.916999 0.422842
-0.927951 0.420664
-0.929949 0.418187
-0.925637 0.416581
-0.925164 0.415276
-0.91402 0.412798
-0.925321 0.41032
-0.924498 0.409014
-0.924025 0.407409
-0.922184 0.404931
-0.921711 0.403626
-0.924377 0.40202
-0.924921 0.401287
-0.931281 0.400853
-0.931475 0.40012
-0.926205 0.399687
-0.932214 0.398953
-0.923455 0.39822
-0.932953 0.397787
-0.934515 0.398798
-0.931221 0.396911
-0.943249 0.398503
-0.940972 0.398942
-0.941517 0.398209
-0.948894 0.398348
-0.944291 0.395007
-0.945853 0.399798
-0.947065 0.400237
-0.953134 0.401248
-0.956671 0.402559
-0.958234 0.402116
-0.95712 0.404009
-0.964496 0.404148
-0.963587 0.405459
-0.963491 0.40647
-0.967379 0.406909
-0.973097 0.40792
-0.971171 0.408359
-0.9734 0.40937
-0.982958 0.410681
-0.978559 0.411692
-0.972939 0.411259
-0.9918 0.41227
-0.983563 0.413581
-0.989632 0.414892
-0.986046 0.415903
-0.993423 0.416342
-0.992514 0.417353
-1.00172 0.418664
-0.99398 0.418803
-1.00551 0.420114
-1.00359 0.420553
-1.00233 0.421564
-1.01537 0.422876
-1.01446 0.423887
-1.00739 0.425198
-1.01128 0.425637
-1.02049 0.426648
-1.01609 0.427959
-1.01765 0.428398
-1.01755 0.429409
-1.02595 0.43072
-1.02134 0.430859
-1.02392 0.43217
-1.022 0.432609
-1.03004 0.43362
-1.0223 0.434059
-1.03732 0.43537
-1.03307 0.435809
-1.03798 0.43682
-1.03919 0.437259
-1.04424 0.437698
-1.04298 0.438709
-1.04803 0.439148
-1.03927 0.438714
-1.0463 0.439153
-1.04553 0.439292
-1.04326 0.439731
-1.05761 0.44017
-1.04187 0.439737
-1.04207 0.439003
-1.04677 0.439142
-1.05182 0.438981
-1.04504 0.438248
-1.05256 0.437514
-1.04679 0.437653
-1.04597 0.436048
-1.0407 0.435314
-1.04569 0.433709
-1.04138 0.432103
-1.03611 0.43137
-1.03529 0.429764
-1.03097 0.428159
-1.03748 0.426553
-1.02968 0.424948
-1.03269 0.423342
-1.02838 0.421737
-1.02654 0.419559
-1.01924 0.417081
-1.01972 0.414603
-1.02137 0.412126
-1.01057 0.409648
-1.01455 0.40717
-1.00623 0.40382
-1.0102 0.401342
-1.00153 0.397992
-1.00004 0.395514
-1.00067 0.392164
-0.99118 0.388814
-0.984833 0.385464
-0.981974 0.382414
-0.982955 0.379064
-0.97559 0.374842
-0.973082 0.371492
-0.969206 0.36727
-0.96533 0.363048
-0.959478 0.358826
-0.957928 0.354603
-0.948587 0.350681
-0.944711 0.346459
-0.940835 0.342237
-0.940798 0.338014
-0.933434 0.333792
-0.93674 0.330742
-0.920071 0.32652
-0.928988 0.32317
-0.925462 0.318948
-0.916789 0.315598
-0.908757 0.311676
-0.911859 0.305418
-0.909 0.304976
-0.905474 0.300172
-0.91192 0.294496
-0.895601 0.296098
-0.902483 0.291003
-0.895468 0.287653
-0.888103 0.284303
-0.892222 0.282998
-0.900035 0.275868
-0.887873 0.275135
-0.892197 0.276155
-0.888031 0.271351
-0.887848 0.268874
-0.884699 0.273664
-0.888673 0.272359
-0.887183 0.266101
-0.889848 0.271764
-0.886904 0.266679
-0.892041 0.265946
-0.891568 0.270737
-0.894088 0.271176
-0.897771 0.268407
-0.901805 0.266801
-0.889207 0.273637
-0.894548 0.272903
-0.901721 0.273042
-0.895287 0.273481
-0.899988 0.274492
-0.900533 0.274931
-0.914537 0.275942
-0.899818 0.276953
-0.925307 0.278264
-0.913726 0.278694
-0.917614 0.280587
-0.9165 0.280726
-0.924895 0.278829
-0.920292 0.28392
-0.922871 0.282024
-0.937894 0.287114
-0.928989 0.287253
-0.931219 0.283913
-0.931472 0.290448
-0.939517 0.291459
-0.942096 0.29277
-0.945344 0.294653
-0.947923 0.295964
-0.953642 0.296976
-0.969682 0.299159
-0.959469 0.30017
-0.959227 0.302353
-0.961807 0.303064
-0.977846 0.304948
-0.970772 0.305959
-0.97402 0.307842
-0.976599 0.308853
-0.976358 0.310737
-0.978587 0.311448
-0.985323 0.313331
-0.992409 0.315214
-0.996965 0.316226
-1.00719 0.318109
-1.01044 0.319992
-0.996735 0.321003
-1.01278 0.322587
-1.00221 0.323598
-1.01511 0.325481
-1.02083 0.326492
-1.01376 0.327503
-1.0218 0.328514
-1.00926 0.329526
-1.01382 0.330537
-1.01605 0.331548
-1.02909 0.332559
-1.02086 0.33357
-1.02207 0.333709
-1.02328 0.333548
-1.02586 0.334559
-1.02024 0.333826
-1.02145 0.333964
-1.0265 0.334103
-1.02321 0.33337
-1.01512 0.333509
-1.02113 0.332776
-1.01237 0.332042
-1.00704 0.329564
-1.02003 0.328831
-1.01708 0.328098
-1.01044 0.326492
-1.01543 0.324887
-1.00813 0.322409
-1.0028 0.319931
-1.00198 0.318326
-0.996996 0.315848
-0.998645 0.31337
-0.997821 0.312064
-0.991474 0.308714
-0.984169 0.306237
-0.977821 0.302887
-0.974963 0.299537
-0.972455 0.296187
-0.974103 0.293709
-0.964267 0.290359
-0.960741 0.286137
-0.955557 0.282787
-0.951681 0.278564
-0.950481 0.274642
-0.944279 0.27042
-0.936914 0.266198
-0.939203 0.261976
-0.927477 0.256009
-0.923601 0.251787
-0.920075 0.247564
-0.916199 0.243642
-0.915812 0.23942
-0.914612 0.235198
-0.910736 0.230976
-0.911367 0.227626
-0.898537 0.223403
-0.901494 0.220353
-0.895292 0.216131
-0.90107 0.211909
-0.884401 0.207687
-0.891864 0.205209
-0.895316 0.201287
-0.881991 0.197937
-0.88611 0.194587
-0.875607 0.191237
-0.877255 0.189059
-0.878235 0.185709
-0.871888 0.180324
-0.877025 0.180753
-0.874517 0.177122
-0.873694 0.17697
-0.877668 0.172457
-0.870362 0.172887
-0.883349 0.171
-0.87802 0.170848
-0.877546 0.169242
-0.876723 0.165901
-0.872761 0.167203
-0.881242 0.165598
-0.888414 0.165455
-0.875148 0.164431
-0.882175 0.16457
-0.885859 0.164709
-0.887421 0.165148
-0.884126 0.164414
-0.892666 0.164553
-0.897367 0.164992
-0.89509 0.163096
-0.905956 0.167014
-0.901353 0.167453
-0.905909 0.168464
-0.907471 0.168603
-0.902868 0.169042
-0.91789 0.170053
-0.916981 0.171064
-0.915721 0.170922
-0.932111 0.175131
-0.92402 0.17527
-0.934245 0.177453
-0.940168 0.179337
-0.945886 0.180648
-0.939162 0.181659
-0.943427 0.184414
-0.95496 0.185726
-0.959575 0.188481
-0.962822 0.190664
-0.96642 0.190513
-0.972138 0.194731
-0.972914 0.197487
-0.963719 0.19937
-0.98223 0.200681
-0.977541 0.203437
-0.983114 0.20562
-0.993339 0.207503
-0.990976 0.210559
-1.00018 0.21157
-0.995495 0.214626
-0.998742 0.216509
-1.00097 0.21782
-1.0021 0.220576
-1.00985 0.223631
-1.01926 0.225514
-1.01074 0.22857
-1.02096 0.230453
-1.01656 0.231764
-1.02432 0.23452
-1.0455 0.235831
-1.03698 0.238587
-1.03127 0.24077
-1.03001 0.242081
-1.04023 0.243964
-1.04732 0.246148
-1.05638 0.248031
-1.04617 0.249342
-1.04942 0.251226
-1.052 0.252537
-1.05423 0.253848
-1.06678 0.255731
-1.05656 0.257042
-1.06679 0.258926
-1.07518 0.260237
-1.06709 0.260676
-1.06967 0.261687
-1.07088 0.262126
-1.07695 0.263437
-1.06886 0.263576
-1.0676 0.264887
-1.07498 0.265326
-1.07619 0.265464
-1.07673 0.265031
-1.07315 0.266342
-1.08053 0.266481
-1.07592 0.26692
-1.07996 0.266487
-1.07666 0.265753
-1.07721 0.26532
-1.07391 0.264887
-1.07896 0.265326
-1.08265 0.264592
-1.07621 0.264459
-1.08091 0.264898
-1.06416 0.263592
-1.0775 0.263459
-1.07769 0.263026
-1.0714 0.26172
-1.08125 0.261587
-1.07112 0.260281
-1.06716 0.258976
-1.06771 0.258842
-1.0727 0.257537
-1.06743 0.257403
-1.06492 0.254353
-1.0641 0.253048
-1.06609 0.25117
-1.05515 0.249864
-1.05331 0.247687
-1.05182 0.245809
-1.0435 0.242759
-1.04413 0.240009
-1.03712 0.236087
-1.02865 0.234209
-1.03277 0.231159
-1.01994 0.227237
-1.02324 0.224487
-1.02039 0.221437
-1.00756 0.217814
-1.00403 0.213892
-0.996665 0.21027
-0.996628 0.206348
-0.988596 0.201853
-0.983034 0.196187
-0.982647 0.192564
-0.975633 0.188642
-0.978067 0.184148
-0.966196 0.179353
-0.961652 0.174859
-0.95362 0.170064
-0.948726 0.16557
-0.9452 0.161648
-0.933824 0.156281
-0.931752 0.150614
-0.92337 0.14612
-0.92813 0.141326
-0.916754 0.135959
-0.910843 0.130592
-0.90281 0.125798
-0.897249 0.120431
-0.895845 0.115637
-0.892609 0.11027
-0.888066 0.105776
-0.882214 0.101853
-0.879646 0.0973589
-0.882081 0.0925644
-0.868234 0.08807
-0.876483 0.0835756
-0.864611 0.0787811
-0.864574 0.0751589
-0.86352 0.0706644
-0.848159 0.0612181
-0.8551 0.06312
-0.854918 0.06037
-0.845577 0.0564478
-0.851005 0.0528256
-0.845008 0.0509478
-0.852966 0.0475978
-0.84313 0.0445478
-0.841289 0.0429422
-0.848752 0.0404644
-0.840429 0.0371144
-0.847892 0.0349274
-0.841545 0.0324589
-0.851188 0.0317256
-0.847226 0.0277941
-0.846403 0.0285144
-0.852412 0.0240015
-0.862406 0.0273478
-0.849808 0.026033
-0.855817 0.0267533
-0.862989 0.0254385
-0.857573 0.0282033
-0.871578 0.026307
-0.87279 0.0293533
-0.870863 0.0265848
-0.870767 0.0316756
-0.8823 0.031233
-0.881041 0.03457
-0.888127 0.0376256
-0.887885 0.0395089
-0.893604 0.04052
-0.898219 0.0441478
-0.927051 0.0463311
-0.922012 0.0490867
-0.908978 0.05097
-0.913593 0.0519904
-0.921346 0.0576533
-0.927937 0.0604089
-0.955666 0.0643367
-0.959931 0.0670922
-0.965213 0.07102
-0.970846 0.0746478
-0.976128 0.0782756
-0.98141 0.0822033
-0.986693 0.0858311
-0.993343 0.0903311
-0.983507 0.0942589
-1.00493 0.0987589
-1.01158 0.103559
-1.01584 0.106314
-1.02214 0.110814
-1.02879 0.115614
-1.03509 0.120114
