angle_1 angle_2
-0.888911 1.97931
-0.888911 1.97931
-0.888911 1.97931
-0.888911 1.97931
-0.888911 1.97931
-0.888911 1.97931
-0.888911 1.97931
-0.888911 1.97931
-0.888911 1.97931
-0.888911 1.97931
-0.888911 1.97931
-0.888911 1.97931
-0.888911 1.97931
-0.888911 1.97931
-0.888911 1.97931
-0.888911 1.97931
-0.888911 1.97931
-0.888911 1.97928
-0.888911 1.97928
-0.888911 1.97928
-0.888911 1.97928
-0.888911 1.97928
-0.888911 1.97928
-0.888911 1.97928
-0.888911 1.97925
-0.888911 1.97925
-0.888911 1.97925
-0.888911 1.97922
-0.888911 1.97922
-0.888911 1.97922
-0.888911 1.97919
-0.888911 1.97916
-0.888911 1.97913
-0.888911 1.9791
-0.888911 1.9791
-0.888911 1.97904
-0.888911 1.97899
-0.888911 1.97896
-0.888911 1.97893
-0.888911 1.97887
-0.888911 1.97884
-0.888911 1.97881
-0.888911 1.97872
-0.888911 1.97867
-0.888911 1.97861
-0.888911 1.97852
-0.888911 1.97846
-0.888911 1.97835
-0.888911 1.97826
-0.888882 1.97811
-0.888882 1.97797
-0.888882 1.97788
-0.888882 1.97779
-0.888882 1.97771
-0.888882 1.97765
-0.888882 1.97759
-0.888853 1.9775
-0.888853 1.97739
-0.888853 1.97733
-0.888853 1.97727
-0.888824 1.97718
-0.888824 1.97712
-0.888824 1.97707
-0.888824 1.97698
-0.888795 1.97689
-0.888795 1.97683
-0.888795 1.97678
-0.888766 1.97672
-0.888766 1.97663
-0.888737 1.97654
-0.888708 1.97643
-0.888678 1.97634
-0.888649 1.97625
-0.88862 1.97614
-0.888562 1.97602
-0.888533 1.97593
-0.888504 1.97585
-0.888446 1.97573
-0.888417 1.97561
-0.888359 1.9755
-0.8883 1.97535
-0.888242 1.97524
-0.888184 1.97512
-0.888126 1.975
-0.888068 1.97492
-0.887981 1.97477
-0.887923 1.97465
-0.887864 1.97457
-0.887777 1.97445
-0.887719 1.97436
-0.887603 1.97416
-0.887515 1.97407
-0.887428 1.97393
-0.88737 1.97384
-0.887254 1.97372
-0.887167 1.97361
-0.88705 1.97346
-0.886963 1.97335
-0.886876 1.9732
-0.88676 1.97305
-0.886614 1.97285
-0.886498 1.97271
-0.886382 1.97256
-0.886236 1.97236
-0.88612 1.97221
-0.885975 1.97201
-0.885887 1.97186
-0.885742 1.97163
-0.885597 1.97143
-0.885451 1.97122
-0.885277 1.97096
-0.885131 1.97073
-0.884957 1.97047
-0.884812 1.97021
-0.884637 1.96991
-0.884463 1.96962
-0.884288 1.96933
-0.884085 1.96898
-0.88391 1.96864
-0.883707 1.96829
-0.883503 1.96791
-0.8833 1.9675
-0.883067 1.96704
-0.882864 1.96663
-0.88266 1.96619
-0.882457 1.96576
-0.882224 1.96526
-0.881991 1.96474
-0.881759 1.96422
-0.881526 1.96369
-0.881265 1.96311
-0.881032 1.96253
-0.88077 1.96192
-0.880509 1.96131
-0.880276 1.9607
-0.879985 1.96003
-0.879724 1.95939
-0.879433 1.95869
-0.879171 1.95805
-0.878851 1.9573
-0.87859 1.95657
-0.87827 1.95578
-0.877979 1.95497
-0.877659 1.95413
-0.87734 1.95323
-0.87702 1.9523
-0.8767 1.95137
-0.87638 1.95038
-0.87606 1.94939
-0.875711 1.94834
-0.875363 1.94729
-0.875043 1.94628
-0.874694 1.94523
-0.874345 1.94421
-0.873967 1.9432
-0.873618 1.94224
-0.87324 1.94131
-0.872862 1.9404
-0.872455 1.9395
-0.872048 1.93863
-0.871641 1.93776
-0.871205 1.93689
-0.870769 1.93601
-0.870304 1.93514
-0.869838 1.93424
-0.869373 1.93334
-0.868879 1.93244
-0.868414 1.93157
-0.86789 1.93064
-0.867396 1.92973
-0.866873 1.92883
-0.86635 1.92799
-0.865826 1.92715
-0.865303 1.92636
-0.864721 1.92552
-0.864111 1.92468
-0.863529 1.92392
-0.862919 1.92316
-0.862337 1.92252
-0.861756 1.92191
-0.861145 1.9213
-0.860535 1.92069
-0.859924 1.92014
-0.859285 1.91956
-0.858674 1.91901
-0.858063 1.91848
-0.857424 1.9179
-0.856726 1.91732
-0.855999 1.91674
-0.85533 1.91621
-0.854662 1.91572
-0.853993 1.91523
-0.853353 1.91479
-0.852656 1.91435
-0.852045 1.91401
-0.851464 1.91371
-0.850882 1.91342
-0.850301 1.91319
-0.849748 1.91299
-0.849167 1.91275
-0.848556 1.91252
-0.847975 1.91232
-0.847364 1.91209
-0.846754 1.91188
-0.846114 1.91165
-0.845503 1.91145
-0.844922 1.91127
-0.844399 1.91113
-0.843875 1.91095
-0.843323 1.91078
-0.8428 1.91066
-0.842131 1.91037
-0.841608 1.91017
-0.840997 1.90991
-0.840445 1.90967
-0.839892 1.90944
-0.839427 1.90927
-0.838962 1.90909
-0.838526 1.90895
-0.83809 1.9088
-0.837624 1.90866
-0.83713 1.90845
-0.836723 1.90831
-0.836258 1.90813
-0.835851 1.90796
-0.835502 1.90784
-0.835095 1.90764
-0.834717 1.90743
-0.834397 1.90726
-0.834048 1.90709
-0.833699 1.90682
-0.833409 1.90665
-0.833089 1.90639
-0.832827 1.90616
-0.832565 1.90592
-0.832333 1.90569
-0.8321 1.90546
-0.831868 1.90522
-0.831664 1.90502
-0.831461 1.90482
-0.831228 1.90459
-0.831025 1.90438
-0.830821 1.90418
-0.830676 1.90403
-0.830501 1.9038
-0.830356 1.90363
-0.83021 1.90345
-0.830094 1.90331
-0.829949 1.9031
-0.829833 1.90293
-0.829716 1.90275
-0.8296 1.90255
-0.829513 1.90238
-0.829425 1.9022
-0.829309 1.90197
-0.829251 1.90182
-0.829135 1.90162
-0.829077 1.9015
-0.829018 1.90136
-0.82896 1.90124
-0.828902 1.9011
-0.828844 1.90098
-0.828786 1.90089
-0.828728 1.90081
-0.828699 1.90072
-0.82864 1.9006
-0.828582 1.90051
-0.828553 1.90046
-0.828495 1.90037
-0.828466 1.90031
-0.828437 1.90028
-0.828379 1.90019
-0.828379 1.90017
-0.828321 1.90008
-0.828263 1.90002
-0.828233 1.89996
-0.828204 1.89988
-0.828175 1.89985
-0.828117 1.89976
-0.828088 1.89973
-0.828059 1.89967
-0.828001 1.89958
-0.827972 1.89953
-0.827914 1.89944
-0.827885 1.89938
-0.827826 1.89929
-0.827768 1.89918
-0.827739 1.89909
-0.827652 1.89894
-0.827594 1.89883
-0.827536 1.89871
-0.827478 1.8986
-0.827419 1.89845
-0.827332 1.89831
-0.827245 1.89816
-0.827158 1.89796
-0.82707 1.89778
-0.826983 1.89764
-0.826867 1.8974
-0.82678 1.89723
-0.826663 1.89703
-0.826547 1.89679
-0.826431 1.89656
-0.826285 1.89627
-0.82614 1.89598
-0.825995 1.89572
-0.825849 1.89543
-0.825675 1.89514
-0.82553 1.89485
-0.825355 1.89453
-0.825181 1.89421
-0.824977 1.89386
-0.824774 1.89351
-0.824599 1.89316
-0.824367 1.89278
-0.824163 1.89243
-0.82393 1.89203
-0.823698 1.89165
-0.823436 1.89121
-0.823204 1.89083
-0.822942 1.89043
-0.822709 1.89005
-0.822448 1.88964
-0.822157 1.8892
-0.821866 1.88877
-0.821575 1.8883
-0.821198 1.88781
-0.820878 1.88734
-0.820558 1.88688
-0.820209 1.88644
-0.819889 1.88598
-0.819511 1.88548
-0.819133 1.88499
-0.818755 1.88452
-0.818348 1.88403
-0.817941 1.88354
-0.817563 1.88307
-0.817098 1.88255
-0.816691 1.88208
-0.816255 1.88162
-0.815848 1.88115
-0.815412 1.88072
-0.814947 1.88022
-0.814481 1.87976
-0.814016 1.87929
-0.813522 1.8788
-0.813028 1.8783
-0.812504 1.87778
-0.811952 1.87723
-0.811429 1.8767
-0.810934 1.87621
-0.810411 1.87569
-0.809888 1.87516
-0.809364 1.87464
-0.808841 1.87412
-0.808347 1.87362
-0.807823 1.8731
-0.807271 1.87257
-0.806748 1.87205
-0.806108 1.87144
-0.805585 1.87092
-0.805061 1.87042
-0.804509 1.86987
-0.804015 1.86938
-0.803491 1.86891
-0.802997 1.86842
-0.802503 1.86795
-0.80198 1.86743
-0.801456 1.86691
-0.800933 1.86638
-0.80041 1.86586
-0.799915 1.86536
-0.799392 1.86484
-0.798869 1.86432
-0.798374 1.86382
-0.79788 1.86333
-0.797386 1.86283
-0.796892 1.86234
-0.796397 1.86185
-0.795932 1.86138
-0.795351 1.8608
-0.794885 1.86033
-0.794391 1.85984
-0.793926 1.85937
-0.793461 1.85891
-0.792996 1.85844
-0.79253 1.85798
-0.792065 1.85751
-0.791629 1.85708
-0.791164 1.85661
-0.790699 1.85615
-0.790234 1.85571
-0.789768 1.85525
-0.789361 1.85484
-0.788925 1.85443
-0.788489 1.85403
-0.788082 1.85365
-0.787675 1.85327
-0.787297 1.85292
-0.786919 1.85257
-0.786541 1.85219
-0.786163 1.85184
-0.785785 1.85147
-0.785407 1.85115
-0.785058 1.8508
-0.784739 1.85048
-0.78439 1.85016
-0.78407 1.84984
-0.78375 1.84952
-0.783459 1.84923
-0.783169 1.84894
-0.782878 1.84865
-0.782616 1.84838
-0.782384 1.84815
-0.782122 1.84789
-0.78186 1.84763
-0.781657 1.84743
-0.781453 1.84722
-0.781279 1.84705
-0.781104 1.84687
-0.78093 1.8467
-0.780755 1.84652
-0.78061 1.84638
-0.780465 1.84623
-0.780319 1.84609
-0.780203 1.84597
-0.780087 1.84586
-0.77997 1.84574
-0.779883 1.84565
-0.779796 1.84556
-0.779709 1.84548
-0.779651 1.84542
-0.779563 1.84533
-0.779505 1.84527
-0.779447 1.84522
-0.779389 1.84516
-0.779331 1.8451
-0.779302 1.84507
-0.779273 1.84504
-0.779273 1.84504
-0.779244 1.84501
-0.779215 1.84498
-0.779215 1.84498
-0.779215 1.84498
-0.779215 1.84498
-0.779215 1.84498
-0.779185 1.84495
-0.779185 1.84493
-0.779185 1.84493
-0.779185 1.84493
-0.779185 1.84493
-0.779185 1.8449
-0.779185 1.8449
-0.779185 1.8449
-0.779185 1.84487
-0.779156 1.84484
-0.779156 1.84481
-0.779156 1.84481
-0.779156 1.84478
-0.779156 1.84475
-0.779098 1.84469
-0.779098 1.84463
-0.779098 1.84461
-0.779069 1.84458
-0.77904 1.84452
-0.779011 1.84446
-0.778982 1.84437
-0.778953 1.84431
-0.778924 1.84426
-0.778866 1.84417
-0.778837 1.84411
-0.778778 1.84399
-0.77872 1.84391
-0.778662 1.84382
-0.778604 1.84373
-0.778546 1.84365
-0.778459 1.84347
-0.7784 1.84338
-0.778313 1.84324
-0.778226 1.84309
-0.778139 1.84292
-0.778052 1.84274
-0.777935 1.84257
-0.777819 1.84234
-0.777703 1.8421
-0.777586 1.8419
-0.777441 1.84164
-0.777296 1.84138
-0.77715 1.84112
-0.777005 1.84083
-0.77683 1.84051
-0.776685 1.84022
-0.776511 1.83992
-0.776307 1.83958
-0.776133 1.83923
-0.775929 1.83885
-0.775726 1.8385
-0.775493 1.83806
-0.77529 1.83766
-0.775028 1.83722
-0.774795 1.83676
-0.774534 1.83629
-0.774272 1.83582
-0.773981 1.8353
-0.77369 1.83478
-0.773342 1.83417
-0.773051 1.83364
-0.772731 1.83303
-0.772411 1.83245
-0.772062 1.83184
-0.771743 1.83123
-0.771335 1.83053
-0.770958 1.82981
-0.77055 1.82911
-0.770173 1.82847
-0.769678 1.8276
-0.769213 1.82678
-0.768719 1.82594
-0.768225 1.8251
-0.767701 1.8242
-0.767178 1.82326
-0.766596 1.82228
-0.766044 1.82132
-0.765521 1.82036
-0.764968 1.81943
-0.764416 1.81844
-0.763805 1.81736
-0.763195 1.81635
-0.762584 1.81533
-0.761945 1.81428
-0.761334 1.81335
-0.760723 1.81239
-0.760084 1.81143
-0.759444 1.81047
-0.758805 1.80951
-0.758194 1.80858
-0.757525 1.80756
-0.756857 1.80652
-0.756159 1.80547
-0.755519 1.80448
-0.754821 1.80341
-0.754182 1.80239
-0.753513 1.80134
-0.752844 1.8003
-0.752205 1.79928
-0.751565 1.79829
-0.750867 1.79721
-0.75017 1.79614
-0.749472 1.79515
-0.748803 1.79416
-0.748047 1.79312
-0.747291 1.7921
-0.746477 1.79105
-0.745808 1.79018
-0.74514 1.78936
-0.744442 1.78849
-0.743802 1.78774
-0.743105 1.78692
-0.742436 1.78617
-0.741767 1.78544
-0.741098 1.78474
-0.74043 1.78404
-0.739761 1.78338
-0.739092 1.78271
-0.738453 1.78207
-0.737842 1.78146
-0.737232 1.78085
-0.736592 1.78021
-0.735923 1.77954
-0.735313 1.77893
-0.734702 1.77835
-0.734063 1.77773
-0.733481 1.77724
-0.7329 1.77669
-0.732318 1.77619
-0.731737 1.77567
-0.731184 1.77523
-0.730661 1.7748
-0.730138 1.77439
-0.729643 1.77404
-0.729149 1.77369
-0.728684 1.77337
-0.728219 1.77305
-0.727783 1.77279
-0.727346 1.7725
-0.72691 1.77224
-0.726532 1.77204
-0.726125 1.7718
-0.725747 1.77157
-0.725398 1.77137
-0.725079 1.77119
-0.724759 1.77102
-0.724439 1.77082
-0.724148 1.77064
-0.723858 1.77044
-0.723625 1.77032
-0.723363 1.77018
-0.723131 1.77
-0.722927 1.76991
-0.722695 1.76974
-0.72252 1.76965
-0.722346 1.76954
-0.722171 1.76945
-0.722026 1.76936
-0.72191 1.76927
-0.721793 1.76922
-0.721677 1.76913
-0.72159 1.7691
-0.721532 1.76907
-0.721444 1.76901
-0.721386 1.76901
-0.721328 1.76895
-0.72127 1.76893
-0.72127 1.76893
-0.721241 1.7689
-0.721241 1.7689
-0.721241 1.7689
-0.721241 1.7689
-0.721241 1.7689
-0.721241 1.7689
-0.721241 1.7689
-0.721241 1.76887
-0.721241 1.76887
-0.721241 1.76884
-0.721241 1.76881
-0.721241 1.76881
-0.721241 1.76878
-0.721241 1.76875
-0.721241 1.76875
-0.721241 1.76875
-0.721241 1.76872
-0.721241 1.76872
-0.721241 1.76872
-0.721241 1.76872
-0.721241 1.76872
-0.721241 1.76869
-0.721241 1.76869
-0.721241 1.76869
-0.721241 1.76863
-0.721241 1.76861
-0.721241 1.76858
-0.721241 1.76855
-0.721241 1.76852
-0.721241 1.76852
-0.721212 1.76843
-0.721212 1.76843
-0.721183 1.76837
-0.721183 1.76834
-0.721125 1.76829
-0.721125 1.76826
-0.721095 1.76817
-0.721095 1.76817
-0.721066 1.76811
-0.721066 1.76805
-0.721037 1.768
-0.721008 1.76791
-0.720979 1.76785
-0.72095 1.7677
-0.720921 1.76762
-0.720892 1.7675
-0.720834 1.76736
-0.720776 1.76721
-0.720747 1.76709
-0.720688 1.76692
-0.72063 1.76672
-0.720572 1.76657
-0.720514 1.76637
-0.720427 1.76611
-0.72034 1.76587
-0.720252 1.76564
-0.720165 1.76538
-0.720078 1.76515
-0.719962 1.7648
-0.719816 1.76448
-0.719729 1.76419
-0.719584 1.76384
-0.719467 1.76352
-0.719322 1.76317
-0.719177 1.76282
-0.719031 1.76244
-0.718857 1.76201
-0.718682 1.7616
-0.718479 1.7611
-0.718304 1.76067
-0.718101 1.7602
-0.717868 1.75971
-0.717665 1.75924
-0.717461 1.75878
-0.7172 1.75826
-0.716967 1.75779
-0.716705 1.75727
-0.716385 1.75669
-0.716095 1.75619
-0.715804 1.75567
-0.715513 1.75517
-0.715193 1.75465
-0.714874 1.75416
-0.714525 1.75363
-0.714147 1.75305
-0.713798 1.75256
-0.71342 1.752
-0.713013 1.75145
-0.712606 1.7509
-0.712199 1.75038
-0.711821 1.74988
-0.711356 1.74933
-0.71092 1.74881
-0.710483 1.74831
-0.710018 1.74782
-0.709553 1.74732
-0.70903 1.74677
-0.708506 1.74625
-0.708012 1.74575
-0.707489 1.74523
-0.706936 1.74468
-0.706413 1.74415
-0.70589 1.74363
-0.705395 1.74314
-0.704872 1.74261
-0.704262 1.74203
-0.70368 1.74148
-0.703099 1.74093
-0.702546 1.7404
-0.701994 1.73988
-0.70147 1.73942
-0.700918 1.73892
-0.700395 1.73846
-0.699871 1.73799
-0.699348 1.73755
-0.698825 1.73709
-0.698301 1.73662
-0.697778 1.73616
-0.697255 1.73569
-0.696702 1.73517
-0.69615 1.73468
-0.695598 1.73418
-0.694987 1.7336
-0.694464 1.73311
-0.69394 1.73258
-0.693417 1.73209
-0.692894 1.73157
-0.692399 1.7311
-0.691905 1.73061
-0.691353 1.73005
-0.690829 1.72953
-0.690277 1.72898
-0.689725 1.72843
-0.689201 1.7279
-0.688649 1.72735
-0.688096 1.7268
-0.687602 1.7263
-0.687079 1.72578
-0.686555 1.72526
-0.686032 1.72473
-0.685509 1.72421
-0.685015 1.72372
-0.684491 1.72319
-0.683968 1.72267
-0.683474 1.72217
-0.68295 1.72165
-0.682456 1.72116
-0.681933 1.72063
-0.681438 1.72014
-0.680944 1.71964
-0.68045 1.71915
-0.679956 1.71866
-0.67949 1.71819
-0.679025 1.71773
-0.67856 1.71726
-0.678124 1.71682
-0.677717 1.71642
-0.677281 1.71598
-0.676874 1.71557
-0.676496 1.71523
-0.676031 1.71476
-0.675565 1.71432
-0.675217 1.71398
-0.67481 1.7136
-0.674432 1.71325
-0.674083 1.7129
-0.673763 1.71264
-0.673414 1.71232
-0.673123 1.71203
-0.672833 1.71177
-0.672542 1.7115
-0.67228 1.71124
-0.672018 1.71101
-0.671757 1.71075
-0.671524 1.71052
-0.671321 1.71034
-0.671088 1.71011
-0.670855 1.70988
-0.670681 1.7097
-0.670478 1.7095
-0.670303 1.70932
-0.670129 1.70915
-0.669983 1.709
-0.669838 1.70886
-0.669693 1.70871
-0.669576 1.7086
-0.669431 1.70845
-0.669315 1.70834
-0.669227 1.70825
-0.669111 1.70813
-0.669053 1.70807
-0.668937 1.70796
-0.668878 1.7079
-0.66882 1.70784
-0.668762 1.70778
-0.668704 1.70772
-0.668675 1.7077
-0.668617 1.70764
-0.668617 1.70764
-0.668588 1.70761
-0.668559 1.70758
-0.66853 1.70755
-0.66853 1.70755
-0.6685 1.70752
-0.6685 1.70752
-0.6685 1.70752
-0.6685 1.70752
-0.6685 1.70746
-0.6685 1.70746
-0.6685 1.70746
-0.6685 1.70743
-0.6685 1.70743
-0.6685 1.7074
-0.6685 1.7074
-0.6685 1.7074
-0.6685 1.70738
-0.6685 1.70738
-0.6685 1.70738
-0.6685 1.70735
-0.6685 1.70735
-0.6685 1.70735
-0.668471 1.70729
-0.668471 1.70726
-0.668471 1.70726
-0.668442 1.7072
-0.668413 1.70714
-0.668413 1.70711
-0.668355 1.707
-0.668326 1.70694
-0.668297 1.70688
-0.668268 1.70682
-0.668239 1.70677
-0.66821 1.70671
-0.668181 1.70665
-0.668123 1.70656
-0.668093 1.7065
-0.668006 1.70639
-0.667977 1.7063
-0.667919 1.70621
-0.667832 1.7061
-0.667774 1.70601
-0.667686 1.70586
-0.667628 1.70575
-0.667512 1.70557
-0.667425 1.70543
-0.667308 1.70525
-0.667221 1.70511
-0.667134 1.70493
-0.666989 1.70473
-0.666872 1.7045
-0.666756 1.70432
-0.666611 1.70409
-0.666465 1.70386
-0.66632 1.70363
-0.666145 1.70336
-0.665971 1.7031
-0.665797 1.70281
-0.665622 1.70258
-0.665419 1.70226
-0.665215 1.70197
-0.665012 1.70165
-0.66475 1.70127
-0.664517 1.70095
-0.664256 1.70057
-0.664023 1.70022
-0.663732 1.69985
-0.663471 1.69947
-0.66318 1.69909
-0.662889 1.69871
-0.662569 1.69828
-0.66225 1.69787
-0.661901 1.6974
-0.661494 1.69691
-0.661116 1.69644
-0.660738 1.69598
-0.660331 1.69548
-0.659924 1.69499
-0.659517 1.69452
-0.65908 1.694
-0.658644 1.69351
-0.658208 1.69298
-0.657772 1.69249
-0.657307 1.69197
-0.656842 1.69144
-0.656348 1.69089
-0.655853 1.69034
-0.655272 1.6897
-0.654719 1.68912
-0.654138 1.68851
-0.653556 1.6879
-0.652975 1.68731
-0.652423 1.68673
-0.651899 1.68621
-0.651318 1.68563
-0.650765 1.68508
-0.650184 1.68449
-0.649631 1.68394
-0.64905 1.68336
-0.64841 1.68272
-0.647887 1.6822
-0.647364 1.68167
-0.646811 1.68112
-0.646288 1.6806
-0.645765 1.68008
-0.645183 1.67949
-0.644631 1.67894
-0.64402 1.67836
-0.64341 1.67775
-0.642828 1.67717
-0.642276 1.67662
-0.641694 1.67603
-0.641171 1.67551
-0.640648 1.67499
-0.640182 1.67455
-0.639688 1.67406
-0.639165 1.67353
-0.63867 1.67304
-0.638147 1.67252
-0.637595 1.67196
-0.637042 1.67144
-0.636519 1.67092
-0.635967 1.67036
-0.635472 1.66987
-0.635007 1.6694
-0.634513 1.66891
-0.634019 1.66842
-0.633524 1.66792
-0.633059 1.66746
-0.632565 1.66699
-0.6321 1.66653
-0.631635 1.66606
-0.631169 1.6656
-0.630675 1.6651
-0.63021 1.66464
-0.629745 1.66417
-0.629309 1.66374
-0.628902 1.66333
-0.628465 1.66289
-0.628029 1.66246
-0.627622 1.66205
-0.627215 1.66164
-0.626808 1.66124
-0.626401 1.66083
-0.625994 1.66042
-0.625587 1.66004
-0.625209 1.65967
-0.624831 1.65929
-0.624453 1.65891
-0.624104 1.65859
-0.623755 1.65824
-0.623436 1.65795
-0.623087 1.6576
-0.622767 1.65731
-0.622447 1.65699
-0.622127 1.65667
-0.621837 1.65638
-0.621546 1.65612
-0.621313 1.65589
-0.621023 1.65559
-0.620819 1.65539
-0.620557 1.65513
-0.620354 1.65496
-0.62015 1.65475
-0.619918 1.65452
-0.619714 1.65432
-0.61954 1.65414
-0.619336 1.65394
-0.619162 1.65376
-0.618987 1.65359
-0.618784 1.65339
-0.618638 1.65324
-0.618493 1.65309
-0.618348 1.65295
-0.618202 1.6528
-0.618086 1.65269
-0.61797 1.65257
-0.617883 1.65248
-0.617766 1.65237
-0.61765 1.65225
-0.617563 1.65216
-0.617446 1.65205
-0.617388 1.65199
-0.61733 1.65193
-0.617243 1.65184
-0.617185 1.65179
-0.617127 1.65173
-0.617068 1.65167
-0.61701 1.65161
-0.616981 1.65158
-0.616923 1.65152
-0.616923 1.65152
-0.616865 1.65147
-0.616836 1.65144
-0.616836 1.65144
-0.616807 1.65141
-0.616807 1.65141
-0.616778 1.65135
-0.616778 1.65135
-0.616749 1.65132
-0.616749 1.65132
-0.61672 1.65129
-0.61672 1.65129
-0.61672 1.65126
-0.61672 1.65126
-0.61669 1.65123
-0.61669 1.6512
-0.61669 1.6512
-0.616661 1.65115
-0.616661 1.65115
-0.616661 1.65112
-0.616632 1.65106
-0.616632 1.65103
-0.616603 1.651
-0.616603 1.65097
-0.616545 1.65088
-0.616516 1.65083
-0.616516 1.6508
-0.616487 1.65074
-0.616458 1.65065
-0.6164 1.65051
-0.616371 1.65042
-0.616313 1.65027
-0.616254 1.65016
-0.616196 1.65001
-0.616138 1.64987
-0.61608 1.64966
-0.615993 1.64943
-0.615935 1.64926
-0.615818 1.64902
-0.615731 1.64876
-0.615644 1.64853
-0.615557 1.64827
-0.61544 1.64795
-0.615324 1.64763
-0.615179 1.64725
-0.615062 1.6469
-0.614917 1.64652
-0.614801 1.64615
-0.614655 1.64568
-0.614481 1.64522
-0.614306 1.64469
-0.614132 1.64414
-0.613958 1.64362
-0.613754 1.64301
-0.61358 1.64242
-0.613376 1.64176
-0.613143 1.64106
-0.61294 1.64036
-0.612736 1.63963
-0.612475 1.63879
-0.612242 1.63798
-0.61198 1.63707
-0.611719 1.63614
-0.611428 1.63513
-0.611166 1.63408
-0.610847 1.63289
-0.610527 1.63175
-0.610265 1.63062
-0.609887 1.62928
-0.609538 1.62803
-0.609189 1.6267
-0.608811 1.62544
-0.608375 1.62411
-0.607997 1.62292
-0.60759 1.62172
-0.607154 1.62044
-0.60666 1.61922
-0.606253 1.61809
-0.605788 1.6169
-0.605323 1.61576
-0.604886 1.61466
-0.604421 1.61352
-0.603956 1.61242
-0.603462 1.61129
-0.602938 1.61009
-0.602415 1.6089
-0.601775 1.60742
-0.601252 1.60617
-0.6007 1.60486
-0.600147 1.60355
-0.599624 1.60224
-0.599101 1.60094
-0.598548 1.5996
-0.597938 1.59814
-0.597385 1.59684
-0.596833 1.59559
-0.596193 1.59413
-0.595495 1.59259
-0.594914 1.5914
-0.594303 1.59015
-0.593722 1.58899
-0.59314 1.58791
-0.592559 1.58689
-0.591978 1.58593
-0.591367 1.58497
-0.590785 1.58413
-0.590233 1.58335
-0.589652 1.58262
-0.589099 1.58192
-0.588576 1.58131
-0.588023 1.58067
-0.5875 1.58012
-0.586948 1.57954
-0.586366 1.57893
-0.585814 1.57834
-0.585232 1.57776
-0.58468 1.57721
-0.584128 1.57666
-0.583546 1.57608
-0.582935 1.57547
-0.582441 1.57497
-0.581947 1.57448
-0.581424 1.57398
-0.580929 1.57352
-0.580435 1.57305
-0.579941 1.57262
-0.579447 1.57218
-0.578952 1.57177
-0.578487 1.57143
-0.577993 1.57102
-0.577528 1.57073
-0.577004 1.57032
-0.576568 1.57003
-0.576132 1.56974
-0.575696 1.56951
-0.575289 1.56927
-0.574882 1.56907
-0.574504 1.5689
-0.574097 1.56866
-0.57369 1.56846
-0.573312 1.56831
-0.572934 1.56814
-0.572585 1.56799
-0.572236 1.56785
-0.571887 1.5677
-0.571538 1.56756
-0.571219 1.56744
-0.570928 1.56733
-0.570637 1.56724
-0.570317 1.56712
-0.570027 1.56701
-0.569765 1.56689
-0.569503 1.5668
-0.569271 1.56674
-0.569038 1.56666
-0.568835 1.56663
-0.568602 1.56654
-0.568428 1.56651
-0.568253 1.56648
-0.56805 1.56645
-0.567875 1.5664
-0.56773 1.5664
-0.567584 1.5664
-0.567439 1.5664
-0.567294 1.5664
-0.567177 1.56642
-0.567061 1.56642
-0.566945 1.56642
-0.566858 1.56645
-0.566741 1.56642
-0.566654 1.56645
-0.566567 1.56645
-0.56648 1.56642
-0.566392 1.56642
-0.566334 1.56645
-0.566247 1.56645
-0.56616 1.56642
-0.566073 1.5664
-0.565985 1.5664
-0.565927 1.5664
-0.56584 1.56637
-0.565782 1.56637
-0.565695 1.56634
-0.565636 1.56634
-0.565578 1.56631
-0.56552 1.56631
-0.565462 1.56628
-0.565404 1.56628
-0.565346 1.56625
-0.565288 1.56622
-0.565229 1.56619
-0.5652 1.56619
-0.565142 1.56616
-0.565113 1.56613
-0.565084 1.5661
-0.565026 1.56605
-0.564997 1.56602
-0.564968 1.56599
-0.564939 1.56596
-0.56491 1.56593
-0.56488 1.5659
-0.564851 1.56587
-0.564822 1.56584
-0.564793 1.56581
-0.564764 1.56578
-0.564706 1.56573
-0.564677 1.5657
-0.564648 1.56567
-0.564619 1.56564
-0.564561 1.56558
-0.564532 1.56555
-0.564503 1.56552
-0.564444 1.56544
-0.564386 1.56538
-0.564357 1.56532
-0.564299 1.56523
-0.564241 1.56517
-0.564154 1.56506
-0.564095 1.56497
-0.564037 1.56488
-0.56395 1.56477
-0.563863 1.56465
-0.563805 1.56456
-0.563718 1.56445
-0.56363 1.56433
-0.563514 1.56419
-0.563427 1.56407
-0.56331 1.56392
-0.563194 1.56378
-0.56302 1.56358
-0.562874 1.5634
-0.562729 1.56323
-0.562613 1.56305
-0.562467 1.56288
-0.562322 1.5627
-0.562148 1.5625
-0.561973 1.56227
-0.561828 1.56209
-0.561624 1.56186
-0.56145 1.56163
-0.561246 1.56137
-0.561072 1.56113
-0.560839 1.56084
-0.560636 1.56058
-0.560403 1.56029
-0.56017 1.55997
-0.559938 1.55968
-0.559676 1.55936
-0.559415 1.55901
-0.559153 1.55869
-0.558891 1.55831
-0.5586 1.55793
-0.55831 1.55753
-0.55799 1.55709
-0.55767 1.55666
-0.55735 1.55622
-0.557001 1.55573
-0.556653 1.55523
-0.556275 1.55471
-0.555897 1.55418
-0.555548 1.55363
-0.555141 1.55305
-0.554734 1.55247
-0.554327 1.55183
-0.553949 1.55125
-0.553483 1.55058
-0.553047 1.54991
-0.55264 1.54927
-0.552175 1.54854
-0.55171 1.54785
-0.551245 1.54709
-0.55075 1.54631
-0.550256 1.54552
-0.549762 1.54476
-0.549268 1.54395
-0.548773 1.54317
-0.54825 1.54235
-0.547727 1.54154
-0.547233 1.54075
-0.546709 1.53994
-0.546186 1.53915
-0.545663 1.53837
-0.545139 1.53758
-0.544616 1.53677
-0.544093 1.53601
-0.543569 1.53523
-0.543017 1.53444
-0.542523 1.53369
-0.541999 1.53293
-0.541505 1.53218
-0.540982 1.53139
-0.540458 1.53063
-0.539906 1.52988
-0.539383 1.52912
-0.538859 1.5284
-0.538336 1.5277
-0.537696 1.52683
-0.537173 1.52619
-0.536679 1.52558
-0.536155 1.52494
-0.535661 1.52438
-0.535167 1.52383
-0.534673 1.52331
-0.534178 1.52281
-0.533626 1.52226
-0.533132 1.52177
-0.532608 1.52124
-0.532114 1.52075
-0.531649 1.52028
-0.531184 1.51982
-0.530718 1.51938
-0.530282 1.51895
-0.529817 1.51851
-0.529352 1.51807
-0.528916 1.51767
-0.528451 1.51723
-0.527985 1.51682
-0.52752 1.51642
-0.527084 1.51604
-0.526648 1.51569
-0.526241 1.51534
-0.525805 1.51499
-0.525398 1.51467
-0.524991 1.51438
-0.524613 1.51409
-0.524235 1.51383
-0.523857 1.51354
-0.523508 1.51331
-0.523159 1.51304
-0.52281 1.51281
-0.522461 1.51252
-0.522113 1.51229
-0.521793 1.51203
-0.521473 1.51179
-0.521182 1.51156
-0.520891 1.5113
-0.52063 1.51107
-0.520339 1.51081
-0.520106 1.5106
-0.519874 1.51037
-0.519641 1.51014
-0.519467 1.50996
-0.519263 1.50976
-0.51906 1.50956
-0.518885 1.50938
-0.518711 1.50921
-0.518565 1.50906
-0.51842 1.50892
-0.518304 1.5088
-0.518188 1.50868
-0.518071 1.50857
-0.517955 1.50845
-0.517868 1.50836
-0.51778 1.50828
-0.517722 1.50822
-0.517635 1.5081
-0.517577 1.50804
-0.517519 1.50793
-0.51749 1.5079
-0.517461 1.50784
-0.517432 1.50778
-0.517403 1.50772
-0.517373 1.50767
-0.517373 1.50767
-0.517344 1.50761
-0.517344 1.50758
-0.517344 1.50755
-0.517344 1.50755
-0.517344 1.50752
-0.517344 1.50749
-0.517344 1.50746
-0.517344 1.50746
-0.517344 1.5074
-0.517344 1.5074
-0.517344 1.50738
-0.517344 1.50735
-0.517344 1.50732
-0.517344 1.50729
-0.517344 1.50729
-0.517344 1.50726
-0.517344 1.5072
-0.517344 1.50717
-0.517344 1.50714
-0.517344 1.50706
-0.517344 1.507
-0.517344 1.50694
-0.517344 1.50688
-0.517344 1.50682
-0.517315 1.50671
-0.517286 1.50662
-0.517286 1.50653
-0.517228 1.50642
-0.517199 1.5063
-0.51717 1.50621
-0.517112 1.5061
-0.517083 1.50598
-0.517054 1.50589
-0.516995 1.50572
-0.516937 1.5056
-0.516908 1.50549
-0.51685 1.50531
-0.516763 1.50514
-0.516676 1.50493
-0.516618 1.50479
-0.51653 1.50458
-0.516443 1.50438
-0.516356 1.50415
-0.51624 1.50389
-0.516123 1.50365
-0.516036 1.50342
-0.51592 1.50316
-0.515803 1.5029
-0.515658 1.50261
-0.515542 1.50235
-0.515396 1.50203
-0.515251 1.50173
-0.515077 1.50139
-0.514931 1.50107
-0.514757 1.50075
-0.514582 1.5004
-0.514408 1.50005
-0.514204 1.4997
-0.514001 1.49932
-0.513797 1.49894
-0.513565 1.49857
-0.513332 1.49816
-0.5131 1.49778
-0.512809 1.49732
-0.512547 1.49691
-0.512315 1.49653
-0.512053 1.49612
-0.511762 1.49569
-0.511442 1.49525
-0.511181 1.49484
-0.51089 1.49444
-0.51057 1.494
-0.510279 1.49359
-0.50993 1.49313
-0.509611 1.49269
-0.509291 1.49229
-0.508942 1.49182
-0.508593 1.49138
-0.508244 1.49098
-0.507866 1.49051
-0.507488 1.49008
-0.507081 1.48961
-0.506587 1.48906
-0.50618 1.48862
-0.505744 1.48816
-0.505308 1.48772
-0.504843 1.48726
-0.504406 1.48679
-0.503941 1.48633
-0.503447 1.48583
-0.503011 1.4854
-0.502517 1.4849
-0.502051 1.48444
-0.501615 1.484
-0.501121 1.48351
-0.500656 1.48304
-0.500133 1.48252
-0.499638 1.48202
-0.499115 1.4815
-0.498563 1.48098
-0.49801 1.48042
-0.497487 1.4799
-0.496963 1.47941
-0.49644 1.47888
-0.495946 1.47842
-0.495423 1.47789
-0.494783 1.47731
-0.49426 1.47679
-0.493765 1.47632
-0.493242 1.4758
-0.492719 1.47531
-0.492195 1.47478
-0.491672 1.47429
-0.491178 1.47379
-0.490654 1.4733
-0.49016 1.47281
-0.489666 1.47231
-0.489172 1.47185
-0.488706 1.47138
-0.488212 1.47089
-0.487718 1.47039
-0.487253 1.46996
-0.486758 1.46946
-0.486264 1.46897
-0.485799 1.4685
-0.485334 1.46807
-0.484869 1.4676
-0.484403 1.46714
-0.483967 1.4667
-0.483531 1.46626
-0.483008 1.46574
-0.482572 1.4653
-0.482136 1.46487
-0.4817 1.46443
-0.481263 1.46403
-0.48074 1.4635
-0.480304 1.46307
-0.479868 1.46263
-0.479461 1.46225
-0.479054 1.46185
-0.478618 1.46141
-0.478211 1.46106
-0.477804 1.46068
-0.477397 1.46028
-0.477019 1.45993
-0.476612 1.45952
-0.476205 1.45914
-0.475827 1.45879
-0.475449 1.45844
-0.475071 1.45807
-0.474693 1.45772
-0.474344 1.45737
-0.473995 1.45705
-0.473646 1.45673
-0.473326 1.45644
-0.473006 1.45618
-0.472687 1.45588
-0.472367 1.45557
-0.472047 1.45527
-0.471727 1.45498
-0.471436 1.45472
-0.471175 1.45452
-0.470884 1.45423
-0.470622 1.454
-0.470361 1.45376
-0.470128 1.45356
-0.469895 1.45333
-0.469663 1.45315
-0.469459 1.45295
-0.469256 1.45277
-0.469081 1.4526
-0.468907 1.45243
-0.468733 1.45228
-0.468587 1.45213
-0.468442 1.45199
-0.468296 1.45184
-0.46818 1.45173
-0.468064 1.45161
-0.467948 1.45149
-0.46786 1.45141
-0.467773 1.45132
-0.467686 1.45123
-0.467657 1.4512
-0.467599 1.45115
-0.46754 1.45109
-0.467511 1.45106
-0.467482 1.45103
-0.467453 1.451
-0.467453 1.451
-0.467453 1.45097
-0.467453 1.45097
-0.467453 1.45097
-0.467453 1.45094
-0.467453 1.45094
-0.467453 1.45091
-0.467453 1.45088
-0.467453 1.45088
-0.467482 1.45088
-0.467482 1.45086
-0.467511 1.45086
-0.467511 1.45083
-0.46754 1.45086
-0.46754 1.4508
-0.46754 1.45077
-0.46757 1.4508
-0.46757 1.45077
-0.46757 1.45077
-0.46757 1.45077
-0.46757 1.45077
-0.46757 1.45074
-0.46757 1.45074
-0.46757 1.45074
-0.46757 1.45074
-0.46757 1.45074
-0.46757 1.45074
-0.46754 1.45071
-0.46754 1.45068
-0.467511 1.45065
-0.467511 1.45065
-0.467482 1.45062
-0.467453 1.45056
-0.467453 1.45056
-0.467424 1.45051
-0.467395 1.45048
-0.467366 1.45042
-0.467337 1.45036
-0.467308 1.45033
-0.46725 1.45024
-0.467221 1.45016
-0.467163 1.4501
-0.467133 1.45004
-0.467075 1.44995
-0.467017 1.44987
-0.466988 1.44978
-0.466901 1.44966
-0.466872 1.4496
-0.466814 1.44949
-0.466726 1.44934
-0.466668 1.44923
-0.46661 1.44911
-0.466523 1.44897
-0.466436 1.44882
-0.466378 1.44867
-0.46629 1.4485
-0.466203 1.44833
-0.466087 1.44812
-0.466 1.44792
-0.465883 1.44769
-0.465796 1.44748
-0.46568 1.44725
-0.465563 1.44702
-0.465447 1.44676
-0.465302 1.44646
-0.465185 1.4462
-0.46504 1.44591
-0.464895 1.44562
-0.464778 1.44536
-0.464604 1.44501
-0.464459 1.44469
-0.464284 1.44434
-0.464139 1.44399
-0.463964 1.44364
-0.46379 1.44327
-0.463586 1.44286
-0.463412 1.44245
-0.463208 1.44205
-0.463005 1.44158
-0.462772 1.44109
-0.462569 1.44062
-0.462336 1.4401
-0.462104 1.4396
-0.461842 1.43902
-0.46158 1.43844
-0.461348 1.43789
-0.461057 1.43725
-0.460766 1.43658
-0.460505 1.43594
-0.460214 1.43527
-0.459923 1.43457
-0.459603 1.43382
-0.459283 1.43309
-0.458964 1.43233
-0.458615 1.43152
-0.458295 1.43071
-0.457946 1.42986
-0.457597 1.42899
-0.457219 1.42809
-0.456841 1.42713
-0.456463 1.4262
-0.456056 1.42518
-0.455678 1.42419
-0.455242 1.42312
-0.454835 1.4221
-0.454399 1.42103
-0.453934 1.41989
-0.453498 1.41884
-0.453033 1.41777
-0.452567 1.41672
-0.452102 1.41573
-0.451608 1.41475
-0.451085 1.41379
-0.45059 1.41288
-0.450067 1.41198
-0.449573 1.41111
-0.449078 1.41027
-0.448555 1.40942
-0.448061 1.40861
-0.447538 1.4078
-0.446985 1.40692
-0.446433 1.40611
-0.445909 1.40533
-0.445357 1.40454
-0.444834 1.40378
-0.444339 1.40309
-0.443816 1.40236
-0.443351 1.40175
-0.442857 1.40114
-0.442362 1.40053
-0.441868 1.4
-0.441403 1.39954
-0.440909 1.39902
-0.440443 1.39855
-0.439949 1.39809
-0.439455 1.39759
-0.439019 1.39718
-0.438583 1.39681
-0.438205 1.39646
-0.437798 1.39611
-0.43742 1.39585
-0.436955 1.3955
-0.436606 1.39529
-0.436228 1.39509
-0.435821 1.39489
-0.435443 1.39471
-0.435094 1.39463
-0.434745 1.39454
-0.434367 1.39445
-0.434018 1.39442
-0.433698 1.39442
-0.433378 1.39442
-0.433059 1.39445
-0.43271 1.39445
-0.432419 1.39448
-0.432099 1.39445
-0.431779 1.39445
-0.43146 1.39442
-0.43114 1.39434
-0.430878 1.39436
-0.430558 1.39434
-0.430268 1.39431
-0.429977 1.39425
-0.429686 1.39416
-0.429395 1.3941
-0.429105 1.39399
-0.428814 1.39384
-0.428552 1.39372
-0.428261 1.39352
-0.428 1.39338
-0.427738 1.39317
-0.427476 1.39294
-0.427215 1.39274
-0.426924 1.39247
-0.426691 1.39224
-0.42643 1.39201
-0.426168 1.39175
-0.425906 1.39149
-0.425645 1.39122
-0.425412 1.39102
-0.425121 1.39073
-0.424889 1.3905
-0.424656 1.39026
-0.424395 1.39
-0.424162 1.38977
-0.423929 1.38954
-0.423668 1.38928
-0.423435 1.38904
-0.423203 1.38881
-0.42297 1.38858
-0.422737 1.38835
-0.422534 1.38814
-0.422301 1.38788
-0.422098 1.38768
-0.421865 1.38742
-0.421662 1.38721
-0.421458 1.38698
-0.421284 1.3868
-0.42108 1.38657
-0.420906 1.38637
-0.42076 1.38622
-0.420586 1.38605
-0.42044 1.3859
-0.420295 1.38576
-0.420179 1.38564
-0.420033 1.3855
-0.419888 1.38535
-0.419743 1.38521
-0.419626 1.38509
-0.419539 1.385
-0.419423 1.38489
-0.419336 1.3848
-0.419248 1.38471
-0.419132 1.3846
-0.419074 1.38454
-0.418987 1.38445
-0.4189 1.38436
-0.418841 1.3843
-0.418783 1.38425
-0.418725 1.38419
-0.418638 1.3841
-0.41858 1.38404
-0.418522 1.38398
-0.418463 1.38393
-0.418405 1.38387
-0.418347 1.38381
-0.418318 1.38378
-0.41826 1.38372
-0.418231 1.38369
-0.418202 1.38366
-0.418173 1.38361
-0.418115 1.38355
-0.418085 1.38352
-0.418056 1.38349
-0.418027 1.38343
-0.417998 1.3834
-0.417969 1.38335
-0.41794 1.38329
-0.41794 1.38326
-0.417911 1.3832
-0.417911 1.38317
-0.417882 1.38314
-0.417882 1.38311
-0.417853 1.38305
-0.417824 1.38303
-0.417824 1.383
-0.417824 1.38297
-0.417795 1.38294
-0.417766 1.38288
-0.417766 1.38288
-0.417737 1.38282
-0.417708 1.38279
-0.417678 1.38276
-0.417649 1.38271
-0.417649 1.38271
-0.417591 1.38262
-0.417562 1.38259
-0.417533 1.38256
-0.417504 1.38247
-0.417475 1.38244
-0.417417 1.38236
-0.417359 1.38227
-0.41733 1.38221
-0.4173 1.38218
-0.417242 1.38207
-0.417184 1.38198
-0.417126 1.38189
-0.417039 1.38178
-0.41701 1.38172
-0.416952 1.38163
-0.416864 1.38151
-0.416806 1.38143
-0.41669 1.38125
-0.416632 1.38116
-0.416545 1.38105
-0.416457 1.3809
-0.416341 1.38076
-0.416254 1.38064
-0.416138 1.38047
-0.41605 1.38035
-0.415934 1.38018
-0.415847 1.38006
-0.415701 1.37983
-0.415585 1.37968
-0.415469 1.37951
-0.415323 1.3793
-0.415207 1.3791
-0.415033 1.37887
-0.414887 1.37866
-0.414742 1.37846
-0.414597 1.37826
-0.414451 1.37805
-0.414277 1.37782
-0.414102 1.37759
-0.413957 1.37741
-0.413783 1.37718
-0.413608 1.37698
-0.413405 1.37672
-0.41323 1.37651
-0.413027 1.37628
-0.412823 1.37602
-0.41262 1.37579
-0.412416 1.37558
-0.412183 1.37532
-0.41198 1.37509
-0.411776 1.37486
-0.411544 1.37459
-0.411311 1.37436
-0.411079 1.3741
-0.410846 1.37384
-0.410555 1.37355
-0.410294 1.37326
-0.410032 1.37299
-0.40977 1.37273
-0.409538 1.3725
-0.409247 1.37221
-0.408985 1.37195
-0.408695 1.37166
-0.408433 1.3714
-0.408142 1.3711
-0.407822 1.37079
-0.407561 1.37052
-0.407241 1.3702
-0.406921 1.36988
-0.406601 1.36956
-0.40631 1.36927
-0.405991 1.36895
-0.405671 1.36863
-0.405351 1.36831
-0.405031 1.36799
-0.404653 1.36762
-0.404304 1.36727
-0.403955 1.36692
-0.403607 1.36657
-0.403258 1.36622
-0.402909 1.36587
-0.40256 1.36552
-0.402153 1.36512
-0.401775 1.36474
-0.401368 1.36433
-0.40099 1.36395
-0.400583 1.36355
-0.400176 1.36314
-0.399682 1.36264
-0.399216 1.36218
-0.398809 1.36177
-0.398344 1.36131
-0.397879 1.36084
-0.397443 1.36041
-0.397007 1.35997
-0.396571 1.35953
-0.396135 1.3591
-0.395669 1.35863
-0.395233 1.3582
-0.394652 1.35761
-0.394187 1.35715
-0.393692 1.35666
-0.39314 1.3561
-0.392675 1.35564
-0.39221 1.3552
-0.391744 1.35474
-0.391279 1.35427
-0.390814 1.35381
-0.390349 1.35334
-0.389884 1.3529
-0.389418 1.35244
-0.388953 1.35197
-0.388488 1.35154
-0.388052 1.35113
-0.387587 1.35069
-0.38718 1.35029
-0.386744 1.34988
-0.386366 1.34953
-0.385988 1.34918
-0.385581 1.34881
-0.385203 1.34846
-0.384825 1.34814
-0.384447 1.34779
-0.384069 1.3475
-0.383691 1.34715
-0.383342 1.34686
-0.382993 1.34657
-0.382644 1.34625
-0.382324 1.34598
-0.382005 1.34575
-0.381685 1.34546
-0.381394 1.34523
-0.381103 1.34497
-0.380842 1.34476
-0.38058 1.34456
-0.380318 1.34433
-0.380086 1.34415
-0.379853 1.34395
-0.37962 1.34375
-0.379417 1.34357
-0.379213 1.3434
-0.379039 1.34325
-0.378806 1.34305
-0.378632 1.34287
-0.378428 1.3427
-0.378283 1.34255
-0.378138 1.34244
-0.377992 1.34229
-0.377847 1.34215
-0.377731 1.34206
-0.377614 1.34194
-0.377469 1.3418
-0.377382 1.34171
-0.377265 1.34165
-0.377178 1.34157
-0.377091 1.34148
-0.377004 1.34139
-0.376946 1.34133
-0.376858 1.34125
-0.3768 1.34119
-0.376742 1.34113
-0.376713 1.3411
-0.376655 1.34104
-0.376626 1.34101
-0.376568 1.34096
-0.376539 1.34093
-0.37651 1.3409
-0.37648 1.34087
-0.376451 1.34084
-0.376422 1.34081
-0.376422 1.34081
-0.376393 1.34078
-0.376393 1.34078
-0.376393 1.34078
-0.376364 1.34075
-0.376364 1.34075
-0.376364 1.34075
-0.376364 1.34075
-0.376335 1.34069
-0.376335 1.34069
-0.376335 1.34069
-0.376335 1.34069
-0.376335 1.34069
-0.376306 1.34066
-0.376306 1.34066
-0.376306 1.34066
-0.376277 1.34064
-0.376248 1.34061
-0.376248 1.34061
-0.376219 1.34058
-0.376219 1.34058
-0.37619 1.34055
-0.37619 1.34052
-0.376161 1.34049
-0.376132 1.34046
-0.376132 1.34046
-0.376073 1.3404
-0.376073 1.3404
-0.376015 1.34034
-0.375986 1.34032
-0.375928 1.34026
-0.375899 1.34023
-0.37587 1.34017
-0.375812 1.34011
-0.375754 1.34005
-0.375695 1.34
-0.375637 1.33994
-0.37555 1.33985
-0.375492 1.33979
-0.375405 1.33968
-0.375318 1.33959
-0.37523 1.3395
-0.375143 1.33941
-0.375056 1.33933
-0.37494 1.33921
-0.374823 1.33907
-0.374707 1.33895
-0.374591 1.33883
-0.374474 1.33872
-0.374329 1.33857
-0.374184 1.33843
-0.374038 1.33828
-0.373864 1.33808
-0.373718 1.33793
-0.373544 1.33776
-0.37337 1.33758
-0.373166 1.33732
-0.372992 1.33715
-0.372788 1.33694
-0.372585 1.33671
-0.372381 1.33651
-0.372148 1.33627
-0.371945 1.33607
-0.371712 1.33584
-0.37148 1.33558
-0.371218 1.33531
-0.370956 1.33505
-0.370724 1.33482
-0.370462 1.33456
-0.3702 1.3343
-0.369939 1.33404
-0.369677 1.33377
-0.369386 1.33348
-0.369096 1.33319
-0.368834 1.33293
-0.368543 1.33264
-0.368253 1.33235
-0.367991 1.33209
-0.3677 1.3318
-0.367409 1.33151
-0.367119 1.33122
-0.366828 1.33092
-0.366508 1.3306
-0.366246 1.33034
-0.365927 1.33002
-0.365636 1.32973
-0.365345 1.32944
-0.365025 1.32912
-0.364735 1.32883
-0.364473 1.32857
-0.364153 1.32825
-0.363891 1.32799
-0.363601 1.3277
-0.363339 1.32744
-0.363048 1.32714
-0.362787 1.32688
-0.362525 1.32662
-0.362234 1.32633
-0.361973 1.32607
-0.361711 1.32581
-0.361449 1.32555
-0.361188 1.32528
-0.360926 1.32502
-0.360664 1.32479
-0.360403 1.32453
-0.360083 1.32421
-0.359792 1.32392
-0.35953 1.32366
-0.359298 1.32342
-0.359036 1.32316
-0.358833 1.32296
-0.3586 1.32273
-0.358367 1.32249
-0.358135 1.32226
-0.357902 1.32203
-0.357699 1.32182
-0.357466 1.32159
-0.357263 1.32139
-0.357059 1.32118
-0.356855 1.32098
-0.356623 1.32075
-0.356419 1.32055
-0.356245 1.32037
-0.356041 1.32017
-0.355838 1.31996
-0.355634 1.31976
-0.355431 1.31956
-0.355256 1.31938
-0.355082 1.31921
-0.354878 1.319
-0.354733 1.31886
-0.354559 1.31868
-0.354355 1.31848
-0.354181 1.31831
-0.354006 1.31813
-0.353861 1.31799
-0.353686 1.31781
-0.353512 1.31764
-0.353367 1.31749
-0.353192 1.31732
-0.353076 1.3172
-0.352901 1.31703
-0.352756 1.31688
-0.352611 1.31674
-0.352465 1.31659
-0.35232 1.31645
-0.352175 1.3163
-0.352 1.31613
-0.351855 1.31598
-0.351738 1.31586
-0.351564 1.31569
-0.351448 1.31557
-0.351302 1.31543
-0.351186 1.31531
-0.351041 1.31517
-0.350895 1.31502
-0.35075 1.31488
-0.350634 1.31476
-0.350488 1.31461
-0.350343 1.31447
-0.350227 1.31435
-0.350081 1.31421
-0.349936 1.31406
-0.34979 1.31392
-0.349645 1.31377
-0.3495 1.31363
-0.349383 1.31351
-0.349238 1.31336
-0.349093 1.31322
-0.348947 1.31307
-0.348802 1.31293
-0.348657 1.31278
-0.348511 1.31264
-0.348337 1.31246
-0.348162 1.31229
-0.347988 1.31211
-0.347843 1.31197
-0.347639 1.31176
-0.347494 1.31162
-0.347319 1.31144
-0.347116 1.31124
-0.346883 1.31101
-0.346709 1.31083
-0.346505 1.31063
-0.346302 1.31043
-0.346098 1.31022
-0.345895 1.31002
-0.345662 1.30979
-0.345429 1.30956
-0.345226 1.30935
-0.344964 1.30909
-0.344732 1.30886
-0.344441 1.30857
-0.344208 1.30833
-0.343947 1.30807
-0.343685 1.30781
-0.343423 1.30755
-0.343162 1.30729
-0.342871 1.307
-0.342522 1.30665
-0.342231 1.30636
-0.34194 1.30607
-0.34165 1.30578
-0.341359 1.30548
-0.341068 1.30519
-0.340748 1.30487
-0.340429 1.30455
-0.340138 1.30426
-0.339818 1.30394
-0.339527 1.30365
-0.339178 1.3033
-0.338888 1.30301
-0.338568 1.30269
-0.338248 1.30237
-0.337928 1.30205
-0.337608 1.30176
-0.33726 1.30141
-0.336969 1.30112
-0.336591 1.30075
-0.3363 1.30045
-0.33598 1.30014
-0.33569 1.29984
-0.335399 1.29955
-0.335108 1.29929
-0.334846 1.29903
-0.334585 1.29877
-0.334294 1.29848
-0.334032 1.29822
-0.333771 1.29795
-0.333538 1.29772
-0.333276 1.29749
-0.333015 1.29723
-0.332782 1.297
-0.33252 1.29673
-0.332317 1.29653
-0.332084 1.2963
-0.331852 1.29609
-0.331648 1.29589
-0.331416 1.29566
-0.331212 1.29545
-0.331009 1.29525
-0.330834 1.29511
-0.330631 1.2949
-0.330485 1.29476
-0.330311 1.29458
-0.330136 1.29441
-0.329962 1.29423
-0.329817 1.29409
-0.329642 1.29391
-0.329497 1.29377
-0.32938 1.29365
-0.329235 1.29351
-0.32909 1.29336
-0.328973 1.29324
-0.328828 1.2931
-0.328712 1.29298
-0.328595 1.29287
-0.328479 1.29275
-0.328363 1.29263
-0.328218 1.29249
-0.32813 1.2924
-0.328043 1.29231
-0.327956 1.29223
-0.327869 1.29214
-0.327781 1.29205
-0.327665 1.29194
-0.327607 1.29188
-0.32752 1.29179
-0.327433 1.2917
-0.327345 1.29162
-0.327287 1.29156
-0.327229 1.2915
-0.327171 1.29144
-0.327113 1.29138
-0.327025 1.2913
-0.326967 1.29124
-0.326909 1.29118
-0.326851 1.29112
-0.326793 1.29106
-0.326735 1.29101
-0.326677 1.29095
-0.326618 1.29089
-0.32656 1.29083
-0.326502 1.29077
-0.326444 1.29072
-0.326357 1.29063
-0.326328 1.2906
-0.32624 1.29051
-0.326182 1.29045
-0.326124 1.2904
-0.326095 1.29037
-0.326008 1.29028
-0.325921 1.29019
-0.325833 1.2901
-0.325775 1.29005
-0.325688 1.28996
-0.325601 1.28987
-0.325514 1.28978
-0.325426 1.2897
-0.325339 1.28961
-0.325281 1.28955
-0.325165 1.28944
-0.325048 1.28932
-0.324961 1.28923
-0.324816 1.28909
-0.3247 1.28897
-0.324583 1.28885
-0.324438 1.28871
-0.324322 1.28859
-0.324176 1.28845
-0.324031 1.2883
-0.323885 1.28816
-0.323711 1.28798
-0.323537 1.28781
-0.323362 1.28763
-0.323217 1.28749
-0.322984 1.28726
-0.322781 1.28705
-0.322606 1.28688
-0.322403 1.28667
-0.322199 1.28647
-0.321996 1.28627
-0.321792 1.28606
-0.32156 1.28583
-0.321327 1.2856
-0.321094 1.28537
-0.320862 1.28513
-0.320629 1.2849
-0.320368 1.28464
-0.320106 1.28438
-0.319844 1.28412
-0.319612 1.28388
-0.31935 1.28362
-0.319059 1.28333
-0.318798 1.28307
-0.318536 1.28281
-0.318274 1.28255
-0.318013 1.28228
-0.317722 1.28199
-0.317431 1.2817
-0.317111 1.28138
-0.31682 1.28109
-0.316559 1.28083
-0.316297 1.28057
-0.315977 1.28025
-0.315716 1.27999
-0.315425 1.2797
-0.315163 1.27943
-0.314814 1.27909
-0.314553 1.27882
-0.314262 1.27853
-0.314 1.27827
-0.31371 1.27798
-0.313477 1.27775
-0.313186 1.27746
-0.312925 1.2772
-0.312663 1.27693
-0.312401 1.27667
-0.31214 1.27641
-0.311878 1.27615
-0.311587 1.27586
-0.311325 1.2756
-0.311064 1.27533
-0.310831 1.2751
-0.310599 1.27487
-0.310308 1.27458
-0.310075 1.27435
-0.309814 1.27408
-0.309581 1.27385
-0.309348 1.27362
-0.309145 1.27342
-0.308941 1.27321
-0.308709 1.27298
-0.308476 1.27275
-0.308273 1.27254
-0.308069 1.27234
-0.307837 1.27211
-0.307633 1.2719
-0.30743 1.2717
-0.307255 1.27153
-0.307081 1.27135
-0.306906 1.27118
-0.306732 1.271
-0.306557 1.27083
-0.306383 1.27065
-0.306208 1.27048
-0.306063 1.27036
-0.305889 1.27019
-0.305743 1.27004
-0.305598 1.2699
-0.305423 1.26972
-0.305278 1.26958
-0.305133 1.26946
-0.304987 1.26932
-0.304842 1.26917
-0.304726 1.26905
-0.30458 1.26894
-0.304435 1.26882
-0.30429 1.26868
-0.304144 1.26853
-0.304028 1.26842
-0.303912 1.2683
-0.303766 1.26815
-0.30365 1.26804
-0.303505 1.26789
-0.303388 1.26778
-0.303272 1.26766
-0.303156 1.26754
-0.302981 1.26737
-0.302865 1.26725
-0.302749 1.26714
-0.302632 1.26702
-0.302516 1.2669
-0.302371 1.26676
-0.302254 1.26664
-0.302138 1.26653
-0.301993 1.26638
-0.301876 1.26626
-0.301731 1.26612
-0.301615 1.266
-0.301498 1.26589
-0.301382 1.26577
-0.301266 1.26565
-0.30112 1.26551
-0.301004 1.26539
-0.300888 1.26528
-0.300743 1.26513
-0.300626 1.26501
-0.30051 1.2649
-0.300365 1.26475
-0.300248 1.26464
-0.300103 1.26449
-0.299987 1.26437
-0.299841 1.26423
-0.299725 1.26411
-0.29958 1.26397
-0.299463 1.26385
-0.299318 1.26371
-0.299173 1.26356
-0.299056 1.26344
-0.298911 1.2633
-0.298736 1.26312
-0.298591 1.26298
-0.298446 1.26283
-0.2983 1.26269
-0.298155 1.26254
-0.29798 1.26237
-0.297806 1.26219
-0.297661 1.26205
-0.297515 1.2619
-0.297341 1.26173
-0.297166 1.26155
-0.297021 1.26141
-0.296818 1.2612
-0.296643 1.26103
-0.29644 1.26083
-0.296236 1.26062
-0.296062 1.26045
-0.295858 1.26025
-0.295655 1.26004
-0.295451 1.25984
-0.295248 1.25963
-0.295044 1.25943
-0.29484 1.25923
-0.294608 1.259
-0.294375 1.25876
-0.294143 1.25853
-0.29391 1.2583
-0.293678 1.25806
-0.293445 1.25783
-0.293183 1.25757
-0.292951 1.25734
-0.292689 1.25708
-0.292456 1.25684
-0.292195 1.25658
-0.291933 1.25632
-0.291671 1.25606
-0.29141 1.2558
-0.291148 1.25554
-0.290857 1.25524
-0.290596 1.25498
-0.290305 1.25469
-0.290014 1.2544
-0.289723 1.25411
-0.289433 1.25382
-0.289142 1.25353
-0.288851 1.25324
-0.28856 1.25295
-0.28827 1.25266
-0.287979 1.25237
-0.287717 1.2521
-0.287427 1.25181
-0.287136 1.25155
-0.286845 1.25126
-0.286583 1.251
-0.286264 1.25071
-0.285973 1.25045
-0.285711 1.25019
-0.28542 1.24992
-0.285159 1.24969
-0.284868 1.24943
-0.284519 1.24911
-0.284228 1.24885
-0.283938 1.24859
-0.283676 1.24838
-0.283443 1.24818
-0.283182 1.24795
-0.282949 1.24774
-0.282717 1.24754
-0.282455 1.24734
-0.282251 1.24716
-0.282019 1.24696
-0.281786 1.24678
-0.281583 1.24664
-0.281408 1.24649
-0.281176 1.24629
-0.280972 1.24614
-0.280798 1.246
-0.280623 1.24585
-0.280449 1.24574
-0.280274 1.24562
-0.280071 1.24545
-0.279896 1.2453
-0.279722 1.24516
-0.279577 1.24504
-0.279402 1.24489
-0.279257 1.24478
-0.279111 1.24466
-0.278995 1.24455
-0.27885 1.24443
-0.278704 1.24431
-0.278559 1.24417
-0.278443 1.24411
-0.278297 1.24396
-0.278181 1.24388
-0.278065 1.24376
-0.277919 1.24362
-0.277803 1.24353
-0.277687 1.24341
-0.27757 1.2433
-0.277454 1.24318
-0.277367 1.24309
-0.277251 1.24298
-0.277134 1.24286
-0.277047 1.24277
-0.276931 1.24266
-0.276844 1.24257
-0.276727 1.24245
-0.27664 1.24236
-0.276524 1.24225
-0.276437 1.24216
-0.27632 1.24205
-0.276233 1.24196
-0.276117 1.24184
-0.27603 1.24175
-0.275942 1.24167
-0.275826 1.24155
-0.275739 1.24146
-0.275652 1.24138
-0.275535 1.24126
-0.275448 1.24117
-0.275332 1.24106
-0.275245 1.24097
-0.275128 1.24085
-0.275012 1.24074
-0.274896 1.24062
-0.274779 1.2405
-0.274663 1.24039
-0.274547 1.24027
-0.27443 1.24016
-0.274314 1.24004
-0.274169 1.23989
-0.274023 1.23975
-0.273907 1.23963
-0.273733 1.23946
-0.273587 1.23931
-0.273442 1.23917
-0.273268 1.23899
-0.273122 1.23885
-0.272948 1.23867
-0.272773 1.2385
-0.272541 1.23827
-0.272366 1.23809
-0.272192 1.23792
-0.271988 1.23771
-0.271785 1.23751
-0.271552 1.23728
-0.27132 1.23704
-0.271116 1.23684
-0.270883 1.23661
-0.270651 1.23638
-0.270447 1.23617
-0.270186 1.23591
-0.269953 1.23568
-0.269691 1.23542
-0.26943 1.23515
-0.269168 1.23489
-0.268935 1.23466
-0.268674 1.2344
-0.268383 1.23411
-0.268121 1.23385
-0.267831 1.23356
-0.26754 1.23326
-0.267249 1.23297
-0.266958 1.23268
-0.266668 1.23239
-0.266319 1.23204
-0.266028 1.23175
-0.265737 1.23146
-0.265447 1.23117
-0.265156 1.23088
-0.264865 1.23059
-0.264574 1.2303
-0.264313 1.23004
-0.264022 1.22975
-0.26376 1.22949
-0.26347 1.22919
-0.263179 1.2289
-0.262888 1.22861
-0.262655 1.22838
-0.262365 1.22809
-0.262103 1.22783
-0.261841 1.22757
-0.261551 1.2273
-0.261318 1.22707
-0.261056 1.22681
-0.260795 1.22658
-0.260562 1.22635
-0.2603 1.22611
-0.260097 1.22591
-0.259864 1.22571
-0.259632 1.22547
-0.259457 1.22533
-0.259225 1.22509
-0.259021 1.22489
-0.258818 1.22472
-0.258614 1.22451
-0.258411 1.22431
-0.258236 1.22416
-0.258033 1.22396
-0.257887 1.22382
-0.257713 1.22367
-0.257568 1.22352
-0.257393 1.22335
-0.257248 1.22321
-0.257102 1.22306
-0.256957 1.22297
-0.256812 1.22283
-0.256666 1.22268
-0.25655 1.22257
-0.256405 1.22242
-0.256259 1.22227
-0.256143 1.22216
-0.256027 1.22204
-0.25591 1.22195
-0.255823 1.22187
-0.255678 1.22172
-0.25559 1.22164
-0.255503 1.22155
-0.255387 1.22143
-0.255271 1.22132
-0.255213 1.22126
-0.255096 1.22114
-0.255038 1.22108
-0.254951 1.221
-0.254864 1.22094
-0.254747 1.22082
-0.254689 1.22076
-0.254602 1.22068
-0.254486 1.22056
-0.254428 1.2205
-0.25434 1.22041
-0.254253 1.22033
-0.254195 1.22027
-0.254079 1.22015
-0.25402 1.22009
-0.253933 1.22001
-0.253817 1.21989
-0.253759 1.21983
-0.253701 1.21977
-0.253613 1.21969
-0.253555 1.21963
-0.253468 1.21954
-0.253352 1.21943
-0.253294 1.21937
-0.253177 1.21925
-0.253119 1.21919
-0.253032 1.21911
-0.252916 1.21899
-0.252828 1.2189
-0.252741 1.21881
-0.252654 1.21873
-0.252538 1.21861
-0.25245 1.21852
-0.252334 1.21841
-0.252218 1.21829
-0.252131 1.2182
-0.252014 1.21809
-0.251927 1.218
-0.251811 1.21788
-0.251665 1.21774
-0.251549 1.21762
-0.251404 1.21748
-0.251288 1.21736
-0.251142 1.21722
-0.251026 1.2171
-0.25088 1.21695
-0.250735 1.21681
-0.250561 1.21663
-0.250444 1.21652
-0.250299 1.21637
-0.250154 1.21623
-0.249979 1.21605
-0.249805 1.21588
-0.24963 1.2157
-0.249456 1.21553
-0.24931 1.21538
-0.249136 1.21521
-0.248962 1.21504
-0.248816 1.21489
-0.248613 1.21469
-0.248438 1.21451
-0.248264 1.21434
-0.24806 1.21413
-0.247886 1.21396
-0.247682 1.21376
-0.247479 1.21355
-0.247304 1.21338
-0.247101 1.21317
-0.246926 1.213
-0.246665 1.21274
-0.246461 1.21253
-0.246229 1.2123
-0.246025 1.2121
-0.245793 1.21187
-0.24556 1.21163
-0.245298 1.21137
-0.245037 1.21111
-0.244746 1.21082
-0.244513 1.21059
-0.244252 1.21033
-0.243961 1.21003
-0.243699 1.20977
-0.243438 1.20951
-0.243147 1.20922
-0.242856 1.20893
-0.242565 1.20864
-0.242275 1.20835
-0.241955 1.20803
-0.241606 1.20768
-0.241315 1.20739
-0.241024 1.2071
-0.240705 1.20678
-0.240385 1.20646
-0.240065 1.20614
-0.239745 1.20582
-0.239425 1.2055
-0.239135 1.20521
-0.238786 1.20486
-0.238437 1.20451
-0.238117 1.20419
-0.237797 1.20387
-0.237448 1.20352
-0.237099 1.20317
-0.23678 1.20285
-0.236431 1.2025
-0.236111 1.20218
-0.235762 1.20184
-0.235442 1.20152
-0.235151 1.20123
-0.234832 1.20091
-0.234512 1.20059
-0.234192 1.20027
-0.233872 1.19995
-0.233552 1.19963
-0.233262 1.19934
-0.232942 1.19902
-0.232622 1.19872
-0.232331 1.19843
-0.23207 1.19817
-0.231779 1.19788
-0.231488 1.19759
-0.231226 1.19736
-0.230965 1.1971
-0.230703 1.19683
-0.23047 1.19663
-0.230238 1.1964
-0.229976 1.19614
-0.229744 1.19593
-0.229482 1.19567
-0.229278 1.1955
-0.229075 1.19529
-0.228871 1.19509
-0.228697 1.19495
-0.228493 1.19474
-0.228319 1.1946
-0.228145 1.19442
-0.22797 1.19431
-0.227825 1.19416
-0.227679 1.19404
-0.227534 1.1939
-0.227389 1.19378
-0.227272 1.19367
-0.227156 1.19358
-0.22704 1.19346
-0.226953 1.1934
-0.226865 1.19332
-0.226749 1.1932
-0.226691 1.19317
-0.226604 1.19308
-0.226545 1.19303
-0.226458 1.19294
-0.2264 1.19291
-0.226342 1.19285
-0.226284 1.19279
-0.226255 1.19276
-0.226197 1.19271
-0.226168 1.19268
-0.226138 1.19265
-0.226109 1.19262
-0.22608 1.19259
-0.226051 1.19256
-0.226051 1.19256
-0.226022 1.19253
-0.226022 1.19253
-0.226022 1.19253
-0.225964 1.19247
-0.225964 1.19247
-0.225964 1.19247
-0.225964 1.19247
