torque_1 torque_2
-71.3277 50.2235
-71.3266 50.221
-71.3255 50.2186
-71.2424 50.2137
-71.1815 50.2041
-71.157 50.172
-71.1108 50.1781
-71.0736 50.1424
-71.0165 50.1247
-71.0085 50.1144
-70.9923 50.1131
-70.9752 50.0928
-70.9599 50.0804
-70.9647 50.0708
-70.9985 50.0747
-70.9669 50.0567
-70.9824 50.0551
-70.9606 50.0516
-70.8869 50.0492
-70.93 50.0475
-70.8673 50.0451
-70.8503 50.0426
-70.8139 50.0403
-70.7769 50.0315
-70.7653 50.0173
-70.7392 50.014
-70.7211 50.008
-70.7005 50.0047
-70.6882 50.0065
-70.6578 50.0022
-70.639 49.9778
-70.6248 49.9898
-70.5616 49.9954
-70.5393 49.9838
-70.5287 49.9813
-70.5081 49.9687
-70.4959 49.9724
-70.4728 49.9615
-70.4412 49.9554
-70.429 49.9536
-70.3848 49.9391
-70.3544 49.9327
-70.3503 49.9382
-70.3088 49.9219
-70.2865 49.9191
-70.2634 49.9098
-70.2276 49.9023
-70.1799 49.8978
-70.1876 49.8803
-70.1653 49.8791
-70.1176 49.8809
-70.0927 49.8842
-70.0504 49.883
-70.0237 49.8855
-70.0068 49.9044
-70.0037 49.8969
-69.9506 49.9103
-69.9294 49.9019
-69.9127 49.9181
-69.8976 49.9199
-69.8419 49.9133
-69.7763 49.9187
-69.786 49.9149
-69.7249 49.9065
-69.6939 49.9141
-69.6775 49.9054
-69.6437 49.9088
-69.6634 49.9108
-69.6195 49.9259
-69.6263 49.9317
-69.6314 49.9375
-69.6019 49.9625
-69.5877 49.9531
-69.5473 49.9671
-69.5034 49.9767
-69.485 49.9937
-69.4411 49.9898
-69.4052 50.0016
-69.356 50.0097
-69.3502 50.0205
-69.3136 50.0286
-69.3122 50.045
-69.2955 50.0448
-69.2824 50.0475
-69.2819 50.0429
-69.2677 50.0621
-69.2473 50.0464
-69.2252 50.0617
-69.1839 50.0699
-69.1816 50.0444
-69.1594 50.048
-69.138 50.0535
-69.1103 50.0425
-69.108 50.0478
-69.1118 50.0549
-69.1113 50.0382
-69.1017 50.0261
-69.0747 50.0494
-69.0796 50.0242
-69.0582 50.0247
-68.9581 50.0142
-68.9992 50.02
-69.0047 50.0076
-68.9553 50.0252
-68.9717 50.0273
-68.9613 50.0338
-68.9453 50.0367
-68.9195 50.0541
-68.9107 50.0707
-68.8839 50.0645
-68.868 50.0965
-68.8701 50.1031
-68.8415 50.1089
-68.8182 50.1229
-68.8023 50.1332
-68.7828 50.1489
-68.7813 50.1693
-68.7511 50.1815
-68.7424 50.1976
-68.7065 50.2147
-68.6888 50.2282
-68.6693 50.2354
-68.6714 50.2499
-68.6446 50.2563
-68.6106 50.2589
-68.6343 50.2554
-68.5877 50.2601
-68.5898 50.2557
-68.5846 50.2567
-68.5892 50.2479
-68.5336 50.2434
-68.5104 50.2362
-68.525 50.2371
-68.5091 50.2244
-68.4949 50.23
-68.4789 50.2174
-68.4539 50.2291
-68.4596 50.2165
-68.4318 50.2213
-68.4141 50.2314
-68.3891 50.2278
-68.3623 50.2189
-68.3715 50.2299
-68.3869 50.211
-68.3835 50.2066
-68.3585 50.1959
-68.3569 50.2169
-68.3624 50.1925
-68.3724 50.2254
-68.3329 50.221
-68.3384 50.2013
-68.3565 50.1831
-68.2998 50.2071
-68.3197 50.2042
-68.3575 50.1999
-68.2756 50.1972
-68.3431 50.1936
-68.2774 50.1893
-68.281 50.1857
-68.2638 50.1794
-68.297 50.1795
-68.3087 50.1759
-68.3023 50.1732
-68.2383 50.1553
-68.2204 50.1662
-68.2356 50.1626
-68.276 50.1591
-68.1995 50.1547
-68.2632 50.152
-68.2568 50.1485
-68.1929 50.145
-68.1973 50.1415
-68.1794 50.1378
-68.2288 50.1334
-68.2224 50.1299
-68.216 50.1263
-68.2061 50.1212
-68.1422 50.1177
-68.1144 50.1124
-68.1063 50.108
-68.1161 50.1037
-68.108 50.0993
-68.159 50.0957
-68.1509 50.0913
-68.1445 50.0878
-68.1292 50.0834
-68.0583 50.0782
-68.0394 50.0722
-68.0707 50.0678
-68.0106 50.0626
-68.015 50.059
-68.0141 50.0546
-68.0758 50.0283
-68.0694 50.0484
-68.0559 50.0457
-68.0549 50.0421
-68.0378 50.0377
-67.9491 50.0333
-67.9776 50.0291
-67.9678 50.0065
-67.9973 49.992
-67.9355 50.0159
-67.9363 50.0123
-67.973 49.9951
-67.9362 49.9887
-67.8894 49.9861
-67.8724 49.9725
-67.851 49.9634
-67.8697 49.9615
-67.8993 49.965
-67.8377 49.9576
-67.8207 49.941
-67.8843 49.9501
-67.8047 49.9509
-67.7646 49.9453
-67.7637 49.9516
-67.7665 49.9726
-67.7657 49.9443
-67.7131 49.9516
-67.7104 49.9171
-67.7096 49.926
-67.7125 49.9123
-67.6902 49.9103
-67.6983 49.9022
-67.6439 49.9111
-67.6289 49.8965
-67.6281 49.8954
-67.6202 49.898
-67.5979 49.8898
-67.615 49.9004
-67.5589 49.8976
-67.5635 49.8839
-67.5207 49.882
-67.5073 49.8948
-67.4798 49.881
-67.5058 49.8744
-67.4712 49.8817
-67.4847 49.8668
-67.4108 49.864
-67.4135 49.8613
-67.369 49.8577
-67.3808 49.8486
-67.3551 49.8412
-67.3347 49.8492
-67.3392 49.8489
-67.325 49.8361
-67.3313 49.8396
-67.2432 49.8423
-67.287 49.8231
-67.2702 49.8266
-67.1759 49.8201
-67.1948 49.8144
-67.1656 49.7961
-67.1702 49.7949
-67.1418 49.7947
-67.1358 49.7815
-67.1172 49.7766
-67.1005 49.7788
-67.0614 49.7758
-67.0536 49.778
-67.012 49.7638
-66.996 49.7653
-66.9989 49.7683
-66.959 49.7606
-66.9396 49.7675
-66.9194 49.7725
-66.8912 49.7809
-66.8577 49.7694
-66.8341 49.7778
-66.8325 49.7791
-66.8124 49.7632
-66.7753 49.7809
-66.7552 49.7776
-66.7358 49.776
-66.7325 49.79
-66.7036 49.7748
-66.6843 49.7925
-66.6642 49.7829
-66.6342 49.776
-66.5928 49.7808
-66.5842 49.7802
-66.5525 49.7803
-66.5201 49.764
-66.5168 49.7561
-66.486 49.7571
-66.465 49.7462
-66.444 49.7668
-66.4417 49.7422
-66.4118 49.7494
-66.3907 49.7612
-66.36 49.7691
-66.3195 49.7771
-66.3251 49.798
-66.3033 49.8122
-66.2594 49.8352
-66.2543 49.847
-66.2203 49.8752
-66.2081 49.879
-66.1713 49.8766
-66.1415 49.8941
-66.1357 49.9107
-66.1112 49.9067
-66.1114 49.9117
-66.0692 49.9193
-66.0528 49.9242
-66.0177 49.9192
-65.9933 49.9188
-65.9583 49.9193
-65.9313 49.9188
-65.8662 49.9121
-65.8613 49.9181
-65.8334 49.9223
-65.8212 49.9157
-65.7863 49.919
-65.7611 49.936
-65.7295 49.9285
-65.728 49.9401
-65.7035 49.9411
-65.688 49.9397
-65.6601 49.9453
-65.6303 49.9252
-65.584 49.9222
-65.5684 49.914
-65.5652 49.9135
-65.5496 49.8989
-65.5279 49.9039
-65.4921 49.8865
-65.4519 49.8696
-65.4593 49.8946
-65.4367 49.8887
-65.4266 49.8698
-65.4146 49.8564
-65.3832 49.8601
-65.3703 49.8568
-65.3495 49.8559
-65.3041 49.8413
-65.3044 49.8349
-65.2485 49.8548
-65.2479 49.8557
-65.236 49.8619
-65.2029 49.8708
-65.198 49.8745
-65.1772 49.8981
-65.1695 49.8999
-65.1381 49.8918
-65.1157 49.9088
-65.0869 49.9134
-65.0627 49.9155
-65.0596 49.9382
-65.0282 49.9418
-65.0082 49.9484
-64.9841 49.9686
-64.9756 49.9706
-64.9942 49.9894
-64.9576 49.9943
-64.9352 50.0022
-64.8958 50.0146
-64.8996 50.026
-64.8789 50.0268
-64.8694 50.0129
-64.8609 50.0191
-64.8243 50.0208
-64.8271 50.0177
-64.808 50.0085
-64.7898 50
-64.7988 49.9899
-64.7455 49.9885
-64.7668 50.0002
-64.7214 50.0008
-64.7242 49.9825
-64.6701 49.994
-64.6712 49.991
-64.6363 49.9726
-64.6688 49.9813
-64.6515 49.9657
-64.6088 49.9773
-64.6037 49.9652
-64.5662 49.9759
-64.5628 49.9838
-64.5359 49.9545
-64.5693 49.9506
-64.5667 49.9621
-64.5144 49.9492
-64.5486 49.9799
-64.4859 49.9787
-64.5112 49.9522
-64.4669 49.9711
-64.4417 49.9664
-64.4455 49.9623
-64.4134 49.9286
-64.4092 49.9192
-64.4339 49.9461
-64.4017 49.9139
-64.3985 49.9361
-64.4239 49.9385
-64.3614 49.9044
-64.3484 49.9114
-64.3173 49.8973
-64.3322 49.9288
-64.3472 49.9249
-64.3177 49.8872
-64.3047 49.8997
-64.3259 49.913
-64.3146 49.8918
-64.3034 49.9068
-64.2914 49.9029
-64.2332 49.8989
-64.2672 49.8769
-64.2083 49.8902
-64.2422 49.8872
-64.2293 49.8824
-64.1721 49.861
-64.1504 49.8761
-64.1758 49.8713
-64.1811 49.8345
-64.1699 49.8477
-64.0926 49.8338
-64.0727 49.8244
-64.1337 49.8276
-64.1207 49.8527
-64.1112 49.8504
-64.0635 49.8465
-64.0133 49.8433
-64.0733 49.8403
-64.0447 49.8371
-63.9762 49.8332
-63.991 49.8148
-64.0225 49.8224
-63.9557 49.8229
-63.9982 49.8054
-63.9559 49.8077
-63.8979 49.7799
-63.9102 49.776
-63.861 49.7692
-63.8464 49.7552
-63.8473 49.7522
-63.8535 49.7707
-63.7921 49.7547
-63.7862 49.7578
-63.7975 49.7439
-63.7527 49.7552
-63.7745 49.7383
-63.6889 49.7499
-63.7322 49.7377
-63.7055 49.74
-63.6779 49.726
-63.6226 49.723
-63.6046 49.7199
-63.5874 49.7168
-63.5719 49.7154
-63.566 49.704
-63.5695 49.7092
-63.5522 49.7015
-63.5264 49.6893
-63.4894 49.707
-63.4669 49.7094
-63.467 49.7064
-63.4342 49.6778
-63.4162 49.6837
-63.4163 49.6763
-63.4111 49.6749
-63.406 49.6671
-63.356 49.6732
-63.3157 49.6563
-63.2848 49.6586
-63.2745 49.6419
-63.2522 49.6417
-63.2214 49.6365
-63.1835 49.6352
-63.1811 49.6137
-63.1709 49.6221
-63.14 49.595
-63.1177 49.5797
-63.0766 49.5763
-63.056 49.579
-63.032 49.561
-62.9771 49.5636
-62.9772 49.5489
-62.9258 49.5453
-62.9303 49.5375
-62.8977 49.536
-62.8945 49.5252
-62.8722 49.5272
-62.8277 49.5181
-62.8433 49.5136
-62.8038 49.5271
-62.7714 49.5251
-62.7646 49.5353
-62.7356 49.535
-62.7167 49.5702
-62.6842 49.5473
-62.6637 49.5617
-62.6432 49.545
-62.6124 49.5519
-62.6022 49.5623
-62.5937 49.5873
-62.5423 49.6078
-62.5424 49.6358
-62.5244 49.6665
-62.5141 49.6827
-62.5022 49.6945
-62.4638 49.7408
-62.4528 49.7537
-62.422 49.7811
-62.3888 49.7873
-62.3881 49.822
-62.3532 49.8249
-62.3499 49.8486
-62.3218 49.8641
-62.2989 49.878
-62.2835 49.8893
-62.2623 49.8932
-62.2427 49.8915
-62.2564 49.8762
-62.2163 49.8842
-62.1866 49.8712
-62.178 49.8858
-62.167 49.8249
-62.1629 49.8782
-62.1373 49.8728
-62.1246 49.9031
-62.0785 49.9113
-62.0811 49.9304
-62.053 49.9388
-62.0154 49.9626
-62.0352 49.9973
-62.0113 50.0236
-61.99 50.0752
-61.961 50.1661
-61.9603 50.2026
-61.9142 50.2644
-61.9339 50.299
-61.8888 50.3429
-61.8803 50.4018
-61.842 50.3989
-61.8232 50.3908
-61.8549 50.3842
-61.8259 50.3762
-61.7791 50.3688
-61.7978 50.3616
-61.7587 50.3414
-61.7323 50.3157
-61.7425 50.3227
-61.7145 50.3077
-61.7179 50.2892
-61.6711 50.2868
-61.6473 50.2973
-61.6302 50.2751
-61.6294 50.2909
-61.6616 50.2642
-61.5962 50.2892
-61.6064 50.2745
-61.5638 50.3087
-61.5359 50.2675
-61.5562 50.292
-61.523 50.2892
-61.5162 50.2818
-61.5187 50.2762
-61.4627 50.2681
-61.4839 50.2615
-61.4669 50.2543
-61.4779 50.2478
-61.4567 50.242
-61.4209 50.2356
-61.3573 50.2291
-61.3522 50.2226
-61.3479 50.2169
-61.3731 50.2122
-61.3401 50.2072
-61.3738 50.2016
-61.3729 50.1976
-61.3389 50.1919
-61.282 50.1871
-61.2701 50.1822
-61.258 50.1775
-61.2452 50.1726
-61.3043 50.1678
-61.2391 50.1637
-61.2372 50.1589
-61.1974 50.154
-61.2023 50.1492
-61.246 50.1461
-61.191 50.1419
-61.1587 50.1388
-61.2034 50.1256
-61.1339 50.1308
-61.1708 50.1277
-61.175 50.0953
-61.0988 50.0768
-61.1239 50.1136
-61.0741 50.1131
-61.0451 50.0746
-61.0788 50.0906
-61.0828 50.0775
-61.0708 50.0805
-61.0689 50.0803
-61.0207 50.0624
-60.9868 50.0876
-60.9748 50.0462
-61.0083 50.056
-60.9568 50.0718
-60.928 50.0623
-60.9058 50.031
-60.9107 50.0506
-60.9064 50.0383
-60.8775 50.0151
-60.9178 50.0201
-60.8418 50.0342
-60.8812 50.0055
-60.8137 49.9922
-60.8471 50.029
-60.7864 49.9913
-60.7812 49.9927
-60.7843 49.9896
-60.7715 49.9763
-60.7199 49.9787
-60.7046 49.9809
-60.6615 49.9633
-60.6738 49.961
-60.6476 49.9477
-60.6323 49.9554
-60.611 49.9539
-60.5848 49.9308
-60.5686 49.9486
-60.5541 49.927
-60.5379 49.9247
-60.5361 49.9468
-60.4998 49.9017
-60.5038 49.9376
-60.4558 49.9053
-60.4129 49.8931
-60.3632 49.9054
-60.3666 49.9037
-60.3387 49.8814
-60.3276 49.8816
-60.2998 49.88
-60.3172 49.8701
-60.2592 49.8604
-60.2564 49.8567
-60.2219 49.8485
-60.2008 49.8394
-60.1796 49.8522
-60.1586 49.8375
-60.1441 49.8357
-60.0979 49.8375
-60.1053 49.84
-60.0574 49.838
-60.0631 49.8468
-60.0119 49.844
-60.0008 49.8537
-59.958 49.8398
-59.9336 49.8479
-59.9209 49.8475
-59.8448 49.8539
-59.8188 49.8658
-59.7911 49.8642
-59.7651 49.8805
-59.7308 49.8668
-59.7065 49.8682
-59.6989 49.868
-59.6529 49.8697
-59.6268 49.8398
-59.6109 49.8356
-59.5865 49.8298
-59.5723 49.8142
-59.547 49.8144
-59.511 49.8026
-59.4867 49.8096
-59.4816 49.814
-59.4549 49.8469
-59.4215 49.8551
-59.3948 49.8795
-59.3681 49.9077
-59.3314 49.9189
-59.2954 49.9357
-59.2887 49.9465
-59.262 49.9544
-59.2253 49.9668
-59.2369 49.984
-59.1885 49.9748
-59.1925 49.9886
-59.1558 49.9867
-59.1507 49.9903
-59.1406 50.0013
-59.1105 50.0021
-59.0729 50.0069
-59.0794 50.0106
-59.0693 50.027
-59.0509 50.0224
-59.0215 50.0279
-59.0031 50.0088
-59.0113 50.0049
-58.9654 50.0012
-58.9835 49.9983
-58.9451 49.9816
-58.9208 49.9822
-58.9107 49.9716
-58.9122 49.9682
-58.8937 49.9639
-58.8678 49.963
-58.8494 49.9566
-58.84 49.9597
-58.8299 49.9457
-58.8015 49.9473
-58.7855 49.9826
-58.7853 49.9869
-58.7686 50.0112
-58.7475 50.0321
-58.7374 50.043
-58.7164 50.0713
-58.7162 50.1024
-58.6919 50.1137
-58.6685 50.1448
-58.6666 50.1734
-58.6605 50.1898
-58.6422 50.2142
-58.6146 50.229
-58.573 50.2411
-58.5719 50.2442
-58.5651 50.25
-58.5772 50.2377
-58.5372 50.2598
-58.5427 50.2365
-58.4978 50.2504
-58.4851 50.2235
-58.5071 50.2101
-58.4671 50.2187
-58.4749 50.218
-58.4316 50.2119
-58.4461 50.2041
-58.4126 50.2097
-58.3859 50.2018
-58.3822 50.2175
-58.3637 50.198
-58.3319 50.2112
-58.324 50.231
-58.3286 50.227
-58.3035 50.2531
-58.2701 50.2494
-58.2615 50.2356
-58.2562 50.2383
-58.241 50.2319
-58.2356 50.2255
-58.2006 50.219
-58.2059 50.2127
-58.1808 50.1926
-58.1787 50.1686
-58.1651 50.1976
-58.1598 50.1927
-58.1643 50.1888
-58.1729 50.1767
-58.1312 50.1436
-58.1012 50.1777
-58.114 50.1302
-58.1126 50.1209
-58.0644 50.1315
-58.0904 50.149
-58.0422 50.1223
-58.0927 50.1391
-58.0289 50.1352
-58.0449 50.1212
-58.0592 50.1118
-57.997 50.1087
-57.9999 50.1047
-57.9978 50.1007
-57.9858 50.1022
-57.9385 50.09
-57.9265 50.0897
-57.9491 50.0805
-57.9017 50.0974
-57.9407 50.1071
-57.9131 50.084
-57.9011 50.0655
-57.8415 50.0644
-57.8534 50.0906
-57.8119 50.0549
-57.8246 50.081
-57.8052 50.0462
-57.7801 50.0723
-57.7673 50.0292
-57.7824 50.0261
-57.7679 50.0269
-57.719 50.0191
-57.6947 50.0198
-57.7302 50.0459
-57.6698 49.9973
-57.7029 50.0196
-57.654 50.0213
-57.6616 49.9936
-57.6275 49.9897
-57.6131 49.9912
-57.601 49.9835
-57.5849 49.9905
-57.5607 49.9682
-57.5568 49.9696
-57.5146 49.962
-57.4903 49.9543
-57.4758 49.9512
-57.4802 49.9428
-57.4445 49.9342
-57.4193 49.9366
-57.4033 49.9367
-57.3938 49.9183
-57.3687 49.9306
-57.3805 49.9228
-57.3416 49.9197
-57.3067 49.9159
-57.2874 49.9275
-57.2869 49.9081
-57.2529 49.9104
-57.2425 49.902
-57.2101 49.8898
-57.2023 49.8921
-57.187 49.879
-57.1497 49.8813
-57.1328 49.8845
-57.125 49.8622
-57.0885 49.8691
-57.0806 49.8585
-57.0817 49.8509
-57.0347 49.8439
-57.0178 49.8379
-57.0361 49.8336
-56.9817 49.832
-56.9641 49.8213
-56.9651 49.8308
-56.9361 49.8238
-56.9192 49.8103
-56.8844 49.8133
-56.8831 49.8098
-56.8646 49.7991
-56.8453 49.7992
-56.8382 49.792
-56.7937 49.7929
-56.7647 49.7939
-56.7722 49.7856
-56.7432 49.7819
-56.7085 49.8009
-56.7048 49.7788
-56.715 49.7903
-56.6772 49.7907
-56.6409 49.7886
-56.6291 49.7865
-56.6107 49.7961
-56.6006 49.7892
-56.5806 49.7843
-56.5802 49.7947
-56.5303 49.7863
-56.5152 49.7775
-56.4823 49.772
-56.4559 49.7818
-56.4214 49.7685
-56.4145 49.7821
-56.388 49.7974
-56.4039 49.8008
-56.3644 49.8314
-56.3543 49.8358
-56.323 49.8525
-56.3112 49.8686
-56.2897 49.8704
-56.2795 49.8939
-56.2483 49.8946
-56.2446 49.9142
-56.2182 49.9316
-56.1902 49.9535
-56.18 49.9682
-56.1893 49.9819
-56.15 50.0113
-56.1398 50.0185
-56.1125 50.0403
-56.1039 50.0572
-56.0694 50.0636
-56.0658 50.0718
-56.0588 50.0673
-56.0211 50.0781
-56.0239 50.0673
-56.017 50.0697
-55.9792 50.067
-55.9795 50.0507
-55.9531 50.0488
-55.9171 50.0465
-55.9295 50.0252
-55.8822 50.0385
-55.8856 50.0343
-55.8755 50.0336
-55.8378 50.0333
-55.8293 50.0434
-55.79 50.0446
-55.7725 50.0657
-55.7639 50.0589
-55.736 50.0922
-55.7274 50.0963
-55.7075 50.1047
-55.681 50.1265
-55.6561 50.1266
-55.6264 50.1306
-55.6258 50.1408
-55.6075 50.143
-55.5737 50.1454
-55.5553 50.1478
-55.5547 50.1509
-55.5104 50.1578
-55.5179 50.1484
-55.4931 50.1425
-55.465 50.1378
-55.4595 50.1301
-55.4338 50.1216
-55.4154 50.124
-55.4068 50.1271
-55.3788 50.1194
-55.3491 50.1147
-55.3508 50.1171
-55.3131 50.1133
-55.3044 50.113
-55.2764 50.1071
-55.2468 50.1115
-55.2534 50.0969
-55.227 50.103
-55.207 50.1091
-55.1871 50.0981
-55.1759 50.1065
-55.1624 50.0947
-55.1441 50.0901
-55.1216 50.0901
-55.1033 50.0991
-55.0753 50.0838
-55.077 50.0882
-55.0699 50.0752
-55.0532 50.0697
-55.0275 50.0506
-55.0204 50.0557
-55.0053 50.0319
-55.0005 50.039
-54.9935 50.0358
-54.9671 50.0355
-54.9527 50.0435
-54.9617 50.0333
-54.9328 50.0257
-54.9241 50.0182
-54.9106 50.0187
-54.9058 50.0312
-54.8907 50.0101
-54.8409 50.0028
-54.8467 50.0088
-54.813 50.0041
-54.8188 50.0065
-54.8036 49.9972
-54.7908 49.9942
-54.7645 49.9886
-54.7597 49.9793
-54.7349 49.9763
-54.7175 49.9761
-54.7024 49.9668
-54.713 49.9638
-54.6979 49.9571
-54.7013 49.9622
-54.622 49.9591
-54.6326 49.9654
-54.6255 49.9459
-54.6016 49.9412
-54.5945 49.939
-54.581 49.9322
-54.5675 49.9292
-54.5492 49.9168
-54.5414 49.9199
-54.5263 49.9168
-54.5047 49.9146
-54.4816 49.9084
-54.4665 49.8908
-54.469 49.903
-54.4651 49.8962
-54.4413 49.8992
-54.4102 49.8986
-54.3951 49.8963
-54.38 49.8894
-54.3553 49.8819
-54.3674 49.8949
-54.3267 49.8872
-54.3212 49.8787
-54.2965 49.8765
-54.3198 49.8757
-54.2711 49.8798
-54.2656 49.8544
-54.2954 49.86
-54.253 49.861
-54.2572 49.8611
-54.242 49.8459
-54.219 49.8468
-54.1959 49.8414
-54.192 49.8463
-54.1529 49.8417
-54.1394 49.8528
-54.1707 49.8491
-54.0997 49.8621
-54.1054 49.8592
-54.0887 49.851
-54.0737 49.8465
-54.057 49.8428
-54.0467 49.8346
-54.0157 49.8409
-54.0166 49.8272
-53.9776 49.8359
-53.9817 49.8239
-53.9673 49.8196
-53.9522 49.8316
-53.9356 49.8259
-53.9285 49.8206
-53.8975 49.8378
-53.8999 49.852
-53.8801 49.8407
-53.8746 49.854
-53.8921 49.8491
-53.8435 49.854
-53.8094 49.8581
-53.8054 49.8537
-53.7999 49.8556
-53.7706 49.8562
-53.7817 49.8567
-53.7539 49.8582
-53.7421 49.8761
-53.6872 49.8783
-53.7191 49.8912
-53.6785 49.9005
-53.6762 49.9117
-53.6802 49.9475
-53.6509 49.9453
-53.6381 49.9749
-53.631 49.9766
-53.5825 49.9784
-53.6048 49.9893
-53.5897 50.0156
-53.5858 50.0126
-53.554 50.0221
-53.539 50.0351
-53.5144 50.0436
-53.4994 50.0467
-53.4755 50.0437
-53.4843 50.0406
-53.4541 50.0375
-53.4391 50.049
-53.432 50.0367
-53.4065 50.0412
-53.3804 50.0338
-53.3527 50.0335
-53.3638 50.019
-53.3122 50.0151
-53.3122 50.0058
-53.3067 50.0281
-53.3146 50.0134
-53.2727 50.0087
-53.2291 50.0087
-53.2386 49.9986
-53.2236 49.9993
-53.1871 50.004
-53.1721 50.0131
-53.1863 49.9931
-53.1713 49.9876
-53.1633 49.9851
-53.142 49.9905
-53.1277 49.9742
-53.1127 49.9686
-53.1047 49.9588
-53.0849 49.9749
-53.0611 49.9495
-53.0626 49.9286
-53.0334 49.941
-53.0365 49.9455
-53.0326 49.9216
-53.0087 49.9279
-52.996 49.9241
-53.0111 49.9285
-52.9714 49.9164
-52.9587 49.9064
-52.9579 49.8932
-52.9088 49.9093
-52.9309 49.9019
-52.9349 49.9062
-52.9127 49.917
-52.8889 49.8778
-52.8755 49.8947
-52.8359 49.8647
-52.8374 49.8663
-52.8089 49.8587
-52.8097 49.8548
-52.7891 49.8481
-52.7748 49.8479
-52.7779 49.8449
-52.7471 49.8327
-52.7249 49.8368
-52.6995 49.8284
-52.6932 49.8198
-52.6899 49.8231
-52.6655 49.8145
-52.6322 49.8061
-52.6464 49.801
-52.6321 49.8095
-52.6163 49.788
-52.583 49.7874
-52.5665 49.7867
-52.5506 49.7571
-52.5364 49.7678
-52.5095 49.7618
-52.5236 49.7498
-52.4872 49.7454
-52.473 49.7517
-52.4414 49.7359
-52.4303 49.731
-52.4122 49.7327
-52.3806 49.7321
-52.36 49.7417
-52.3568 49.7404
-52.3142 49.7353
-52.2937 49.721
-52.2747 49.7231
-52.2636 49.7203
-52.2352 49.7213
-52.1982 49.7203
-52.1959 49.7175
-52.185 49.7271
-52.1631 49.7491
-52.1097 49.7554
-52.0972 49.774
-52.076 49.7973
-52.0588 49.8158
-52.0527 49.8413
-52.0339 49.8605
-52.0143 49.892
-52.0128 49.8982
-52.0004 49.9033
-51.9769 49.9095
-51.9667 49.9147
-51.9401 49.8955
-51.9292 49.8961
-51.908 49.8731
-51.8704 49.8744
-51.8705 49.8566
-51.854 49.8544
-51.8431 49.8466
-51.8291 49.8459
-51.8142 49.8353
-51.808 49.8345
-51.783 49.833
-51.7681 49.8322
-51.7462 49.8253
-51.7218 49.8355
-51.7157 49.8339
-51.7252 49.836
-51.7213 49.8509
-51.7057 49.8513
-51.6908 49.8647
-51.6673 49.8643
-51.6336 49.8643
-51.6274 49.8742
-51.6094 49.8588
-51.6189 49.8616
-51.5892 49.8823
-51.5633 49.847
-51.5587 49.8796
-51.5783 49.8734
-51.5533 49.8642
-51.5306 49.825
-51.5266 49.8494
-51.522 49.8102
-51.5228 49.8102
-51.5119 49.8016
-51.4657 49.7876
-51.4516 49.8092
-51.4758 49.8007
-51.4759 49.7983
-51.4751 49.7869
-51.4555 49.7839
-51.4289 49.8007
-51.4437 49.7777
-51.4235 49.7836
-51.3788 49.7907
-51.3563 49.7667
-51.3657 49.7789
-51.3877 49.7541
-51.3439 49.7864
-51.3424 49.7597
-51.3315 49.7519
-51.309 49.777
-51.2887 49.7393
-51.2856 49.7507
-51.2841 49.7322
-51.2888 49.7608
-51.2452 49.7268
-51.2936 49.7491
-51.2327 49.7468
-51.2562 49.7491
-51.2103 49.7267
-51.2243 49.7127
-51.1791 49.7095
-51.1667 49.7174
-51.1745 49.7002
-51.1418 49.7135
-51.1637 49.681
-51.1076 49.6895
-51.1294 49.6881
-51.0796 49.681
-51.0656 49.6679
-51.05 49.658
-51.0189 49.6557
-51.0205 49.6632
-50.98 49.644
-50.9816 49.6381
-50.9661 49.6381
-50.921 49.6336
-50.8977 49.632
-50.8844 49.6167
-50.8315 49.6259
-50.8207 49.6161
-50.8005 49.6114
-50.7725 49.5978
-50.7337 49.5907
-50.712 49.5915
-50.6825 49.5823
-50.6795 49.5794
-50.6383 49.5796
-50.6072 49.582
-50.5918 49.5812
-50.5577 49.5719
-50.5189 49.5674
-50.5221 49.5645
-50.4917 49.5499
-50.4654 49.5494
-50.4499 49.5417
-50.4025 49.5351
-50.3815 49.52
-50.3583 49.5138
-50.3249 49.5132
-50.3039 49.5005
-50.2643 49.4825
-50.2411 49.4849
-50.1985 49.4961
-50.2116 49.5241
-50.1953 49.5451
-50.1691 49.5502
-50.1295 49.5657
-50.0605 49.5983
-50.0628 49.5953
-50.0419 49.6146
-49.9993 49.6265
-49.987 49.6389
-49.9614 49.6422
-49.9653 49.6491
-49.9118 49.6723
-49.8924 49.6795
-49.8297 49.6835
-49.8134 49.6735
-49.7965 49.675
-49.7787 49.6759
-49.7732 49.6756
-49.7477 49.6603
-49.7129 49.6511
-49.6873 49.6254
-49.6804 49.5996
-49.6301 49.5947
-49.6185 49.5757
-49.6223 49.5793
-49.5859 49.5921
-49.5666 49.587
-49.5612 49.6013
-49.5495 49.5902
-49.5209 49.6206
-49.5108 49.6266
-49.4977 49.6624
-49.4861 49.6966
-49.4467 49.74
-49.4459 49.782
-49.4172 49.8437
-49.3763 49.9123
-49.3863 49.9415
-49.3485 49.9747
-49.3554 50.0046
-49.3021 50.0439
-49.3121 50.0251
-49.2835 50.0518
-49.2765 50.022
-49.2733 50.0343
-49.2432 50.0072
-49.2516 49.9847
-49.203 49.9694
-49.2207 49.9546
-49.1983 49.957
-49.1904 49.9356
-49.1588 49.9179
-49.1688 49.9172
-49.1655 49.9175
-49.1247 49.9013
-49.1269 49.9105
-49.0944 49.9008
-49.1059 49.9154
-49.0897 49.9132
-49.0633 49.9363
-49.0486 49.9424
-49.0432 49.9494
-49.0461 49.9685
-49.0314 49.9594
-49.0106 49.9877
-48.9981 49.986
-48.9911 49.9789
-48.9786 49.9721
-48.9655 49.965
-48.9976 49.9589
-48.9522 49.9527
-48.9406 49.9465
-48.9542 49.9404
-48.9534 49.9349
-48.9209 49.9167
-48.9277 49.9265
-48.9798 49.9228
-48.9328 49.9189
-48.9065 49.9152
-48.9179 49.9112
-48.9515 49.9083
-48.9384 49.9044
-48.9397 49.9014
-48.8681 49.8838
-48.9278 49.8954
-48.8717 49.8915
-48.916 49.8893
-48.9112 49.8864
-48.9057 49.8833
-48.8993 49.8796
-48.8938 49.8764
-48.889 49.8734
-48.8243 49.8697
-48.8771 49.8666
-48.8723 49.8637
-48.8499 49.8598
-48.8604 49.8568
-48.8556 49.8539
-48.8486 49.85
-48.8407 49.8463
-48.7944 49.8189
-48.7782 49.8386
-48.8194 49.8349
-48.8137 49.8312
-48.8086 49.8247
-48.8036 49.7963
-48.797 49.819
-48.7889 49.809
-48.744 49.7916
-48.7359 49.8117
-48.7033 49.7698
-48.712 49.7706
-48.6702 49.767
-48.6866 49.7833
-48.6739 49.7583
-48.6551 49.7493
-48.7051 49.7527
-48.648 49.7435
-48.6277 49.7544
-48.6349 49.7524
-48.6091 49.7434
-48.5704 49.7444
-48.5592 49.7215
-48.545 49.728
-48.4971 49.7072
-48.4906 49.6953
-48.477 49.6917
-48.4918 49.6804
-48.4593 49.6738
-48.4649 49.6717
-48.4079 49.6556
-48.4081 49.6592
-48.3863 49.6433
-48.3522 49.6503
-48.3624 49.629
-48.3314 49.6456
-48.3148 49.6328
-48.2792 49.6248
-48.2589 49.6255
-48.2454 49.6207
-48.2388 49.6238
-48.2231 49.6134
-48.1982 49.6213
-48.1648 49.6009
-48.1491 49.6003
-48.1211 49.5907
-48.1045 49.5786
-48.0965 49.5752
-48.0532 49.5894
-48.0412 49.5736
-47.9874 49.5715
-47.9961 49.5809
-47.978 49.5706
-47.9577 49.5791
-47.9274 49.5795
-47.8979 49.5644
-47.8685 49.5722
-47.8672 49.5683
-47.8225 49.5631
-47.8364 49.5588
-47.7963 49.5499
-47.8011 49.5327
-47.7457 49.5373
-47.7606 49.534
-47.7257 49.5258
-47.7085 49.5307
-47.6699 49.5213
-47.6588 49.5247
-47.6401 49.5288
-47.6122 49.533
-47.6002 49.5534
-47.5571 49.5552
-47.5536 49.5849
-47.512 49.5737
-47.497 49.5879
-47.495 49.6089
-47.4732 49.6154
-47.424 49.6094
-47.4456 49.6199
-47.4025 49.6203
-47.3975 49.6434
-47.397 49.6244
-47.3409 49.6357
-47.3678 49.6399
-47.3111 49.6422
-47.3006 49.6464
-47.2804 49.6436
-47.2464 49.6615
-47.2649 49.6504
-47.2416 49.6645
-47.2107 49.6685
-47.1942 49.6613
-47.1755 49.6592
-47.1726 49.6702
-47.1402 49.6565
-47.155 49.6528
-47.105 49.661
-47.1121 49.6527
-47.1032 49.6492
-47.0906 49.6479
-47.0771 49.6506
-47.0614 49.6532
-47.0381 49.6449
-47.0429 49.6476
-47.0333 49.6338
-47.0213 49.642
-47.0178 49.6399
-47.0134 49.6401
-46.9674 49.6372
-46.9782 49.6399
-46.9671 49.6288
-46.9733 49.6406
-46.9431 49.6461
-46.9396 49.628
-46.9398 49.6413
-46.9074 49.6286
-46.9121 49.6306
-46.8995 49.6129
-46.8875 49.6102
-46.8664 49.623
-46.8705 49.6154
-46.8601 49.6182
-46.8435 49.6045
-46.8331 49.6163
-46.8287 49.5998
-46.8182 49.6025
-46.7926 49.5888
-46.7715 49.6053
-46.761 49.5942
-46.7399 49.586
-46.7477 49.5786
-46.7378 49.5731
-46.7167 49.5739
-46.7154 49.5629
-46.6852 49.5602
-46.6914 49.5672
-46.6612 49.5507
-46.6493 49.5488
-46.6464 49.553
-46.6184 49.5366
-46.6064 49.5308
-46.5929 49.5342
-46.5809 49.5237
-46.5492 49.528
-46.56 49.5166
-46.5411 49.5018
-46.5003 49.5123
-46.5141 49.5009
-46.4718 49.5107
-46.4674 49.4994
-46.4439 49.519
-46.4138 49.5124
-46.4412 49.5021
-46.3929 49.5092
-46.3845 49.5081
-46.3347 49.5017
-46.3485 49.5151
-46.3138 49.517
-46.3085 49.5089
-46.292 49.5108
-46.2846 49.5109
-46.2687 49.5083
-46.2234 49.5032
-46.216 49.5004
-46.2092 49.4963
-46.2079 49.4982
-46.1671 49.4947
-46.1709 49.4865
-46.1347 49.4932
-46.1401 49.4705
-46.1251 49.4769
-46.1328 49.4842
-46.1199 49.4707
-46.0959 49.4542
-46.0906 49.4723
-46.065 49.4751
-46.0409 49.4715
-46.0266 49.4689
-46.0312 49.4723
-46.032 49.4596
-46.0261 49.4568
-46.0117 49.4789
-45.9983 49.4707
-45.9869 49.4719
-45.9771 49.4755
-45.9673 49.4866
-45.9575 49.4839
-45.9733 49.4711
-45.9817 49.4869
-45.9658 49.4806
-45.9469 49.4862
-45.9733 49.489
-45.9324 49.4912
-45.9331 49.467
-45.9777 49.4788
-45.9437 49.4507
-45.9218 49.4728
-45.9059 49.4901
-45.9172 49.4758
-45.9769 49.451
-45.9459 49.4568
-45.9346 49.4588
-45.9202 49.4452
-45.8823 49.4764
-45.8921 49.4384
-45.9155 49.4475
-45.8996 49.4487
-45.8716 49.4642
-45.892 49.4434
-45.8888 49.4299
-45.9167 49.441
-45.919 49.453
-45.9152 49.4503
-45.8721 49.4468
-45.875 49.4137
-45.8621 49.4393
-45.8734 49.413
-45.8771 49.4325
-45.8317 49.4307
-45.846 49.4273
-45.8512 49.4238
-45.8142 49.4204
-45.8261 49.3997
-45.8389 49.4136
-45.8019 49.4103
-45.8214 49.4062
-45.7994 49.4035
-45.8137 49.4001
-45.8 49.396
-45.8384 49.3934
-45.7924 49.3899
-45.7952 49.3622
-45.8004 49.3824
-45.7619 49.3553
-45.7572 49.3666
-45.7926 49.3731
-45.7819 49.3698
-45.7675 49.3663
-45.729 49.3538
-45.7333 49.3604
-45.7431 49.3279
-45.7287 49.319
-45.7816 49.3088
-45.7355 49.3254
-45.6949 49.322
-45.6965 49.3421
-45.6799 49.3296
-45.6725 49.2923
-45.7072 49.3281
-45.6907 49.3145
-45.6658 49.2982
-45.6327 49.2892
-45.6493 49.292
-45.6147 49.2824
-45.6253 49.2651
-45.5989 49.2735
-45.5734 49.2507
-45.5885 49.271
-45.5373 49.2399
-45.5365 49.2465
-45.5501 49.2437
-45.5156 49.2266
-45.5186 49.2184
-45.5028 49.222
-45.4576 49.2048
-45.4517 49.2029
-45.4478 49.2058
-45.4359 49.1984
-45.4073 49.1965
-45.3869 49.1809
-45.3734 49.1682
-45.375 49.1724
-45.3381 49.1715
-45.3065 49.1742
-45.2976 49.1621
-45.2922 49.1521
-45.2516 49.1537
-45.2373 49.1528
-45.2193 49.1417
-45.1938 49.1206
-45.1779 49.1196
-45.1268 49.1184
-45.0989 49.1182
-45.0885 49.1025
-45.0546 49.1022
-45.0396 49.0773
-45.0132 49.0816
-44.9817 49.0621
-44.9357 49.0564
-44.8952 49.0568
-44.8749 49.0628
-44.8689 49.0515
-44.8516 49.0574
-44.8351 49.0532
-44.7922 49.0599
-44.7321 49.0549
-44.7193 49.0471
-44.6908 49.035
-44.6359 49.031
-44.6285 49.0154
-44.5871 49.0005
-44.5352 48.9742
-44.4887 48.9492
-44.4683 48.9997
-44.4384 49.0231
-44.3895 48.9992
-44.3836 49.0295
-44.3527 49.0323
-44.3249 49.0521
-44.31 49.0604
-44.2806 49.0585
-44.2462 49.0765
-44.2108 49.0923
-44.1605 49.1183
-44.1665 49.131
-44.1207 49.1393
-44.0794 49.1422
-44.0584 49.1533
-44.0681 49.146
-44.0268 49.1543
-44.0014 49.127
-44.0126 49.1275
-43.9637 49.1218
-43.9404 49.0984
-43.9225 49.0867
-43.9172 49.0619
-43.8849 49.0478
-43.843 48.996
-43.8227 49.014
-43.7949 49.0033
-43.7611 49.013
-43.7422 48.9905
-43.7093 49.0069
-43.7085 49.0176
-43.6837 49.0459
-43.6364 49.0571
-43.6281 49.0884
-43.5788 49.1087
-43.5974 49.1662
-43.5487 49.2004
-43.5179 49.2472
-43.5111 49.2869
-43.5028 49.3235
-43.4369 49.3585
-43.4166 49.3697
-43.3873 49.37
-43.3521 49.3577
-43.3588 49.3597
-43.3475 49.3364
-43.3182 49.3253
-43.2859 49.3149
-43.2881 49.2963
-43.2753 49.2745
-43.243 49.2628
-43.2318 49.2579
-43.2115 49.2322
-43.2017 49.2389
-43.1829 49.2286
-43.1776 49.227
-43.1423 49.2311
-43.1221 49.2379
-43.1018 49.2329
-43.074 49.2396
-43.0642 49.2456
-43.0455 49.2599
-43.0422 49.255
-43.0331 49.2595
-43.0068 49.2839
-42.9796 49.2959
-42.9609 49.2934
-42.9532 49.3018
-42.9589 49.3022
-42.9267 49.3144
-42.919 49.3111
-42.9038 49.3115
-42.888 49.3082
-42.8983 49.3021
-42.8831 49.2988
-42.8589 49.2901
-42.8701 49.2982
-42.8414 49.2957
-42.8427 49.2795
-42.8389 49.2831
-42.8117 49.2868
-42.813 49.2735
-42.8098 49.2871
-42.8059 49.2753
-42.7848 49.2983
-42.7875 49.2858
-42.7694 49.2895
-42.7572 49.2815
-42.7504 49.2844
-42.7232 49.2773
-42.72 49.2858
-42.7078 49.2801
-42.6836 49.2776
-42.661 49.2697
-42.6562 49.2825
-42.6494 49.2763
-42.6432 49.2783
-42.631 49.2875
-42.6188 49.2787
-42.6156 49.2908
-42.6109 49.2931
-42.6091 49.2752
-42.579 49.2811
-42.5937 49.2787
-42.5591 49.2754
-42.5723 49.2838
-42.572 49.2705
-42.5607 49.2879
-42.5605 49.2647
-42.5274 49.2778
-42.557 49.2698
-42.5329 49.2812
-42.5416 49.265
-42.5264 49.2563
-42.5112 49.2647
-42.5109 49.2761
-42.4963 49.2791
-42.5379 49.2811
-42.5167 49.2541
-42.5015 49.26
-42.4878 49.2522
-42.4667 49.2543
-42.4769 49.2436
-42.4557 49.2432
-42.4859 49.2478
-42.4811 49.2399
-42.5098 49.2713
-42.4967 49.25
-42.4502 49.2656
-42.4415 49.2625
-42.4762 49.2419
-42.4953 49.2562
-42.4941 49.2309
-42.4915 49.2514
-42.4882 49.2489
-42.487 49.2128
-42.4605 49.2441
-42.4826 49.2417
-42.4814 49.2401
-42.4802 49.2378
-42.4292 49.2345
-42.4758 49.2321
-42.4746 49.2298
-42.4734 49.2274
-42.4716 49.2249
-42.4704 49.2226
-42.4692 49.2202
-42.468 49.2178
-42.4662 49.2154
-42.4651 49.213
-42.4639 49.2106
-42.4627 49.2083
-42.4615 49.2059
-42.4597 49.2034
-42.457 49.2003
-42.4558 49.1979
-42.4531 49.1948
-42.4519 49.1924
-42.4492 49.1893
-42.4062 49.1854
-42.4432 49.1829
-42.3779 49.1798
-42.4393 49.1775
-42.4366 49.1743
-42.3952 49.1711
-42.4163 49.1681
-42.4285 49.1649
-42.4258 49.1589
-42.4231 49.1594
-42.3638 49.1571
-42.3611 49.154
-42.4061 49.1493
-42.3527 49.1469
-42.4051 49.1439
-42.4024 49.1407
-42.3356 49.1031
-42.3806 49.0978
-42.3749 49.1031
-42.3305 49.0916
-42.3591 49.1129
-42.3206 49.1207
-42.3 49.1219
-42.2845 49.0898
-42.2895 49.0771
-42.2983 49.0777
-42.2884 49.0711
-42.2735 49.0889
-42.2764 49.055
-42.2382 49.063
-42.2634 49.0553
-42.2461 49.06
-42.2207 49.0541
-42.2137 49.0403
-42.2003 49.0373
-42.1859 49.0406
-42.1903 49.0267
-42.1923 49.0354
-42.1579 49.0179
-42.148 49.0158
-42.1286 49.0164
-42.1008 49.0044
-42.0873 48.9953
-42.0818 48.984
-42.0654 48.9763
-42.0435 48.9695
-42.0202 48.9768
-42.0186 48.9644
-42.0057 48.9677
-41.9922 48.9517
-41.9435 48.9433
-41.9291 48.951
-41.9216 48.9437
-41.9131 48.9561
-41.8853 48.943
-41.8807 48.931
-41.8589 48.9379
-41.837 48.9259
-41.8235 48.932
-41.8106 48.9154
-41.7962 48.9263
-41.7692 48.9287
-41.7474 48.9167
-41.7493 48.9038
-41.7349 48.9117
-41.7304 48.8978
-41.7174 48.9019
-41.6851 48.8845
-41.6805 48.8914
-41.6676 48.8845
-41.6293 48.8824
-41.6402 48.8804
-41.6452 48.8753
-41.6033 48.876
-41.6187 48.8761
-41.5715 48.8704
-41.5839 48.8636
-41.553 48.863
-41.558 48.8671
-41.537 48.8555
-41.533 48.8651
-41.5111 48.859
-41.5071 48.8667
-41.4837 48.837
-41.4857 48.8511
-41.4412 48.8325
-41.442 48.8381
-41.4363 48.8479
-41.4281 48.8251
-41.3991 48.8452
-41.4008 48.835
-41.3539 48.8267
-41.3571 48.8318
-41.3296 48.8306
-41.309 48.8412
-41.2994 48.842
-41.2698 48.8482
-41.2721 48.8443
-41.2207 48.8545
-41.212 48.836
-41.1964 48.8361
-41.1817 48.8368
-41.1512 48.8398
-41.1446 48.8453
-41.1448 48.8405
-41.1143 48.8398
-41.1136 48.8446
-41.0631 48.8576
-41.0654 48.847
-41.0185 48.8547
-40.9949 48.8618
-40.9495 48.8671
-40.9265 48.868
-40.9362 48.8636
-40.9066 48.8605
-40.8821 48.86
-40.8695 48.8708
-40.8637 48.8556
-40.8273 48.8547
-40.8072 48.8542
-40.7946 48.8544
-40.7864 48.8475
-40.7673 48.8429
-40.7487 48.833
-40.7301 48.834
-40.7041 48.8225
-40.7094 48.825
-40.7021 48.8103
-40.6776 48.8175
-40.6858 48.8091
-40.6479 48.8054
-40.6352 48.8031
-40.6375 48.8056
-40.6338 48.7987
-40.6087 48.8095
-40.605 48.7982
-40.6014 48.8051
-40.5679 48.7923
-40.5642 48.7947
-40.5515 48.7933
-40.5449 48.7903
-40.5397 48.7918
-40.533 48.7888
-40.5139 48.7775
-40.5081 48.7807
-40.4955 48.7821
-40.4912 48.7755
-40.4652 48.7933
-40.455 48.7887
-40.4438 48.7764
-40.4262 48.7851
-40.4031 48.7643
-40.4063 48.7674
-40.4006 48.7706
-40.379 48.756
-40.3747 48.7545
-40.3532 48.7578
-40.3176 48.7548
-40.366 48.7479
-40.3231 48.7457
-40.3313 48.7443
-40.3231 48.7436
-40.3039 48.7414
-40.2839 48.7385
-40.2826 48.7341
-40.2506 48.7312
-40.2701 48.7258
-40.2277 48.7259
-40.1957 48.7045
-40.1885 48.712
-40.1892 48.7176
-40.1582 48.7085
-40.1485 48.7017
-40.1091 48.7026
-40.1093 48.6909
-40.0966 48.6926
-40.078 48.6898
-40.0514 48.6859
-40.0448 48.7068
-40.0113 48.6901
-40.0174 48.7039
-39.9884 48.6978
-39.9847 48.6964
-39.9551 48.7157
-39.9529 48.7044
-39.9402 48.7067
-39.9469 48.7154
-39.9352 48.7078
-39.8958 48.6965
-39.9025 48.698
-39.8988 48.702
-39.8697 48.7014
-39.8744 48.6861
-39.8498 48.6938
-39.8521 48.6841
-39.8007 48.6843
-39.8193 48.672
-39.8121 48.6712
-39.786 48.6729
-39.7897 48.6694
-39.7637 48.6594
-39.7525 48.6778
-39.7616 48.6743
-39.7252 48.6666
-39.7179 48.6713
-39.7226 48.6697
-39.693 48.6843
-39.6709 48.68
-39.6597 48.6939
-39.6391 48.6994
-39.6482 48.7055
-39.6216 48.715
-39.597 48.7204
-39.5675 48.7214
-39.5944 48.7083
-39.5758 48.7156
-39.5448 48.7173
-39.5494 48.7089
-39.5406 48.6997
-39.5131 48.6976
-39.4969 48.6884
-39.4977 48.6863
-39.477 48.688
-39.4638 48.672
-39.4422 48.6775
-39.4379 48.6807
-39.4307 48.6887
-39.4106 48.6836
-39.3825 48.6842
-39.3966 48.677
-39.3611 48.6678
-39.3494 48.6924
-39.3456 48.6728
-39.3339 48.6792
-39.3331 48.6701
-39.3036 48.6703
-39.3266 48.6812
-39.3 48.6705
-39.3052 48.6477
-39.2697 48.6541
-39.2733 48.6458
-39.2587 48.6552
-39.2742 48.6323
-39.2625 48.624
-39.2498 48.6167
-39.2396 48.6098
-39.221 48.6124
-39.2107 48.6094
-39.21 48.6073
-39.1819 48.5997
-39.2049 48.5929
-39.1863 48.5955
-39.1522 48.5988
-39.1262 48.5851
-39.1486 48.5938
-39.13 48.5953
-39.1292 48.5841
-39.0922 48.591
-39.1137 48.5853
-39.0654 48.5723
-39.07 48.5894
-39.0677 48.5674
-39.0456 48.5705
-39.0433 48.5732
-39.0425 48.5562
-39.012 48.5589
-38.975 48.556
-39.0055 48.5539
-38.9779 48.5517
-38.9751 48.5543
-38.9654 48.549
-38.9423 48.5455
-38.9326 48.5358
-38.9105 48.5365
-38.9008 48.5414
-38.8985 48.5448
-38.8962 48.5227
-38.8666 48.5304
-38.8822 48.5254
-38.8546 48.5285
-38.8271 48.522
-38.8308 48.516
-38.8279 48.5208
-38.8063 48.5179
-38.8055 48.5174
-38.7854 48.5107
-38.7757 48.5148
-38.7734 48.5095
-38.7765 48.5026
-38.7505 48.4967
-38.7215 48.4925
-38.7207 48.4873
-38.7109 48.4928
-38.6893 48.5014
-38.696 48.4925
-38.6744 48.4919
-38.6632 48.4867
-38.6356 48.4931
-38.6155 48.5017
-38.637 48.492
-38.6178 48.4914
-38.617 48.4945
-38.5984 48.4903
-38.5886 48.4988
-38.5626 48.4975
-38.5558 48.4977
-38.5431 48.4873
-38.5408 48.4966
-38.5272 48.4863
-38.5175 48.4825
-38.4944 48.4874
-38.4921 48.4968
-38.4809 48.484
-38.4518 48.4896
-38.4451 48.4934
-38.4319 48.483
-38.4147 48.4984
-38.405 48.491
-38.4027 48.4959
-38.3761 48.5054
-38.3708 48.4918
-38.3566 48.5104
-38.336 48.5075
-38.3411 48.5055
-38.3314 48.502
-38.3291 48.5137
-38.3178 48.5109
-38.2987 48.5044
-38.2979 48.5053
-38.2792 48.4933
-38.2769 48.4996
-38.2518 48.483
-38.2554 48.485
-38.2457 48.4782
-38.233 48.4863
-38.2232 48.4835
-38.2298 48.4808
-38.2112 48.4808
-38.2009 48.478
-38.1912 48.4854
-38.2052 48.4764
-38.1717 48.492
-38.1768 48.4831
-38.1611 48.4705
-38.1499 48.4737
-38.1298 48.4604
-38.1111 48.4569
-38.1429 48.4525
-38.1095 48.4636
-38.1155 48.4545
-38.0983 48.4481
-38.099 48.4344
-38.0907 48.4509
-38.0914 48.4335
-38.1083 48.4315
-38.0585 48.4226
-38.0591 48.4252
-38.0509 48.437
-38.0352 48.4452
-38.061 48.4515
-38.0296 48.4571
-38.0317 48.4253
-38.0397 48.441
-38.0092 48.4429
-38.0261 48.4401
-38.0199 48.4313
-37.9973 48.4078
-38.0138 48.4037
-38.0002 48.4218
-37.979 48.4099
-37.9861 48.3865
-38.0006 48.4191
-37.9528 48.3855
-37.9569 48.3937
-37.9655 48.3765
-37.9696 48.3836
-37.9307 48.3747
-37.925 48.3885
-37.9365 48.4003
-37.9228 48.3784
-37.9165 48.3641
-37.9266 48.373
-37.9203 48.3565
-37.8804 48.3561
-37.8831 48.345
-37.8768 48.3561
-37.8616 48.3487
-37.8983 48.3668
-37.8496 48.3406
-37.8284 48.3423
-37.8444 48.3388
-37.8144 48.3271
-37.8487 48.319
-37.8142 48.3072
-37.8005 48.3046
-37.7928 48.298
-37.7751 48.3008
-37.757 48.2879
-37.7433 48.2955
-37.7005 48.2929
-37.7075 48.28
-37.6775 48.2711
-37.6688 48.2748
-37.664 48.2638
-37.6414 48.2603
-37.6134 48.2585
-37.6056 48.2449
-37.5875 48.2368
-37.5758 48.2321
-37.5532 48.2323
-37.5489 48.2159
-37.5411 48.2249
-37.5146 48.2184
-37.4994 48.2102
-37.4946 48.1891
-37.4547 48.1949
-37.4129 48.18
-37.4012 48.1605
-37.3771 48.1467
-37.3506 48.1563
-37.3057 48.135
-37.2822 48.137
-37.2393 48.1226
-37.2128 48.1344
-37.1863 48.1362
-37.1643 48.1403
-37.1204 48.15
-37.0761 48.1628
-37.0466 48.1677
-36.9875 48.1644
-36.9491 48.1764
-36.9256 48.163
-36.8803 48.1581
-36.8463 48.1483
-36.8287 48.1412
-36.7977 48.13
-36.7668 48.1164
-36.7259 48.137
-36.7172 48.1255
-36.6936 48.1475
-36.6953 48.1509
-36.6529 48.1721
-36.6501 48.178
-36.6206 48.1799
-36.6059 48.1988
-36.5517 48.2033
-36.5326 48.216
-36.4867 48.2196
-36.474 48.2117
-36.4579 48.2185
-36.4254 48.2181
-36.3785 48.2104
-36.3802 48.207
-36.3403 48.2037
-36.3365 48.2005
-36.3396 48.2117
-36.3101 48.2029
-36.3063 48.2074
-36.2723 48.1971
-36.2314 48.1892
-36.239 48.2015
-36.1961 48.1959
-36.1656 48.1963
-36.1509 48.1846
-36.15 48.1691
-36.1309 48.1603
-36.1093 48.1539
-36.1035 48.1536
-36.0997 48.1488
-36.0702 48.1315
-36.0381 48.1328
-36.019 48.1245
-36.0063 48.121
-35.9871 48.1154
-35.9595 48.1327
-35.93 48.1463
-35.9276 48.1535
-35.8976 48.1511
-35.8864 48.1717
-35.8622 48.173
-35.8544 48.1873
-35.8447 48.1785
-35.8072 48.1946
-35.795 48.1922
-35.7768 48.2058
-35.7744 48.2103
-35.7637 48.2093
-35.747 48.2113
-35.7297 48.215
-35.7145 48.2195
-35.7097 48.1994
-35.7108 48.2185
-35.6985 48.2238
-35.6947 48.2027
-35.6616 48.2364
-35.6479 48.2354
-35.6282 48.2323
-35.6218 48.2299
-35.615 48.2513
-35.6013 48.2434
-35.6024 48.245
-35.6005 48.2462
-35.5719 48.2623
-35.5834 48.25
-35.5532 48.2415
-35.5746 48.2491
-35.5832 48.246
-35.556 48.2428
-35.5556 48.264
-35.5567 48.2471
-35.5577 48.2639
-35.5841 48.2516
-35.5703 48.2729
-35.5981 48.2454
-35.5947 48.2812
-35.5809 48.2736
-35.5552 48.2748
-35.6187 48.2717
-35.5677 48.2692
-35.6089 48.2669
-35.6085 48.2644
-35.6244 48.2628
-35.6254 48.2612
-35.6265 48.2596
-35.6275 48.2579
-35.6286 48.2563
-35.6296 48.2546
-35.6306 48.253
-35.6317 48.2513
-35.6327 48.2497
-35.6337 48.248
-35.6348 48.2464
-35.6358 48.244
-35.6368 48.2423
-35.6384 48.2408
-35.6394 48.2392
-35.6399 48.2367
-35.6405 48.2351
-35.641 48.2333
-35.641 48.2316
-35.6416 48.2299
-35.6421 48.2268
-35.6427 48.2251
-35.6427 48.2233
-35.6432 48.2216
-35.6437 48.2199
-35.6443 48.2183
-35.6448 48.2166
-35.6448 48.2148
-35.6454 48.2131
-35.6459 48.2115
-35.5883 48.2091
-35.6455 48.2074
-35.643 48.2042
-35.643 48.2025
-35.5944 48.2001
-35.6396 48.1969
-35.6148 48.1944
-35.5736 48.1684
-35.5712 48.1889
-35.6328 48.1865
-35.6006 48.1834
-35.5817 48.1809
-35.6284 48.1785
-35.6269 48.176
-35.626 48.1736
-35.619 48.1719
-35.5659 48.1688
-35.5813 48.1656
-35.6117 48.1625
-35.5764 48.1593
-35.5576 48.1569
-35.5551 48.1538
-35.5854 48.1506
-35.5502 48.1474
-35.6043 48.1214
-35.5467 48.1427
-35.6009 48.1395
-35.591 48.1356
-35.5786 48.1318
-35.5583 48.1279
-35.5275 48.124
-35.531 48.1194
-35.5687 48.1162
-35.5424 48.113
-35.5057 48.1107
-35.527 48.1076
-35.5067 48.087
-35.4967 48.1012
-35.5589 48.0997
-35.4848 48.0973
-35.4972 48.0941
-35.4888 48.0736
-35.4908 48.0886
-35.4888 48.0863
-35.5042 48.0839
-35.4679 48.0773
-35.5281 48.077
-35.4501 48.0739
-35.4451 48.0418
-35.462 48.067
-35.457 48.025
-35.4804 48.0608
-35.4421 48.0439
-35.461 48.0554
-35.4362 48.0087
-35.4163 48.0463
-35.4098 48.0171
-35.4282 48.0154
-35.374 48.0131
-35.4049 48.0093
-35.3745 47.9878
-35.3601 47.9869
-35.385 47.9947
-35.3397 47.9823
-35.3208 47.9861
-35.3204 47.9776
-35.2945 47.9615
-35.3015 47.973
-35.2617 47.956
-35.2612 47.9545
-35.2353 47.9576
-35.2289 47.9444
-35.2105 47.9414
-35.1722 47.939
-35.1702 47.9313
-35.1443 47.9246
-35.1379 47.9169
-35.1195 47.9146
-35.1115 47.9014
-35.0822 47.9052
-35.0757 47.8931
-35.0663 47.9006
-35.0135 47.8937
-34.9862 47.8713
-34.9797 47.88
-34.9703 47.8667
-34.9384 47.8431
-34.9091 47.8451
-34.8997 47.8415
-34.8603 47.8399
-34.836 47.8391
-34.8206 47.8176
-34.7962 47.8161
-34.7838 47.8167
-34.7654 47.8113
-34.7589 47.8057
-34.742 47.8018
-34.7175 47.8024
-34.7021 47.7894
-34.6687 47.7923
-34.6578 47.7883
-34.6379 47.7829
-34.621 47.7873
-34.5846 47.7917
-34.5488 47.7817
-34.5099 47.7883
-34.4925 47.7899
-34.469 47.8031
-34.484 47.7901
-34.4336 47.8116
-34.4206 47.8053
-34.3892 47.8006
-34.3717 47.7985
-34.3692 47.7899
-34.3527 47.8082
-34.3158 47.8152
-34.2983 47.8113
-34.2807 47.8231
-34.2662 47.8384
-34.2408 47.8501
-34.2218 47.8701
-34.1908 47.848
-34.1613 47.8666
-34.1254 47.8636
-34.1108 47.8607
-34.0754 47.8578
-34.0339 47.8727
-34.0209 47.8483
-34.0093 47.8483
-33.9779 47.8555
-33.9484 47.8573
-33.9473 47.8551
-33.9673 47.8508
-33.9423 47.8494
-33.9338 47.8563
-33.9252 47.8581
-33.9166 47.8705
-33.8916 47.8676
-33.8571 47.8701
-33.8095 47.865
-33.8055 47.8846
-33.7654 47.8772
-33.7524 47.8706
-33.7408 47.8593
-33.7442 47.8527
-33.7371 47.8545
-33.754 47.8509
-33.7499 47.848
-33.7532 47.8357
-33.7641 47.8398
-33.7375 47.833
-33.7363 47.8323
-33.7067 47.8324
-33.7205 47.8318
-33.6969 47.8304
-33.6957 47.8345
-33.6916 47.8284
-33.6679 47.827
-33.6747 47.8373
-33.666 47.8552
-33.6784 47.8491
-33.6442 47.8524
-33.6685 47.8449
-33.6523 47.8482
-33.6347 47.8461
-33.636 47.8439
-33.6183 47.8363
-33.6307 47.8441
-33.6245 47.8426
-33.6233 47.8267
-33.6266 47.8268
-33.6119 47.84
-33.6042 47.824
-33.5925 47.838
-33.5853 47.8358
-33.6127 47.8316
-33.5794 47.8345
-33.5722 47.8288
-33.5665 47.822
-33.5608 47.846
-33.5626 47.8283
-33.5414 47.8324
-33.5853 47.8271
-33.563 47.8221
-33.5393 47.8244
-33.5576 47.8292
-33.5128 47.8086
-33.5221 47.8189
-33.5054 47.8135
-33.4997 47.8129
-33.4924 47.8028
-33.4792 47.8193
-33.496 47.8086
-33.4798 47.8032
-33.4831 47.799
-33.4578 47.8082
-33.4445 47.8178
-33.4283 47.8008
-33.4195 47.8096
-33.4123 47.8137
-33.4051 47.816
-33.3793 47.8109
-33.3886 47.8125
-33.3723 47.8166
-33.3711 47.8039
-33.3624 47.8102
-33.3552 47.8027
-33.3303 47.817
-33.3396 47.795
-33.3218 47.7965
-33.304 47.7944
-33.3028 47.7916
-33.3046 47.8059
-33.2868 47.7838
-33.2871 47.7817
-33.2798 47.7825
-33.2725 47.7761
-33.2547 47.794
-33.267 47.7763
-33.2387 47.7836
-33.2424 47.7707
-33.2502 47.7687
-33.2173 47.7658
-33.2356 47.7845
-33.2269 47.7624
-33.2135 47.7589
-33.1882 47.7575
-33.199 47.7555
-33.1736 47.7697
-33.1754 47.776
-33.1846 47.7478
-33.1879 47.7574
-33.1726 47.7498
-33.1758 47.7539
-33.1595 47.7711
-33.1869 47.7628
-33.1418 47.7408
-33.1361 47.7726
-33.1438 47.7545
-33.138 47.7317
-33.1232 47.7398
-33.1264 47.7399
-33.1221 47.7378
-33.1178 47.7267
-33.1105 47.7177
-33.1047 47.7632
-33.1003 47.7175
-33.1036 47.743
-33.0902 47.7519
-33.0768 47.7244
-33.0801 47.711
-33.1014 47.729
-33.1167 47.7444
-33.0595 47.698
-33.0552 47.738
-33.069 47.7054
-33.0631 47.7121
-33.0573 47.7267
-33.0333 47.6796
-33.0351 47.6899
-33.0388 47.6773
-33.0163 47.6891
-33.0377 47.7001
-33.0001 47.7072
-33.0335 47.6691
-32.9944 47.7009
-33.0173 47.689
-33.0119 47.6863
-32.9789 47.6882
-32.9806 47.6868
-32.9657 47.6604
-32.9598 47.6798
-32.963 47.641
-32.95 47.643
-32.9442 47.6649
-32.9716 47.6305
-32.9415 47.6608
-32.9361 47.6428
-32.9061 47.6447
-32.8881 47.6198
-32.8823 47.6279
-32.892 47.6404
-32.8665 47.6333
-32.8773 47.5843
-32.8522 47.6001
-32.869 47.5883
-32.8541 47.5793
-32.8532 47.5904
-32.8473 47.5739
-32.8505 47.5773
-32.83 47.5797
-32.8135 47.577
-32.8414 47.5667
-32.7886 47.5584
-32.7802 47.571
-32.7698 47.5385
-32.7522 47.5365
-32.7509 47.5337
-32.7152 47.5394
-32.7048 47.5283
-32.6843 47.5347
-32.6617 47.5083
-32.6609 47.5107
-32.6399 47.508
-32.639 47.5068
-32.618 47.491
-32.605 47.4752
-32.6022 47.5001
-32.5649 47.4597
-32.5868 47.4883
-32.5309 47.4624
-32.5407 47.4673
-32.5273 47.453
-32.4885 47.4424
-32.4725 47.4391
-32.4575 47.4284
-32.4097 47.4262
-32.3902 47.405
-32.3893 47.4111
-32.3627 47.4078
-32.3401 47.4139
-32.3347 47.3964
-32.302 47.4036
-32.2678 47.4007
-32.2604 47.3901
-32.2307 47.405
-32.2011 47.4028
-32.1908 47.4107
-32.1186 47.4183
-32.1345 47.4201
-32.0942 47.4433
-32.0945 47.4312
-32.0588 47.4312
-32.0124 47.4352
-31.9828 47.4208
-31.9452 47.4116
-31.9109 47.4109
-31.8889 47.4128
-31.8866 47.4397
-31.8402 47.459
-31.8193 47.4683
-31.7972 47.4872
-31.7826 47.4926
-31.7666 47.5092
-31.7308 47.5066
-31.695 47.5054
-31.6378 47.5188
-31.632 47.5008
-31.6022 47.5072
-31.5633 47.4991
-31.5507 47.5005
-31.5271 47.5065
-31.4897 47.4969
-31.4691 47.5003
-31.4485 47.5071
-31.4309 47.5037
-31.389 47.4941
-31.4049 47.4987
-31.4086 47.5044
-31.3955 47.5009
-31.392 47.5085
-31.4002 47.5095
-31.4008 47.5116
-31.3785 47.5151
-31.3897 47.5187
-31.3857 47.5189
-31.3242 47.5218
-31.3628 47.5246
-31.3527 47.518
-31.3304 47.5084
-31.3283 47.5214
-31.3364 47.5133
-31.3248 47.5059
-31.2857 47.5033
-31.3019 47.5109
-31.2841 47.509
-31.2846 47.4922
-31.2897 47.5012
-31.3012 47.5016
-31.3093 47.5066
-31.3037 47.4898
-31.2893 47.5011
-31.3173 47.5054
-31.3131 47.5156
-31.3181 47.5089
-31.2809 47.5242
-31.2859 47.5067
-31.2746 47.5111
-31.2781 47.5346
-31.2678 47.5135
-31.2641 47.5461
-31.2783 47.5297
-31.2756 47.5231
-31.2964 47.5151
-31.3029 47.5449
-31.2823 47.5085
-31.2446 47.5066
-31.2668 47.54
-31.2566 47.4974
-31.2341 47.5385
-31.2655 47.5337
-31.2537 47.5209
-31.25 47.49
-31.2427 47.518
-31.2558 47.5299
-31.2531 47.4935
-31.2417 47.4979
-31.259 47.496
-31.2227 47.5232
-31.2777 47.4922
-31.2322 47.5012
-31.2296 47.4885
-31.2453 47.5121
-31.2258 47.48
-31.2426 47.5134
-31.2476 47.51
-31.2036 47.4907
-31.2346 47.4933
-31.2549 47.4761
-31.2186 47.4659
-31.2083 47.4684
-31.2037 47.4621
-31.1934 47.461
-31.1815 47.4628
-31.1436 47.4772
-31.1884 47.4561
-31.1781 47.4743
-31.1663 47.4622
-31.1606 47.4404
-31.1717 47.4538
-31.1247 47.432
-31.1435 47.4309
-31.1026 47.4199
-31.1056 47.4279
-31.1137 47.4224
-31.1065 47.422
-31.0763 47.4209
-31.0874 47.4096
-31.0755 47.4009
-31.0943 47.4089
-31.0457 47.4038
-31.0542 47.4035
-31.0164 47.3987
-31 47.4067
-31.008 47.3965
-30.9732 47.3983
-30.9737 47.4027
-30.971 47.3863
-30.9561 47.3906
-30.9382 47.3895
-30.9371 47.3877
-30.9344 47.3866
-30.918 47.3869
-30.8954 47.3844
-30.8933 47.3826
-30.8753 47.3815
-30.8742 47.3833
-30.8547 47.3822
-30.8444 47.3713
-30.8417 47.3742
-30.8042 47.3767
-30.82 47.3749
-30.7975 47.3724
-30.7764 47.3661
-30.7646 47.3672
-30.7593 47.3694
-30.7368 47.3614
-30.7249 47.369
-30.7023 47.361
-30.689 47.3577
-30.6782 47.3598
-30.6617 47.3463
-30.6663 47.3676
-30.6556 47.3559
-30.6069 47.3603
-30.6483 47.3514
-30.6135 47.3452
-30.589 47.3412
-30.5721 47.3403
-30.548 47.3443
-30.5312 47.3463
-30.5162 47.3546
-30.524 47.3239
-30.4906 47.3206
-30.4553 47.3277
-30.465 47.3374
-30.402 47.3006
-30.3962 47.2936
-30.4024 47.2819
-30.3705 47.2905
-30.3659 47.3009
-30.3509 47.2932
-30.3264 47.2556
-30.3237 47.2487
-30.3083 47.2602
-30.2964 47.2394
-30.2748 47.2553
-30.2722 47.2254
-30.2618 47.2193
-30.2602 47.213
-30.2375 47.2289
-30.2344 47.1874
-30.2117 47.2051
-30.2429 47.2072
-30.1829 47.1635
-30.1879 47.162
-30.153 47.1535
-30.1545 47.1741
-30.1318 47.1643
-30.1153 47.1366
-30.0999 47.1151
-30.1096 47.1089
-30.0761 47.1095
-30.0699 47.0909
-30.0565 47.0909
-30.0615 47.0945
-30.0511 47.0768
-30.0449 47.0712
-30.0037 47.0712
-30.0117 47.068
-29.9982 47.0523
-29.9689 47.0428
-29.9584 47.0443
-29.9773 47.0327
-29.9329 47.0385
-29.9486 47.0353
-29.9304 47.0281
-29.9432 47.0103
-29.9084 47.0216
-29.8872 47.0093
-29.8864 46.9959
-29.8655 46.9934
-29.8628 46.9909
-29.8543 46.9801
-29.8176 46.9838
-29.843 46.9727
-29.8159 46.9818
-29.8409 46.9623
-29.8077 46.9512
-29.7976 46.9564
-29.7609 46.9499
-29.774 46.9551
-29.7469 46.9618
-29.7581 46.9553
-29.7295 46.9558
-29.7379 46.9516
-29.717 46.9623
-29.6957 46.9573
-29.7042 46.9523
-29.6941 46.9575
-29.684 46.9642
-29.675 46.9538
-29.6556 46.9604
-29.6455 46.957
-29.6216 46.9513
-29.6188 46.9579
-29.5886 46.9617
-29.5909 46.9476
-29.5653 46.9496
-29.5506 46.9487
-29.5096 46.9484
-29.5269 46.9402
-29.5199 46.9407
-29.5006 46.9467
-29.4688 46.9519
-29.4649 46.9531
-29.4393 46.9427
-29.4168 46.9541
-29.3832 46.9469
-29.3777 46.946
-29.363 46.945
-29.3374 46.944
-29.3212 46.9446
-29.291 46.9414
-29.284 46.9466
-29.2446 46.9271
-29.2005 46.9218
-29.1641 46.9244
-29.1665 46.9191
-29.1719 46.9189
-29.1386 46.9125
-29.1363 46.9131
-29.1184 46.9041
-29.0835 46.8995
-29.0936 46.8906
-29.0587 46.9013
-29.0454 46.9026
-29.0287 46.9024
-29.0228 46.9228
-28.9704 46.9062
-28.9413 46.9216
-28.9402 46.9159
-28.9048 46.921
-28.9129 46.9153
-28.8838 46.9191
-28.8737 46.9189
-28.8539 46.9132
-28.876 46.902
-28.85 46.9004
-28.824 46.9238
-28.8123 46.9051
-28.7925 46.9107
-28.8285 46.9326
-28.8257 46.9422
-28.8586 46.9573
-28.8203 46.9706
-28.819 46.982
-28.7944 46.9818
-28.7651 46.9906
-28.7642 47.0028
-28.7333 47.0003
-28.7056 47.0226
-28.6841 47.0034
-28.7204 47.0264
-28.6989 47.0156
-28.7084 47.0116
-28.7074 47.0332
-28.6812 47.0322
-28.7187 47.0436
-28.6913 47.039
-28.69 47.0045
-28.6839 47.0297
-28.7001 47.0243
-28.6816 47.0099
-28.6931 47.0144
-28.6683 47.0105
-28.6607 47.0051
-28.7001 47.0012
-28.68 46.9973
-28.6821 46.9935
-28.662 46.9896
-28.6496 46.9863
-28.6797 46.9825
-28.6315 46.9786
-28.671 46.9747
-28.6431 46.9716
-28.6498 46.9685
-28.6437 46.9639
-28.6224 46.9607
-28.6894 46.9583
-28.7039 46.9559
-28.7044 46.9543
-28.7067 46.9534
-28.7091 46.9526
-28.7118 46.9517
-28.7126 46.9501
-28.715 46.9493
-28.7099 46.9477
-28.7185 46.9468
-28.7193 46.9452
-28.7034 46.943
-28.6778 46.9406
-28.6646 46.9368
-28.7142 46.9345
-28.6822 46.9322
-28.6538 46.9299
-28.6531 46.9276
-28.6852 46.9245
-28.6942 46.9223
-28.7091 46.9199
-28.6479 46.9169
-28.6315 46.9146
-28.6874 46.9108
-28.6945 46.9078
-28.6489 46.9047
-28.6638 46.901
-28.6088 46.898
-28.6378 46.8934
-28.6094 46.8897
-28.5962 46.8859
-28.6022 46.8821
-28.5889 46.8783
-28.5949 46.8746
-28.5832 46.8715
-28.5719 46.8685
-28.5978 46.8655
-28.6006 46.8617
-28.589 46.8572
-28.5511 46.8535
-28.5273 46.849
-28.547 46.8452
-28.5342 46.84
-28.5085 46.8348
-28.4925 46.8295
-28.5126 46.8236
-28.4682 46.8169
-28.4585 46.8109
-28.4317 46.805
-28.4248 46.7961
-28.3949 46.7887
-28.4025 46.7639
-28.3955 46.7775
-28.411 46.7716
-28.3982 46.7641
-28.3741 46.7589
-28.355 46.7355
-28.3798 46.7485
-28.3451 46.7244
-28.335 46.729
-28.3073 46.7322
-28.3325 46.7125
-28.2793 46.7081
-28.2767 46.6823
-28.2565 46.6935
-28.2441 46.6876
-28.2415 46.6516
-28.2212 46.6588
-28.1712 46.6467
-28.1937 46.6285
-28.1374 46.6271
-28.1489 46.6136
-28.1255 46.6153
-28.1021 46.5932
-28.0697 46.5888
-28.0511 46.5742
-28.0261 46.5582
-28.0189 46.5553
-27.9766 46.5284
-27.9677 46.5415
-27.9601 46.5124
-27.9449 46.5161
-27.953 46.5016
-27.9221 46.4791
-27.9222 46.4875
-27.8818 46.4771
-27.8742 46.4902
-27.8511 46.4823
-27.8166 46.4798
-27.8031 46.4897
-27.7828 46.501
-27.7283 46.5134
-27.7033 46.5008
-27.6535 46.5139
-27.66 46.5023
-27.6638 46.5169
-27.631 46.506
-27.5999 46.5053
-27.5958 46.5254
-27.5628 46.5167
-27.5539 46.5182
-27.5272 46.5189
-27.5136 46.526
-27.4874 46.5329
-27.4687 46.5387
-27.4582 46.5497
-27.4458 46.5566
-27.3959 46.5705
-27.3682 46.5847
-27.3401 46.5886
-27.2838 46.6082
-27.2576 46.621
-27.2412 46.6184
-27.2358 46.6144
-27.2368 46.6141
-27.2251 46.5999
-27.2039 46.5959
-27.1952 46.5988
-27.185 46.5853
-27.1733 46.5814
-27.1378 46.5763
-27.0896 46.5869
-27.0984 46.5567
-27.0597 46.5719
-27.0495 46.5672
-27.0775 46.524
-27.0419 46.5527
-27.0284 46.5302
-27.0228 46.5015
-27.0188 46.5274
-26.9958 46.5186
-26.9966 46.5092
-26.9767 46.5005
-26.9619 46.4911
-26.9579 46.4838
-26.9554 46.4759
-26.9403 46.4664
-26.9521 46.4577
-26.9401 46.4498
-26.9349 46.4404
-26.9339 46.4332
-26.8996 46.4267
-26.9146 46.4194
-26.9152 46.4129
-26.9225 46.4065
-26.8851 46.3985
-26.8761 46.392
-26.8783 46.3863
-26.8857 46.3798
-26.8878 46.3741
-26.8804 46.3683
-26.8544 46.3626
-26.8851 46.3583
-26.8633 46.3533
-26.8686 46.3497
-26.9061 46.3455
-26.8525 46.3419
-26.8626 46.3369
-26.8507 46.3319
-26.8369 46.3276
-26.8581 46.3233
-26.8557 46.3198
-26.8419 46.3155
-26.8332 46.3121
-26.8353 46.3085
-26.8262 46.305
-26.8588 46.3015
-26.8625 46.2979
-26.8426 46.2937
-26.8223 46.2908
-26.8116 46.2873
-26.8332 46.2831
-26.8117 46.2795
-26.8177 46.2754
-26.8172 46.2726
-26.8037 46.2684
-26.8319 46.2656
-26.7996 46.2476
-26.8275 46.2594
-26.8239 46.2552
-26.79 46.2503
-26.7688 46.2316
-26.7904 46.2419
-26.7741 46.2362
-26.7641 46.232
-26.7653 46.1933
-26.7981 46.2243
-26.7784 46.2201
-26.7733 46.1876
-26.744 46.2125
-26.7545 46.1792
-26.7396 46.204
-26.7104 46.1998
-26.7244 46.1956
-26.7271 46.1914
-26.6975 46.1872
-26.7115 46.183
-26.7078 46.1789
-26.7202 46.1747
-26.7069 46.133
-26.6953 46.1663
-26.69 46.1621
-26.6844 46.1571
-26.6872 46.1537
-26.6739 46.148
-26.6767 46.1446
-26.6907 46.1404
-26.6661 46.1355
-26.6609 46.1284
-26.6396 46.1278
-26.6343 46.1229
-26.6467 46.1195
-26.651 46.0862
-26.6566 46.0828
-26.6256 46.0739
-26.6107 46.1006
-26.652 46.0633
-26.6289 46.0987
-26.6091 46.096
-26.6103 46.0926
-26.5985 46.0808
-26.6028 46.0733
-26.5991 46.0852
-26.5953 46.0588
-26.6013 46.0616
-26.5867 46.048
-26.5813 46.0391
-26.5583 46.0473
-26.5417 46.033
-26.5203 46.0365
-26.5553 46.0239
-26.55 46.0263
-26.545 46.0091
-26.5351 46.0032
-26.5108 46.0136
-26.5138 46.0062
-26.5092 46.0058
-26.4929 45.9853
-26.4847 45.9794
-26.4766 45.9775
-26.47 45.9825
-26.4536 45.978
-26.4555 45.9816
-26.4311 45.9756
-26.402 45.9799
-26.3922 45.978
-26.3937 45.9768
-26.3745 45.9665
-26.3857 45.9689
-26.3646 45.9579
-26.3548 45.9615
-26.3469 45.9501
-26.3258 45.9482
-26.2997 45.947
-26.3061 45.9411
-26.2853 45.9454
-26.2754 45.9373
-26.2737 45.9321
-26.2642 45.9324
-26.2446 45.9233
-26.2267 45.9214
-26.2026 45.926
-26.2009 45.9117
-26.1683 45.9175
-26.154 45.9123
-26.1296 45.9188
-26.0955 45.9198
-26.0585 45.9132
-26.0617 45.9112
-26.0263 45.9156
-26.0116 45.9206
-26.005 45.9037
-25.9728 45.9135
-25.9841 45.9076
-25.9518 45.9017
-25.9223 45.902
-25.9125 45.8971
-25.8852 45.8996
-25.877 45.8955
-25.8383 45.8773
-25.8366 45.8769
-25.8077 45.8787
-25.7979 45.8775
-25.759 45.8785
-25.7492 45.8788
-25.7023 45.862
-25.6908 45.8638
-25.6309 45.8805
-25.639 45.8793
-25.6197 45.8781
-25.6375 45.8828
-25.6214 45.8802
-25.6232 45.8896
-25.622 45.8954
-25.6106 45.9012
-25.6094 45.9051
-25.5869 45.9211
-25.5466 45.9298
-25.5667 45.9389
-25.5344 45.9363
-25.5135 45.9435
-25.5189 45.9312
-25.5062 45.9478
-25.4936 45.9474
-25.4727 45.9405
-25.4634 45.944
-25.4345 45.9516
-25.4464 45.9425
-25.4353 45.9421
-25.4045 45.9398
-25.4066 45.9445
-25.4282 45.939
-25.4186 45.9425
-25.4156 45.9661
-25.4045 45.9591
-25.395 45.9522
-25.3936 45.9445
-25.3955 45.9383
-25.3777 45.932
-25.3764 45.9243
-25.3815 45.9195
-25.3751 45.914
-25.3589 45.9086
-25.3689 45.903
-25.3461 45.8975
-25.3448 45.8898
-25.3171 45.8836
-25.3094 45.8774
-25.3128 45.8719
-25.3163 45.8664
-25.3 45.8609
-25.3117 45.8561
-25.3381 45.8521
-25.3135 45.8474
-25.3206 45.8434
-25.3157 45.8386
-25.3274 45.8338
-25.3242 45.8298
-25.293 45.825
-25.298 45.8203
-25.2935 45.8155
-25.3036 45.8101
-25.2937 45.806
-25.2955 45.8013
-25.2744 45.7965
-25.2845 45.7911
-25.273 45.7863
-25.2665 45.7808
-25.2306 45.7753
-25.2261 45.7706
-25.2282 45.7644
-25.2224 45.759
-25.2079 45.7542
-25.2219 45.7488
-25.2157 45.7434
-25.1983 45.7372
-25.1723 45.7303
-25.1466 45.7249
-25.157 45.718
-25.1396 45.7118
-25.1417 45.7056
-25.1011 45.698
-25.1301 45.6919
-25.0941 45.6849
-25.0849 45.6781
-25.077 45.6719
-25.0663 45.6643
-25.0286 45.6566
-25.011 45.6504
-25.0102 45.6428
-25.0173 45.6359
-24.9732 45.6298
-24.9836 45.6229
-24.9859 45.6167
-24.995 45.6106
-24.9588 45.6037
-24.9678 45.5975
-24.942 45.5906
-24.9324 45.5837
-24.9015 45.5761
-24.9023 45.5692
-24.9026 45.563
-24.8718 45.5409
-24.8925 45.5486
-24.8529 45.5416
-24.852 45.5347
-24.8327 45.5279
-24.8317 45.5217
-24.8038 45.5141
-24.8095 45.5072
-24.7835 45.4865
-24.7908 45.4604
-24.7695 45.488
-24.7585 45.4804
-24.7409 45.4445
-24.7299 45.4285
-24.7186 45.4307
-24.6959 45.4176
-24.6949 45.4376
-24.6839 45.4362
-24.6812 45.3992
-24.6802 45.4276
-24.6591 45.4207
-24.6436 45.3801
-24.66 45.3933
-24.6493 45.3835
-24.6456 45.3942
-24.6319 45.3514
-24.5965 45.3769
-24.5756 45.3701
-24.5719 45.3625
-24.5615 45.3557
-24.5679 45.3475
-24.5473 45.3407
-24.5147 45.3294
-24.4926 45.315
-24.4888 45.2835
-24.4968 45.3105
-24.4814 45.3015
-24.4825 45.2961
-24.4486 45.2541
-24.4478 45.2472
-24.4372 45.2466
-24.4233 45.2507
-24.4413 45.2446
-24.4223 45.2575
-24.4218 45.2376
-24.4011 45.2454
-24.4022 45.2393
-24.363 45.1943
-24.3709 45.2264
-24.3684 45.2188
-24.3562 45.2113
-24.3488 45.206
-24.3414 45.2006
-24.3458 45.1953
-24.3401 45.19
-24.3344 45.1563
-24.3286 45.18
-24.333 45.1754
-24.3138 45.1686
-24.2796 45.1604
-24.2604 45.1521
-24.265 45.1438
-24.2526 45.1072
-24.2419 45.1288
-24.2344 45.1227
-24.2256 45.0938
-24.2382 45.1113
-24.2199 45.1052
-24.2004 45.0984
-24.1922 45.0922
-24.1844 45.0869
-24.1577 45.08
-24.1496 45.0739
-24.1588 45.0678
-24.1625 45.0624
-24.1343 45.057
-24.155 45.0502
-24.0963 45.0426
-24.1256 45.0082
-24.0869 45.0296
-24.0672 45.0228
-24.0302 45.013
-24.0462 45.0091
-24.0159 45.0022
-24.0182 44.9624
-24.0067 44.9893
-23.9972 44.9542
-23.9771 44.9771
-23.9879 44.971
-23.9866 44.9634
-23.9685 44.929
-23.9296 44.9138
-23.9371 44.9113
-23.9275 44.9405
-23.904 44.9038
-23.9046 44.9239
-23.8999 44.9116
-23.9091 44.887
-23.882 44.8816
-23.8621 44.8908
-23.8525 44.8571
-23.8425 44.8571
-23.8328 44.867
-23.8315 44.8664
-23.8082 44.8356
-23.7781 44.8386
-23.7855 44.8303
-23.7794 44.8096
-23.7442 44.8097
-23.7208 44.799
-23.7283 44.7943
-23.7443 44.8013
-23.721 44.7804
-23.7079 44.7757
-23.6588 44.7766
-23.649 44.7687
-23.6684 44.7612
-23.6367 44.7518
-23.6852 44.7487
-23.6462 44.7554
-23.6348 44.7431
-23.6164 44.7454
-23.6066 44.7423
-23.6037 44.742
-23.6041 44.7366
-23.5943 44.7219
-23.5881 44.7402
-23.5783 44.7487
-23.5718 44.7306
-23.5826 44.7522
-23.5641 44.7498
-23.5645 44.7397
-23.5463 44.7467
-23.5518 44.7381
-23.5436 44.7481
-23.537 44.7587
-23.5064 44.7443
-23.5175 44.7473
-23.4766 44.7412
-23.5046 44.7344
