-0.91139 2.09343
-0.91126 2.09326
-0.91114 2.09309
-0.91101 2.09293
-0.91088 2.09276
-0.91075 2.09259
-0.91063 2.09243
-0.91050 2.09226
-0.91037 2.09210
-0.91025 2.09193
-0.91012 2.09176
-0.90999 2.09160
-0.90987 2.09143
-0.90974 2.09126
-0.90961 2.09110
-0.90949 2.09093
-0.90936 2.09076
-0.90923 2.09060
-0.90911 2.09043
-0.90898 2.09027
-0.90885 2.09010
-0.90873 2.08993
-0.90860 2.08977
-0.90847 2.08960
-0.90835 2.08943
-0.90822 2.08927
-0.90809 2.08910
-0.90797 2.08893
-0.90784 2.08877
-0.90771 2.08860
-0.90759 2.08843
-0.90746 2.08827
-0.90733 2.08810
-0.90721 2.08793
-0.90708 2.08777
-0.90695 2.08760
-0.90683 2.08743
-0.90670 2.08727
-0.90657 2.08710
-0.90645 2.08693
-0.90632 2.08677
-0.90619 2.08660
-0.90607 2.08643
-0.90594 2.08627
-0.90581 2.08610
-0.90569 2.08593
-0.90556 2.08577
-0.90544 2.08560
-0.90531 2.08543
-0.90518 2.08527
-0.90506 2.08510
-0.90493 2.08493
-0.90480 2.08477
-0.90468 2.08460
-0.90455 2.08443
-0.90442 2.08426
-0.90430 2.08410
-0.90417 2.08393
-0.90404 2.08376
-0.90392 2.08360
-0.90379 2.08343
-0.90366 2.08326
-0.90354 2.08310
-0.90341 2.08293
-0.90329 2.08276
-0.90316 2.08259
-0.90303 2.08243
-0.90291 2.08226
-0.90278 2.08209
-0.90265 2.08193
-0.90253 2.08176
-0.90240 2.08159
-0.90228 2.08142
-0.90215 2.08126
-0.90202 2.08109
-0.90190 2.08092
-0.90177 2.08076
-0.90164 2.08059
-0.90152 2.08042
-0.90139 2.08025
-0.90126 2.08009
-0.90114 2.07992
-0.90101 2.07975
-0.90089 2.07959
-0.90076 2.07942
-0.90063 2.07925
-0.90051 2.07908
-0.90038 2.07892
-0.90025 2.07875
-0.90013 2.07858
-0.90000 2.07841
-0.89988 2.07825
-0.89975 2.07808
-0.89962 2.07791
-0.89950 2.07774
-0.89937 2.07758
-0.89925 2.07741
-0.89912 2.07724
-0.89899 2.07707
-0.89887 2.07691
-0.89874 2.07674
-0.89862 2.07657
-0.89849 2.07640
-0.89836 2.07624
-0.89824 2.07607
-0.89811 2.07590
-0.89798 2.07573
-0.89786 2.07557
-0.89773 2.07540
-0.89761 2.07523
-0.89748 2.07506
-0.89735 2.07489
-0.89723 2.07473
-0.89710 2.07456
-0.89698 2.07439
-0.89685 2.07422
-0.89672 2.07406
-0.89660 2.07389
-0.89647 2.07372
-0.89635 2.07355
-0.89622 2.07338
-0.89609 2.07322
-0.89597 2.07305
-0.89584 2.07288
-0.89572 2.07271
-0.89559 2.07255
-0.89546 2.07238
-0.89534 2.07221
-0.89521 2.07204
-0.89509 2.07187
-0.89496 2.07171
-0.89484 2.07154
-0.89471 2.07137
-0.89458 2.07120
-0.89446 2.07103
-0.89433 2.07087
-0.89421 2.07070
-0.89408 2.07053
-0.89395 2.07036
-0.89383 2.07019
-0.89370 2.07003
-0.89358 2.06986
-0.89345 2.06969
-0.89332 2.06952
-0.89320 2.06935
-0.89307 2.06918
-0.89295 2.06902
-0.89285 2.06885
-0.89279 2.06868
-0.89274 2.06851
-0.89268 2.06834
-0.89262 2.06817
-0.89257 2.06800
-0.89251 2.06783
-0.89245 2.06766
-0.89239 2.06750
-0.89234 2.06733
-0.89228 2.06716
-0.89222 2.06699
-0.89216 2.06682
-0.89211 2.06665
-0.89205 2.06648
-0.89199 2.06631
-0.89194 2.06614
-0.89188 2.06597
-0.89182 2.06580
-0.89176 2.06563
-0.89171 2.06547
-0.89165 2.06530
-0.89159 2.06513
-0.89153 2.06496
-0.89148 2.06479
-0.89142 2.06462
-0.89136 2.06445
-0.89130 2.06428
-0.89125 2.06411
-0.89119 2.06394
-0.89113 2.06377
-0.89107 2.06360
-0.89102 2.06343
-0.89096 2.06327
-0.89090 2.06310
-0.89084 2.06293
-0.89079 2.06276
-0.89073 2.06259
-0.89067 2.06242
-0.89061 2.06225
-0.89056 2.06208
-0.89050 2.06191
-0.89044 2.06174
-0.89038 2.06157
-0.89033 2.06140
-0.89027 2.06123
-0.89021 2.06106
-0.89015 2.06089
-0.89010 2.06072
-0.89004 2.06056
-0.88998 2.06039
-0.88992 2.06022
-0.88986 2.06005
-0.88981 2.05988
-0.88975 2.05971
-0.88969 2.05954
-0.88963 2.05937
-0.88958 2.05920
-0.88952 2.05903
-0.88946 2.05886
-0.88940 2.05869
-0.88935 2.05852
-0.88929 2.05835
-0.88923 2.05818
-0.88917 2.05801
-0.88911 2.05784
-0.88906 2.05767
-0.88900 2.05750
-0.88894 2.05733
-0.88888 2.05716
-0.88882 2.05700
-0.88877 2.05683
-0.88871 2.05666
-0.88865 2.05649
-0.88859 2.05632
-0.88854 2.05615
-0.88848 2.05598
-0.88842 2.05581
-0.88836 2.05564
-0.88830 2.05547
-0.88825 2.05530
-0.88819 2.05513
-0.88813 2.05496
-0.88807 2.05479
-0.88801 2.05462
-0.88796 2.05445
-0.88790 2.05428
-0.88784 2.05411
-0.88778 2.05394
-0.88772 2.05377
-0.88767 2.05360
-0.88761 2.05343
-0.88755 2.05326
-0.88749 2.05309
-0.88743 2.05292
-0.88737 2.05275
-0.88732 2.05258
-0.88726 2.05241
-0.88720 2.05224
-0.88714 2.05207
-0.88708 2.05190
-0.88703 2.05173
-0.88697 2.05156
-0.88691 2.05139
-0.88685 2.05122
-0.88679 2.05105
-0.88673 2.05088
-0.88668 2.05071
-0.88662 2.05054
-0.88656 2.05037
-0.88650 2.05020
-0.88644 2.05003
-0.88639 2.04986
-0.88633 2.04969
-0.88627 2.04952
-0.88621 2.04936
-0.88615 2.04919
-0.88609 2.04902
-0.88604 2.04885
-0.88598 2.04868
-0.88592 2.04851
-0.88586 2.04834
-0.88580 2.04817
-0.88574 2.04800
-0.88568 2.04783
-0.88563 2.04765
-0.88557 2.04748
-0.88551 2.04731
-0.88545 2.04714
-0.88539 2.04697
-0.88533 2.04680
-0.88528 2.04663
-0.88522 2.04646
-0.88516 2.04629
-0.88510 2.04612
-0.88504 2.04595
-0.88498 2.04578
-0.88492 2.04561
-0.88487 2.04544
-0.88481 2.04527
-0.88475 2.04510
-0.88469 2.04493
-0.88463 2.04476
-0.88457 2.04459
-0.88451 2.04442
-0.88446 2.04425
-0.88440 2.04408
-0.88434 2.04391
-0.88428 2.04374
-0.88422 2.04357
-0.88416 2.04340
-0.88410 2.04323
-0.88405 2.04306
-0.88399 2.04289
-0.88393 2.04272
-0.88387 2.04255
-0.88381 2.04238
-0.88375 2.04221
-0.88369 2.04204
-0.88363 2.04187
-0.88358 2.04170
-0.88352 2.04153
-0.88346 2.04136
-0.88340 2.04119
-0.88334 2.04102
-0.88328 2.04085
-0.88322 2.04068
-0.88316 2.04051
-0.88310 2.04034
-0.88305 2.04017
-0.88299 2.03999
-0.88293 2.03982
-0.88287 2.03965
-0.88281 2.03948
-0.88275 2.03931
-0.88269 2.03914
-0.88263 2.03897
-0.88257 2.03880
-0.88252 2.03863
-0.88246 2.03846
-0.88240 2.03829
-0.88234 2.03812
-0.88228 2.03795
-0.88222 2.03778
-0.88216 2.03761
-0.88210 2.03744
-0.88204 2.03727
-0.88198 2.03710
-0.88193 2.03693
-0.88187 2.03676
-0.88181 2.03658
-0.88175 2.03641
-0.88169 2.03624
-0.88163 2.03607
-0.88157 2.03590
-0.88151 2.03573
-0.88145 2.03556
-0.88139 2.03539
-0.88133 2.03522
-0.88128 2.03505
-0.88122 2.03488
-0.88116 2.03471
-0.88110 2.03454
-0.88104 2.03437
-0.88098 2.03420
-0.88092 2.03403
-0.88086 2.03385
-0.88080 2.03368
-0.88074 2.03351
-0.88068 2.03334
-0.88062 2.03317
-0.88057 2.03300
-0.88051 2.03283
-0.88045 2.03266
-0.88039 2.03249
-0.88033 2.03232
-0.88027 2.03215
-0.88021 2.03198
-0.88015 2.03181
-0.88009 2.03163
-0.88003 2.03146
-0.87997 2.03129
-0.87991 2.03112
-0.87985 2.03095
-0.87979 2.03078
-0.87973 2.03061
-0.87968 2.03044
-0.87962 2.03027
-0.87956 2.03010
-0.87950 2.02993
-0.87944 2.02976
-0.87938 2.02958
-0.87932 2.02941
-0.87926 2.02924
-0.87920 2.02907
-0.87914 2.02890
-0.87908 2.02873
-0.87902 2.02856
-0.87896 2.02839
-0.87890 2.02822
-0.87884 2.02805
-0.87878 2.02787
-0.87872 2.02770
-0.87866 2.02753
-0.87860 2.02736
-0.87854 2.02719
-0.87848 2.02702
-0.87843 2.02685
-0.87837 2.02668
-0.87831 2.02651
-0.87825 2.02634
-0.87819 2.02616
-0.87813 2.02599
-0.87807 2.02582
-0.87801 2.02565
-0.87795 2.02548
-0.87789 2.02531
-0.87783 2.02514
-0.87777 2.02497
-0.87771 2.02480
-0.87765 2.02462
-0.87759 2.02445
-0.87753 2.02428
-0.87747 2.02411
-0.87741 2.02394
-0.87735 2.02377
-0.87729 2.02360
-0.87723 2.02343
-0.87717 2.02325
-0.87711 2.02308
-0.87705 2.02291
-0.87699 2.02274
-0.87693 2.02257
-0.87687 2.02240
-0.87681 2.02223
-0.87675 2.02206
-0.87669 2.02188
-0.87663 2.02171
-0.87657 2.02154
-0.87651 2.02137
-0.87645 2.02120
-0.87639 2.02103
-0.87633 2.02086
-0.87627 2.02069
-0.87621 2.02051
-0.87615 2.02034
-0.87609 2.02017
-0.87603 2.02000
-0.87597 2.01983
-0.87591 2.01966
-0.87585 2.01949
-0.87579 2.01931
-0.87573 2.01914
-0.87567 2.01897
-0.87561 2.01880
-0.87555 2.01863
-0.87549 2.01846
-0.87543 2.01829
-0.87537 2.01811
-0.87531 2.01794
-0.87525 2.01777
-0.87519 2.01760
-0.87513 2.01743
-0.87507 2.01726
-0.87501 2.01708
-0.87495 2.01691
-0.87489 2.01674
-0.87483 2.01657
-0.87477 2.01640
-0.87471 2.01623
-0.87465 2.01606
-0.87459 2.01588
-0.87453 2.01571
-0.87447 2.01554
-0.87441 2.01537
-0.87435 2.01520
-0.87429 2.01503
-0.87423 2.01485
-0.87417 2.01468
-0.87411 2.01451
-0.87405 2.01434
-0.87399 2.01417
-0.87393 2.01400
-0.87387 2.01382
-0.87380 2.01365
-0.87374 2.01348
-0.87368 2.01331
-0.87362 2.01314
-0.87356 2.01297
-0.87350 2.01279
-0.87344 2.01262
-0.87338 2.01245
-0.87332 2.01228
-0.87326 2.01211
-0.87320 2.01193
-0.87314 2.01176
-0.87308 2.01159
-0.87302 2.01142
-0.87296 2.01125
-0.87290 2.01108
-0.87284 2.01090
-0.87278 2.01073
-0.87272 2.01056
-0.87266 2.01039
-0.87260 2.01022
-0.87253 2.01004
-0.87247 2.00987
-0.87241 2.00970
-0.87235 2.00953
-0.87229 2.00936
-0.87223 2.00918
-0.87217 2.00901
-0.87211 2.00884
-0.87205 2.00867
-0.87199 2.00850
-0.87193 2.00832
-0.87187 2.00815
-0.87181 2.00798
-0.87175 2.00781
-0.87169 2.00764
-0.87162 2.00746
-0.87156 2.00729
-0.87150 2.00712
-0.87144 2.00695
-0.87138 2.00678
-0.87132 2.00660
-0.87126 2.00643
-0.87120 2.00626
-0.87114 2.00609
-0.87108 2.00592
-0.87102 2.00574
-0.87096 2.00557
-0.87090 2.00540
-0.87083 2.00523
-0.87077 2.00506
-0.87071 2.00488
-0.87065 2.00471
-0.87059 2.00454
-0.87053 2.00437
-0.87047 2.00419
-0.87041 2.00402
-0.87035 2.00385
-0.87029 2.00368
-0.87023 2.00351
-0.87016 2.00333
-0.87010 2.00316
-0.87004 2.00299
-0.86998 2.00282
-0.86992 2.00264
-0.86986 2.00247
-0.86980 2.00230
-0.86974 2.00213
-0.86968 2.00196
-0.86962 2.00178
-0.86955 2.00161
-0.86949 2.00144
-0.86943 2.00127
-0.86937 2.00109
-0.86931 2.00092
-0.86925 2.00075
-0.86919 2.00058
-0.86913 2.00040
-0.86907 2.00023
-0.86900 2.00006
-0.86894 1.99989
-0.86888 1.99971
-0.86882 1.99954
-0.86876 1.99937
-0.86870 1.99920
-0.86864 1.99902
-0.86858 1.99885
-0.86852 1.99868
-0.86845 1.99851
-0.86839 1.99834
-0.86833 1.99816
-0.86827 1.99799
-0.86821 1.99782
-0.86815 1.99764
-0.86809 1.99747
-0.86803 1.99730
-0.86796 1.99713
-0.86790 1.99695
-0.86784 1.99678
-0.86778 1.99661
-0.86772 1.99644
-0.86766 1.99626
-0.86760 1.99609
-0.86753 1.99592
-0.86747 1.99575
-0.86741 1.99557
-0.86735 1.99540
-0.86729 1.99523
-0.86723 1.99506
-0.86717 1.99488
-0.86710 1.99471
-0.86704 1.99454
-0.86698 1.99437
-0.86692 1.99419
-0.86686 1.99402
-0.86680 1.99385
-0.86674 1.99367
-0.86667 1.99350
-0.86661 1.99333
-0.86665 1.99315
-0.86671 1.99298
-0.86678 1.99281
-0.86685 1.99263
-0.86692 1.99246
-0.86699 1.99228
-0.86705 1.99211
-0.86712 1.99193
-0.86719 1.99176
-0.86725 1.99158
-0.86732 1.99141
-0.86739 1.99123
-0.86746 1.99106
-0.86752 1.99088
-0.86759 1.99071
-0.86766 1.99053
-0.86772 1.99036
-0.86779 1.99019
-0.86786 1.99001
-0.86792 1.98984
-0.86799 1.98966
-0.86806 1.98948
-0.86812 1.98931
-0.86819 1.98913
-0.86826 1.98896
-0.86832 1.98878
-0.86839 1.98861
-0.86846 1.98843
-0.86852 1.98826
-0.86859 1.98808
-0.86866 1.98791
-0.86872 1.98773
-0.86879 1.98756
-0.86885 1.98738
-0.86892 1.98721
-0.86899 1.98703
-0.86905 1.98686
-0.86912 1.98668
-0.86918 1.98650
-0.86925 1.98633
-0.86932 1.98615
-0.86938 1.98598
-0.86945 1.98580
-0.86951 1.98563
-0.86958 1.98545
-0.86964 1.98527
-0.86971 1.98510
-0.86977 1.98492
-0.86984 1.98475
-0.86990 1.98457
-0.86997 1.98439
-0.87003 1.98422
-0.87010 1.98404
-0.87016 1.98387
-0.87023 1.98369
-0.87029 1.98351
-0.87036 1.98334
-0.87042 1.98316
-0.87049 1.98299
-0.87055 1.98281
-0.87062 1.98263
-0.87068 1.98246
-0.87075 1.98228
-0.87081 1.98210
-0.87088 1.98193
-0.87094 1.98175
-0.87101 1.98157
-0.87107 1.98140
-0.87113 1.98122
-0.87120 1.98104
-0.87126 1.98087
-0.87133 1.98069
-0.87139 1.98051
-0.87146 1.98034
-0.87140 1.98016
-0.87133 1.97999
-0.87127 1.97982
-0.87121 1.97964
-0.87114 1.97947
-0.87108 1.97930
-0.87102 1.97912
-0.87095 1.97895
-0.87089 1.97878
-0.87083 1.97860
-0.87076 1.97843
-0.87070 1.97826
-0.87063 1.97808
-0.87057 1.97791
-0.87051 1.97774
-0.87044 1.97756
-0.87038 1.97739
-0.87032 1.97721
-0.87025 1.97704
-0.87019 1.97687
-0.87013 1.97669
-0.87006 1.97652
-0.87000 1.97635
-0.86994 1.97617
-0.86987 1.97600
-0.86981 1.97583
-0.86974 1.97565
-0.86968 1.97548
-0.86962 1.97530
-0.86955 1.97513
-0.86949 1.97496
-0.86943 1.97478
-0.86936 1.97461
-0.86930 1.97444
-0.86923 1.97426
-0.86917 1.97409
-0.86911 1.97392
-0.86904 1.97374
-0.86898 1.97357
-0.86892 1.97339
-0.86885 1.97322
-0.86879 1.97305
-0.86872 1.97287
-0.86866 1.97270
-0.86860 1.97252
-0.86853 1.97235
-0.86847 1.97218
-0.86840 1.97200
-0.86834 1.97183
-0.86828 1.97166
-0.86821 1.97148
-0.86815 1.97131
-0.86808 1.97113
-0.86802 1.97096
-0.86796 1.97079
-0.86789 1.97061
-0.86783 1.97044
-0.86777 1.97026
-0.86770 1.97009
-0.86764 1.96992
-0.86757 1.96974
-0.86751 1.96957
-0.86745 1.96939
-0.86738 1.96922
-0.86732 1.96905
-0.86725 1.96887
-0.86719 1.96870
-0.86712 1.96852
-0.86706 1.96835
-0.86700 1.96818
-0.86693 1.96800
-0.86687 1.96783
-0.86680 1.96765
-0.86674 1.96748
-0.86668 1.96731
-0.86661 1.96713
-0.86655 1.96696
-0.86648 1.96678
-0.86642 1.96661
-0.86636 1.96643
-0.86629 1.96626
-0.86623 1.96609
-0.86616 1.96591
-0.86610 1.96574
-0.86603 1.96556
-0.86597 1.96539
-0.86591 1.96522
-0.86584 1.96504
-0.86578 1.96487
-0.86571 1.96469
-0.86565 1.96452
-0.86558 1.96434
-0.86552 1.96417
-0.86546 1.96400
-0.86539 1.96382
-0.86533 1.96365
-0.86526 1.96347
-0.86520 1.96330
-0.86513 1.96312
-0.86507 1.96295
-0.86501 1.96278
-0.86494 1.96260
-0.86488 1.96243
-0.86481 1.96225
-0.86475 1.96208
-0.86468 1.96190
-0.86462 1.96173
-0.86455 1.96155
-0.86449 1.96138
-0.86443 1.96121
-0.86436 1.96103
-0.86430 1.96086
-0.86423 1.96068
-0.86417 1.96051
-0.86410 1.96033
-0.86404 1.96016
-0.86397 1.95998
-0.86391 1.95981
-0.86385 1.95963
-0.86378 1.95946
-0.86372 1.95929
-0.86365 1.95911
-0.86359 1.95894
-0.86352 1.95876
-0.86346 1.95859
-0.86339 1.95841
-0.86333 1.95824
-0.86326 1.95806
-0.86320 1.95789
-0.86313 1.95771
-0.86307 1.95754
-0.86301 1.95736
-0.86294 1.95719
-0.86288 1.95702
-0.86281 1.95684
-0.86275 1.95667
-0.86268 1.95649
-0.86262 1.95632
-0.86255 1.95614
-0.86249 1.95597
-0.86242 1.95579
-0.86236 1.95562
-0.86229 1.95544
-0.86223 1.95527
-0.86216 1.95509
-0.86210 1.95492
-0.86203 1.95474
-0.86197 1.95457
-0.86190 1.95439
-0.86184 1.95422
-0.86177 1.95404
-0.86171 1.95387
-0.86165 1.95369
-0.86158 1.95352
-0.86152 1.95335
-0.86145 1.95317
-0.86139 1.95300
-0.86132 1.95282
-0.86126 1.95265
-0.86119 1.95247
-0.86113 1.95230
-0.86106 1.95212
-0.86100 1.95195
-0.86093 1.95177
-0.86087 1.95160
-0.86080 1.95142
-0.86074 1.95125
-0.86067 1.95107
-0.86061 1.95090
-0.86054 1.95072
-0.86048 1.95055
-0.86041 1.95037
-0.86035 1.95020
-0.86028 1.95002
-0.86022 1.94985
-0.86015 1.94967
-0.86009 1.94950
-0.86002 1.94932
-0.85996 1.94914
-0.85989 1.94897
-0.85983 1.94879
-0.85976 1.94862
-0.85970 1.94844
-0.85963 1.94827
-0.85957 1.94809
-0.85950 1.94792
-0.85943 1.94774
-0.85937 1.94757
-0.85930 1.94739
-0.85924 1.94722
-0.85917 1.94704
-0.85911 1.94687
-0.85904 1.94669
-0.85898 1.94652
-0.85891 1.94634
-0.85885 1.94617
-0.85878 1.94599
-0.85872 1.94582
-0.85865 1.94564
-0.85859 1.94547
-0.85852 1.94529
-0.85846 1.94511
-0.85839 1.94494
-0.85833 1.94476
-0.85826 1.94459
-0.85820 1.94441
-0.85813 1.94424
-0.85806 1.94406
-0.85800 1.94389
-0.85793 1.94371
-0.85787 1.94354
-0.85780 1.94336
-0.85774 1.94318
-0.85767 1.94301
-0.85761 1.94283
-0.85754 1.94266
-0.85748 1.94248
-0.85741 1.94231
-0.85734 1.94213
-0.85728 1.94196
-0.85721 1.94178
-0.85715 1.94161
-0.85708 1.94143
-0.85702 1.94125
-0.85695 1.94108
-0.85689 1.94090
-0.85682 1.94073
-0.85676 1.94055
-0.85669 1.94038
-0.85662 1.94020
-0.85656 1.94003
-0.85649 1.93985
-0.85643 1.93967
-0.85636 1.93950
-0.85630 1.93932
-0.85623 1.93915
-0.85616 1.93897
-0.85610 1.93880
-0.85603 1.93862
-0.85597 1.93844
-0.85590 1.93827
-0.85584 1.93809
-0.85577 1.93792
-0.85571 1.93774
-0.85564 1.93757
-0.85557 1.93739
-0.85551 1.93721
-0.85544 1.93704
-0.85538 1.93686
-0.85531 1.93669
-0.85525 1.93651
-0.85518 1.93633
-0.85511 1.93616
-0.85505 1.93598
-0.85498 1.93581
-0.85492 1.93563
-0.85485 1.93545
-0.85478 1.93528
-0.85472 1.93510
-0.85465 1.93493
-0.85459 1.93475
-0.85452 1.93458
-0.85446 1.93440
-0.85439 1.93422
-0.85432 1.93405
-0.85426 1.93387
-0.85419 1.93370
-0.85413 1.93352
-0.85406 1.93334
-0.85399 1.93317
-0.85393 1.93299
-0.85386 1.93282
-0.85380 1.93264
-0.85373 1.93246
-0.85366 1.93229
-0.85360 1.93211
-0.85353 1.93193
-0.85347 1.93176
-0.85340 1.93158
-0.85333 1.93141
-0.85327 1.93123
-0.85320 1.93105
-0.85314 1.93088
-0.85307 1.93070
-0.85300 1.93053
-0.85294 1.93035
-0.85287 1.93017
-0.85281 1.93000
-0.85274 1.92982
-0.85267 1.92964
-0.85261 1.92947
-0.85254 1.92929
-0.85248 1.92912
-0.85241 1.92894
-0.85234 1.92876
-0.85228 1.92859
-0.85221 1.92841
-0.85214 1.92823
-0.85208 1.92806
-0.85201 1.92788
-0.85195 1.92771
-0.85188 1.92753
-0.85181 1.92735
-0.85175 1.92718
-0.85168 1.92700
-0.85161 1.92682
-0.85155 1.92665
-0.85148 1.92647
-0.85142 1.92629
-0.85135 1.92612
-0.85128 1.92594
-0.85122 1.92576
-0.85115 1.92559
-0.85108 1.92541
-0.85102 1.92524
-0.85095 1.92506
-0.85089 1.92488
-0.85082 1.92471
-0.85075 1.92453
-0.85069 1.92435
-0.85062 1.92418
-0.85055 1.92400
-0.85049 1.92382
-0.85042 1.92365
-0.85035 1.92347
-0.85029 1.92329
-0.85022 1.92312
-0.85016 1.92294
-0.85009 1.92276
-0.85002 1.92259
-0.84996 1.92241
-0.84989 1.92223
-0.84982 1.92206
-0.84976 1.92188
-0.84969 1.92170
-0.84962 1.92153
-0.84956 1.92135
-0.84949 1.92117
-0.84942 1.92100
-0.84936 1.92082
-0.84929 1.92064
-0.84922 1.92047
-0.84916 1.92029
-0.84909 1.92011
-0.84902 1.91994
-0.84896 1.91976
-0.84889 1.91958
-0.84882 1.91941
-0.84876 1.91923
-0.84869 1.91905
-0.84862 1.91888
-0.84856 1.91870
-0.84849 1.91852
-0.84842 1.91834
-0.84836 1.91817
-0.84829 1.91799
-0.84822 1.91781
-0.84816 1.91764
-0.84809 1.91746
-0.84802 1.91728
-0.84796 1.91711
-0.84789 1.91693
-0.84782 1.91675
-0.84776 1.91657
-0.84769 1.91640
-0.84762 1.91622
-0.84756 1.91604
-0.84749 1.91587
-0.84742 1.91569
-0.84736 1.91551
-0.84729 1.91534
-0.84722 1.91516
-0.84716 1.91498
-0.84709 1.91480
-0.84702 1.91463
-0.84695 1.91445
-0.84689 1.91427
-0.84682 1.91410
-0.84675 1.91392
-0.84669 1.91374
-0.84662 1.91356
-0.84655 1.91339
-0.84649 1.91321
-0.84642 1.91303
-0.84635 1.91286
-0.84629 1.91268
-0.84622 1.91250
-0.84615 1.91232
-0.84608 1.91215
-0.84602 1.91197
-0.84595 1.91179
-0.84588 1.91161
-0.84582 1.91144
-0.84575 1.91126
-0.84568 1.91108
-0.84561 1.91091
-0.84555 1.91073
-0.84548 1.91055
-0.84541 1.91037
-0.84535 1.91020
-0.84528 1.91002
-0.84521 1.90984
-0.84514 1.90966
-0.84508 1.90949
-0.84501 1.90931
-0.84494 1.90913
-0.84488 1.90895
-0.84481 1.90878
-0.84474 1.90860
-0.84467 1.90842
-0.84461 1.90824
-0.84454 1.90807
-0.84447 1.90789
-0.84441 1.90771
-0.84434 1.90753
-0.84427 1.90736
-0.84420 1.90718
-0.84414 1.90700
-0.84407 1.90682
-0.84400 1.90665
-0.84393 1.90647
-0.84387 1.90629
-0.84380 1.90611
-0.84373 1.90594
-0.84367 1.90576
-0.84360 1.90558
-0.84353 1.90540
-0.84346 1.90523
-0.84340 1.90505
-0.84333 1.90487
-0.84326 1.90469
-0.84319 1.90451
-0.84313 1.90434
-0.84306 1.90416
-0.84299 1.90398
-0.84292 1.90380
-0.84286 1.90363
-0.84279 1.90345
-0.84272 1.90327
-0.84265 1.90309
-0.84259 1.90291
-0.84252 1.90274
-0.84245 1.90256
-0.84238 1.90238
-0.84232 1.90220
-0.84225 1.90203
-0.84218 1.90185
-0.84211 1.90167
-0.84205 1.90149
-0.84198 1.90131
-0.84191 1.90114
-0.84184 1.90096
-0.84178 1.90078
-0.84171 1.90060
-0.84164 1.90042
-0.84157 1.90025
-0.84151 1.90007
-0.84144 1.89989
-0.84137 1.89971
-0.84130 1.89953
-0.84124 1.89936
-0.84117 1.89918
-0.84110 1.89900
-0.84103 1.89882
-0.84096 1.89864
-0.84090 1.89847
-0.84083 1.89829
-0.84076 1.89811
-0.84069 1.89793
-0.84063 1.89775
-0.84056 1.89758
-0.84049 1.89740
-0.84042 1.89722
-0.84035 1.89704
-0.84029 1.89686
-0.84022 1.89668
-0.84015 1.89651
-0.84008 1.89633
-0.84002 1.89615
-0.83995 1.89597
-0.83988 1.89579
-0.83981 1.89561
-0.83974 1.89544
-0.83968 1.89526
-0.83961 1.89508
-0.83954 1.89490
-0.83947 1.89472
-0.83940 1.89455
-0.83934 1.89437
-0.83927 1.89419
-0.83920 1.89401
-0.83913 1.89383
-0.83906 1.89365
-0.83900 1.89347
-0.83893 1.89330
-0.83886 1.89312
-0.83879 1.89294
-0.83872 1.89276
-0.83866 1.89258
-0.83859 1.89240
-0.83852 1.89223
-0.83845 1.89205
-0.83838 1.89187
-0.83832 1.89169
-0.83825 1.89151
-0.83818 1.89133
-0.83811 1.89115
-0.83804 1.89098
-0.83798 1.89080
-0.83791 1.89062
-0.83784 1.89044
-0.83777 1.89026
-0.83770 1.89008
-0.83764 1.88990
-0.83757 1.88973
-0.83750 1.88955
-0.83743 1.88937
-0.83736 1.88919
-0.83729 1.88901
-0.83723 1.88883
-0.83716 1.88865
-0.83709 1.88848
-0.83702 1.88830
-0.83695 1.88812
-0.83688 1.88794
-0.83682 1.88776
-0.83675 1.88758
-0.83668 1.88740
-0.83661 1.88722
-0.83654 1.88705
-0.83648 1.88687
-0.83641 1.88669
-0.83634 1.88651
-0.83627 1.88633
-0.83620 1.88615
-0.83613 1.88597
-0.83607 1.88579
-0.83600 1.88561
-0.83593 1.88544
-0.83586 1.88526
-0.83579 1.88508
-0.83572 1.88490
-0.83565 1.88472
-0.83559 1.88454
-0.83552 1.88436
-0.83545 1.88418
-0.83538 1.88400
-0.83531 1.88383
-0.83524 1.88365
-0.83518 1.88347
-0.83511 1.88329
-0.83504 1.88311
-0.83497 1.88293
-0.83490 1.88275
-0.83483 1.88257
-0.83476 1.88239
-0.83470 1.88221
-0.83463 1.88204
-0.83456 1.88186
-0.83449 1.88168
-0.83442 1.88150
-0.83435 1.88132
-0.83428 1.88114
-0.83422 1.88096
-0.83415 1.88078
-0.83408 1.88060
-0.83401 1.88042
-0.83394 1.88024
-0.83387 1.88006
-0.83380 1.87989
-0.83374 1.87971
-0.83367 1.87953
-0.83360 1.87935
-0.83353 1.87917
-0.83346 1.87899
-0.83339 1.87881
-0.83332 1.87863
-0.83325 1.87845
-0.83319 1.87827
-0.83312 1.87809
-0.83305 1.87791
-0.83298 1.87773
-0.83291 1.87755
-0.83284 1.87737
-0.83277 1.87720
-0.83270 1.87702
-0.83263 1.87684
-0.83257 1.87666
-0.83250 1.87648
-0.83243 1.87630
-0.83236 1.87612
-0.83229 1.87594
-0.83222 1.87576
-0.83215 1.87558
-0.83208 1.87540
-0.83202 1.87522
-0.83195 1.87504
-0.83188 1.87486
-0.83181 1.87468
-0.83174 1.87450
-0.83167 1.87432
-0.83160 1.87414
-0.83153 1.87396
-0.83146 1.87378
-0.83139 1.87360
-0.83133 1.87343
-0.83126 1.87325
-0.83119 1.87307
-0.83112 1.87289
-0.83105 1.87271
-0.83098 1.87253
-0.83091 1.87235
-0.83084 1.87217
-0.83077 1.87199
-0.83070 1.87181
-0.83063 1.87163
-0.83057 1.87145
-0.83050 1.87127
-0.83043 1.87109
-0.83036 1.87091
-0.83029 1.87073
-0.83022 1.87055
-0.83015 1.87037
-0.83008 1.87019
-0.83001 1.87001
-0.82994 1.86983
-0.82987 1.86965
-0.82981 1.86947
-0.82974 1.86929
-0.82967 1.86911
-0.82960 1.86893
-0.82953 1.86875
-0.82946 1.86857
-0.82939 1.86839
-0.82932 1.86821
-0.82925 1.86803
-0.82918 1.86785
-0.82911 1.86767
-0.82904 1.86749
-0.82897 1.86731
-0.82890 1.86713
-0.82884 1.86695
-0.82877 1.86677
-0.82870 1.86659
-0.82863 1.86641
-0.82856 1.86623
-0.82849 1.86605
-0.82842 1.86587
-0.82835 1.86569
-0.82828 1.86551
-0.82821 1.86533
-0.82814 1.86515
-0.82807 1.86497
-0.82800 1.86479
-0.82793 1.86461
-0.82786 1.86443
-0.82779 1.86425
-0.82772 1.86407
-0.82766 1.86389
-0.82759 1.86371
-0.82752 1.86353
-0.82745 1.86335
-0.82738 1.86317
-0.82731 1.86299
-0.82724 1.86281
-0.82717 1.86263
-0.82710 1.86245
-0.82703 1.86227
-0.82696 1.86209
-0.82689 1.86190
-0.82682 1.86172
-0.82675 1.86154
-0.82668 1.86136
-0.82661 1.86118
-0.82654 1.86100
-0.82647 1.86082
-0.82640 1.86064
-0.82633 1.86046
-0.82626 1.86028
-0.82619 1.86010
-0.82612 1.85992
-0.82605 1.85974
-0.82598 1.85956
-0.82591 1.85938
-0.82585 1.85920
-0.82578 1.85902
-0.82571 1.85884
-0.82564 1.85866
-0.82557 1.85848
-0.82550 1.85829
-0.82543 1.85811
-0.82536 1.85793
-0.82529 1.85775
-0.82522 1.85757
-0.82515 1.85739
-0.82508 1.85721
-0.82501 1.85703
-0.82494 1.85685
-0.82487 1.85667
-0.82480 1.85649
-0.82473 1.85631
-0.82466 1.85613
-0.82459 1.85595
-0.82452 1.85577
-0.82445 1.85558
-0.82438 1.85540
-0.82431 1.85522
-0.82424 1.85504
-0.82417 1.85486
-0.82410 1.85468
-0.82403 1.85450
-0.82396 1.85432
-0.82389 1.85414
-0.82382 1.85396
-0.82375 1.85378
-0.82368 1.85360
-0.82361 1.85341
-0.82354 1.85323
-0.82347 1.85305
-0.82340 1.85287
-0.82333 1.85269
-0.82326 1.85251
-0.82319 1.85233
-0.82312 1.85215
-0.82305 1.85197
-0.82298 1.85179
-0.82291 1.85160
-0.82284 1.85142
-0.82277 1.85124
-0.82270 1.85106
-0.82263 1.85088
-0.82256 1.85070
-0.82249 1.85052
-0.82242 1.85034
-0.82235 1.85016
-0.82228 1.84997
-0.82221 1.84979
-0.82214 1.84961
-0.82207 1.84943
-0.82200 1.84925
-0.82193 1.84907
-0.82186 1.84889
-0.82178 1.84871
-0.82171 1.84852
-0.82164 1.84834
-0.82157 1.84816
-0.82150 1.84798
-0.82143 1.84780
-0.82136 1.84762
-0.82129 1.84744
-0.82122 1.84726
-0.82115 1.84707
-0.82108 1.84689
-0.82101 1.84671
-0.82094 1.84653
-0.82087 1.84635
-0.82080 1.84617
-0.82073 1.84599
-0.82066 1.84580
-0.82059 1.84562
-0.82052 1.84544
-0.82045 1.84526
-0.82038 1.84508
-0.82031 1.84490
-0.82024 1.84472
-0.82017 1.84453
-0.82010 1.84435
-0.82003 1.84417
-0.81995 1.84399
-0.81988 1.84381
-0.81981 1.84363
-0.81974 1.84345
-0.81967 1.84326
-0.81960 1.84308
-0.81953 1.84290
-0.81946 1.84272
-0.81939 1.84254
-0.81932 1.84236
-0.81925 1.84217
-0.81918 1.84199
-0.81911 1.84181
-0.81904 1.84163
-0.81897 1.84145
-0.81890 1.84127
-0.81883 1.84108
-0.81875 1.84090
-0.81868 1.84072
-0.81861 1.84054
-0.81854 1.84036
-0.81847 1.84017
-0.81840 1.83999
-0.81833 1.83981
-0.81826 1.83963
-0.81819 1.83945
-0.81812 1.83927
-0.81805 1.83908
-0.81798 1.83890
-0.81791 1.83872
-0.81784 1.83854
-0.81776 1.83836
-0.81769 1.83817
-0.81762 1.83799
-0.81755 1.83781
-0.81748 1.83763
-0.81741 1.83745
-0.81734 1.83726
-0.81727 1.83708
-0.81720 1.83690
-0.81713 1.83672
-0.81706 1.83654
-0.81699 1.83635
-0.81691 1.83617
-0.81684 1.83599
-0.81677 1.83581
-0.81670 1.83563
-0.81663 1.83544
-0.81656 1.83526
-0.81649 1.83508
-0.81642 1.83490
-0.81635 1.83472
-0.81628 1.83453
-0.81620 1.83435
-0.81613 1.83417
-0.81606 1.83399
-0.81599 1.83380
-0.81592 1.83362
-0.81585 1.83344
-0.81578 1.83326
-0.81571 1.83308
-0.81564 1.83289
-0.81557 1.83271
-0.81549 1.83253
-0.81542 1.83235
-0.81535 1.83216
-0.81528 1.83198
-0.81521 1.83180
-0.81514 1.83162
-0.81507 1.83143
-0.81500 1.83125
-0.81492 1.83107
-0.81485 1.83089
-0.81478 1.83070
-0.81471 1.83052
-0.81464 1.83034
-0.81457 1.83016
-0.81450 1.82997
-0.81443 1.82979
-0.81436 1.82961
-0.81428 1.82943
-0.81421 1.82924
-0.81414 1.82906
-0.81407 1.82888
-0.81400 1.82870
-0.81393 1.82851
-0.81386 1.82833
-0.81378 1.82815
-0.81371 1.82797
-0.81364 1.82778
-0.81357 1.82760
-0.81350 1.82742
-0.81343 1.82724
-0.81336 1.82705
-0.81329 1.82687
-0.81321 1.82669
-0.81314 1.82651
-0.81307 1.82632
-0.81300 1.82614
-0.81293 1.82596
-0.81286 1.82577
-0.81279 1.82559
-0.81271 1.82541
-0.81264 1.82523
-0.81257 1.82504
-0.81250 1.82486
-0.81243 1.82468
-0.81236 1.82449
-0.81229 1.82431
-0.81221 1.82413
-0.81214 1.82395
-0.81207 1.82376
-0.81200 1.82358
-0.81193 1.82340
-0.81186 1.82321
-0.81178 1.82303
-0.81171 1.82285
-0.81164 1.82267
-0.81157 1.82248
-0.81150 1.82230
-0.81143 1.82212
-0.81135 1.82193
-0.81128 1.82175
-0.81121 1.82157
-0.81114 1.82138
-0.81107 1.82120
-0.81100 1.82102
-0.81092 1.82084
-0.81085 1.82065
-0.81078 1.82047
-0.81071 1.82029
-0.81064 1.82010
-0.81057 1.81992
-0.81049 1.81974
-0.81042 1.81955
-0.81035 1.81937
-0.81028 1.81919
-0.81021 1.81900
-0.81014 1.81882
-0.81006 1.81864
-0.80999 1.81845
-0.80992 1.81827
-0.80985 1.81809
-0.80978 1.81790
-0.80970 1.81772
-0.80963 1.81754
-0.80956 1.81735
-0.80949 1.81717
-0.80942 1.81699
-0.80935 1.81680
-0.80927 1.81662
-0.80920 1.81644
-0.80913 1.81625
-0.80906 1.81607
-0.80899 1.81589
-0.80891 1.81570
-0.80884 1.81552
-0.80877 1.81534
-0.80870 1.81515
-0.80863 1.81497
-0.80855 1.81479
-0.80848 1.81460
-0.80841 1.81442
-0.80834 1.81424
-0.80827 1.81405
-0.80819 1.81387
-0.80812 1.81368
-0.80805 1.81350
-0.80798 1.81332
-0.80791 1.81313
-0.80783 1.81295
-0.80776 1.81277
-0.80769 1.81258
-0.80762 1.81240
-0.80754 1.81222
-0.80747 1.81203
-0.80740 1.81185
-0.80733 1.81166
-0.80726 1.81148
-0.80718 1.81130
-0.80711 1.81111
-0.80704 1.81093
-0.80697 1.81075
-0.80689 1.81056
-0.80682 1.81038
-0.80675 1.81019
-0.80668 1.81001
-0.80661 1.80983
-0.80653 1.80964
-0.80646 1.80946
-0.80639 1.80927
-0.80632 1.80909
-0.80624 1.80891
-0.80617 1.80872
-0.80610 1.80854
-0.80603 1.80835
-0.80596 1.80817
-0.80588 1.80799
-0.80581 1.80780
-0.80574 1.80762
-0.80567 1.80743
-0.80559 1.80725
-0.80552 1.80707
-0.80545 1.80688
-0.80538 1.80670
-0.80530 1.80651
-0.80523 1.80633
-0.80516 1.80615
-0.80509 1.80596
-0.80501 1.80578
-0.80494 1.80559
-0.80487 1.80541
-0.80480 1.80523
-0.80472 1.80504
-0.80465 1.80486
-0.80458 1.80467
-0.80451 1.80449
-0.80443 1.80430
-0.80436 1.80412
-0.80429 1.80394
-0.80422 1.80375
-0.80414 1.80357
-0.80407 1.80338
-0.80400 1.80320
-0.80393 1.80301
-0.80385 1.80283
-0.80378 1.80265
-0.80371 1.80246
-0.80364 1.80228
-0.80356 1.80209
-0.80349 1.80191
-0.80342 1.80172
-0.80334 1.80154
-0.80327 1.80135
-0.80320 1.80117
-0.80313 1.80099
-0.80305 1.80080
-0.80298 1.80062
-0.80291 1.80043
-0.80284 1.80025
-0.80276 1.80006
-0.80269 1.79988
-0.80262 1.79969
-0.80254 1.79951
-0.80247 1.79932
-0.80240 1.79914
-0.80233 1.79896
-0.80225 1.79877
-0.80218 1.79859
-0.80211 1.79840
-0.80203 1.79822
-0.80196 1.79803
-0.80189 1.79785
-0.80182 1.79766
-0.80174 1.79748
-0.80167 1.79729
-0.80160 1.79711
-0.80152 1.79692
-0.80145 1.79674
-0.80138 1.79655
-0.80131 1.79637
-0.80123 1.79618
-0.80116 1.79600
-0.80109 1.79581
-0.80101 1.79563
-0.80094 1.79544
-0.80087 1.79526
-0.80079 1.79507
-0.80072 1.79489
-0.80065 1.79471
-0.80058 1.79452
-0.80050 1.79434
-0.80043 1.79415
-0.80036 1.79397
-0.80028 1.79378
-0.80021 1.79360
-0.80014 1.79341
-0.80006 1.79323
-0.79999 1.79304
-0.79992 1.79286
-0.79984 1.79267
-0.79977 1.79248
-0.79970 1.79230
-0.79963 1.79211
-0.79955 1.79193
-0.79948 1.79174
-0.79941 1.79156
-0.79933 1.79137
-0.79926 1.79119
-0.79919 1.79100
-0.79911 1.79082
-0.79904 1.79063
-0.79897 1.79045
-0.79889 1.79026
-0.79882 1.79008
-0.79875 1.78989
-0.79867 1.78971
-0.79860 1.78952
-0.79853 1.78934
-0.79845 1.78915
-0.79838 1.78897
-0.79831 1.78878
-0.79823 1.78860
-0.79816 1.78841
-0.79809 1.78822
-0.79801 1.78804
-0.79794 1.78785
-0.79787 1.78767
-0.79779 1.78748
-0.79772 1.78730
-0.79765 1.78711
-0.79757 1.78693
-0.79750 1.78674
-0.79743 1.78656
-0.79735 1.78637
-0.79728 1.78618
-0.79721 1.78600
-0.79713 1.78581
-0.79706 1.78563
-0.79699 1.78544
-0.79691 1.78526
-0.79684 1.78507
-0.79676 1.78488
-0.79669 1.78470
-0.79662 1.78451
-0.79654 1.78433
-0.79647 1.78414
-0.79640 1.78396
-0.79632 1.78377
-0.79625 1.78359
-0.79618 1.78340
-0.79610 1.78321
-0.79603 1.78303
-0.79596 1.78284
-0.79588 1.78266
-0.79581 1.78247
-0.79573 1.78228
-0.79566 1.78210
-0.79559 1.78191
-0.79551 1.78173
-0.79544 1.78154
-0.79537 1.78136
-0.79529 1.78117
-0.79522 1.78098
-0.79514 1.78080
-0.79507 1.78061
-0.79500 1.78043
-0.79492 1.78024
-0.79485 1.78005
-0.79478 1.77987
-0.79470 1.77968
-0.79463 1.77950
-0.79455 1.77931
-0.79448 1.77912
-0.79441 1.77894
-0.79433 1.77875
-0.79426 1.77857
-0.79419 1.77838
-0.79411 1.77819
-0.79404 1.77801
-0.79396 1.77782
-0.79389 1.77763
-0.79382 1.77745
-0.79374 1.77726
-0.79367 1.77708
-0.79359 1.77689
-0.79352 1.77670
-0.79345 1.77652
-0.79337 1.77633
-0.79330 1.77614
-0.79322 1.77596
-0.79315 1.77577
-0.79308 1.77559
-0.79300 1.77540
-0.79293 1.77521
-0.79285 1.77503
-0.79278 1.77484
-0.79271 1.77465
-0.79263 1.77447
-0.79256 1.77428
-0.79248 1.77409
-0.79241 1.77391
-0.79234 1.77372
-0.79226 1.77354
-0.79219 1.77335
-0.79211 1.77316
-0.79204 1.77298
-0.79196 1.77279
-0.79189 1.77260
-0.79182 1.77242
-0.79174 1.77223
-0.79167 1.77204
-0.79159 1.77186
-0.79152 1.77167
-0.79145 1.77148
-0.79137 1.77130
-0.79130 1.77111
-0.79122 1.77092
-0.79115 1.77074
-0.79107 1.77055
-0.79100 1.77036
-0.79093 1.77018
-0.79085 1.76999
-0.79078 1.76980
-0.79070 1.76962
-0.79063 1.76943
-0.79055 1.76924
-0.79048 1.76906
-0.79041 1.76887
-0.79033 1.76868
-0.79026 1.76850
-0.79018 1.76831
-0.79011 1.76812
-0.79003 1.76794
-0.78996 1.76775
-0.78988 1.76756
-0.78981 1.76737
-0.78974 1.76719
-0.78966 1.76700
-0.78959 1.76681
-0.78951 1.76663
-0.78944 1.76644
-0.78936 1.76625
-0.78929 1.76607
-0.78921 1.76588
-0.78914 1.76569
-0.78906 1.76550
-0.78899 1.76532
-0.78892 1.76513
-0.78884 1.76494
-0.78877 1.76476
-0.78869 1.76457
-0.78862 1.76438
-0.78854 1.76419
-0.78847 1.76401
-0.78839 1.76382
-0.78832 1.76363
-0.78824 1.76345
-0.78817 1.76326
-0.78810 1.76307
-0.78802 1.76288
-0.78795 1.76270
-0.78787 1.76251
-0.78780 1.76232
-0.78772 1.76213
-0.78765 1.76195
-0.78757 1.76176
-0.78750 1.76157
-0.78742 1.76139
-0.78735 1.76120
-0.78727 1.76101
-0.78720 1.76082
-0.78712 1.76064
-0.78705 1.76045
-0.78697 1.76026
-0.78690 1.76007
-0.78682 1.75989
-0.78675 1.75970
-0.78667 1.75951
-0.78660 1.75932
-0.78653 1.75914
-0.78645 1.75895
-0.78638 1.75876
-0.78630 1.75857
-0.78623 1.75839
-0.78615 1.75820
-0.78608 1.75801
-0.78600 1.75782
-0.78593 1.75764
-0.78585 1.75745
-0.78578 1.75726
-0.78570 1.75707
-0.78563 1.75688
-0.78555 1.75670
-0.78548 1.75651
-0.78540 1.75632
-0.78533 1.75613
-0.78525 1.75595
-0.78518 1.75576
-0.78510 1.75557
-0.78503 1.75538
-0.78495 1.75519
-0.78488 1.75501
-0.78480 1.75482
-0.78473 1.75463
-0.78465 1.75444
-0.78458 1.75426
-0.78450 1.75407
-0.78443 1.75388
-0.78435 1.75369
-0.78427 1.75350
-0.78420 1.75332
-0.78412 1.75313
-0.78405 1.75294
-0.78397 1.75275
-0.78390 1.75256
-0.78382 1.75238
-0.78375 1.75219
-0.78367 1.75200
-0.78360 1.75181
-0.78352 1.75162
-0.78345 1.75143
-0.78337 1.75125
-0.78330 1.75106
-0.78322 1.75087
-0.78315 1.75068
-0.78307 1.75049
-0.78300 1.75031
-0.78292 1.75012
-0.78285 1.74993
-0.78277 1.74974
-0.78269 1.74955
-0.78262 1.74936
-0.78254 1.74918
-0.78247 1.74899
-0.78239 1.74880
-0.78232 1.74861
-0.78224 1.74842
-0.78217 1.74823
-0.78209 1.74805
-0.78202 1.74786
-0.78194 1.74767
-0.78186 1.74748
-0.78179 1.74729
-0.78171 1.74710
-0.78164 1.74692
-0.78156 1.74673
-0.78149 1.74654
-0.78141 1.74635
-0.78134 1.74616
-0.78126 1.74597
-0.78119 1.74578
-0.78111 1.74560
-0.78103 1.74541
-0.78096 1.74522
-0.78088 1.74503
-0.78081 1.74484
-0.78073 1.74465
-0.78066 1.74446
-0.78058 1.74428
-0.78050 1.74409
-0.78043 1.74390
-0.78035 1.74371
-0.78028 1.74352
-0.78020 1.74333
-0.78013 1.74314
-0.78005 1.74295
-0.77997 1.74277
-0.77990 1.74258
-0.77982 1.74239
-0.77975 1.74220
-0.77967 1.74201
-0.77960 1.74182
-0.77952 1.74163
-0.77944 1.74144
-0.77937 1.74125
-0.77929 1.74107
-0.77922 1.74088
-0.77914 1.74069
-0.77907 1.74050
-0.77899 1.74031
-0.77891 1.74012
-0.77884 1.73993
-0.77876 1.73974
-0.77869 1.73955
-0.77861 1.73936
-0.77853 1.73918
-0.77846 1.73899
-0.77838 1.73880
-0.77831 1.73861
-0.77823 1.73842
-0.77815 1.73823
-0.77808 1.73804
-0.77800 1.73785
-0.77793 1.73766
-0.77785 1.73747
-0.77778 1.73728
-0.77770 1.73710
-0.77762 1.73691
-0.77755 1.73672
-0.77747 1.73653
-0.77739 1.73634
-0.77732 1.73615
-0.77724 1.73596
-0.77717 1.73577
-0.77709 1.73558
-0.77701 1.73539
-0.77694 1.73520
-0.77686 1.73501
-0.77679 1.73482
-0.77671 1.73463
-0.77663 1.73444
-0.77656 1.73426
-0.77648 1.73407
-0.77641 1.73388
-0.77633 1.73369
-0.77625 1.73350
-0.77618 1.73331
-0.77610 1.73312
-0.77602 1.73293
-0.77595 1.73274
-0.77587 1.73255
-0.77580 1.73236
-0.77572 1.73217
-0.77564 1.73198
-0.77557 1.73179
-0.77549 1.73160
-0.77541 1.73141
-0.77534 1.73122
-0.77526 1.73103
-0.77519 1.73084
-0.77511 1.73065
-0.77503 1.73046
-0.77496 1.73027
-0.77488 1.73008
-0.77480 1.72989
-0.77473 1.72970
-0.77465 1.72951
-0.77457 1.72932
-0.77450 1.72913
-0.77442 1.72894
-0.77435 1.72875
-0.77427 1.72856
-0.77419 1.72837
-0.77412 1.72818
-0.77404 1.72799
-0.77396 1.72781
-0.77389 1.72762
-0.77381 1.72743
-0.77373 1.72724
-0.77366 1.72705
-0.77358 1.72686
-0.77350 1.72666
-0.77343 1.72647
-0.77335 1.72628
-0.77327 1.72609
-0.77320 1.72590
-0.77312 1.72571
-0.77304 1.72552
-0.77297 1.72533
-0.77289 1.72514
-0.77281 1.72495
-0.77274 1.72476
-0.77266 1.72457
-0.77258 1.72438
-0.77251 1.72419
-0.77243 1.72400
-0.77235 1.72381
-0.77228 1.72362
-0.77220 1.72343
-0.77212 1.72324
-0.77205 1.72305
-0.77197 1.72286
-0.77189 1.72267
-0.77182 1.72248
-0.77174 1.72229
-0.77166 1.72210
-0.77159 1.72191
-0.77151 1.72172
-0.77143 1.72153
-0.77136 1.72134
-0.77128 1.72115
-0.77120 1.72096
-0.77113 1.72077
-0.77105 1.72058
-0.77097 1.72039
-0.77089 1.72019
-0.77082 1.72000
-0.77074 1.71981
-0.77066 1.71962
-0.77059 1.71943
-0.77051 1.71924
-0.77043 1.71905
-0.77036 1.71886
-0.77028 1.71867
-0.77020 1.71848
-0.77013 1.71829
-0.77005 1.71810
-0.76997 1.71791
-0.76989 1.71772
-0.76982 1.71753
-0.76974 1.71733
-0.76966 1.71714
-0.76959 1.71695
-0.76951 1.71676
-0.76943 1.71657
-0.76936 1.71638
-0.76928 1.71619
-0.76920 1.71600
-0.76912 1.71581
-0.76905 1.71562
-0.76897 1.71543
-0.76889 1.71523
-0.76882 1.71504
-0.76874 1.71485
-0.76866 1.71466
-0.76858 1.71447
-0.76851 1.71428
-0.76843 1.71409
-0.76835 1.71390
-0.76827 1.71371
-0.76820 1.71352
-0.76812 1.71332
-0.76804 1.71313
-0.76797 1.71294
-0.76789 1.71275
-0.76781 1.71256
-0.76773 1.71237
-0.76766 1.71218
-0.76758 1.71199
-0.76750 1.71179
-0.76742 1.71160
-0.76735 1.71141
-0.76727 1.71122
-0.76719 1.71103
-0.76712 1.71084
-0.76704 1.71065
-0.76696 1.71046
-0.76688 1.71026
-0.76681 1.71007
-0.76673 1.70988
-0.76665 1.70969
-0.76657 1.70950
-0.76650 1.70931
-0.76642 1.70912
-0.76634 1.70892
-0.76626 1.70873
-0.76619 1.70854
-0.76611 1.70835
-0.76603 1.70816
-0.76595 1.70797
-0.76588 1.70778
-0.76580 1.70758
-0.76572 1.70739
-0.76564 1.70720
-0.76557 1.70701
-0.76549 1.70682
-0.76541 1.70663
-0.76533 1.70643
-0.76525 1.70624
-0.76518 1.70605
-0.76510 1.70586
-0.76502 1.70567
-0.76494 1.70548
-0.76487 1.70528
-0.76479 1.70509
-0.76471 1.70490
-0.76463 1.70471
-0.76456 1.70452
-0.76448 1.70432
-0.76440 1.70413
-0.76432 1.70394
-0.76424 1.70375
-0.76417 1.70356
-0.76409 1.70337
-0.76401 1.70317
-0.76393 1.70298
-0.76386 1.70279
-0.76378 1.70260
-0.76370 1.70241
-0.76362 1.70221
-0.76354 1.70202
-0.76347 1.70183
-0.76339 1.70164
-0.76331 1.70144
-0.76323 1.70125
-0.76316 1.70106
-0.76308 1.70087
-0.76300 1.70068
-0.76292 1.70048
-0.76284 1.70029
-0.76277 1.70010
-0.76269 1.69991
-0.76261 1.69972
-0.76253 1.69952
-0.76245 1.69933
-0.76238 1.69914
-0.76230 1.69895
-0.76222 1.69875
-0.76214 1.69856
-0.76206 1.69837
-0.76199 1.69818
-0.76191 1.69798
-0.76183 1.69779
-0.76175 1.69760
-0.76167 1.69741
-0.76160 1.69722
-0.76152 1.69702
-0.76144 1.69683
-0.76136 1.69664
-0.76128 1.69645
-0.76120 1.69625
-0.76113 1.69606
-0.76105 1.69587
-0.76097 1.69568
-0.76089 1.69548
-0.76081 1.69529
-0.76074 1.69510
-0.76066 1.69490
-0.76058 1.69471
-0.76050 1.69452
-0.76042 1.69433
-0.76034 1.69413
-0.76027 1.69394
-0.76019 1.69375
-0.76011 1.69356
-0.76003 1.69336
-0.75995 1.69317
-0.75987 1.69298
-0.75980 1.69278
-0.75972 1.69259
-0.75964 1.69240
-0.75956 1.69221
-0.75948 1.69201
-0.75940 1.69182
-0.75933 1.69163
-0.75925 1.69143
-0.75917 1.69124
-0.75909 1.69105
-0.75901 1.69086
-0.75893 1.69066
-0.75886 1.69047
-0.75878 1.69028
-0.75870 1.69008
-0.75862 1.68989
-0.75854 1.68970
-0.75846 1.68950
-0.75838 1.68931
-0.75831 1.68912
-0.75823 1.68893
-0.75815 1.68873
-0.75807 1.68854
-0.75799 1.68835
-0.75791 1.68815
-0.75783 1.68796
-0.75776 1.68777
-0.75768 1.68757
-0.75760 1.68738
-0.75752 1.68719
-0.75744 1.68699
-0.75736 1.68680
-0.75728 1.68661
-0.75721 1.68641
-0.75713 1.68622
-0.75705 1.68603
-0.75697 1.68583
-0.75689 1.68564
-0.75681 1.68545
-0.75673 1.68525
-0.75665 1.68506
-0.75658 1.68487
-0.75650 1.68467
-0.75642 1.68448
-0.75634 1.68429
-0.75626 1.68409
-0.75618 1.68390
-0.75610 1.68371
-0.75602 1.68351
-0.75594 1.68332
-0.75587 1.68312
-0.75579 1.68293
-0.75571 1.68274
-0.75563 1.68254
-0.75555 1.68235
-0.75547 1.68216
-0.75539 1.68196
-0.75531 1.68177
-0.75523 1.68158
-0.75516 1.68138
-0.75508 1.68119
-0.75500 1.68099
-0.75492 1.68080
-0.75484 1.68061
-0.75476 1.68041
-0.75468 1.68022
-0.75460 1.68002
-0.75452 1.67983
-0.75444 1.67964
-0.75437 1.67944
-0.75429 1.67925
-0.75421 1.67906
-0.75413 1.67886
-0.75405 1.67867
-0.75397 1.67847
-0.75389 1.67828
-0.75381 1.67809
-0.75373 1.67789
-0.75365 1.67770
-0.75357 1.67750
-0.75350 1.67731
-0.75342 1.67711
-0.75334 1.67692
-0.75326 1.67673
-0.75318 1.67653
-0.75310 1.67634
-0.75302 1.67614
-0.75294 1.67595
-0.75286 1.67576
-0.75278 1.67556
-0.75270 1.67537
-0.75262 1.67517
-0.75254 1.67498
-0.75247 1.67478
-0.75239 1.67459
-0.75231 1.67440
-0.75223 1.67420
-0.75215 1.67401
-0.75207 1.67381
-0.75199 1.67362
-0.75191 1.67342
-0.75183 1.67323
-0.75175 1.67303
-0.75167 1.67284
-0.75159 1.67265
-0.75151 1.67245
-0.75143 1.67226
-0.75135 1.67206
-0.75127 1.67187
-0.75120 1.67167
-0.75112 1.67148
-0.75104 1.67128
-0.75096 1.67109
-0.75088 1.67089
-0.75080 1.67070
-0.75072 1.67050
-0.75064 1.67031
-0.75056 1.67012
-0.75048 1.66992
-0.75040 1.66973
-0.75032 1.66953
-0.75024 1.66934
-0.75016 1.66914
-0.75008 1.66895
-0.75000 1.66875
-0.74992 1.66856
-0.74984 1.66836
-0.74976 1.66817
-0.74968 1.66797
-0.74960 1.66778
-0.74952 1.66758
-0.74944 1.66739
-0.74936 1.66719
-0.74929 1.66700
-0.74921 1.66680
-0.74913 1.66661
-0.74905 1.66641
-0.74897 1.66622
-0.74889 1.66602
-0.74881 1.66583
-0.74873 1.66563
-0.74865 1.66544
-0.74857 1.66524
-0.74849 1.66505
-0.74841 1.66485
-0.74833 1.66466
-0.74825 1.66446
-0.74817 1.66427
-0.74809 1.66407
-0.74801 1.66388
-0.74793 1.66368
-0.74785 1.66349
-0.74777 1.66329
-0.74769 1.66309
-0.74761 1.66290
-0.74753 1.66270
-0.74745 1.66251
-0.74737 1.66231
-0.74729 1.66212
-0.74721 1.66192
-0.74713 1.66173
-0.74705 1.66153
-0.74697 1.66134
-0.74689 1.66114
-0.74681 1.66094
-0.74673 1.66075
-0.74665 1.66055
-0.74657 1.66036
-0.74649 1.66016
-0.74641 1.65997
-0.74633 1.65977
-0.74625 1.65958
-0.74617 1.65938
-0.74609 1.65918
-0.74601 1.65899
-0.74593 1.65879
-0.74585 1.65860
-0.74577 1.65840
-0.74569 1.65821
-0.74561 1.65801
-0.74553 1.65781
-0.74545 1.65762
-0.74537 1.65742
-0.74529 1.65723
-0.74521 1.65703
-0.74513 1.65684
-0.74505 1.65664
-0.74496 1.65644
-0.74488 1.65625
-0.74480 1.65605
-0.74472 1.65586
-0.74464 1.65566
-0.74456 1.65546
-0.74448 1.65527
-0.74440 1.65507
-0.74432 1.65488
-0.74424 1.65468
-0.74416 1.65448
-0.74408 1.65429
-0.74400 1.65409
-0.74392 1.65389
-0.74384 1.65370
-0.74376 1.65350
-0.74368 1.65331
-0.74360 1.65311
-0.74352 1.65291
-0.74344 1.65272
-0.74336 1.65252
-0.74328 1.65233
-0.74320 1.65213
-0.74312 1.65193
-0.74303 1.65174
-0.74295 1.65154
-0.74287 1.65134
-0.74279 1.65115
-0.74271 1.65095
-0.74263 1.65075
-0.74255 1.65056
-0.74247 1.65036
-0.74239 1.65017
-0.74231 1.64997
-0.74223 1.64977
-0.74215 1.64958
-0.74207 1.64938
-0.74199 1.64918
-0.74191 1.64899
-0.74183 1.64879
-0.74174 1.64859
-0.74166 1.64840
-0.74158 1.64820
-0.74150 1.64800
-0.74142 1.64781
-0.74134 1.64761
-0.74126 1.64741
-0.74118 1.64722
-0.74110 1.64702
-0.74102 1.64682
-0.74094 1.64663
-0.74086 1.64643
-0.74078 1.64623
-0.74069 1.64604
-0.74061 1.64584
-0.74053 1.64564
-0.74045 1.64544
-0.74037 1.64525
-0.74029 1.64505
-0.74021 1.64485
-0.74013 1.64466
-0.74005 1.64446
-0.73997 1.64426
-0.73989 1.64407
-0.73980 1.64387
-0.73972 1.64367
-0.73964 1.64347
-0.73956 1.64328
-0.73948 1.64308
-0.73940 1.64288
-0.73932 1.64269
-0.73924 1.64249
-0.73916 1.64229
-0.73908 1.64209
-0.73899 1.64190
-0.73891 1.64170
-0.73883 1.64150
-0.73875 1.64131
-0.73867 1.64111
-0.73859 1.64091
-0.73851 1.64071
-0.73843 1.64052
-0.73834 1.64032
-0.73826 1.64012
-0.73818 1.63992
-0.73810 1.63973
-0.73802 1.63953
-0.73794 1.63933
-0.73786 1.63914
-0.73778 1.63894
-0.73770 1.63874
-0.73761 1.63854
-0.73753 1.63835
-0.73745 1.63815
-0.73737 1.63795
-0.73729 1.63775
-0.73721 1.63755
-0.73713 1.63736
-0.73704 1.63716
-0.73696 1.63696
-0.73688 1.63676
-0.73680 1.63657
-0.73672 1.63637
-0.73664 1.63617
-0.73656 1.63597
-0.73648 1.63578
-0.73639 1.63558
-0.73631 1.63538
-0.73623 1.63518
-0.73615 1.63498
-0.73607 1.63479
-0.73599 1.63459
-0.73590 1.63439
-0.73582 1.63419
-0.73574 1.63400
-0.73566 1.63380
-0.73558 1.63360
-0.73550 1.63340
-0.73542 1.63320
-0.73533 1.63301
-0.73525 1.63281
-0.73517 1.63261
-0.73509 1.63241
-0.73501 1.63221
-0.73493 1.63201
-0.73484 1.63182
-0.73476 1.63162
-0.73468 1.63142
-0.73460 1.63122
-0.73452 1.63102
-0.73444 1.63083
-0.73435 1.63063
-0.73427 1.63043
-0.73419 1.63023
-0.73411 1.63003
-0.73403 1.62983
-0.73395 1.62964
-0.73386 1.62944
-0.73378 1.62924
-0.73370 1.62904
-0.73362 1.62884
-0.73354 1.62864
-0.73346 1.62845
-0.73337 1.62825
-0.73329 1.62805
-0.73321 1.62785
-0.73313 1.62765
-0.73305 1.62745
-0.73296 1.62726
-0.73288 1.62706
-0.73280 1.62686
-0.73272 1.62666
-0.73264 1.62646
-0.73255 1.62626
-0.73248 1.62606
-0.73242 1.62586
-0.73236 1.62566
-0.73230 1.62547
-0.73224 1.62527
-0.73218 1.62507
-0.73212 1.62487
-0.73205 1.62467
-0.73199 1.62447
-0.73193 1.62427
-0.73187 1.62407
-0.73181 1.62387
-0.73174 1.62367
-0.73168 1.62347
-0.73162 1.62327
-0.73156 1.62307
-0.73150 1.62287
-0.73144 1.62267
-0.73137 1.62247
-0.73131 1.62227
-0.73125 1.62207
-0.73119 1.62187
-0.73113 1.62167
-0.73106 1.62148
-0.73100 1.62128
-0.73094 1.62108
-0.73088 1.62088
-0.73082 1.62068
-0.73075 1.62048
-0.73069 1.62028
-0.73063 1.62008
-0.73057 1.61988
-0.73051 1.61968
-0.73044 1.61948
-0.73038 1.61928
-0.73032 1.61908
-0.73026 1.61888
-0.73020 1.61868
-0.73013 1.61848
-0.73007 1.61828
-0.73001 1.61808
-0.72995 1.61788
-0.72989 1.61768
-0.72982 1.61748
-0.72976 1.61728
-0.72970 1.61708
-0.72964 1.61688
-0.72957 1.61668
-0.72951 1.61648
-0.72945 1.61628
-0.72939 1.61608
-0.72932 1.61588
-0.72926 1.61568
-0.72920 1.61548
-0.72914 1.61528
-0.72907 1.61507
-0.72901 1.61487
-0.72895 1.61467
-0.72889 1.61447
-0.72882 1.61427
-0.72876 1.61407
-0.72870 1.61387
-0.72864 1.61367
-0.72857 1.61347
-0.72851 1.61327
-0.72845 1.61307
-0.72839 1.61287
-0.72832 1.61267
-0.72826 1.61247
-0.72820 1.61227
-0.72814 1.61207
-0.72807 1.61187
-0.72801 1.61167
-0.72795 1.61147
-0.72789 1.61127
-0.72782 1.61106
-0.72776 1.61086
-0.72770 1.61066
-0.72763 1.61046
-0.72757 1.61026
-0.72751 1.61006
-0.72745 1.60986
-0.72738 1.60966
-0.72732 1.60946
-0.72726 1.60926
-0.72719 1.60906
-0.72713 1.60886
-0.72707 1.60865
-0.72701 1.60845
-0.72694 1.60825
-0.72688 1.60805
-0.72682 1.60785
-0.72675 1.60765
-0.72669 1.60745
-0.72663 1.60725
-0.72656 1.60705
-0.72650 1.60685
-0.72644 1.60664
-0.72638 1.60644
-0.72631 1.60624
-0.72625 1.60604
-0.72619 1.60584
-0.72612 1.60564
-0.72606 1.60544
-0.72600 1.60524
-0.72593 1.60503
-0.72587 1.60483
-0.72581 1.60463
-0.72574 1.60443
-0.72568 1.60423
-0.72562 1.60403
-0.72555 1.60383
-0.72549 1.60362
-0.72543 1.60342
-0.72536 1.60322
-0.72530 1.60302
-0.72524 1.60282
-0.72517 1.60262
-0.72511 1.60242
-0.72505 1.60221
-0.72498 1.60201
-0.72492 1.60181
-0.72486 1.60161
-0.72479 1.60141
-0.72473 1.60121
-0.72467 1.60100
-0.72460 1.60080
-0.72454 1.60060
-0.72448 1.60040
-0.72441 1.60020
-0.72435 1.60000
-0.72428 1.59979
-0.72422 1.59959
-0.72416 1.59939
-0.72409 1.59919
-0.72403 1.59899
-0.72397 1.59878
-0.72390 1.59858
-0.72384 1.59838
-0.72377 1.59818
-0.72371 1.59798
-0.72365 1.59777
-0.72358 1.59757
-0.72352 1.59737
-0.72346 1.59717
-0.72339 1.59697
-0.72333 1.59676
-0.72326 1.59656
-0.72320 1.59636
-0.72314 1.59616
-0.72307 1.59596
-0.72301 1.59575
-0.72294 1.59555
-0.72288 1.59535
-0.72282 1.59515
-0.72275 1.59494
-0.72269 1.59474
-0.72262 1.59454
-0.72256 1.59434
-0.72250 1.59413
-0.72243 1.59393
-0.72237 1.59373
-0.72230 1.59353
-0.72224 1.59332
-0.72218 1.59312
-0.72211 1.59292
-0.72205 1.59272
-0.72198 1.59251
-0.72192 1.59231
-0.72186 1.59211
-0.72179 1.59191
-0.72173 1.59170
-0.72166 1.59150
-0.72160 1.59130
-0.72153 1.59110
-0.72147 1.59089
-0.72141 1.59069
-0.72134 1.59049
-0.72128 1.59029
-0.72121 1.59008
-0.72115 1.58988
-0.72108 1.58968
-0.72102 1.58947
-0.72095 1.58927
-0.72089 1.58907
-0.72083 1.58887
-0.72076 1.58866
-0.72070 1.58846
-0.72063 1.58826
-0.72057 1.58805
-0.72050 1.58785
-0.72044 1.58765
-0.72037 1.58744
-0.72031 1.58724
-0.72024 1.58704
-0.72018 1.58684
-0.72012 1.58663
-0.72005 1.58643
-0.71999 1.58623
-0.71992 1.58602
-0.71986 1.58582
-0.71979 1.58562
-0.71973 1.58541
-0.71966 1.58521
-0.71960 1.58501
-0.71953 1.58480
-0.71947 1.58460
-0.71940 1.58440
-0.71934 1.58419
-0.71927 1.58399
-0.71921 1.58379
-0.71914 1.58358
-0.71908 1.58338
-0.71901 1.58318
-0.71895 1.58297
-0.71888 1.58277
-0.71882 1.58256
-0.71875 1.58236
-0.71869 1.58216
-0.71862 1.58195
-0.71856 1.58175
-0.71849 1.58155
-0.71843 1.58134
-0.71836 1.58114
-0.71830 1.58094
-0.71823 1.58073
-0.71817 1.58053
-0.71810 1.58032
-0.71804 1.58012
-0.71797 1.57992
-0.71791 1.57971
-0.71784 1.57951
-0.71778 1.57931
-0.71771 1.57910
-0.71765 1.57890
-0.71758 1.57869
-0.71752 1.57849
-0.71745 1.57829
-0.71739 1.57808
-0.71732 1.57788
-0.71725 1.57767
-0.71719 1.57747
-0.71712 1.57727
-0.71706 1.57706
-0.71699 1.57686
-0.71693 1.57665
-0.71686 1.57645
-0.71680 1.57624
-0.71673 1.57604
-0.71667 1.57584
-0.71660 1.57563
-0.71653 1.57543
-0.71647 1.57522
-0.71640 1.57502
-0.71634 1.57481
-0.71627 1.57461
-0.71621 1.57441
-0.71614 1.57420
-0.71608 1.57400
-0.71601 1.57379
-0.71594 1.57359
-0.71588 1.57338
-0.71581 1.57318
-0.71575 1.57297
-0.71568 1.57277
-0.71562 1.57257
-0.71555 1.57236
-0.71548 1.57216
-0.71542 1.57195
-0.71535 1.57175
-0.71529 1.57154
-0.71522 1.57134
-0.71515 1.57113
-0.71509 1.57093
-0.71502 1.57072
-0.71496 1.57052
-0.71489 1.57031
-0.71483 1.57011
-0.71476 1.56990
-0.71469 1.56970
-0.71463 1.56949
-0.71456 1.56929
-0.71450 1.56908
-0.71443 1.56888
-0.71436 1.56867
-0.71430 1.56847
-0.71423 1.56826
-0.71416 1.56806
-0.71410 1.56785
-0.71403 1.56765
-0.71397 1.56744
-0.71390 1.56724
-0.71383 1.56703
-0.71377 1.56683
-0.71370 1.56662
-0.71364 1.56642
-0.71357 1.56621
-0.71350 1.56601
-0.71344 1.56580
-0.71337 1.56560
-0.71330 1.56539
-0.71324 1.56519
-0.71317 1.56498
-0.71310 1.56478
-0.71304 1.56457
-0.71297 1.56436
-0.71291 1.56416
-0.71284 1.56395
-0.71277 1.56375
-0.71271 1.56354
-0.71264 1.56334
-0.71257 1.56313
-0.71251 1.56293
-0.71244 1.56272
-0.71237 1.56251
-0.71231 1.56231
-0.71224 1.56210
-0.71217 1.56190
-0.71211 1.56169
-0.71204 1.56149
-0.71197 1.56128
-0.71191 1.56107
-0.71184 1.56087
-0.71177 1.56066
-0.71171 1.56046
-0.71164 1.56025
-0.71157 1.56005
-0.71151 1.55984
-0.71144 1.55963
-0.71137 1.55943
-0.71131 1.55922
-0.71124 1.55902
-0.71117 1.55881
-0.71111 1.55860
-0.71104 1.55840
-0.71097 1.55819
-0.71091 1.55798
-0.71084 1.55778
-0.71077 1.55757
-0.71070 1.55737
-0.71064 1.55716
-0.71057 1.55695
-0.71050 1.55675
-0.71044 1.55654
-0.71037 1.55634
-0.71030 1.55613
-0.71024 1.55592
-0.71017 1.55572
-0.71010 1.55551
-0.71003 1.55530
-0.70997 1.55510
-0.70990 1.55489
-0.70983 1.55468
-0.70977 1.55448
-0.70970 1.55427
-0.70963 1.55406
-0.70956 1.55386
-0.70950 1.55365
-0.70943 1.55344
-0.70936 1.55324
-0.70930 1.55303
-0.70923 1.55283
-0.70916 1.55262
-0.70909 1.55241
-0.70903 1.55220
-0.70896 1.55200
-0.70889 1.55179
-0.70882 1.55158
-0.70876 1.55138
-0.70868 1.55117
-0.70859 1.55097
-0.70850 1.55076
-0.70841 1.55055
-0.70833 1.55035
-0.70824 1.55014
-0.70815 1.54994
-0.70807 1.54973
-0.70798 1.54952
-0.70789 1.54932
-0.70781 1.54911
-0.70772 1.54890
-0.70763 1.54870
-0.70754 1.54849
-0.70746 1.54829
-0.70737 1.54808
-0.70728 1.54787
-0.70720 1.54767
-0.70711 1.54746
-0.70702 1.54725
-0.70693 1.54705
-0.70685 1.54684
-0.70676 1.54664
-0.70667 1.54643
-0.70659 1.54622
-0.70650 1.54602
-0.70641 1.54581
-0.70632 1.54560
-0.70624 1.54540
-0.70615 1.54519
-0.70606 1.54498
-0.70597 1.54478
-0.70589 1.54457
-0.70580 1.54436
-0.70571 1.54416
-0.70563 1.54395
-0.70554 1.54374
-0.70545 1.54354
-0.70536 1.54333
-0.70528 1.54312
-0.70519 1.54292
-0.70510 1.54271
-0.70501 1.54250
-0.70493 1.54230
-0.70484 1.54209
-0.70475 1.54188
-0.70466 1.54168
-0.70458 1.54147
-0.70449 1.54126
-0.70440 1.54105
-0.70431 1.54085
-0.70423 1.54064
-0.70414 1.54043
-0.70405 1.54023
-0.70396 1.54002
-0.70388 1.53981
-0.70379 1.53961
-0.70370 1.53940
-0.70361 1.53919
-0.70353 1.53898
-0.70344 1.53878
-0.70335 1.53857
-0.70326 1.53836
-0.70317 1.53815
-0.70309 1.53795
-0.70300 1.53774
-0.70291 1.53753
-0.70282 1.53733
-0.70274 1.53712
-0.70265 1.53691
-0.70256 1.53670
-0.70247 1.53650
-0.70238 1.53629
-0.70230 1.53608
-0.70221 1.53587
-0.70212 1.53567
-0.70203 1.53546
-0.70195 1.53525
-0.70186 1.53504
-0.70177 1.53484
-0.70168 1.53463
-0.70159 1.53442
-0.70151 1.53421
-0.70142 1.53400
-0.70133 1.53380
-0.70124 1.53359
-0.70115 1.53338
-0.70107 1.53317
-0.70098 1.53297
-0.70089 1.53276
-0.70080 1.53255
-0.70071 1.53234
-0.70063 1.53213
-0.70054 1.53193
-0.70045 1.53172
-0.70036 1.53151
-0.70027 1.53130
-0.70019 1.53109
-0.70010 1.53089
-0.70001 1.53068
-0.69992 1.53047
-0.69983 1.53026
-0.69974 1.53005
-0.69966 1.52985
-0.69957 1.52964
-0.69948 1.52943
-0.69939 1.52922
-0.69930 1.52901
-0.69922 1.52880
-0.69913 1.52860
-0.69904 1.52839
-0.69895 1.52818
-0.69886 1.52797
-0.69877 1.52776
-0.69869 1.52755
-0.69860 1.52735
-0.69851 1.52714
-0.69842 1.52693
-0.69833 1.52672
-0.69824 1.52651
-0.69816 1.52630
-0.69807 1.52609
-0.69798 1.52589
-0.69789 1.52568
-0.69780 1.52547
-0.69771 1.52526
-0.69763 1.52505
-0.69754 1.52484
-0.69745 1.52463
-0.69736 1.52442
-0.69727 1.52422
-0.69718 1.52401
-0.69709 1.52380
-0.69701 1.52359
-0.69692 1.52338
-0.69683 1.52317
-0.69674 1.52296
-0.69665 1.52275
-0.69656 1.52254
-0.69647 1.52234
-0.69639 1.52213
-0.69630 1.52192
-0.69621 1.52171
-0.69612 1.52150
-0.69603 1.52129
-0.69594 1.52108
-0.69585 1.52087
-0.69576 1.52066
-0.69568 1.52045
-0.69559 1.52024
-0.69550 1.52004
-0.69541 1.51983
-0.69532 1.51962
-0.69523 1.51941
-0.69514 1.51920
-0.69505 1.51899
-0.69497 1.51878
-0.69488 1.51857
-0.69479 1.51836
-0.69470 1.51815
-0.69461 1.51794
-0.69452 1.51773
-0.69443 1.51752
-0.69434 1.51731
-0.69425 1.51710
-0.69417 1.51689
-0.69408 1.51668
-0.69399 1.51648
-0.69390 1.51627
-0.69381 1.51606
-0.69372 1.51585
-0.69363 1.51564
-0.69354 1.51543
-0.69345 1.51522
-0.69336 1.51501
-0.69327 1.51480
-0.69319 1.51459
-0.69310 1.51438
-0.69301 1.51417
-0.69292 1.51396
-0.69283 1.51375
-0.69274 1.51354
-0.69265 1.51333
-0.69256 1.51312
-0.69247 1.51291
-0.69238 1.51270
-0.69229 1.51249
-0.69220 1.51228
-0.69212 1.51207
-0.69203 1.51186
-0.69194 1.51165
-0.69185 1.51144
-0.69176 1.51123
-0.69167 1.51102
-0.69158 1.51081
-0.69149 1.51060
-0.69140 1.51039
-0.69131 1.51018
-0.69122 1.50997
-0.69113 1.50976
-0.69104 1.50955
-0.69095 1.50933
-0.69086 1.50912
-0.69078 1.50891
-0.69069 1.50870
-0.69060 1.50849
-0.69051 1.50828
-0.69042 1.50807
-0.69033 1.50786
-0.69024 1.50765
-0.69015 1.50744
-0.69006 1.50723
-0.68997 1.50702
-0.68988 1.50681
-0.68979 1.50660
-0.68970 1.50639
-0.68961 1.50618
-0.68952 1.50597
-0.68943 1.50575
-0.68934 1.50554
-0.68925 1.50533
-0.68916 1.50512
-0.68907 1.50491
-0.68898 1.50470
-0.68889 1.50449
-0.68880 1.50428
-0.68871 1.50407
-0.68863 1.50386
-0.68854 1.50365
-0.68845 1.50343
-0.68836 1.50322
-0.68827 1.50301
-0.68818 1.50280
-0.68809 1.50259
-0.68800 1.50238
-0.68791 1.50217
-0.68782 1.50196
-0.68773 1.50174
-0.68764 1.50153
-0.68755 1.50132
-0.68746 1.50111
-0.68737 1.50090
-0.68728 1.50069
-0.68719 1.50048
-0.68710 1.50027
-0.68701 1.50005
-0.68692 1.49984
-0.68683 1.49963
-0.68674 1.49942
-0.68665 1.49921
-0.68656 1.49900
-0.68647 1.49878
-0.68638 1.49857
-0.68629 1.49836
-0.68620 1.49815
-0.68611 1.49794
-0.68602 1.49773
-0.68593 1.49751
-0.68584 1.49730
-0.68575 1.49709
-0.68566 1.49688
-0.68557 1.49667
-0.68548 1.49646
-0.68539 1.49624
-0.68530 1.49603
-0.68521 1.49582
-0.68512 1.49561
-0.68502 1.49540
-0.68493 1.49518
-0.68484 1.49497
-0.68475 1.49476
-0.68466 1.49455
-0.68457 1.49434
-0.68448 1.49412
-0.68439 1.49391
-0.68430 1.49370
-0.68421 1.49349
-0.68412 1.49328
-0.68403 1.49306
-0.68394 1.49285
-0.68385 1.49264
-0.68376 1.49243
-0.68367 1.49221
-0.68358 1.49200
-0.68349 1.49179
-0.68340 1.49158
-0.68331 1.49136
-0.68322 1.49115
-0.68313 1.49094
-0.68304 1.49073
-0.68295 1.49051
-0.68285 1.49030
-0.68276 1.49009
-0.68267 1.48988
-0.68258 1.48966
-0.68247 1.48945
-0.68233 1.48924
-0.68219 1.48903
-0.68205 1.48882
-0.68191 1.48861
-0.68178 1.48840
-0.68164 1.48819
-0.68150 1.48798
-0.68136 1.48777
-0.68122 1.48756
-0.68109 1.48735
-0.68095 1.48714
-0.68081 1.48693
-0.68067 1.48672
-0.68053 1.48651
-0.68040 1.48629
-0.68026 1.48608
-0.68012 1.48587
-0.67998 1.48566
-0.67984 1.48545
-0.67971 1.48524
-0.67957 1.48503
-0.67943 1.48482
-0.67929 1.48461
-0.67915 1.48440
-0.67902 1.48418
-0.67888 1.48397
-0.67874 1.48376
-0.67860 1.48355
-0.67846 1.48334
-0.67832 1.48313
-0.67819 1.48292
-0.67805 1.48271
-0.67791 1.48250
-0.67777 1.48228
-0.67763 1.48207
-0.67750 1.48186
-0.67736 1.48165
-0.67722 1.48144
-0.67708 1.48123
-0.67694 1.48101
-0.67681 1.48080
-0.67667 1.48059
-0.67653 1.48038
-0.67639 1.48017
-0.67625 1.47996
-0.67611 1.47975
-0.67598 1.47953
-0.67584 1.47932
-0.67570 1.47911
-0.67556 1.47890
-0.67542 1.47869
-0.67528 1.47847
-0.67515 1.47826
-0.67501 1.47805
-0.67487 1.47784
-0.67473 1.47763
-0.67459 1.47741
-0.67445 1.47720
-0.67432 1.47699
-0.67418 1.47678
-0.67404 1.47657
-0.67390 1.47635
-0.67376 1.47614
-0.67363 1.47593
-0.67349 1.47572
-0.67335 1.47550
-0.67321 1.47529
-0.67307 1.47508
-0.67293 1.47487
-0.67279 1.47465
-0.67266 1.47444
-0.67252 1.47423
-0.67238 1.47402
-0.67224 1.47380
-0.67210 1.47359
-0.67196 1.47338
-0.67183 1.47317
-0.67169 1.47295
-0.67155 1.47274
-0.67141 1.47253
-0.67127 1.47232
-0.67113 1.47210
-0.67100 1.47189
-0.67086 1.47168
-0.67072 1.47146
-0.67058 1.47125
-0.67044 1.47104
-0.67030 1.47083
-0.67016 1.47061
-0.67003 1.47040
-0.66989 1.47019
-0.66975 1.46997
-0.66961 1.46976
-0.66947 1.46955
-0.66933 1.46933
-0.66919 1.46912
-0.66906 1.46891
-0.66892 1.46869
-0.66878 1.46848
-0.66864 1.46827
-0.66850 1.46805
-0.66836 1.46784
-0.66823 1.46763
-0.66809 1.46741
-0.66795 1.46720
-0.66781 1.46699
-0.66767 1.46677
-0.66753 1.46656
-0.66739 1.46635
-0.66725 1.46613
-0.66712 1.46592
-0.66698 1.46571
-0.66684 1.46549
-0.66670 1.46528
-0.66656 1.46506
-0.66642 1.46485
-0.66628 1.46464
-0.66615 1.46442
-0.66601 1.46421
-0.66587 1.46399
-0.66573 1.46378
-0.66559 1.46357
-0.66545 1.46335
-0.66531 1.46314
-0.66517 1.46292
-0.66504 1.46271
-0.66490 1.46250
-0.66476 1.46228
-0.66462 1.46207
-0.66448 1.46185
-0.66434 1.46164
-0.66420 1.46142
-0.66406 1.46121
-0.66393 1.46100
-0.66379 1.46078
-0.66365 1.46057
-0.66351 1.46035
-0.66337 1.46014
-0.66323 1.45992
-0.66309 1.45971
-0.66295 1.45949
-0.66281 1.45928
-0.66268 1.45907
-0.66254 1.45885
-0.66240 1.45864
-0.66226 1.45842
-0.66212 1.45821
