-1.27847 2.24511
-1.27826 2.24502
-1.27805 2.24493
-1.27785 2.24484
-1.27764 2.24475
-1.27743 2.24467
-1.27723 2.24458
-1.27702 2.24449
-1.27681 2.24440
-1.27661 2.24432
-1.27640 2.24423
-1.27619 2.24414
-1.27599 2.24405
-1.27578 2.24397
-1.27557 2.24388
-1.27537 2.24379
-1.27516 2.24370
-1.27495 2.24361
-1.27475 2.24353
-1.27454 2.24344
-1.27433 2.24335
-1.27413 2.24326
-1.27392 2.24317
-1.27371 2.24308
-1.27351 2.24300
-1.27330 2.24291
-1.27309 2.24282
-1.27289 2.24273
-1.27268 2.24264
-1.27247 2.24255
-1.27227 2.24247
-1.27206 2.24238
-1.27185 2.24229
-1.27165 2.24220
-1.27144 2.24211
-1.27124 2.24202
-1.27103 2.24193
-1.27082 2.24185
-1.27062 2.24176
-1.27041 2.24167
-1.27020 2.24158
-1.27000 2.24149
-1.26979 2.24140
-1.26959 2.24131
-1.26938 2.24122
-1.26917 2.24113
-1.26897 2.24104
-1.26876 2.24096
-1.26856 2.24087
-1.26835 2.24078
-1.26814 2.24069
-1.26794 2.24060
-1.26773 2.24051
-1.26753 2.24042
-1.26732 2.24033
-1.26711 2.24024
-1.26691 2.24015
-1.26670 2.24006
-1.26650 2.23997
-1.26629 2.23988
-1.26608 2.23979
-1.26588 2.23970
-1.26567 2.23962
-1.26547 2.23953
-1.26526 2.23944
-1.26506 2.23935
-1.26485 2.23926
-1.26464 2.23917
-1.26444 2.23908
-1.26423 2.23899
-1.26403 2.23890
-1.26382 2.23881
-1.26362 2.23872
-1.26341 2.23863
-1.26320 2.23854
-1.26300 2.23845
-1.26279 2.23836
-1.26259 2.23827
-1.26238 2.23818
-1.26218 2.23809
-1.26199 2.23799
-1.26185 2.23788
-1.26170 2.23776
-1.26156 2.23765
-1.26142 2.23753
-1.26127 2.23742
-1.26113 2.23731
-1.26098 2.23719
-1.26084 2.23708
-1.26070 2.23697
-1.26055 2.23685
-1.26041 2.23674
-1.26026 2.23662
-1.26012 2.23651
-1.25998 2.23640
-1.25983 2.23628
-1.25969 2.23617
-1.25954 2.23606
-1.25940 2.23594
-1.25926 2.23583
-1.25911 2.23571
-1.25897 2.23560
-1.25882 2.23549
-1.25868 2.23537
-1.25854 2.23526
-1.25839 2.23514
-1.25825 2.23503
-1.25811 2.23492
-1.25796 2.23480
-1.25782 2.23469
-1.25767 2.23457
-1.25753 2.23446
-1.25739 2.23435
-1.25724 2.23423
-1.25710 2.23412
-1.25696 2.23400
-1.25681 2.23389
-1.25667 2.23378
-1.25653 2.23366
-1.25638 2.23355
-1.25624 2.23343
-1.25609 2.23332
-1.25595 2.23321
-1.25581 2.23309
-1.25566 2.23298
-1.25552 2.23286
-1.25538 2.23275
-1.25523 2.23263
-1.25509 2.23252
-1.25495 2.23241
-1.25480 2.23229
-1.25466 2.23218
-1.25452 2.23206
-1.25437 2.23195
-1.25423 2.23183
-1.25409 2.23172
-1.25394 2.23161
-1.25380 2.23149
-1.25366 2.23138
-1.25351 2.23126
-1.25337 2.23115
-1.25323 2.23103
-1.25308 2.23092
-1.25294 2.23080
-1.25280 2.23069
-1.25265 2.23057
-1.25251 2.23046
-1.25237 2.23035
-1.25222 2.23023
-1.25208 2.23012
-1.25194 2.23000
-1.25179 2.22989
-1.25165 2.22977
-1.25151 2.22966
-1.25137 2.22954
-1.25122 2.22943
-1.25108 2.22931
-1.25094 2.22920
-1.25079 2.22908
-1.25065 2.22897
-1.25051 2.22885
-1.25036 2.22874
-1.25022 2.22862
-1.25008 2.22851
-1.24994 2.22840
-1.24979 2.22828
-1.24965 2.22817
-1.24951 2.22805
-1.24936 2.22794
-1.24922 2.22782
-1.24908 2.22771
-1.24894 2.22759
-1.24879 2.22748
-1.24865 2.22736
-1.24851 2.22725
-1.24837 2.22713
-1.24822 2.22702
-1.24808 2.22690
-1.24794 2.22679
-1.24779 2.22667
-1.24765 2.22656
-1.24751 2.22644
-1.24737 2.22633
-1.24722 2.22621
-1.24708 2.22609
-1.24694 2.22598
-1.24680 2.22586
-1.24665 2.22575
-1.24651 2.22563
-1.24637 2.22552
-1.24623 2.22540
-1.24608 2.22529
-1.24594 2.22517
-1.24580 2.22506
-1.24566 2.22494
-1.24551 2.22483
-1.24537 2.22471
-1.24523 2.22460
-1.24509 2.22448
-1.24494 2.22437
-1.24480 2.22425
-1.24466 2.22413
-1.24452 2.22402
-1.24437 2.22390
-1.24423 2.22379
-1.24409 2.22367
-1.24395 2.22356
-1.24381 2.22344
-1.24366 2.22333
-1.24352 2.22321
-1.24338 2.22310
-1.24324 2.22298
-1.24309 2.22286
-1.24295 2.22275
-1.24281 2.22263
-1.24267 2.22252
-1.24253 2.22240
-1.24238 2.22229
-1.24224 2.22217
-1.24210 2.22205
-1.24196 2.22194
-1.24182 2.22182
-1.24167 2.22171
-1.24153 2.22159
-1.24139 2.22148
-1.24125 2.22136
-1.24111 2.22124
-1.24096 2.22113
-1.24082 2.22101
-1.24068 2.22090
-1.24054 2.22078
-1.24040 2.22067
-1.24025 2.22055
-1.24011 2.22043
-1.23997 2.22032
-1.23983 2.22020
-1.23969 2.22009
-1.23954 2.21997
-1.23940 2.21985
-1.23926 2.21974
-1.23912 2.21962
-1.23898 2.21951
-1.23890 2.21937
-1.23881 2.21923
-1.23873 2.21909
-1.23865 2.21895
-1.23857 2.21881
-1.23849 2.21868
-1.23841 2.21854
-1.23833 2.21840
-1.23825 2.21826
-1.23817 2.21812
-1.23808 2.21798
-1.23800 2.21785
-1.23792 2.21771
-1.23784 2.21757
-1.23776 2.21743
-1.23768 2.21729
-1.23760 2.21716
-1.23752 2.21702
-1.23744 2.21688
-1.23735 2.21674
-1.23727 2.21660
-1.23719 2.21646
-1.23711 2.21633
-1.23703 2.21619
-1.23695 2.21605
-1.23687 2.21591
-1.23679 2.21577
-1.23670 2.21563
-1.23662 2.21550
-1.23654 2.21536
-1.23646 2.21522
-1.23638 2.21508
-1.23630 2.21494
-1.23622 2.21480
-1.23614 2.21467
-1.23606 2.21453
-1.23597 2.21439
-1.23589 2.21425
-1.23581 2.21411
-1.23573 2.21397
-1.23565 2.21383
-1.23557 2.21370
-1.23549 2.21356
-1.23541 2.21342
-1.23533 2.21328
-1.23524 2.21314
-1.23516 2.21300
-1.23508 2.21287
-1.23500 2.21273
-1.23492 2.21259
-1.23484 2.21245
-1.23476 2.21231
-1.23468 2.21217
-1.23460 2.21203
-1.23451 2.21190
-1.23443 2.21176
-1.23435 2.21162
-1.23427 2.21148
-1.23419 2.21134
-1.23411 2.21120
-1.23403 2.21106
-1.23395 2.21093
-1.23387 2.21079
-1.23379 2.21065
-1.23370 2.21051
-1.23362 2.21037
-1.23354 2.21023
-1.23346 2.21009
-1.23338 2.20996
-1.23330 2.20982
-1.23322 2.20968
-1.23314 2.20954
-1.23306 2.20940
-1.23297 2.20926
-1.23289 2.20912
-1.23281 2.20899
-1.23273 2.20885
-1.23265 2.20871
-1.23257 2.20857
-1.23249 2.20843
-1.23241 2.20829
-1.23233 2.20815
-1.23224 2.20802
-1.23216 2.20788
-1.23208 2.20774
-1.23200 2.20760
-1.23192 2.20746
-1.23184 2.20732
-1.23176 2.20718
-1.23168 2.20704
-1.23160 2.20691
-1.23152 2.20677
-1.23143 2.20663
-1.23135 2.20649
-1.23127 2.20635
-1.23119 2.20621
-1.23111 2.20607
-1.23103 2.20593
-1.23095 2.20580
-1.23087 2.20566
-1.23079 2.20552
-1.23071 2.20538
-1.23062 2.20524
-1.23054 2.20510
-1.23046 2.20496
-1.23038 2.20482
-1.23030 2.20469
-1.23022 2.20455
-1.23014 2.20441
-1.23006 2.20427
-1.22998 2.20413
-1.22989 2.20399
-1.22981 2.20385
-1.22973 2.20371
-1.22965 2.20357
-1.22957 2.20344
-1.22949 2.20330
-1.22941 2.20316
-1.22933 2.20302
-1.22925 2.20288
-1.22917 2.20274
-1.22908 2.20260
-1.22900 2.20246
-1.22892 2.20232
-1.22884 2.20219
-1.22876 2.20205
-1.22868 2.20191
-1.22860 2.20177
-1.22852 2.20163
-1.22844 2.20149
-1.22836 2.20135
-1.22828 2.20121
-1.22819 2.20107
-1.22811 2.20094
-1.22803 2.20080
-1.22795 2.20066
-1.22787 2.20052
-1.22779 2.20038
-1.22771 2.20024
-1.22763 2.20010
-1.22755 2.19996
-1.22747 2.19982
-1.22738 2.19968
-1.22730 2.19955
-1.22722 2.19941
-1.22714 2.19927
-1.22706 2.19913
-1.22698 2.19899
-1.22690 2.19885
-1.22682 2.19871
-1.22674 2.19857
-1.22666 2.19843
-1.22657 2.19829
-1.22649 2.19815
-1.22641 2.19802
-1.22633 2.19788
-1.22625 2.19774
-1.22617 2.19760
-1.22609 2.19746
-1.22601 2.19732
-1.22593 2.19718
-1.22585 2.19704
-1.22577 2.19690
-1.22568 2.19676
-1.22560 2.19662
-1.22552 2.19648
-1.22544 2.19635
-1.22536 2.19621
-1.22528 2.19607
-1.22520 2.19593
-1.22512 2.19579
-1.22504 2.19565
-1.22496 2.19551
-1.22487 2.19537
-1.22479 2.19523
-1.22471 2.19509
-1.22463 2.19495
-1.22455 2.19481
-1.22447 2.19467
-1.22439 2.19454
-1.22431 2.19440
-1.22423 2.19426
-1.22415 2.19412
-1.22407 2.19398
-1.22398 2.19384
-1.22390 2.19370
-1.22382 2.19356
-1.22374 2.19342
-1.22366 2.19328
-1.22358 2.19314
-1.22350 2.19300
-1.22342 2.19286
-1.22334 2.19272
-1.22326 2.19259
-1.22318 2.19245
-1.22309 2.19231
-1.22301 2.19217
-1.22293 2.19203
-1.22285 2.19189
-1.22277 2.19175
-1.22269 2.19161
-1.22261 2.19147
-1.22253 2.19133
-1.22245 2.19119
-1.22237 2.19105
-1.22229 2.19091
-1.22220 2.19077
-1.22212 2.19063
-1.22204 2.19049
-1.22196 2.19036
-1.22188 2.19022
-1.22180 2.19008
-1.22172 2.18994
-1.22164 2.18980
-1.22156 2.18966
-1.22148 2.18952
-1.22140 2.18938
-1.22132 2.18924
-1.22123 2.18910
-1.22115 2.18896
-1.22107 2.18882
-1.22099 2.18868
-1.22091 2.18854
-1.22083 2.18840
-1.22075 2.18826
-1.22067 2.18812
-1.22059 2.18798
-1.22051 2.18784
-1.22043 2.18770
-1.22034 2.18757
-1.22026 2.18743
-1.22018 2.18729
-1.22010 2.18715
-1.22002 2.18701
-1.21994 2.18687
-1.21986 2.18673
-1.21978 2.18659
-1.21970 2.18645
-1.21962 2.18631
-1.21954 2.18617
-1.21946 2.18603
-1.21937 2.18589
-1.21941 2.18571
-1.21945 2.18552
-1.21948 2.18534
-1.21952 2.18516
-1.21956 2.18498
-1.21959 2.18479
-1.21963 2.18461
-1.21966 2.18443
-1.21970 2.18424
-1.21973 2.18406
-1.21977 2.18388
-1.21981 2.18369
-1.21984 2.18351
-1.21988 2.18333
-1.21991 2.18315
-1.21995 2.18296
-1.21998 2.18278
-1.22002 2.18260
-1.22005 2.18241
-1.22009 2.18223
-1.22013 2.18205
-1.22016 2.18186
-1.22020 2.18168
-1.22023 2.18150
-1.22027 2.18131
-1.22030 2.18113
-1.22034 2.18095
-1.22037 2.18076
-1.22041 2.18058
-1.22044 2.18040
-1.22048 2.18021
-1.22051 2.18003
-1.22054 2.17985
-1.22058 2.17966
-1.22061 2.17948
-1.22065 2.17930
-1.22068 2.17911
-1.22072 2.17893
-1.22075 2.17875
-1.22079 2.17856
-1.22082 2.17838
-1.22085 2.17820
-1.22089 2.17801
-1.22092 2.17783
-1.22096 2.17765
-1.22099 2.17746
-1.22103 2.17728
-1.22106 2.17709
-1.22109 2.17691
-1.22113 2.17673
-1.22116 2.17654
-1.22119 2.17636
-1.22123 2.17618
-1.22126 2.17599
-1.22130 2.17581
-1.22133 2.17563
-1.22136 2.17544
-1.22140 2.17526
-1.22143 2.17507
-1.22146 2.17489
-1.22150 2.17471
-1.22153 2.17452
-1.22156 2.17434
-1.22160 2.17415
-1.22163 2.17397
-1.22166 2.17379
-1.22170 2.17360
-1.22173 2.17342
-1.22176 2.17323
-1.22180 2.17305
-1.22183 2.17287
-1.22186 2.17268
-1.22189 2.17250
-1.22193 2.17231
-1.22196 2.17213
-1.22199 2.17195
-1.22202 2.17176
-1.22206 2.17158
-1.22209 2.17139
-1.22212 2.17121
-1.22212 2.17104
-1.22203 2.17090
-1.22195 2.17076
-1.22187 2.17062
-1.22179 2.17048
-1.22171 2.17034
-1.22162 2.17020
-1.22154 2.17006
-1.22146 2.16992
-1.22138 2.16978
-1.22130 2.16964
-1.22121 2.16950
-1.22113 2.16936
-1.22105 2.16922
-1.22097 2.16908
-1.22089 2.16894
-1.22080 2.16880
-1.22072 2.16866
-1.22064 2.16852
-1.22056 2.16838
-1.22048 2.16824
-1.22039 2.16810
-1.22031 2.16796
-1.22023 2.16782
-1.22015 2.16768
-1.22007 2.16754
-1.21998 2.16740
-1.21990 2.16726
-1.21982 2.16712
-1.21974 2.16698
-1.21966 2.16684
-1.21957 2.16670
-1.21949 2.16656
-1.21941 2.16642
-1.21933 2.16628
-1.21925 2.16614
-1.21916 2.16600
-1.21908 2.16586
-1.21900 2.16572
-1.21892 2.16558
-1.21884 2.16544
-1.21875 2.16530
-1.21867 2.16516
-1.21859 2.16502
-1.21851 2.16488
-1.21843 2.16474
-1.21834 2.16460
-1.21826 2.16446
-1.21818 2.16432
-1.21810 2.16418
-1.21802 2.16404
-1.21793 2.16390
-1.21785 2.16376
-1.21777 2.16362
-1.21769 2.16348
-1.21761 2.16334
-1.21752 2.16320
-1.21744 2.16306
-1.21736 2.16292
-1.21728 2.16278
-1.21720 2.16264
-1.21711 2.16250
-1.21703 2.16236
-1.21695 2.16222
-1.21687 2.16208
-1.21679 2.16194
-1.21670 2.16180
-1.21662 2.16166
-1.21654 2.16152
-1.21646 2.16138
-1.21638 2.16124
-1.21629 2.16110
-1.21621 2.16096
-1.21613 2.16082
-1.21605 2.16068
-1.21597 2.16054
-1.21588 2.16040
-1.21580 2.16026
-1.21572 2.16012
-1.21564 2.15998
-1.21556 2.15984
-1.21547 2.15970
-1.21539 2.15956
-1.21531 2.15942
-1.21523 2.15928
-1.21515 2.15914
-1.21506 2.15900
-1.21498 2.15886
-1.21490 2.15872
-1.21482 2.15857
-1.21474 2.15843
-1.21466 2.15829
-1.21457 2.15815
-1.21449 2.15801
-1.21441 2.15787
-1.21433 2.15773
-1.21425 2.15759
-1.21416 2.15745
-1.21408 2.15731
-1.21400 2.15717
-1.21392 2.15703
-1.21384 2.15689
-1.21375 2.15675
-1.21367 2.15661
-1.21359 2.15647
-1.21351 2.15633
-1.21343 2.15619
-1.21334 2.15605
-1.21326 2.15591
-1.21318 2.15577
-1.21310 2.15563
-1.21302 2.15549
-1.21293 2.15535
-1.21285 2.15520
-1.21277 2.15506
-1.21269 2.15492
-1.21261 2.15478
-1.21252 2.15464
-1.21244 2.15450
-1.21236 2.15436
-1.21228 2.15422
-1.21220 2.15408
-1.21212 2.15394
-1.21203 2.15380
-1.21195 2.15366
-1.21187 2.15352
-1.21179 2.15338
-1.21171 2.15324
-1.21162 2.15310
-1.21154 2.15296
-1.21146 2.15282
-1.21138 2.15267
-1.21130 2.15253
-1.21121 2.15239
-1.21113 2.15225
-1.21105 2.15211
-1.21097 2.15197
-1.21089 2.15183
-1.21080 2.15169
-1.21072 2.15155
-1.21064 2.15141
-1.21056 2.15127
-1.21048 2.15113
-1.21040 2.15099
-1.21031 2.15085
-1.21023 2.15071
-1.21015 2.15056
-1.21007 2.15042
-1.20999 2.15028
-1.20990 2.15014
-1.20982 2.15000
-1.20974 2.14986
-1.20966 2.14972
-1.20958 2.14958
-1.20949 2.14944
-1.20941 2.14930
-1.20933 2.14916
-1.20925 2.14902
-1.20917 2.14888
-1.20909 2.14873
-1.20900 2.14859
-1.20892 2.14845
-1.20884 2.14831
-1.20876 2.14817
-1.20868 2.14803
-1.20859 2.14789
-1.20851 2.14775
-1.20843 2.14761
-1.20835 2.14747
-1.20827 2.14733
-1.20818 2.14719
-1.20810 2.14704
-1.20802 2.14690
-1.20794 2.14676
-1.20786 2.14662
-1.20778 2.14648
-1.20769 2.14634
-1.20761 2.14620
-1.20753 2.14606
-1.20745 2.14592
-1.20737 2.14578
-1.20728 2.14564
-1.20720 2.14549
-1.20712 2.14535
-1.20704 2.14521
-1.20696 2.14507
-1.20688 2.14493
-1.20679 2.14479
-1.20671 2.14465
-1.20663 2.14451
-1.20655 2.14437
-1.20647 2.14423
-1.20638 2.14409
-1.20630 2.14394
-1.20622 2.14380
-1.20614 2.14366
-1.20606 2.14352
-1.20597 2.14338
-1.20589 2.14324
-1.20581 2.14310
-1.20573 2.14296
-1.20565 2.14282
-1.20557 2.14267
-1.20548 2.14253
-1.20540 2.14239
-1.20532 2.14225
-1.20524 2.14211
-1.20516 2.14197
-1.20507 2.14183
-1.20499 2.14169
-1.20491 2.14155
-1.20483 2.14140
-1.20475 2.14126
-1.20467 2.14112
-1.20458 2.14098
-1.20450 2.14084
-1.20442 2.14070
-1.20434 2.14056
-1.20426 2.14042
-1.20417 2.14028
-1.20409 2.14013
-1.20401 2.13999
-1.20393 2.13985
-1.20385 2.13971
-1.20377 2.13957
-1.20368 2.13943
-1.20360 2.13929
-1.20352 2.13915
-1.20344 2.13900
-1.20336 2.13886
-1.20327 2.13872
-1.20319 2.13858
-1.20311 2.13844
-1.20303 2.13830
-1.20295 2.13816
-1.20287 2.13802
-1.20278 2.13787
-1.20270 2.13773
-1.20262 2.13759
-1.20254 2.13745
-1.20246 2.13731
-1.20237 2.13717
-1.20229 2.13703
-1.20221 2.13689
-1.20213 2.13674
-1.20205 2.13660
-1.20197 2.13646
-1.20188 2.13632
-1.20180 2.13618
-1.20172 2.13604
-1.20164 2.13590
-1.20156 2.13575
-1.20147 2.13561
-1.20139 2.13547
-1.20131 2.13533
-1.20123 2.13519
-1.20115 2.13505
-1.20107 2.13491
-1.20098 2.13476
-1.20090 2.13462
-1.20082 2.13448
-1.20074 2.13434
-1.20066 2.13420
-1.20058 2.13406
-1.20049 2.13392
-1.20041 2.13377
-1.20033 2.13363
-1.20025 2.13349
-1.20017 2.13335
-1.20008 2.13321
-1.20000 2.13307
-1.19992 2.13293
-1.19984 2.13278
-1.19976 2.13264
-1.19968 2.13250
-1.19959 2.13236
-1.19951 2.13222
-1.19943 2.13208
-1.19935 2.13193
-1.19927 2.13179
-1.19918 2.13165
-1.19910 2.13151
-1.19902 2.13137
-1.19894 2.13123
-1.19886 2.13108
-1.19878 2.13094
-1.19869 2.13080
-1.19861 2.13066
-1.19853 2.13052
-1.19845 2.13038
-1.19837 2.13023
-1.19829 2.13009
-1.19820 2.12995
-1.19812 2.12981
-1.19804 2.12967
-1.19796 2.12953
-1.19788 2.12938
-1.19779 2.12924
-1.19771 2.12910
-1.19763 2.12896
-1.19755 2.12882
-1.19747 2.12868
-1.19739 2.12853
-1.19730 2.12839
-1.19722 2.12825
-1.19714 2.12811
-1.19706 2.12797
-1.19698 2.12783
-1.19690 2.12768
-1.19681 2.12754
-1.19673 2.12740
-1.19665 2.12726
-1.19657 2.12712
-1.19649 2.12698
-1.19640 2.12683
-1.19632 2.12669
-1.19624 2.12655
-1.19616 2.12641
-1.19608 2.12627
-1.19600 2.12612
-1.19591 2.12598
-1.19583 2.12584
-1.19575 2.12570
-1.19563 2.12557
-1.19550 2.12545
-1.19536 2.12533
-1.19522 2.12521
-1.19509 2.12509
-1.19495 2.12497
-1.19481 2.12485
-1.19468 2.12473
-1.19454 2.12461
-1.19440 2.12449
-1.19427 2.12437
-1.19413 2.12425
-1.19399 2.12413
-1.19386 2.12401
-1.19372 2.12389
-1.19359 2.12376
-1.19345 2.12364
-1.19331 2.12352
-1.19318 2.12340
-1.19304 2.12328
-1.19290 2.12316
-1.19277 2.12304
-1.19263 2.12292
-1.19249 2.12280
-1.19236 2.12268
-1.19222 2.12256
-1.19209 2.12244
-1.19195 2.12232
-1.19181 2.12220
-1.19168 2.12208
-1.19154 2.12195
-1.19140 2.12183
-1.19127 2.12171
-1.19113 2.12159
-1.19100 2.12147
-1.19086 2.12135
-1.19072 2.12123
-1.19059 2.12111
-1.19045 2.12099
-1.19032 2.12087
-1.19018 2.12075
-1.19004 2.12063
-1.18991 2.12050
-1.18977 2.12038
-1.18964 2.12026
-1.18950 2.12014
-1.18936 2.12002
-1.18923 2.11990
-1.18909 2.11978
-1.18896 2.11966
-1.18882 2.11954
-1.18868 2.11942
-1.18855 2.11929
-1.18841 2.11917
-1.18828 2.11905
-1.18814 2.11893
-1.18800 2.11881
-1.18787 2.11869
-1.18773 2.11857
-1.18760 2.11845
-1.18746 2.11832
-1.18732 2.11820
-1.18719 2.11808
-1.18705 2.11796
-1.18692 2.11784
-1.18678 2.11772
-1.18664 2.11760
-1.18651 2.11748
-1.18637 2.11735
-1.18624 2.11723
-1.18610 2.11711
-1.18597 2.11699
-1.18583 2.11687
-1.18569 2.11675
-1.18556 2.11663
-1.18542 2.11650
-1.18529 2.11638
-1.18515 2.11626
-1.18502 2.11614
-1.18488 2.11602
-1.18474 2.11590
-1.18461 2.11578
-1.18447 2.11565
-1.18434 2.11553
-1.18420 2.11541
-1.18407 2.11529
-1.18393 2.11517
-1.18380 2.11505
-1.18366 2.11492
-1.18352 2.11480
-1.18339 2.11468
-1.18325 2.11456
-1.18312 2.11444
-1.18298 2.11432
-1.18285 2.11419
-1.18271 2.11407
-1.18258 2.11395
-1.18244 2.11383
-1.18230 2.11371
-1.18217 2.11359
-1.18203 2.11346
-1.18190 2.11334
-1.18176 2.11322
-1.18163 2.11310
-1.18149 2.11298
-1.18136 2.11285
-1.18122 2.11273
-1.18109 2.11261
-1.18095 2.11249
-1.18082 2.11237
-1.18068 2.11225
-1.18054 2.11212
-1.18041 2.11200
-1.18027 2.11188
-1.18014 2.11176
-1.18000 2.11164
-1.17987 2.11151
-1.17973 2.11139
-1.17960 2.11127
-1.17946 2.11115
-1.17933 2.11102
-1.17919 2.11090
-1.17906 2.11078
-1.17892 2.11066
-1.17879 2.11054
-1.17865 2.11041
-1.17852 2.11029
-1.17838 2.11017
-1.17825 2.11005
-1.17811 2.10993
-1.17798 2.10980
-1.17784 2.10968
-1.17771 2.10956
-1.17757 2.10944
-1.17744 2.10931
-1.17730 2.10919
-1.17717 2.10907
-1.17703 2.10895
-1.17689 2.10882
-1.17676 2.10870
-1.17662 2.10858
-1.17649 2.10846
-1.17635 2.10833
-1.17622 2.10821
-1.17609 2.10809
-1.17595 2.10797
-1.17582 2.10785
-1.17568 2.10772
-1.17555 2.10760
-1.17541 2.10748
-1.17528 2.10735
-1.17514 2.10723
-1.17501 2.10711
-1.17487 2.10699
-1.17474 2.10686
-1.17460 2.10674
-1.17447 2.10662
-1.17433 2.10650
-1.17420 2.10637
-1.17406 2.10625
-1.17393 2.10613
-1.17381 2.10600
-1.17373 2.10586
-1.17365 2.10571
-1.17357 2.10557
-1.17349 2.10543
-1.17341 2.10528
-1.17333 2.10514
-1.17325 2.10500
-1.17317 2.10485
-1.17309 2.10471
-1.17300 2.10457
-1.17292 2.10442
-1.17284 2.10428
-1.17276 2.10414
-1.17268 2.10399
-1.17260 2.10385
-1.17252 2.10371
-1.17244 2.10356
-1.17236 2.10342
-1.17228 2.10328
-1.17220 2.10313
-1.17212 2.10299
-1.17204 2.10285
-1.17196 2.10270
-1.17188 2.10256
-1.17180 2.10242
-1.17172 2.10227
-1.17164 2.10213
-1.17156 2.10199
-1.17147 2.10184
-1.17139 2.10170
-1.17131 2.10156
-1.17123 2.10141
-1.17115 2.10127
-1.17107 2.10113
-1.17099 2.10098
-1.17091 2.10084
-1.17083 2.10070
-1.17075 2.10055
-1.17067 2.10041
-1.17059 2.10026
-1.17051 2.10012
-1.17043 2.09998
-1.17035 2.09983
-1.17027 2.09969
-1.17019 2.09955
-1.17011 2.09940
-1.17003 2.09926
-1.16994 2.09912
-1.16986 2.09897
-1.16978 2.09883
-1.16970 2.09869
-1.16962 2.09854
-1.16954 2.09840
-1.16946 2.09826
-1.16938 2.09811
-1.16930 2.09797
-1.16922 2.09782
-1.16914 2.09768
-1.16906 2.09754
-1.16898 2.09739
-1.16890 2.09725
-1.16882 2.09711
-1.16874 2.09696
-1.16866 2.09682
-1.16858 2.09668
-1.16849 2.09653
-1.16841 2.09639
-1.16833 2.09624
-1.16825 2.09610
-1.16817 2.09596
-1.16809 2.09581
-1.16801 2.09567
-1.16793 2.09553
-1.16785 2.09538
-1.16777 2.09524
-1.16769 2.09509
-1.16761 2.09495
-1.16753 2.09481
-1.16745 2.09466
-1.16737 2.09452
-1.16729 2.09438
-1.16721 2.09423
-1.16713 2.09409
-1.16705 2.09394
-1.16696 2.09380
-1.16688 2.09366
-1.16680 2.09351
-1.16672 2.09337
-1.16664 2.09323
-1.16656 2.09308
-1.16648 2.09294
-1.16640 2.09279
-1.16632 2.09265
-1.16624 2.09251
-1.16616 2.09236
-1.16608 2.09222
-1.16600 2.09207
-1.16592 2.09193
-1.16584 2.09179
-1.16576 2.09164
-1.16568 2.09150
-1.16560 2.09136
-1.16551 2.09121
-1.16543 2.09107
-1.16535 2.09092
-1.16527 2.09078
-1.16519 2.09064
-1.16511 2.09049
-1.16503 2.09035
-1.16495 2.09020
-1.16487 2.09006
-1.16479 2.08992
-1.16471 2.08977
-1.16463 2.08963
-1.16455 2.08948
-1.16447 2.08934
-1.16439 2.08920
-1.16431 2.08905
-1.16423 2.08891
-1.16415 2.08876
-1.16407 2.08862
-1.16398 2.08848
-1.16390 2.08833
-1.16382 2.08819
-1.16374 2.08804
-1.16366 2.08790
-1.16358 2.08776
-1.16350 2.08761
-1.16342 2.08747
-1.16334 2.08732
-1.16326 2.08718
-1.16318 2.08703
-1.16310 2.08689
-1.16302 2.08675
-1.16294 2.08660
-1.16286 2.08646
-1.16278 2.08631
-1.16270 2.08617
-1.16262 2.08603
-1.16253 2.08588
-1.16245 2.08574
-1.16237 2.08559
-1.16229 2.08545
-1.16221 2.08530
-1.16213 2.08516
-1.16205 2.08502
-1.16197 2.08487
-1.16189 2.08473
-1.16181 2.08458
-1.16173 2.08444
-1.16165 2.08430
-1.16157 2.08415
-1.16149 2.08401
-1.16141 2.08386
-1.16133 2.08372
-1.16125 2.08357
-1.16117 2.08343
-1.16108 2.08329
-1.16100 2.08314
-1.16092 2.08300
-1.16084 2.08285
-1.16076 2.08271
-1.16068 2.08256
-1.16060 2.08242
-1.16052 2.08228
-1.16044 2.08213
-1.16036 2.08199
-1.16028 2.08184
-1.16020 2.08170
-1.16012 2.08155
-1.16004 2.08141
-1.15996 2.08126
-1.15988 2.08112
-1.15980 2.08098
-1.15972 2.08083
-1.15963 2.08069
-1.15955 2.08054
-1.15947 2.08040
-1.15939 2.08025
-1.15931 2.08011
-1.15923 2.07996
-1.15915 2.07982
-1.15907 2.07968
-1.15899 2.07953
-1.15891 2.07939
-1.15883 2.07924
-1.15875 2.07910
-1.15867 2.07895
-1.15859 2.07881
-1.15851 2.07866
-1.15843 2.07852
-1.15835 2.07838
-1.15827 2.07823
-1.15818 2.07809
-1.15810 2.07794
-1.15802 2.07780
-1.15794 2.07765
-1.15786 2.07751
-1.15778 2.07736
-1.15770 2.07722
-1.15762 2.07707
-1.15754 2.07693
-1.15746 2.07679
-1.15738 2.07664
-1.15730 2.07650
-1.15722 2.07635
-1.15714 2.07621
-1.15706 2.07606
-1.15698 2.07592
-1.15690 2.07577
-1.15682 2.07563
-1.15673 2.07548
-1.15665 2.07534
-1.15657 2.07519
-1.15649 2.07505
-1.15641 2.07490
-1.15633 2.07476
-1.15625 2.07462
-1.15617 2.07447
-1.15609 2.07433
-1.15601 2.07418
-1.15593 2.07404
-1.15585 2.07389
-1.15577 2.07375
-1.15569 2.07360
-1.15561 2.07346
-1.15553 2.07331
-1.15545 2.07317
-1.15536 2.07302
-1.15528 2.07288
-1.15520 2.07273
-1.15512 2.07259
-1.15504 2.07244
-1.15496 2.07230
-1.15488 2.07215
-1.15480 2.07201
-1.15472 2.07186
-1.15464 2.07172
-1.15456 2.07157
-1.15448 2.07143
-1.15440 2.07128
-1.15432 2.07114
-1.15424 2.07100
-1.15416 2.07085
-1.15408 2.07071
-1.15399 2.07056
-1.15391 2.07042
-1.15383 2.07027
-1.15375 2.07013
-1.15367 2.06998
-1.15359 2.06984
-1.15351 2.06969
-1.15343 2.06955
-1.15335 2.06940
-1.15327 2.06926
-1.15319 2.06911
-1.15311 2.06897
-1.15303 2.06882
-1.15295 2.06868
-1.15287 2.06853
-1.15279 2.06839
-1.15271 2.06824
-1.15263 2.06810
-1.15254 2.06795
-1.15246 2.06781
-1.15238 2.06766
-1.15230 2.06752
-1.15222 2.06737
-1.15214 2.06723
-1.15206 2.06708
-1.15198 2.06694
-1.15190 2.06679
-1.15182 2.06665
-1.15174 2.06650
-1.15166 2.06636
-1.15158 2.06621
-1.15150 2.06606
-1.15142 2.06592
-1.15134 2.06577
-1.15125 2.06563
-1.15117 2.06548
-1.15109 2.06534
-1.15101 2.06519
-1.15093 2.06505
-1.15085 2.06490
-1.15077 2.06476
-1.15069 2.06461
-1.15061 2.06447
-1.15053 2.06432
-1.15045 2.06418
-1.15037 2.06403
-1.15029 2.06389
-1.15021 2.06374
-1.15013 2.06360
-1.15005 2.06345
-1.14997 2.06331
-1.14988 2.06316
-1.14980 2.06302
-1.14972 2.06287
-1.14964 2.06273
-1.14956 2.06258
-1.14948 2.06243
-1.14940 2.06229
-1.14932 2.06214
-1.14924 2.06200
-1.14916 2.06185
-1.14908 2.06171
-1.14900 2.06156
-1.14892 2.06142
-1.14884 2.06127
-1.14876 2.06113
-1.14868 2.06098
-1.14860 2.06084
-1.14851 2.06069
-1.14843 2.06055
-1.14835 2.06040
-1.14827 2.06025
-1.14819 2.06011
-1.14811 2.05996
-1.14803 2.05982
-1.14795 2.05967
-1.14787 2.05953
-1.14779 2.05938
-1.14771 2.05924
-1.14763 2.05909
-1.14755 2.05895
-1.14747 2.05880
-1.14739 2.05865
-1.14731 2.05851
-1.14722 2.05836
-1.14714 2.05822
-1.14706 2.05807
-1.14698 2.05793
-1.14690 2.05778
-1.14682 2.05764
-1.14674 2.05749
-1.14666 2.05734
-1.14658 2.05720
-1.14650 2.05705
-1.14642 2.05691
-1.14634 2.05676
-1.14626 2.05662
-1.14618 2.05647
-1.14610 2.05633
-1.14602 2.05618
-1.14593 2.05603
-1.14585 2.05589
-1.14577 2.05574
-1.14569 2.05560
-1.14561 2.05545
-1.14553 2.05531
-1.14545 2.05516
-1.14537 2.05501
-1.14529 2.05487
-1.14521 2.05472
-1.14513 2.05458
-1.14505 2.05443
-1.14497 2.05429
-1.14489 2.05414
-1.14481 2.05400
-1.14473 2.05385
-1.14464 2.05370
-1.14456 2.05356
-1.14448 2.05341
-1.14440 2.05327
-1.14432 2.05312
-1.14424 2.05297
-1.14416 2.05283
-1.14408 2.05268
-1.14400 2.05254
-1.14392 2.05239
-1.14384 2.05225
-1.14376 2.05210
-1.14368 2.05195
-1.14360 2.05181
-1.14352 2.05166
-1.14344 2.05152
-1.14335 2.05137
-1.14327 2.05123
-1.14319 2.05108
-1.14311 2.05093
-1.14303 2.05079
-1.14295 2.05064
-1.14287 2.05050
-1.14279 2.05035
-1.14271 2.05020
-1.14263 2.05006
-1.14255 2.04991
-1.14247 2.04977
-1.14239 2.04962
-1.14231 2.04947
-1.14223 2.04933
-1.14214 2.04918
-1.14206 2.04904
-1.14198 2.04889
-1.14190 2.04874
-1.14182 2.04860
-1.14174 2.04845
-1.14166 2.04831
-1.14158 2.04816
-1.14150 2.04801
-1.14142 2.04787
-1.14134 2.04772
-1.14126 2.04758
-1.14118 2.04743
-1.14110 2.04728
-1.14102 2.04714
-1.14093 2.04699
-1.14085 2.04685
-1.14077 2.04670
-1.14069 2.04655
-1.14061 2.04641
-1.14053 2.04626
-1.14045 2.04612
-1.14037 2.04597
-1.14029 2.04582
-1.14021 2.04568
-1.14013 2.04553
-1.14005 2.04539
-1.13997 2.04524
-1.13989 2.04509
-1.13981 2.04495
-1.13972 2.04480
-1.13964 2.04465
-1.13956 2.04451
-1.13948 2.04436
-1.13940 2.04422
-1.13932 2.04407
-1.13924 2.04392
-1.13916 2.04378
-1.13908 2.04363
-1.13900 2.04349
-1.13892 2.04334
-1.13884 2.04319
-1.13876 2.04305
-1.13868 2.04290
-1.13860 2.04275
-1.13851 2.04261
-1.13843 2.04246
-1.13835 2.04231
-1.13827 2.04217
-1.13819 2.04202
-1.13811 2.04188
-1.13803 2.04173
-1.13795 2.04158
-1.13787 2.04144
-1.13779 2.04129
-1.13771 2.04114
-1.13763 2.04100
-1.13755 2.04085
-1.13747 2.04071
-1.13738 2.04056
-1.13730 2.04041
-1.13722 2.04027
-1.13714 2.04012
-1.13706 2.03997
-1.13698 2.03983
-1.13690 2.03968
-1.13682 2.03953
-1.13674 2.03939
-1.13666 2.03924
-1.13658 2.03909
-1.13650 2.03895
-1.13642 2.03880
-1.13634 2.03866
-1.13626 2.03851
-1.13617 2.03836
-1.13609 2.03822
-1.13601 2.03807
-1.13593 2.03792
-1.13585 2.03778
-1.13577 2.03763
-1.13569 2.03748
-1.13561 2.03734
-1.13553 2.03719
-1.13545 2.03704
-1.13537 2.03690
-1.13529 2.03675
-1.13521 2.03660
-1.13513 2.03646
-1.13504 2.03631
-1.13496 2.03616
-1.13488 2.03602
-1.13480 2.03587
-1.13472 2.03572
-1.13464 2.03558
-1.13456 2.03543
-1.13448 2.03528
-1.13440 2.03514
-1.13432 2.03499
-1.13424 2.03484
-1.13416 2.03470
-1.13408 2.03455
-1.13400 2.03440
-1.13391 2.03426
-1.13383 2.03411
-1.13375 2.03396
-1.13367 2.03382
-1.13359 2.03367
-1.13351 2.03352
-1.13343 2.03338
-1.13335 2.03323
-1.13327 2.03308
-1.13319 2.03294
-1.13311 2.03279
-1.13303 2.03264
-1.13295 2.03250
-1.13286 2.03235
-1.13278 2.03220
-1.13270 2.03206
-1.13262 2.03191
-1.13254 2.03176
-1.13246 2.03162
-1.13238 2.03147
-1.13230 2.03132
-1.13222 2.03118
-1.13214 2.03103
-1.13206 2.03088
-1.13198 2.03073
-1.13190 2.03059
-1.13182 2.03044
-1.13173 2.03029
-1.13165 2.03015
-1.13157 2.03000
-1.13149 2.02985
-1.13141 2.02971
-1.13133 2.02956
-1.13125 2.02941
-1.13117 2.02927
-1.13109 2.02912
-1.13101 2.02897
-1.13093 2.02882
-1.13085 2.02868
-1.13077 2.02853
-1.13068 2.02838
-1.13060 2.02824
-1.13052 2.02809
-1.13044 2.02794
-1.13036 2.02780
-1.13028 2.02765
-1.13020 2.02750
-1.13012 2.02735
-1.13004 2.02721
-1.12996 2.02706
-1.12988 2.02691
-1.12980 2.02677
-1.12972 2.02662
-1.12963 2.02647
-1.12955 2.02633
-1.12947 2.02618
-1.12939 2.02603
-1.12931 2.02588
-1.12923 2.02574
-1.12915 2.02559
-1.12907 2.02544
-1.12899 2.02530
-1.12891 2.02515
-1.12883 2.02500
-1.12875 2.02485
-1.12867 2.02471
-1.12858 2.02456
-1.12850 2.02441
-1.12842 2.02427
-1.12834 2.02412
-1.12826 2.02397
-1.12818 2.02382
-1.12810 2.02368
-1.12802 2.02353
-1.12794 2.02338
-1.12786 2.02323
-1.12778 2.02309
-1.12770 2.02294
-1.12761 2.02279
-1.12753 2.02265
-1.12745 2.02250
-1.12737 2.02235
-1.12729 2.02220
-1.12721 2.02206
-1.12713 2.02191
-1.12705 2.02176
-1.12697 2.02161
-1.12689 2.02147
-1.12681 2.02132
-1.12673 2.02117
-1.12665 2.02103
-1.12656 2.02088
-1.12648 2.02073
-1.12640 2.02058
-1.12632 2.02044
-1.12624 2.02029
-1.12616 2.02014
-1.12608 2.01999
-1.12600 2.01985
-1.12592 2.01970
-1.12584 2.01955
-1.12576 2.01940
-1.12568 2.01926
-1.12559 2.01911
-1.12551 2.01896
-1.12543 2.01881
-1.12535 2.01867
-1.12527 2.01852
-1.12519 2.01837
-1.12511 2.01822
-1.12503 2.01808
-1.12495 2.01793
-1.12487 2.01778
-1.12479 2.01763
-1.12471 2.01749
-1.12462 2.01734
-1.12454 2.01719
-1.12446 2.01704
-1.12438 2.01690
-1.12430 2.01675
-1.12422 2.01660
-1.12414 2.01645
-1.12406 2.01631
-1.12398 2.01616
-1.12390 2.01601
-1.12382 2.01586
-1.12374 2.01572
-1.12365 2.01557
-1.12357 2.01542
-1.12349 2.01527
-1.12341 2.01512
-1.12333 2.01498
-1.12325 2.01483
-1.12317 2.01468
-1.12309 2.01453
-1.12301 2.01439
-1.12293 2.01424
-1.12285 2.01409
-1.12277 2.01394
-1.12268 2.01380
-1.12260 2.01365
-1.12252 2.01350
-1.12244 2.01335
-1.12236 2.01320
-1.12228 2.01306
-1.12220 2.01291
-1.12212 2.01276
-1.12204 2.01261
-1.12196 2.01247
-1.12188 2.01232
-1.12180 2.01217
-1.12171 2.01202
-1.12163 2.01187
-1.12155 2.01173
-1.12147 2.01158
-1.12139 2.01143
-1.12131 2.01128
-1.12123 2.01113
-1.12115 2.01099
-1.12107 2.01084
-1.12099 2.01069
-1.12091 2.01054
-1.12082 2.01040
-1.12074 2.01025
-1.12066 2.01010
-1.12058 2.00995
-1.12050 2.00980
-1.12042 2.00966
-1.12034 2.00951
-1.12026 2.00936
-1.12018 2.00921
-1.12010 2.00906
-1.12002 2.00892
-1.11994 2.00877
-1.11985 2.00862
-1.11977 2.00847
-1.11969 2.00832
-1.11961 2.00818
-1.11953 2.00803
-1.11945 2.00788
-1.11937 2.00773
-1.11929 2.00758
-1.11921 2.00744
-1.11913 2.00729
-1.11905 2.00714
-1.11896 2.00699
-1.11888 2.00684
-1.11880 2.00670
-1.11872 2.00655
-1.11864 2.00640
-1.11856 2.00625
-1.11848 2.00610
-1.11840 2.00595
-1.11832 2.00581
-1.11824 2.00566
-1.11816 2.00551
-1.11807 2.00536
-1.11799 2.00521
-1.11791 2.00507
-1.11783 2.00492
-1.11775 2.00477
-1.11767 2.00462
-1.11759 2.00447
-1.11751 2.00432
-1.11743 2.00418
-1.11735 2.00403
-1.11727 2.00388
-1.11718 2.00373
-1.11710 2.00358
-1.11702 2.00344
-1.11694 2.00329
-1.11686 2.00314
-1.11678 2.00299
-1.11670 2.00284
-1.11662 2.00269
-1.11654 2.00255
-1.11646 2.00240
-1.11637 2.00225
-1.11629 2.00210
-1.11621 2.00195
-1.11613 2.00180
-1.11605 2.00166
-1.11597 2.00151
-1.11589 2.00136
-1.11581 2.00121
-1.11573 2.00106
-1.11565 2.00091
-1.11557 2.00077
-1.11548 2.00062
-1.11540 2.00047
-1.11532 2.00032
-1.11525 2.00017
-1.11520 2.00001
-1.11516 1.99984
-1.11511 1.99968
-1.11506 1.99952
-1.11501 1.99936
-1.11496 1.99920
-1.11492 1.99904
-1.11487 1.99888
-1.11482 1.99871
-1.11477 1.99855
-1.11472 1.99839
-1.11468 1.99823
-1.11463 1.99807
-1.11458 1.99791
-1.11453 1.99775
-1.11448 1.99758
-1.11444 1.99742
-1.11439 1.99726
-1.11434 1.99710
-1.11429 1.99694
-1.11424 1.99678
-1.11419 1.99661
-1.11415 1.99645
-1.11410 1.99629
-1.11405 1.99613
-1.11400 1.99597
-1.11395 1.99581
-1.11390 1.99565
-1.11386 1.99548
-1.11381 1.99532
-1.11376 1.99516
-1.11371 1.99500
-1.11366 1.99484
-1.11361 1.99468
-1.11357 1.99451
-1.11352 1.99435
-1.11347 1.99419
-1.11342 1.99403
-1.11337 1.99387
-1.11332 1.99371
-1.11328 1.99354
-1.11323 1.99338
-1.11318 1.99322
-1.11313 1.99306
-1.11308 1.99290
-1.11303 1.99274
-1.11299 1.99257
-1.11294 1.99241
-1.11289 1.99225
-1.11284 1.99209
-1.11279 1.99193
-1.11274 1.99176
-1.11269 1.99160
-1.11265 1.99144
-1.11260 1.99128
-1.11255 1.99112
-1.11250 1.99096
-1.11245 1.99079
-1.11240 1.99063
-1.11235 1.99047
-1.11231 1.99031
-1.11226 1.99015
-1.11221 1.98998
-1.11216 1.98982
-1.11211 1.98966
-1.11206 1.98950
-1.11201 1.98934
-1.11196 1.98917
-1.11192 1.98901
-1.11187 1.98885
-1.11182 1.98869
-1.11177 1.98853
-1.11172 1.98837
-1.11167 1.98820
-1.11162 1.98804
-1.11157 1.98788
-1.11153 1.98772
-1.11148 1.98756
-1.11143 1.98739
-1.11138 1.98723
-1.11133 1.98707
-1.11128 1.98691
-1.11123 1.98675
-1.11118 1.98658
-1.11114 1.98642
-1.11109 1.98626
-1.11104 1.98610
-1.11099 1.98593
-1.11094 1.98577
-1.11089 1.98561
-1.11084 1.98545
-1.11079 1.98529
-1.11074 1.98512
-1.11069 1.98496
-1.11065 1.98480
-1.11060 1.98464
-1.11055 1.98448
-1.11050 1.98431
-1.11045 1.98415
-1.11040 1.98399
-1.11035 1.98383
-1.11030 1.98366
-1.11025 1.98350
-1.11020 1.98334
-1.11016 1.98318
-1.11011 1.98302
-1.11006 1.98285
-1.11001 1.98269
-1.10996 1.98253
-1.10991 1.98237
-1.10986 1.98220
-1.10981 1.98204
-1.10976 1.98188
-1.10971 1.98172
-1.10966 1.98156
-1.10961 1.98139
-1.10957 1.98123
-1.10952 1.98107
-1.10947 1.98091
-1.10942 1.98074
-1.10937 1.98058
-1.10932 1.98042
-1.10927 1.98026
-1.10922 1.98009
-1.10917 1.97993
-1.10912 1.97977
-1.10907 1.97961
-1.10902 1.97944
-1.10897 1.97928
-1.10892 1.97912
-1.10888 1.97896
-1.10883 1.97880
-1.10878 1.97863
-1.10873 1.97847
-1.10868 1.97831
-1.10863 1.97815
-1.10858 1.97798
-1.10853 1.97782
-1.10848 1.97766
-1.10843 1.97750
-1.10838 1.97733
-1.10833 1.97717
-1.10828 1.97701
-1.10823 1.97685
-1.10818 1.97668
-1.10813 1.97652
-1.10808 1.97636
-1.10803 1.97619
-1.10798 1.97603
-1.10793 1.97587
-1.10789 1.97571
-1.10784 1.97554
-1.10779 1.97538
-1.10774 1.97522
-1.10769 1.97506
-1.10764 1.97489
-1.10759 1.97473
-1.10754 1.97457
-1.10749 1.97441
-1.10744 1.97424
-1.10739 1.97408
-1.10734 1.97392
-1.10729 1.97376
-1.10724 1.97359
-1.10719 1.97343
-1.10714 1.97327
-1.10709 1.97310
-1.10704 1.97294
-1.10699 1.97278
-1.10694 1.97262
-1.10689 1.97245
-1.10684 1.97229
-1.10679 1.97213
-1.10674 1.97197
-1.10669 1.97180
-1.10664 1.97164
-1.10659 1.97148
-1.10654 1.97131
-1.10649 1.97115
-1.10644 1.97099
-1.10639 1.97083
-1.10634 1.97066
-1.10629 1.97050
-1.10624 1.97034
-1.10619 1.97017
-1.10614 1.97001
-1.10609 1.96985
-1.10604 1.96969
-1.10599 1.96952
-1.10594 1.96936
-1.10589 1.96920
-1.10584 1.96903
-1.10579 1.96887
-1.10574 1.96871
-1.10569 1.96854
-1.10564 1.96838
-1.10559 1.96822
-1.10554 1.96806
-1.10549 1.96789
-1.10544 1.96773
-1.10539 1.96757
-1.10534 1.96740
-1.10529 1.96724
-1.10524 1.96708
-1.10519 1.96691
-1.10514 1.96675
-1.10509 1.96659
-1.10504 1.96643
-1.10499 1.96626
-1.10494 1.96610
-1.10489 1.96594
-1.10484 1.96577
-1.10479 1.96561
-1.10474 1.96545
-1.10469 1.96528
-1.10464 1.96512
-1.10459 1.96496
-1.10454 1.96479
-1.10449 1.96463
-1.10444 1.96447
-1.10439 1.96430
-1.10434 1.96414
-1.10429 1.96398
-1.10424 1.96382
-1.10419 1.96365
-1.10414 1.96349
-1.10409 1.96333
-1.10404 1.96316
-1.10399 1.96300
-1.10394 1.96284
-1.10388 1.96267
-1.10383 1.96251
-1.10378 1.96235
-1.10373 1.96218
-1.10368 1.96202
-1.10363 1.96186
-1.10358 1.96169
-1.10353 1.96153
-1.10348 1.96137
-1.10343 1.96120
-1.10338 1.96104
-1.10332 1.96088
-1.10324 1.96073
-1.10315 1.96058
-1.10307 1.96043
-1.10299 1.96028
-1.10291 1.96013
-1.10283 1.95998
-1.10274 1.95983
-1.10266 1.95968
-1.10258 1.95953
-1.10250 1.95938
-1.10241 1.95923
-1.10233 1.95908
-1.10225 1.95893
-1.10217 1.95878
-1.10209 1.95863
-1.10200 1.95848
-1.10192 1.95833
-1.10184 1.95818
-1.10176 1.95803
-1.10167 1.95788
-1.10159 1.95773
-1.10151 1.95757
-1.10143 1.95742
-1.10135 1.95727
-1.10126 1.95712
-1.10118 1.95697
-1.10110 1.95682
-1.10102 1.95667
-1.10093 1.95652
-1.10085 1.95637
-1.10077 1.95622
-1.10069 1.95607
-1.10060 1.95592
-1.10052 1.95577
-1.10044 1.95562
-1.10036 1.95547
-1.10028 1.95532
-1.10019 1.95517
-1.10011 1.95502
-1.10003 1.95487
-1.09995 1.95472
-1.09986 1.95457
-1.09978 1.95442
-1.09970 1.95427
-1.09962 1.95411
-1.09954 1.95396
-1.09945 1.95381
-1.09937 1.95366
-1.09929 1.95351
-1.09921 1.95336
-1.09912 1.95321
-1.09904 1.95306
-1.09896 1.95291
-1.09888 1.95276
-1.09879 1.95261
-1.09871 1.95246
-1.09863 1.95231
-1.09855 1.95216
-1.09847 1.95201
-1.09838 1.95186
-1.09830 1.95170
-1.09822 1.95155
-1.09814 1.95140
-1.09805 1.95125
-1.09797 1.95110
-1.09789 1.95095
-1.09781 1.95080
-1.09772 1.95065
-1.09764 1.95050
-1.09756 1.95035
-1.09748 1.95020
-1.09740 1.95005
-1.09731 1.94990
-1.09723 1.94975
-1.09715 1.94959
-1.09707 1.94944
-1.09698 1.94929
-1.09690 1.94914
-1.09682 1.94899
-1.09674 1.94884
-1.09665 1.94869
-1.09657 1.94854
-1.09649 1.94839
-1.09641 1.94824
-1.09633 1.94809
-1.09624 1.94794
-1.09616 1.94778
-1.09608 1.94763
-1.09600 1.94748
-1.09591 1.94733
-1.09583 1.94718
-1.09575 1.94703
-1.09567 1.94688
-1.09558 1.94673
-1.09550 1.94658
-1.09542 1.94643
-1.09534 1.94628
-1.09525 1.94612
-1.09517 1.94597
-1.09509 1.94582
-1.09501 1.94567
-1.09493 1.94552
-1.09484 1.94537
-1.09476 1.94522
-1.09468 1.94507
-1.09460 1.94492
-1.09451 1.94476
-1.09443 1.94461
-1.09435 1.94446
-1.09427 1.94431
-1.09418 1.94416
-1.09410 1.94401
-1.09402 1.94386
-1.09394 1.94371
-1.09385 1.94356
-1.09377 1.94340
-1.09369 1.94325
-1.09361 1.94310
-1.09352 1.94295
-1.09344 1.94280
-1.09336 1.94265
-1.09328 1.94250
-1.09320 1.94235
-1.09311 1.94220
-1.09303 1.94204
-1.09295 1.94189
-1.09287 1.94174
-1.09278 1.94159
-1.09270 1.94144
-1.09262 1.94129
-1.09254 1.94114
-1.09245 1.94099
-1.09237 1.94083
-1.09229 1.94068
-1.09221 1.94053
-1.09212 1.94038
-1.09204 1.94023
-1.09196 1.94008
-1.09188 1.93993
-1.09179 1.93978
-1.09171 1.93962
-1.09163 1.93947
-1.09155 1.93932
-1.09146 1.93917
-1.09138 1.93902
-1.09130 1.93887
-1.09122 1.93872
-1.09113 1.93856
-1.09105 1.93841
-1.09097 1.93826
-1.09089 1.93811
-1.09080 1.93796
-1.09072 1.93781
-1.09064 1.93766
-1.09056 1.93750
-1.09048 1.93735
-1.09039 1.93720
-1.09031 1.93705
-1.09023 1.93690
-1.09015 1.93675
-1.09006 1.93660
-1.08998 1.93644
-1.08990 1.93629
-1.08982 1.93614
-1.08973 1.93599
-1.08965 1.93584
-1.08957 1.93569
-1.08949 1.93553
-1.08940 1.93538
-1.08932 1.93523
-1.08924 1.93508
-1.08916 1.93493
-1.08907 1.93478
-1.08899 1.93462
-1.08891 1.93447
-1.08883 1.93432
-1.08874 1.93417
-1.08866 1.93402
-1.08858 1.93387
-1.08850 1.93371
-1.08841 1.93356
-1.08833 1.93341
-1.08825 1.93326
-1.08817 1.93311
-1.08808 1.93296
-1.08800 1.93280
-1.08792 1.93265
-1.08784 1.93250
-1.08775 1.93235
-1.08767 1.93220
-1.08759 1.93205
-1.08751 1.93189
-1.08742 1.93174
-1.08734 1.93159
-1.08726 1.93144
-1.08718 1.93129
-1.08709 1.93113
-1.08701 1.93098
-1.08693 1.93083
-1.08685 1.93068
-1.08676 1.93053
-1.08668 1.93038
-1.08660 1.93022
-1.08652 1.93007
-1.08643 1.92992
-1.08635 1.92977
-1.08627 1.92962
-1.08619 1.92946
-1.08610 1.92931
-1.08602 1.92916
-1.08594 1.92901
-1.08586 1.92886
-1.08577 1.92870
-1.08569 1.92855
-1.08561 1.92840
-1.08553 1.92825
-1.08544 1.92810
-1.08536 1.92794
-1.08528 1.92779
-1.08519 1.92764
-1.08511 1.92749
-1.08503 1.92734
-1.08495 1.92718
-1.08486 1.92703
-1.08478 1.92688
-1.08470 1.92673
-1.08462 1.92658
-1.08453 1.92642
-1.08445 1.92627
-1.08437 1.92612
-1.08429 1.92597
-1.08420 1.92582
-1.08412 1.92566
-1.08404 1.92551
-1.08396 1.92536
-1.08387 1.92521
-1.08379 1.92505
-1.08371 1.92490
-1.08363 1.92475
-1.08354 1.92460
-1.08346 1.92445
-1.08338 1.92429
-1.08330 1.92414
-1.08321 1.92399
-1.08313 1.92384
-1.08305 1.92368
-1.08296 1.92353
-1.08288 1.92338
-1.08280 1.92323
-1.08272 1.92308
-1.08263 1.92292
-1.08255 1.92277
-1.08247 1.92262
-1.08239 1.92247
-1.08230 1.92231
-1.08222 1.92216
-1.08214 1.92201
-1.08206 1.92186
-1.08197 1.92170
-1.08189 1.92155
-1.08181 1.92140
-1.08173 1.92125
-1.08164 1.92109
-1.08156 1.92094
-1.08148 1.92079
-1.08140 1.92064
-1.08131 1.92049
-1.08123 1.92033
-1.08115 1.92018
-1.08106 1.92003
-1.08098 1.91988
-1.08090 1.91972
-1.08082 1.91957
-1.08073 1.91942
-1.08065 1.91927
-1.08057 1.91911
-1.08049 1.91896
-1.08040 1.91881
-1.08032 1.91866
-1.08024 1.91850
-1.08016 1.91835
-1.08007 1.91820
-1.07999 1.91805
-1.07991 1.91789
-1.07982 1.91774
-1.07974 1.91759
-1.07966 1.91743
-1.07958 1.91728
-1.07949 1.91713
-1.07941 1.91698
-1.07933 1.91682
-1.07925 1.91667
-1.07916 1.91652
-1.07908 1.91637
-1.07900 1.91621
-1.07891 1.91606
-1.07883 1.91591
-1.07875 1.91576
-1.07867 1.91560
-1.07858 1.91545
-1.07850 1.91530
-1.07842 1.91514
-1.07834 1.91499
-1.07825 1.91484
-1.07817 1.91469
-1.07809 1.91453
-1.07801 1.91438
-1.07792 1.91423
-1.07784 1.91408
-1.07776 1.91392
-1.07767 1.91377
-1.07759 1.91362
-1.07751 1.91346
-1.07743 1.91331
-1.07734 1.91316
-1.07726 1.91301
-1.07718 1.91285
-1.07710 1.91270
-1.07701 1.91255
-1.07693 1.91239
-1.07685 1.91224
-1.07676 1.91209
-1.07670 1.91193
-1.07665 1.91176
-1.07660 1.91159
-1.07654 1.91143
-1.07649 1.91126
-1.07644 1.91110
-1.07639 1.91093
-1.07634 1.91076
-1.07628 1.91060
-1.07623 1.91043
-1.07618 1.91027
-1.07613 1.91010
-1.07607 1.90993
-1.07602 1.90977
-1.07597 1.90960
-1.07592 1.90944
-1.07586 1.90927
-1.07581 1.90910
-1.07576 1.90894
-1.07571 1.90877
-1.07565 1.90861
-1.07560 1.90844
-1.07555 1.90827
-1.07550 1.90811
-1.07544 1.90794
-1.07539 1.90778
-1.07534 1.90761
-1.07529 1.90744
-1.07523 1.90728
-1.07518 1.90711
-1.07513 1.90695
-1.07508 1.90678
-1.07502 1.90661
-1.07497 1.90645
-1.07492 1.90628
-1.07487 1.90611
-1.07481 1.90595
-1.07476 1.90578
-1.07471 1.90562
-1.07466 1.90545
-1.07460 1.90528
-1.07455 1.90512
-1.07450 1.90495
-1.07444 1.90478
-1.07439 1.90462
-1.07434 1.90445
-1.07429 1.90429
-1.07423 1.90412
-1.07418 1.90395
-1.07413 1.90379
-1.07408 1.90362
-1.07402 1.90345
-1.07397 1.90329
-1.07392 1.90312
-1.07386 1.90295
-1.07381 1.90279
-1.07376 1.90262
-1.07371 1.90246
-1.07365 1.90229
-1.07360 1.90212
-1.07355 1.90196
-1.07349 1.90179
-1.07344 1.90162
-1.07339 1.90146
-1.07333 1.90129
-1.07328 1.90112
-1.07323 1.90096
-1.07318 1.90079
-1.07312 1.90062
-1.07307 1.90046
-1.07302 1.90029
-1.07296 1.90012
-1.07291 1.89996
-1.07286 1.89979
-1.07280 1.89962
-1.07275 1.89946
-1.07270 1.89929
-1.07265 1.89913
-1.07259 1.89896
-1.07254 1.89879
-1.07249 1.89863
-1.07243 1.89846
-1.07238 1.89829
-1.07233 1.89813
-1.07227 1.89796
-1.07222 1.89779
-1.07217 1.89763
-1.07211 1.89746
-1.07206 1.89729
-1.07201 1.89713
-1.07195 1.89696
-1.07190 1.89679
-1.07185 1.89662
-1.07180 1.89646
-1.07174 1.89629
-1.07169 1.89612
-1.07164 1.89596
-1.07158 1.89579
-1.07153 1.89562
-1.07148 1.89546
-1.07142 1.89529
-1.07137 1.89512
-1.07132 1.89496
-1.07126 1.89479
-1.07121 1.89462
-1.07116 1.89446
-1.07110 1.89429
-1.07105 1.89412
-1.07100 1.89396
-1.07094 1.89379
-1.07089 1.89362
-1.07084 1.89345
-1.07078 1.89329
-1.07073 1.89312
-1.07067 1.89295
-1.07062 1.89279
-1.07057 1.89262
-1.07051 1.89245
-1.07046 1.89229
-1.07041 1.89212
-1.07035 1.89195
-1.07030 1.89178
-1.07025 1.89162
-1.07019 1.89145
-1.07014 1.89128
-1.07009 1.89112
-1.07003 1.89095
-1.06998 1.89078
-1.06993 1.89062
-1.06987 1.89045
-1.06982 1.89028
-1.06976 1.89011
-1.06971 1.88995
-1.06966 1.88978
-1.06960 1.88961
-1.06955 1.88945
-1.06950 1.88928
-1.06944 1.88911
-1.06939 1.88894
-1.06934 1.88878
-1.06928 1.88861
-1.06923 1.88844
-1.06917 1.88827
-1.06912 1.88811
-1.06907 1.88794
-1.06901 1.88777
-1.06896 1.88761
-1.06891 1.88744
-1.06885 1.88727
-1.06880 1.88710
-1.06874 1.88694
-1.06869 1.88677
-1.06864 1.88660
-1.06858 1.88643
-1.06853 1.88627
-1.06847 1.88610
-1.06842 1.88593
-1.06837 1.88577
-1.06831 1.88560
-1.06826 1.88543
-1.06820 1.88526
-1.06815 1.88510
-1.06810 1.88493
-1.06804 1.88476
-1.06799 1.88459
-1.06794 1.88443
-1.06788 1.88426
-1.06783 1.88409
-1.06777 1.88392
-1.06772 1.88376
-1.06766 1.88359
-1.06761 1.88342
-1.06756 1.88325
-1.06750 1.88309
-1.06745 1.88292
-1.06739 1.88275
-1.06734 1.88258
-1.06729 1.88242
-1.06723 1.88225
-1.06718 1.88208
-1.06712 1.88191
-1.06707 1.88174
-1.06702 1.88158
-1.06696 1.88141
-1.06691 1.88124
-1.06685 1.88107
-1.06680 1.88091
-1.06674 1.88074
-1.06669 1.88057
-1.06664 1.88040
-1.06658 1.88024
-1.06653 1.88007
-1.06647 1.87990
-1.06642 1.87973
-1.06637 1.87957
-1.06631 1.87940
-1.06626 1.87923
-1.06620 1.87906
-1.06615 1.87889
-1.06609 1.87873
-1.06604 1.87856
-1.06598 1.87839
-1.06593 1.87822
-1.06588 1.87805
-1.06582 1.87789
-1.06577 1.87772
-1.06571 1.87755
-1.06566 1.87738
-1.06560 1.87722
-1.06555 1.87705
-1.06550 1.87688
-1.06544 1.87671
-1.06539 1.87654
-1.06533 1.87638
-1.06528 1.87621
-1.06522 1.87604
-1.06517 1.87587
-1.06511 1.87570
-1.06506 1.87554
-1.06500 1.87537
-1.06495 1.87520
-1.06490 1.87503
-1.06484 1.87486
-1.06479 1.87470
-1.06473 1.87453
-1.06468 1.87436
-1.06462 1.87419
-1.06457 1.87402
-1.06451 1.87386
-1.06446 1.87369
-1.06440 1.87352
-1.06435 1.87335
-1.06429 1.87318
-1.06424 1.87302
-1.06419 1.87285
-1.06413 1.87268
-1.06408 1.87251
-1.06402 1.87234
-1.06397 1.87217
-1.06391 1.87201
-1.06386 1.87184
-1.06380 1.87167
-1.06373 1.87151
-1.06364 1.87136
-1.06356 1.87120
-1.06348 1.87105
-1.06339 1.87089
-1.06331 1.87074
-1.06322 1.87058
-1.06314 1.87042
-1.06306 1.87027
-1.06297 1.87011
-1.06289 1.86996
-1.06280 1.86980
-1.06272 1.86965
-1.06263 1.86949
-1.06255 1.86934
-1.06247 1.86918
-1.06238 1.86903
-1.06230 1.86887
-1.06221 1.86872
-1.06213 1.86856
-1.06205 1.86841
-1.06196 1.86825
-1.06188 1.86810
-1.06179 1.86794
-1.06171 1.86779
-1.06162 1.86763
-1.06154 1.86748
-1.06146 1.86732
-1.06137 1.86717
-1.06129 1.86701
-1.06120 1.86686
-1.06112 1.86670
-1.06104 1.86655
-1.06095 1.86639
-1.06087 1.86623
-1.06078 1.86608
-1.06070 1.86592
-1.06061 1.86577
-1.06053 1.86561
-1.06045 1.86546
-1.06036 1.86530
-1.06028 1.86515
-1.06019 1.86499
-1.06011 1.86484
-1.06003 1.86468
-1.05994 1.86453
-1.05986 1.86437
-1.05977 1.86421
-1.05969 1.86406
-1.05960 1.86390
-1.05952 1.86375
-1.05944 1.86359
-1.05935 1.86344
-1.05927 1.86328
-1.05918 1.86313
-1.05910 1.86297
-1.05902 1.86282
-1.05893 1.86266
-1.05885 1.86250
-1.05876 1.86235
-1.05868 1.86219
-1.05859 1.86204
-1.05851 1.86188
-1.05843 1.86173
-1.05834 1.86157
-1.05826 1.86141
-1.05817 1.86126
-1.05809 1.86110
-1.05800 1.86095
-1.05792 1.86079
-1.05784 1.86064
-1.05775 1.86048
-1.05767 1.86033
-1.05758 1.86017
-1.05750 1.86001
-1.05741 1.85986
-1.05733 1.85970
-1.05725 1.85955
-1.05716 1.85939
-1.05708 1.85924
-1.05699 1.85908
-1.05691 1.85892
-1.05682 1.85877
-1.05674 1.85861
-1.05666 1.85846
-1.05657 1.85830
-1.05649 1.85814
-1.05640 1.85799
-1.05632 1.85783
-1.05623 1.85768
-1.05615 1.85752
-1.05607 1.85737
-1.05598 1.85721
-1.05590 1.85705
-1.05581 1.85690
-1.05573 1.85674
-1.05564 1.85659
-1.05556 1.85643
-1.05548 1.85627
-1.05539 1.85612
-1.05531 1.85596
-1.05522 1.85581
-1.05514 1.85565
-1.05505 1.85549
-1.05497 1.85534
-1.05489 1.85518
-1.05480 1.85503
-1.05472 1.85487
-1.05463 1.85471
-1.05455 1.85456
-1.05446 1.85440
-1.05438 1.85425
-1.05430 1.85409
-1.05421 1.85393
-1.05413 1.85378
-1.05404 1.85362
-1.05396 1.85347
-1.05387 1.85331
-1.05379 1.85315
-1.05370 1.85300
-1.05362 1.85284
-1.05354 1.85268
-1.05345 1.85253
-1.05337 1.85237
-1.05328 1.85222
-1.05320 1.85206
-1.05311 1.85190
-1.05303 1.85175
-1.05295 1.85159
-1.05286 1.85144
-1.05278 1.85128
-1.05269 1.85112
-1.05261 1.85097
-1.05252 1.85081
-1.05244 1.85065
-1.05235 1.85050
-1.05227 1.85034
-1.05219 1.85018
-1.05210 1.85003
-1.05202 1.84987
-1.05193 1.84972
-1.05185 1.84956
-1.05176 1.84940
-1.05168 1.84925
-1.05159 1.84909
-1.05151 1.84893
-1.05143 1.84878
-1.05134 1.84862
-1.05126 1.84846
-1.05117 1.84831
-1.05109 1.84815
-1.05100 1.84800
-1.05092 1.84784
-1.05083 1.84768
-1.05075 1.84753
-1.05067 1.84737
-1.05058 1.84721
-1.05050 1.84706
-1.05041 1.84690
-1.05033 1.84674
-1.05024 1.84659
-1.05016 1.84643
-1.05007 1.84627
-1.04999 1.84612
-1.04991 1.84596
-1.04982 1.84580
-1.04974 1.84565
-1.04965 1.84549
-1.04957 1.84533
-1.04948 1.84518
-1.04940 1.84502
-1.04931 1.84486
-1.04923 1.84471
-1.04915 1.84455
-1.04906 1.84439
-1.04898 1.84424
-1.04889 1.84408
-1.04881 1.84392
-1.04872 1.84377
-1.04864 1.84361
-1.04855 1.84345
-1.04847 1.84330
-1.04838 1.84314
-1.04830 1.84298
-1.04822 1.84283
-1.04813 1.84267
-1.04805 1.84251
-1.04796 1.84236
-1.04788 1.84220
-1.04779 1.84204
-1.04771 1.84189
-1.04762 1.84173
-1.04754 1.84157
-1.04745 1.84141
-1.04737 1.84126
-1.04729 1.84110
-1.04720 1.84094
-1.04712 1.84079
-1.04703 1.84063
-1.04695 1.84047
-1.04686 1.84032
-1.04678 1.84016
-1.04669 1.84000
-1.04661 1.83985
-1.04652 1.83969
-1.04644 1.83953
-1.04636 1.83937
-1.04627 1.83922
-1.04619 1.83906
-1.04610 1.83890
-1.04602 1.83875
-1.04593 1.83859
-1.04585 1.83843
-1.04576 1.83828
-1.04568 1.83812
-1.04559 1.83796
-1.04551 1.83780
-1.04543 1.83765
-1.04534 1.83749
-1.04526 1.83733
-1.04517 1.83718
-1.04509 1.83702
-1.04500 1.83686
-1.04492 1.83670
-1.04483 1.83655
-1.04475 1.83639
-1.04466 1.83623
-1.04458 1.83608
-1.04449 1.83592
-1.04441 1.83576
-1.04432 1.83560
-1.04424 1.83545
-1.04416 1.83529
-1.04407 1.83513
-1.04399 1.83497
-1.04390 1.83482
-1.04382 1.83466
-1.04373 1.83450
-1.04365 1.83435
-1.04356 1.83419
-1.04348 1.83403
-1.04339 1.83387
-1.04331 1.83372
-1.04322 1.83356
-1.04314 1.83340
-1.04305 1.83324
-1.04297 1.83309
-1.04289 1.83293
-1.04280 1.83277
-1.04272 1.83261
-1.04263 1.83246
-1.04255 1.83230
-1.04246 1.83214
-1.04238 1.83198
-1.04229 1.83183
-1.04221 1.83167
-1.04212 1.83151
-1.04204 1.83135
-1.04195 1.83120
-1.04187 1.83104
-1.04178 1.83088
-1.04170 1.83072
-1.04161 1.83057
-1.04153 1.83041
-1.04145 1.83025
-1.04136 1.83009
-1.04128 1.82994
-1.04119 1.82978
-1.04111 1.82962
-1.04102 1.82946
-1.04094 1.82931
-1.04085 1.82915
-1.04077 1.82899
-1.04068 1.82883
-1.04060 1.82867
-1.04051 1.82852
-1.04043 1.82836
-1.04034 1.82820
-1.04026 1.82804
-1.04017 1.82789
-1.04009 1.82773
-1.04000 1.82757
-1.03992 1.82741
-1.03983 1.82725
-1.03975 1.82710
-1.03967 1.82694
-1.03958 1.82678
-1.03950 1.82662
-1.03941 1.82647
-1.03933 1.82631
-1.03924 1.82615
-1.03916 1.82599
-1.03907 1.82583
-1.03899 1.82568
-1.03890 1.82552
-1.03882 1.82536
-1.03873 1.82520
-1.03865 1.82504
-1.03856 1.82489
-1.03848 1.82473
-1.03839 1.82457
-1.03831 1.82441
-1.03822 1.82425
-1.03814 1.82410
-1.03805 1.82394
-1.03797 1.82378
-1.03788 1.82362
-1.03780 1.82346
-1.03771 1.82331
-1.03763 1.82315
-1.03754 1.82299
-1.03746 1.82283
-1.03738 1.82267
-1.03729 1.82252
-1.03721 1.82236
-1.03712 1.82220
-1.03704 1.82204
-1.03695 1.82188
-1.03687 1.82173
-1.03678 1.82157
-1.03670 1.82141
-1.03661 1.82125
-1.03653 1.82109
-1.03644 1.82093
-1.03636 1.82078
-1.03627 1.82062
-1.03619 1.82046
-1.03610 1.82030
-1.03602 1.82014
-1.03593 1.81999
-1.03585 1.81983
-1.03576 1.81967
-1.03568 1.81951
-1.03559 1.81935
-1.03551 1.81919
-1.03542 1.81904
-1.03534 1.81888
-1.03525 1.81872
-1.03517 1.81856
-1.03508 1.81840
-1.03500 1.81824
-1.03491 1.81809
-1.03483 1.81793
-1.03474 1.81777
-1.03466 1.81761
-1.03457 1.81745
-1.03449 1.81729
-1.03440 1.81713
-1.03432 1.81698
-1.03423 1.81682
-1.03415 1.81666
-1.03406 1.81650
-1.03398 1.81634
-1.03389 1.81618
-1.03381 1.81603
-1.03372 1.81587
-1.03364 1.81571
-1.03355 1.81555
-1.03347 1.81539
-1.03338 1.81523
-1.03330 1.81507
-1.03321 1.81492
-1.03313 1.81476
-1.03304 1.81460
-1.03296 1.81444
-1.03287 1.81428
-1.03279 1.81412
-1.03270 1.81396
-1.03262 1.81381
-1.03253 1.81365
-1.03245 1.81349
-1.03236 1.81333
-1.03228 1.81317
-1.03219 1.81301
-1.03211 1.81285
-1.03202 1.81269
-1.03194 1.81254
-1.03185 1.81238
-1.03177 1.81222
-1.03168 1.81206
-1.03160 1.81190
-1.03151 1.81174
-1.03143 1.81158
-1.03134 1.81142
-1.03126 1.81127
-1.03117 1.81111
-1.03109 1.81095
-1.03100 1.81079
-1.03092 1.81063
-1.03083 1.81047
-1.03075 1.81031
-1.03066 1.81015
-1.03058 1.80999
-1.03049 1.80984
-1.03041 1.80968
-1.03032 1.80952
-1.03024 1.80936
-1.03015 1.80920
-1.03007 1.80904
-1.02998 1.80888
-1.02990 1.80872
-1.02981 1.80856
-1.02973 1.80840
-1.02965 1.80824
-1.02959 1.80807
-1.02954 1.80790
-1.02948 1.80772
-1.02942 1.80755
-1.02936 1.80738
-1.02931 1.80721
-1.02925 1.80704
-1.02919 1.80686
-1.02914 1.80669
-1.02908 1.80652
-1.02902 1.80635
-1.02896 1.80618
-1.02891 1.80600
-1.02885 1.80583
-1.02879 1.80566
-1.02873 1.80549
-1.02868 1.80531
-1.02862 1.80514
-1.02856 1.80497
-1.02851 1.80480
-1.02845 1.80463
-1.02839 1.80445
-1.02833 1.80428
-1.02828 1.80411
-1.02822 1.80394
-1.02816 1.80376
-1.02810 1.80359
-1.02805 1.80342
-1.02799 1.80325
-1.02793 1.80307
-1.02787 1.80290
-1.02782 1.80273
-1.02776 1.80256
-1.02770 1.80238
-1.02764 1.80221
-1.02759 1.80204
-1.02753 1.80187
-1.02747 1.80169
-1.02741 1.80152
-1.02736 1.80135
-1.02730 1.80118
-1.02724 1.80100
-1.02718 1.80083
-1.02713 1.80066
-1.02707 1.80049
-1.02701 1.80031
-1.02695 1.80014
-1.02690 1.79997
-1.02684 1.79980
-1.02678 1.79962
-1.02672 1.79945
-1.02666 1.79928
-1.02661 1.79911
-1.02655 1.79893
-1.02649 1.79876
-1.02643 1.79859
-1.02638 1.79842
-1.02632 1.79824
-1.02626 1.79807
-1.02620 1.79790
-1.02615 1.79772
-1.02609 1.79755
-1.02603 1.79738
-1.02597 1.79721
-1.02591 1.79703
-1.02586 1.79686
-1.02580 1.79669
-1.02574 1.79652
-1.02568 1.79634
-1.02562 1.79617
-1.02557 1.79600
-1.02551 1.79582
-1.02545 1.79565
-1.02539 1.79548
-1.02534 1.79531
-1.02528 1.79513
-1.02522 1.79496
-1.02516 1.79479
-1.02510 1.79461
-1.02505 1.79444
-1.02499 1.79427
-1.02493 1.79409
-1.02487 1.79392
-1.02481 1.79375
-1.02476 1.79358
-1.02470 1.79340
-1.02464 1.79323
-1.02458 1.79306
-1.02452 1.79288
-1.02447 1.79271
-1.02441 1.79254
-1.02435 1.79236
-1.02429 1.79219
-1.02423 1.79202
-1.02417 1.79184
-1.02412 1.79167
-1.02406 1.79150
-1.02400 1.79133
-1.02394 1.79115
-1.02388 1.79098
-1.02383 1.79081
-1.02377 1.79063
-1.02371 1.79046
-1.02365 1.79029
-1.02359 1.79011
-1.02353 1.78994
-1.02348 1.78977
-1.02342 1.78959
-1.02336 1.78942
-1.02330 1.78925
-1.02324 1.78907
-1.02318 1.78890
-1.02313 1.78873
-1.02307 1.78855
-1.02301 1.78838
-1.02295 1.78821
-1.02289 1.78803
-1.02283 1.78786
-1.02278 1.78769
-1.02272 1.78751
-1.02266 1.78734
-1.02260 1.78717
-1.02254 1.78699
-1.02248 1.78682
-1.02243 1.78665
-1.02237 1.78647
-1.02231 1.78630
-1.02225 1.78612
-1.02219 1.78595
-1.02213 1.78578
-1.02208 1.78560
-1.02202 1.78543
-1.02196 1.78526
-1.02190 1.78508
-1.02184 1.78491
-1.02178 1.78474
-1.02172 1.78456
-1.02167 1.78439
-1.02161 1.78422
-1.02155 1.78404
-1.02149 1.78387
-1.02143 1.78369
-1.02137 1.78352
-1.02131 1.78335
-1.02125 1.78317
-1.02120 1.78300
-1.02114 1.78283
-1.02108 1.78265
-1.02102 1.78248
-1.02096 1.78230
-1.02090 1.78213
-1.02084 1.78196
-1.02079 1.78178
-1.02073 1.78161
-1.02067 1.78144
-1.02061 1.78126
-1.02055 1.78109
-1.02049 1.78091
-1.02043 1.78074
-1.02037 1.78057
-1.02031 1.78039
-1.02026 1.78022
-1.02020 1.78004
-1.02014 1.77987
-1.02008 1.77970
-1.02002 1.77952
-1.01996 1.77935
-1.01990 1.77917
-1.01984 1.77900
-1.01978 1.77883
-1.01973 1.77865
-1.01967 1.77848
-1.01961 1.77830
-1.01955 1.77813
-1.01949 1.77796
-1.01943 1.77778
-1.01937 1.77761
-1.01931 1.77743
-1.01925 1.77726
-1.01920 1.77709
-1.01914 1.77691
-1.01908 1.77674
-1.01902 1.77656
-1.01896 1.77639
-1.01890 1.77621
-1.01884 1.77604
-1.01878 1.77587
-1.01872 1.77569
-1.01866 1.77552
-1.01860 1.77534
-1.01855 1.77517
-1.01849 1.77499
-1.01843 1.77482
-1.01837 1.77465
-1.01831 1.77447
-1.01825 1.77430
-1.01819 1.77412
-1.01813 1.77395
-1.01807 1.77377
-1.01801 1.77360
-1.01795 1.77343
-1.01789 1.77325
-1.01783 1.77308
-1.01778 1.77290
-1.01772 1.77273
-1.01766 1.77255
-1.01760 1.77238
-1.01754 1.77220
-1.01748 1.77203
-1.01742 1.77186
-1.01736 1.77168
-1.01730 1.77151
-1.01724 1.77133
-1.01718 1.77116
-1.01712 1.77098
-1.01706 1.77081
-1.01700 1.77063
-1.01694 1.77046
-1.01688 1.77028
-1.01683 1.77011
-1.01677 1.76994
-1.01671 1.76976
-1.01665 1.76959
-1.01659 1.76941
-1.01653 1.76924
-1.01647 1.76906
-1.01641 1.76889
-1.01635 1.76871
-1.01629 1.76854
-1.01623 1.76836
-1.01617 1.76819
-1.01611 1.76801
-1.01605 1.76784
-1.01599 1.76766
-1.01593 1.76749
-1.01587 1.76731
-1.01581 1.76714
-1.01575 1.76696
-1.01569 1.76679
-1.01563 1.76661
-1.01557 1.76644
-1.01551 1.76627
-1.01542 1.76611
-1.01533 1.76595
-1.01525 1.76578
-1.01516 1.76562
-1.01507 1.76546
-1.01499 1.76530
-1.01490 1.76514
-1.01481 1.76498
-1.01473 1.76481
-1.01464 1.76465
-1.01455 1.76449
-1.01447 1.76433
-1.01438 1.76417
-1.01429 1.76401
-1.01421 1.76384
-1.01412 1.76368
-1.01403 1.76352
-1.01395 1.76336
-1.01386 1.76320
-1.01377 1.76304
-1.01369 1.76287
-1.01360 1.76271
-1.01351 1.76255
-1.01343 1.76239
-1.01334 1.76223
-1.01325 1.76206
-1.01317 1.76190
-1.01308 1.76174
-1.01299 1.76158
-1.01291 1.76142
-1.01282 1.76125
-1.01273 1.76109
-1.01265 1.76093
-1.01256 1.76077
-1.01247 1.76061
-1.01239 1.76045
-1.01230 1.76028
-1.01221 1.76012
-1.01213 1.75996
-1.01204 1.75980
-1.01195 1.75963
-1.01186 1.75947
-1.01178 1.75931
-1.01169 1.75915
-1.01160 1.75899
-1.01152 1.75882
-1.01143 1.75866
-1.01134 1.75850
-1.01126 1.75834
-1.01117 1.75818
-1.01108 1.75801
-1.01100 1.75785
-1.01091 1.75769
-1.01082 1.75753
-1.01074 1.75737
-1.01065 1.75720
-1.01056 1.75704
-1.01048 1.75688
-1.01039 1.75672
-1.01030 1.75655
-1.01022 1.75639
-1.01013 1.75623
-1.01004 1.75607
-1.00996 1.75590
-1.00987 1.75574
-1.00978 1.75558
-1.00969 1.75542
-1.00961 1.75526
-1.00952 1.75509
-1.00943 1.75493
-1.00935 1.75477
-1.00926 1.75461
-1.00917 1.75444
-1.00909 1.75428
-1.00900 1.75412
-1.00891 1.75396
-1.00883 1.75379
-1.00874 1.75363
-1.00865 1.75347
-1.00857 1.75331
-1.00851 1.75313
-1.00846 1.75295
-1.00841 1.75277
-1.00836 1.75258
-1.00832 1.75240
-1.00827 1.75222
-1.00822 1.75204
-1.00818 1.75185
-1.00813 1.75167
-1.00808 1.75149
-1.00804 1.75131
-1.00799 1.75112
-1.00794 1.75094
-1.00789 1.75076
-1.00785 1.75057
-1.00780 1.75039
-1.00775 1.75021
-1.00771 1.75003
-1.00766 1.74984
-1.00761 1.74966
-1.00756 1.74948
-1.00752 1.74930
-1.00747 1.74911
-1.00742 1.74893
-1.00738 1.74875
-1.00733 1.74856
-1.00728 1.74838
-1.00723 1.74820
-1.00719 1.74802
-1.00714 1.74783
-1.00709 1.74765
-1.00705 1.74747
-1.00700 1.74728
-1.00695 1.74710
-1.00690 1.74692
-1.00686 1.74674
-1.00681 1.74655
-1.00676 1.74637
-1.00671 1.74619
-1.00667 1.74600
-1.00662 1.74582
-1.00657 1.74564
-1.00652 1.74545
-1.00648 1.74527
-1.00643 1.74509
-1.00638 1.74491
-1.00633 1.74472
-1.00629 1.74454
-1.00624 1.74436
-1.00619 1.74417
-1.00614 1.74399
-1.00610 1.74381
-1.00605 1.74362
-1.00600 1.74344
-1.00595 1.74326
-1.00591 1.74307
-1.00586 1.74289
-1.00581 1.74271
-1.00576 1.74252
-1.00571 1.74234
-1.00567 1.74216
-1.00562 1.74197
-1.00557 1.74179
-1.00552 1.74161
-1.00548 1.74142
-1.00543 1.74124
-1.00538 1.74106
-1.00533 1.74087
-1.00528 1.74069
-1.00524 1.74051
-1.00519 1.74032
-1.00514 1.74014
-1.00509 1.73996
-1.00504 1.73977
-1.00500 1.73959
-1.00495 1.73941
-1.00490 1.73922
-1.00485 1.73904
-1.00480 1.73886
-1.00476 1.73867
-1.00471 1.73849
-1.00466 1.73830
-1.00461 1.73812
-1.00456 1.73794
-1.00452 1.73775
-1.00447 1.73757
-1.00442 1.73739
-1.00437 1.73720
-1.00432 1.73702
-1.00427 1.73683
-1.00423 1.73665
-1.00418 1.73647
-1.00413 1.73628
-1.00408 1.73610
-1.00403 1.73592
-1.00399 1.73573
-1.00394 1.73555
-1.00389 1.73536
-1.00384 1.73518
-1.00379 1.73500
-1.00374 1.73481
-1.00370 1.73463
-1.00365 1.73444
-1.00360 1.73426
-1.00355 1.73408
-1.00350 1.73389
-1.00345 1.73371
-1.00340 1.73352
-1.00336 1.73334
-1.00331 1.73316
-1.00326 1.73297
-1.00321 1.73279
-1.00316 1.73260
-1.00311 1.73242
-1.00306 1.73224
-1.00302 1.73205
-1.00297 1.73187
-1.00292 1.73168
-1.00287 1.73150
-1.00282 1.73132
-1.00277 1.73113
-1.00272 1.73095
-1.00268 1.73076
-1.00263 1.73058
-1.00258 1.73039
-1.00253 1.73021
-1.00248 1.73003
-1.00243 1.72984
-1.00238 1.72966
-1.00233 1.72947
-1.00229 1.72929
-1.00224 1.72910
-1.00219 1.72892
-1.00214 1.72873
-1.00209 1.72855
-1.00204 1.72837
-1.00199 1.72818
-1.00194 1.72800
-1.00189 1.72781
-1.00185 1.72763
-1.00180 1.72744
-1.00175 1.72726
-1.00170 1.72707
-1.00165 1.72689
-1.00160 1.72671
-1.00155 1.72652
-1.00150 1.72634
-1.00145 1.72615
-1.00140 1.72597
-1.00136 1.72578
-1.00131 1.72560
-1.00126 1.72541
-1.00121 1.72523
-1.00116 1.72504
-1.00111 1.72486
-1.00106 1.72467
-1.00101 1.72449
-1.00096 1.72430
-1.00091 1.72412
-1.00086 1.72393
-1.00081 1.72375
-1.00075 1.72357
-1.00066 1.72341
-1.00058 1.72324
-1.00049 1.72308
-1.00040 1.72291
-1.00031 1.72275
-1.00022 1.72259
-1.00013 1.72242
-1.00005 1.72226
-0.99996 1.72209
-0.99987 1.72193
-0.99978 1.72176
-0.99969 1.72160
-0.99961 1.72143
-0.99952 1.72127
-0.99943 1.72111
-0.99934 1.72094
-0.99925 1.72078
-0.99916 1.72061
-0.99908 1.72045
-0.99899 1.72028
-0.99890 1.72012
-0.99881 1.71995
-0.99872 1.71979
-0.99863 1.71962
-0.99855 1.71946
-0.99846 1.71930
-0.99837 1.71913
-0.99828 1.71897
-0.99819 1.71880
-0.99810 1.71864
-0.99802 1.71847
-0.99793 1.71831
-0.99784 1.71814
-0.99775 1.71798
-0.99766 1.71781
-0.99757 1.71765
-0.99749 1.71748
-0.99740 1.71732
-0.99731 1.71715
-0.99722 1.71699
-0.99713 1.71682
-0.99704 1.71666
-0.99696 1.71649
-0.99687 1.71633
-0.99678 1.71616
-0.99669 1.71600
-0.99660 1.71583
-0.99651 1.71567
-0.99643 1.71550
-0.99634 1.71534
-0.99625 1.71518
-0.99616 1.71501
-0.99607 1.71485
-0.99598 1.71468
-0.99590 1.71452
-0.99581 1.71435
-0.99572 1.71419
-0.99563 1.71402
-0.99554 1.71385
-0.99545 1.71369
-0.99537 1.71352
-0.99528 1.71336
-0.99519 1.71319
-0.99510 1.71303
-0.99501 1.71286
-0.99492 1.71270
-0.99484 1.71253
-0.99475 1.71237
-0.99466 1.71220
-0.99457 1.71204
-0.99448 1.71187
-0.99439 1.71171
-0.99430 1.71154
-0.99422 1.71138
-0.99413 1.71121
-0.99404 1.71105
-0.99395 1.71088
-0.99386 1.71072
-0.99377 1.71055
-0.99369 1.71039
-0.99361 1.71021
-0.99355 1.71003
-0.99349 1.70985
-0.99343 1.70967
-0.99336 1.70950
-0.99330 1.70932
-0.99324 1.70914
-0.99317 1.70896
-0.99311 1.70878
-0.99305 1.70860
-0.99299 1.70842
-0.99292 1.70824
-0.99286 1.70806
-0.99280 1.70788
-0.99273 1.70770
-0.99267 1.70753
-0.99261 1.70735
-0.99254 1.70717
-0.99248 1.70699
-0.99242 1.70681
-0.99236 1.70663
-0.99229 1.70645
-0.99223 1.70627
-0.99217 1.70609
-0.99210 1.70591
-0.99204 1.70573
-0.99198 1.70555
-0.99191 1.70537
-0.99185 1.70519
-0.99179 1.70502
-0.99172 1.70484
-0.99166 1.70466
-0.99160 1.70448
-0.99154 1.70430
-0.99147 1.70412
-0.99141 1.70394
-0.99135 1.70376
-0.99128 1.70358
-0.99122 1.70340
-0.99116 1.70322
-0.99109 1.70304
-0.99103 1.70286
-0.99097 1.70268
-0.99090 1.70250
-0.99084 1.70232
-0.99078 1.70214
-0.99071 1.70196
-0.99065 1.70178
-0.99059 1.70160
-0.99052 1.70142
-0.99046 1.70125
-0.99040 1.70107
-0.99033 1.70089
-0.99027 1.70071
-0.99021 1.70053
-0.99014 1.70035
-0.99008 1.70017
-0.99002 1.69999
-0.98995 1.69981
-0.98989 1.69963
-0.98983 1.69945
-0.98976 1.69927
-0.98970 1.69909
-0.98964 1.69891
-0.98957 1.69873
-0.98951 1.69855
-0.98945 1.69837
-0.98938 1.69819
-0.98932 1.69801
-0.98925 1.69783
-0.98919 1.69765
-0.98913 1.69747
-0.98906 1.69729
-0.98900 1.69711
-0.98894 1.69693
-0.98887 1.69675
-0.98881 1.69657
-0.98875 1.69639
-0.98868 1.69621
-0.98862 1.69603
-0.98856 1.69585
-0.98849 1.69567
-0.98843 1.69549
-0.98836 1.69531
-0.98830 1.69513
-0.98824 1.69495
-0.98817 1.69477
-0.98811 1.69459
-0.98805 1.69441
-0.98798 1.69423
-0.98792 1.69405
-0.98785 1.69387
-0.98779 1.69369
-0.98773 1.69351
-0.98766 1.69333
-0.98760 1.69315
-0.98754 1.69297
-0.98747 1.69278
-0.98741 1.69260
-0.98734 1.69242
-0.98728 1.69224
-0.98722 1.69206
-0.98715 1.69188
-0.98709 1.69170
-0.98702 1.69152
-0.98696 1.69134
-0.98690 1.69116
-0.98683 1.69098
-0.98677 1.69080
-0.98670 1.69062
-0.98664 1.69044
-0.98658 1.69026
-0.98651 1.69008
-0.98645 1.68990
-0.98638 1.68972
-0.98632 1.68954
-0.98626 1.68936
-0.98619 1.68918
-0.98613 1.68899
-0.98606 1.68881
-0.98600 1.68863
-0.98594 1.68845
-0.98587 1.68827
-0.98581 1.68809
-0.98574 1.68791
-0.98568 1.68773
-0.98562 1.68755
-0.98555 1.68737
-0.98549 1.68719
-0.98542 1.68701
-0.98536 1.68683
-0.98529 1.68665
-0.98523 1.68646
-0.98517 1.68628
-0.98510 1.68610
-0.98504 1.68592
-0.98497 1.68574
-0.98491 1.68556
-0.98484 1.68538
-0.98478 1.68520
-0.98472 1.68502
-0.98465 1.68484
-0.98459 1.68466
-0.98452 1.68447
-0.98446 1.68429
-0.98439 1.68411
-0.98433 1.68393
-0.98427 1.68375
-0.98420 1.68357
-0.98414 1.68339
-0.98407 1.68321
-0.98401 1.68303
-0.98394 1.68285
-0.98388 1.68266
-0.98381 1.68248
-0.98375 1.68230
-0.98369 1.68212
-0.98362 1.68194
-0.98356 1.68176
-0.98349 1.68158
-0.98343 1.68140
-0.98336 1.68121
-0.98330 1.68103
-0.98323 1.68085
-0.98317 1.68067
-0.98310 1.68049
-0.98304 1.68031
-0.98297 1.68013
-0.98291 1.67995
-0.98285 1.67976
-0.98278 1.67958
-0.98272 1.67940
-0.98265 1.67922
-0.98259 1.67904
-0.98252 1.67886
-0.98246 1.67868
-0.98239 1.67849
-0.98233 1.67831
-0.98226 1.67813
-0.98220 1.67795
-0.98213 1.67777
-0.98207 1.67759
-0.98200 1.67740
-0.98194 1.67722
-0.98187 1.67704
-0.98181 1.67686
-0.98175 1.67668
-0.98168 1.67650
-0.98162 1.67632
-0.98155 1.67613
-0.98149 1.67595
-0.98142 1.67577
-0.98136 1.67559
-0.98129 1.67541
-0.98123 1.67523
-0.98116 1.67504
-0.98110 1.67486
-0.98103 1.67468
-0.98097 1.67450
-0.98090 1.67432
-0.98084 1.67413
-0.98077 1.67395
-0.98071 1.67377
-0.98064 1.67359
-0.98058 1.67341
-0.98051 1.67323
-0.98045 1.67304
-0.98038 1.67286
-0.98032 1.67268
-0.98025 1.67250
-0.98019 1.67232
-0.98012 1.67213
-0.98006 1.67195
-0.97999 1.67177
-0.97993 1.67159
-0.97986 1.67141
-0.97980 1.67122
-0.97973 1.67104
-0.97967 1.67086
-0.97960 1.67068
-0.97953 1.67050
-0.97947 1.67031
-0.97940 1.67013
-0.97934 1.66995
-0.97927 1.66977
-0.97921 1.66958
-0.97914 1.66940
-0.97908 1.66922
-0.97901 1.66904
-0.97895 1.66886
-0.97888 1.66867
-0.97882 1.66849
-0.97875 1.66831
-0.97869 1.66813
-0.97862 1.66794
-0.97856 1.66776
-0.97849 1.66758
-0.97842 1.66740
-0.97836 1.66721
-0.97829 1.66703
-0.97823 1.66685
-0.97816 1.66667
-0.97813 1.66647
-0.97811 1.66626
-0.97810 1.66605
-0.97808 1.66584
-0.97807 1.66562
-0.97805 1.66541
-0.97803 1.66520
-0.97802 1.66499
-0.97800 1.66478
-0.97799 1.66457
-0.97797 1.66436
-0.97795 1.66415
-0.97794 1.66394
-0.97792 1.66373
-0.97790 1.66352
-0.97789 1.66331
-0.97787 1.66310
-0.97785 1.66288
-0.97784 1.66267
-0.97782 1.66246
-0.97780 1.66225
-0.97779 1.66204
-0.97777 1.66183
-0.97775 1.66162
-0.97774 1.66141
-0.97772 1.66120
-0.97770 1.66098
-0.97769 1.66077
-0.97767 1.66056
-0.97765 1.66035
-0.97764 1.66014
-0.97762 1.65993
-0.97760 1.65972
-0.97759 1.65951
-0.97757 1.65929
-0.97755 1.65908
-0.97753 1.65887
-0.97752 1.65866
-0.97750 1.65845
-0.97748 1.65824
-0.97747 1.65803
-0.97745 1.65781
-0.97743 1.65760
-0.97741 1.65739
-0.97740 1.65718
-0.97738 1.65697
-0.97736 1.65675
-0.97734 1.65654
-0.97733 1.65633
-0.97731 1.65612
-0.97729 1.65591
-0.97727 1.65570
-0.97726 1.65548
-0.97724 1.65527
-0.97722 1.65506
-0.97720 1.65485
-0.97719 1.65464
-0.97717 1.65442
-0.97715 1.65421
-0.97713 1.65400
-0.97711 1.65379
-0.97710 1.65358
-0.97708 1.65336
-0.97706 1.65315
-0.97704 1.65294
-0.97702 1.65273
-0.97701 1.65251
-0.97699 1.65230
-0.97697 1.65209
-0.97695 1.65188
-0.97693 1.65166
-0.97692 1.65145
-0.97690 1.65124
-0.97688 1.65103
-0.97686 1.65081
-0.97684 1.65060
-0.97682 1.65039
-0.97681 1.65018
-0.97679 1.64996
-0.97677 1.64975
-0.97675 1.64954
-0.97668 1.64935
-0.97662 1.64917
-0.97655 1.64899
-0.97648 1.64880
-0.97641 1.64862
-0.97635 1.64843
-0.97628 1.64825
-0.97621 1.64807
-0.97615 1.64788
-0.97608 1.64770
-0.97601 1.64751
-0.97595 1.64733
-0.97588 1.64715
-0.97581 1.64696
-0.97574 1.64678
-0.97568 1.64659
-0.97561 1.64641
-0.97554 1.64623
-0.97548 1.64604
-0.97541 1.64586
-0.97534 1.64567
-0.97527 1.64549
-0.97521 1.64530
-0.97514 1.64512
-0.97507 1.64494
-0.97500 1.64475
-0.97494 1.64457
-0.97487 1.64438
-0.97480 1.64420
-0.97474 1.64401
-0.97467 1.64383
-0.97460 1.64364
-0.97453 1.64346
-0.97447 1.64328
-0.97440 1.64309
-0.97433 1.64291
-0.97426 1.64272
-0.97420 1.64254
-0.97413 1.64235
-0.97406 1.64217
-0.97400 1.64198
-0.97393 1.64180
-0.97386 1.64162
-0.97379 1.64143
-0.97373 1.64125
-0.97366 1.64106
-0.97359 1.64088
-0.97352 1.64069
-0.97346 1.64051
-0.97339 1.64032
-0.97332 1.64014
-0.97325 1.63995
-0.97319 1.63977
-0.97312 1.63958
-0.97305 1.63940
-0.97298 1.63921
-0.97291 1.63903
-0.97285 1.63885
-0.97278 1.63866
-0.97271 1.63848
-0.97264 1.63829
-0.97258 1.63811
-0.97251 1.63792
-0.97244 1.63774
-0.97237 1.63755
-0.97231 1.63737
-0.97224 1.63718
-0.97217 1.63700
-0.97210 1.63681
-0.97204 1.63663
-0.97197 1.63644
-0.97190 1.63626
-0.97183 1.63607
-0.97176 1.63589
-0.97170 1.63570
-0.97163 1.63552
-0.97156 1.63533
-0.97149 1.63515
-0.97143 1.63496
-0.97136 1.63478
-0.97129 1.63459
-0.97122 1.63441
-0.97115 1.63422
-0.97109 1.63403
-0.97102 1.63385
-0.97095 1.63366
-0.97088 1.63348
-0.97081 1.63329
-0.97075 1.63311
-0.97068 1.63292
-0.97061 1.63274
-0.97054 1.63255
-0.97047 1.63237
-0.97041 1.63218
-0.97034 1.63200
-0.97027 1.63181
-0.97020 1.63163
-0.97013 1.63144
-0.97007 1.63125
-0.97000 1.63107
-0.96993 1.63088
-0.96986 1.63070
-0.96979 1.63051
-0.96973 1.63033
-0.96966 1.63014
-0.96959 1.62996
-0.96952 1.62977
-0.96945 1.62959
-0.96938 1.62940
-0.96932 1.62921
-0.96925 1.62903
-0.96918 1.62884
-0.96911 1.62866
-0.96904 1.62847
-0.96898 1.62829
-0.96891 1.62810
-0.96884 1.62791
-0.96877 1.62773
-0.96870 1.62754
-0.96863 1.62736
-0.96857 1.62717
-0.96850 1.62699
-0.96843 1.62680
-0.96836 1.62661
-0.96829 1.62643
-0.96822 1.62624
-0.96816 1.62606
-0.96809 1.62587
-0.96802 1.62568
-0.96795 1.62550
-0.96788 1.62531
-0.96781 1.62513
-0.96775 1.62494
-0.96768 1.62475
-0.96761 1.62457
-0.96754 1.62438
-0.96747 1.62420
-0.96740 1.62401
-0.96733 1.62382
-0.96727 1.62364
-0.96720 1.62345
-0.96713 1.62327
-0.96706 1.62308
-0.96699 1.62289
-0.96692 1.62271
-0.96685 1.62252
-0.96679 1.62233
-0.96672 1.62215
-0.96665 1.62196
-0.96658 1.62178
-0.96651 1.62159
-0.96644 1.62140
-0.96637 1.62122
-0.96631 1.62103
-0.96624 1.62084
-0.96617 1.62066
-0.96610 1.62047
-0.96603 1.62028
-0.96596 1.62010
-0.96589 1.61991
-0.96582 1.61973
-0.96576 1.61954
-0.96569 1.61935
-0.96562 1.61917
-0.96555 1.61898
-0.96548 1.61879
-0.96541 1.61861
-0.96534 1.61842
-0.96527 1.61823
-0.96521 1.61805
-0.96514 1.61786
-0.96507 1.61767
-0.96500 1.61749
-0.96493 1.61730
-0.96486 1.61711
-0.96479 1.61693
-0.96472 1.61674
-0.96465 1.61655
-0.96459 1.61637
-0.96452 1.61618
-0.96445 1.61599
-0.96438 1.61581
-0.96431 1.61562
-0.96424 1.61543
-0.96417 1.61525
-0.96410 1.61506
-0.96403 1.61487
-0.96396 1.61469
-0.96389 1.61450
-0.96383 1.61431
-0.96376 1.61412
-0.96369 1.61394
-0.96362 1.61375
-0.96355 1.61356
-0.96348 1.61338
-0.96341 1.61319
-0.96334 1.61300
-0.96327 1.61282
-0.96320 1.61263
-0.96313 1.61244
-0.96307 1.61225
-0.96300 1.61207
-0.96293 1.61188
-0.96286 1.61169
-0.96279 1.61151
-0.96272 1.61132
-0.96265 1.61113
-0.96258 1.61094
-0.96251 1.61076
-0.96244 1.61057
-0.96237 1.61038
-0.96230 1.61019
-0.96223 1.61001
-0.96216 1.60982
-0.96209 1.60963
-0.96203 1.60945
-0.96196 1.60926
-0.96189 1.60907
-0.96182 1.60888
-0.96175 1.60870
-0.96168 1.60851
-0.96161 1.60832
-0.96154 1.60813
-0.96147 1.60795
-0.96140 1.60776
-0.96133 1.60757
-0.96126 1.60738
-0.96119 1.60720
-0.96112 1.60701
-0.96105 1.60682
-0.96098 1.60663
-0.96091 1.60645
-0.96084 1.60626
-0.96077 1.60607
-0.96071 1.60588
-0.96064 1.60569
-0.96057 1.60551
-0.96050 1.60532
-0.96043 1.60513
-0.96036 1.60494
-0.96029 1.60476
-0.96022 1.60457
-0.96019 1.60435
-0.96017 1.60413
-0.96015 1.60392
-0.96012 1.60370
-0.96010 1.60348
-0.96008 1.60326
-0.96005 1.60305
-0.96003 1.60283
-0.96001 1.60261
-0.95998 1.60239
-0.95996 1.60217
-0.95994 1.60196
-0.95991 1.60174
-0.95989 1.60152
-0.95987 1.60130
-0.95984 1.60109
-0.95982 1.60087
-0.95980 1.60065
-0.95977 1.60043
-0.95975 1.60021
-0.95973 1.60000
-0.95970 1.59978
-0.95968 1.59956
-0.95965 1.59934
-0.95963 1.59912
-0.95961 1.59890
-0.95958 1.59869
-0.95956 1.59847
-0.95953 1.59825
-0.95951 1.59803
-0.95949 1.59781
-0.95946 1.59759
-0.95944 1.59738
-0.95941 1.59716
-0.95939 1.59694
-0.95936 1.59672
-0.95934 1.59650
-0.95932 1.59628
-0.95929 1.59606
-0.95927 1.59585
-0.95924 1.59563
-0.95922 1.59541
-0.95919 1.59519
-0.95917 1.59497
-0.95915 1.59475
-0.95912 1.59453
-0.95910 1.59431
-0.95907 1.59409
-0.95905 1.59388
-0.95902 1.59366
-0.95900 1.59344
-0.95897 1.59322
-0.95895 1.59300
-0.95892 1.59278
-0.95890 1.59256
-0.95887 1.59234
-0.95885 1.59212
-0.95882 1.59190
-0.95880 1.59168
-0.95877 1.59147
-0.95875 1.59125
-0.95872 1.59103
-0.95870 1.59081
-0.95867 1.59059
-0.95865 1.59037
-0.95862 1.59015
-0.95860 1.58993
-0.95857 1.58971
-0.95855 1.58949
-0.95852 1.58927
-0.95850 1.58905
-0.95847 1.58883
-0.95845 1.58861
-0.95842 1.58839
-0.95840 1.58817
-0.95837 1.58795
-0.95834 1.58773
-0.95832 1.58751
-0.95829 1.58729
-0.95827 1.58707
-0.95823 1.58686
-0.95817 1.58666
-0.95811 1.58647
-0.95805 1.58627
-0.95799 1.58607
-0.95793 1.58587
-0.95787 1.58568
-0.95781 1.58548
-0.95775 1.58528
-0.95769 1.58509
-0.95763 1.58489
-0.95757 1.58469
-0.95751 1.58449
-0.95745 1.58430
-0.95739 1.58410
-0.95733 1.58390
-0.95727 1.58370
-0.95721 1.58351
-0.95715 1.58331
-0.95709 1.58311
-0.95703 1.58291
-0.95697 1.58272
-0.95691 1.58252
-0.95685 1.58232
-0.95679 1.58212
-0.95673 1.58193
-0.95667 1.58173
-0.95661 1.58153
-0.95655 1.58133
-0.95649 1.58114
-0.95643 1.58094
-0.95637 1.58074
-0.95631 1.58054
-0.95625 1.58035
-0.95619 1.58015
-0.95613 1.57995
-0.95607 1.57975
-0.95601 1.57955
-0.95595 1.57936
-0.95588 1.57916
-0.95582 1.57896
-0.95576 1.57876
-0.95570 1.57856
-0.95564 1.57837
-0.95558 1.57817
-0.95552 1.57797
-0.95546 1.57777
-0.95540 1.57757
-0.95534 1.57738
-0.95528 1.57718
-0.95522 1.57698
-0.95516 1.57678
-0.95510 1.57658
-0.95504 1.57639
-0.95498 1.57619
-0.95492 1.57599
-0.95485 1.57579
-0.95479 1.57559
-0.95473 1.57540
-0.95467 1.57520
-0.95461 1.57500
-0.95455 1.57480
-0.95449 1.57460
-0.95443 1.57440
-0.95437 1.57421
-0.95431 1.57401
-0.95425 1.57381
-0.95419 1.57361
-0.95412 1.57341
-0.95406 1.57321
-0.95400 1.57301
-0.95394 1.57282
-0.95388 1.57262
-0.95382 1.57242
-0.95376 1.57222
-0.95370 1.57202
-0.95364 1.57182
-0.95358 1.57163
-0.95352 1.57143
-0.95345 1.57123
-0.95339 1.57103
-0.95333 1.57083
-0.95327 1.57063
-0.95321 1.57043
-0.95315 1.57023
-0.95309 1.57004
-0.95303 1.56984
-0.95296 1.56964
-0.95290 1.56944
-0.95284 1.56924
-0.95278 1.56904
-0.95272 1.56884
-0.95266 1.56864
-0.95260 1.56844
-0.95254 1.56825
-0.95247 1.56805
-0.95241 1.56785
-0.95235 1.56765
-0.95229 1.56745
-0.95223 1.56725
-0.95217 1.56705
-0.95211 1.56685
-0.95205 1.56665
-0.95198 1.56645
-0.95192 1.56625
-0.95186 1.56606
-0.95180 1.56586
-0.95174 1.56566
-0.95168 1.56546
-0.95161 1.56526
-0.95155 1.56506
-0.95149 1.56486
-0.95143 1.56466
-0.95137 1.56446
-0.95131 1.56426
-0.95124 1.56406
-0.95118 1.56386
-0.95112 1.56366
-0.95106 1.56346
-0.95100 1.56326
-0.95094 1.56307
-0.95087 1.56287
-0.95081 1.56267
-0.95075 1.56247
-0.95069 1.56227
-0.95063 1.56207
-0.95057 1.56187
-0.95050 1.56167
-0.95044 1.56147
-0.95038 1.56127
-0.95032 1.56107
-0.95026 1.56087
-0.95019 1.56067
-0.95013 1.56047
-0.95007 1.56027
-0.95001 1.56007
-0.94995 1.55987
-0.94988 1.55967
-0.94982 1.55947
-0.94976 1.55927
-0.94970 1.55907
-0.94964 1.55887
-0.94957 1.55867
-0.94951 1.55847
-0.94945 1.55827
-0.94939 1.55807
-0.94933 1.55787
-0.94926 1.55767
-0.94920 1.55747
-0.94914 1.55727
-0.94908 1.55707
-0.94902 1.55687
-0.94895 1.55667
-0.94889 1.55647
-0.94883 1.55627
-0.94877 1.55607
-0.94870 1.55587
-0.94864 1.55567
-0.94858 1.55547
-0.94852 1.55527
-0.94845 1.55507
-0.94839 1.55487
-0.94836 1.55464
-0.94833 1.55442
-0.94830 1.55420
-0.94828 1.55397
-0.94825 1.55375
-0.94822 1.55352
-0.94819 1.55330
-0.94816 1.55308
-0.94813 1.55285
-0.94810 1.55263
-0.94807 1.55240
-0.94804 1.55218
-0.94801 1.55195
-0.94798 1.55173
-0.94795 1.55151
-0.94792 1.55128
-0.94789 1.55106
-0.94786 1.55083
-0.94783 1.55061
-0.94780 1.55038
-0.94777 1.55016
-0.94774 1.54993
-0.94771 1.54971
-0.94768 1.54948
-0.94765 1.54926
-0.94762 1.54904
-0.94759 1.54881
-0.94756 1.54859
-0.94753 1.54836
-0.94750 1.54814
-0.94747 1.54791
-0.94744 1.54769
-0.94741 1.54746
-0.94738 1.54724
-0.94735 1.54701
-0.94732 1.54679
-0.94729 1.54656
-0.94726 1.54634
-0.94723 1.54611
-0.94720 1.54589
-0.94717 1.54566
-0.94714 1.54543
-0.94711 1.54521
-0.94707 1.54498
-0.94704 1.54476
-0.94701 1.54453
-0.94698 1.54431
-0.94695 1.54408
-0.94692 1.54386
-0.94689 1.54363
-0.94686 1.54341
-0.94683 1.54318
-0.94680 1.54295
-0.94677 1.54273
-0.94674 1.54250
-0.94670 1.54228
-0.94667 1.54205
-0.94664 1.54183
-0.94661 1.54160
-0.94658 1.54137
-0.94655 1.54115
-0.94652 1.54092
-0.94649 1.54070
-0.94646 1.54047
-0.94642 1.54024
-0.94639 1.54002
-0.94636 1.53979
-0.94633 1.53957
-0.94630 1.53934
-0.94627 1.53911
-0.94624 1.53889
-0.94620 1.53866
-0.94617 1.53843
-0.94614 1.53821
-0.94611 1.53798
-0.94608 1.53776
-0.94605 1.53753
-0.94601 1.53730
-0.94598 1.53708
-0.94595 1.53685
-0.94591 1.53663
-0.94586 1.53642
-0.94580 1.53621
-0.94575 1.53600
-0.94570 1.53579
-0.94564 1.53558
-0.94559 1.53536
-0.94554 1.53515
-0.94548 1.53494
-0.94543 1.53473
-0.94538 1.53452
-0.94532 1.53431
-0.94527 1.53410
-0.94522 1.53389
-0.94516 1.53368
-0.94511 1.53347
-0.94505 1.53326
-0.94500 1.53305
-0.94495 1.53283
-0.94489 1.53262
-0.94484 1.53241
-0.94479 1.53220
-0.94473 1.53199
-0.94468 1.53178
-0.94462 1.53157
-0.94457 1.53136
-0.94452 1.53115
-0.94446 1.53094
-0.94441 1.53072
-0.94435 1.53051
-0.94430 1.53030
-0.94425 1.53009
-0.94419 1.52988
-0.94414 1.52967
-0.94408 1.52946
-0.94403 1.52925
-0.94398 1.52903
-0.94392 1.52882
-0.94387 1.52861
-0.94381 1.52840
-0.94376 1.52819
-0.94370 1.52798
-0.94365 1.52777
-0.94360 1.52755
-0.94354 1.52734
-0.94349 1.52713
-0.94343 1.52692
-0.94338 1.52671
-0.94332 1.52650
-0.94327 1.52628
-0.94322 1.52607
-0.94316 1.52586
-0.94311 1.52565
-0.94305 1.52544
-0.94300 1.52522
-0.94294 1.52501
-0.94289 1.52480
-0.94283 1.52459
-0.94278 1.52438
-0.94272 1.52417
-0.94267 1.52395
-0.94262 1.52374
-0.94256 1.52353
-0.94251 1.52332
-0.94245 1.52311
-0.94240 1.52289
-0.94234 1.52268
-0.94229 1.52247
-0.94223 1.52226
-0.94218 1.52204
-0.94212 1.52183
-0.94207 1.52162
-0.94201 1.52141
-0.94196 1.52120
-0.94190 1.52098
-0.94185 1.52077
-0.94179 1.52056
-0.94174 1.52035
-0.94168 1.52013
-0.94163 1.51992
-0.94157 1.51971
-0.94152 1.51950
-0.94146 1.51928
-0.94141 1.51907
-0.94135 1.51886
-0.94130 1.51865
-0.94124 1.51843
-0.94119 1.51822
-0.94113 1.51801
-0.94108 1.51779
-0.94102 1.51758
-0.94097 1.51737
-0.94091 1.51716
-0.94086 1.51694
-0.94080 1.51673
-0.94074 1.51652
-0.94069 1.51630
-0.94063 1.51609
-0.94058 1.51588
-0.94052 1.51567
-0.94047 1.51545
-0.94041 1.51524
-0.94036 1.51503
-0.94030 1.51481
-0.94025 1.51460
-0.94019 1.51439
-0.94013 1.51417
-0.94008 1.51396
-0.94002 1.51375
-0.93997 1.51353
-0.93991 1.51332
-0.93986 1.51311
-0.93980 1.51289
-0.93974 1.51268
-0.93969 1.51247
-0.93963 1.51225
-0.93958 1.51204
-0.93952 1.51183
-0.93947 1.51161
-0.93941 1.51140
-0.93935 1.51119
-0.93930 1.51097
-0.93924 1.51076
-0.93919 1.51055
-0.93913 1.51033
-0.93907 1.51012
-0.93902 1.50991
-0.93896 1.50969
-0.93891 1.50948
-0.93885 1.50926
-0.93879 1.50905
-0.93874 1.50884
-0.93868 1.50862
-0.93863 1.50841
-0.93857 1.50819
-0.93851 1.50798
-0.93846 1.50777
-0.93840 1.50755
-0.93834 1.50734
-0.93829 1.50712
-0.93823 1.50691
-0.93818 1.50670
-0.93812 1.50648
-0.93806 1.50627
-0.93801 1.50605
-0.93795 1.50584
-0.93789 1.50563
-0.93784 1.50541
-0.93778 1.50520
-0.93772 1.50498
-0.93767 1.50477
-0.93761 1.50455
-0.93755 1.50434
-0.93750 1.50413
-0.93744 1.50391
-0.93738 1.50370
-0.93733 1.50348
-0.93727 1.50327
-0.93721 1.50305
-0.93716 1.50284
-0.93710 1.50262
-0.93704 1.50241
-0.93699 1.50219
-0.93693 1.50198
-0.93687 1.50177
-0.93682 1.50155
-0.93676 1.50134
-0.93670 1.50112
-0.93665 1.50091
-0.93659 1.50069
-0.93653 1.50048
-0.93648 1.50026
-0.93642 1.50005
-0.93636 1.49983
-0.93630 1.49962
-0.93625 1.49940
-0.93619 1.49919
-0.93613 1.49897
-0.93608 1.49876
-0.93602 1.49854
-0.93596 1.49833
-0.93591 1.49811
-0.93585 1.49790
-0.93579 1.49768
-0.93573 1.49747
-0.93568 1.49725
-0.93562 1.49703
-0.93556 1.49682
-0.93550 1.49660
-0.93545 1.49639
-0.93539 1.49617
-0.93533 1.49596
-0.93527 1.49574
-0.93522 1.49553
-0.93516 1.49531
-0.93510 1.49510
-0.93504 1.49488
-0.93499 1.49466
-0.93493 1.49445
-0.93487 1.49423
-0.93481 1.49402
-0.93476 1.49380
-0.93470 1.49359
-0.93464 1.49337
-0.93458 1.49315
-0.93453 1.49294
-0.93447 1.49272
-0.93441 1.49251
-0.93435 1.49229
-0.93430 1.49208
-0.93424 1.49186
-0.93418 1.49164
-0.93412 1.49143
-0.93406 1.49121
-0.93401 1.49100
-0.93395 1.49078
-0.93389 1.49056
-0.93383 1.49035
-0.93377 1.49013
-0.93372 1.48992
-0.93366 1.48970
-0.93360 1.48948
-0.93354 1.48927
-0.93348 1.48905
-0.93343 1.48883
-0.93337 1.48862
-0.93331 1.48840
-0.93325 1.48818
-0.93319 1.48797
-0.93314 1.48775
-0.93308 1.48754
-0.93302 1.48732
-0.93296 1.48710
-0.93290 1.48689
-0.93284 1.48667
-0.93279 1.48645
-0.93273 1.48624
-0.93267 1.48602
-0.93261 1.48580
-0.93255 1.48559
-0.93249 1.48537
-0.93244 1.48515
-0.93238 1.48493
-0.93235 1.48470
-0.93231 1.48446
-0.93227 1.48423
-0.93223 1.48399
-0.93219 1.48376
-0.93216 1.48353
-0.93212 1.48329
-0.93208 1.48306
-0.93204 1.48282
-0.93200 1.48259
-0.93196 1.48235
-0.93193 1.48212
-0.93189 1.48189
-0.93185 1.48165
-0.93181 1.48142
-0.93177 1.48118
-0.93173 1.48095
-0.93169 1.48071
-0.93166 1.48048
-0.93162 1.48024
-0.93158 1.48001
-0.93154 1.47977
-0.93150 1.47954
-0.93146 1.47931
-0.93142 1.47907
-0.93138 1.47884
-0.93134 1.47860
-0.93131 1.47837
-0.93127 1.47813
-0.93123 1.47790
-0.93119 1.47766
-0.93115 1.47743
-0.93111 1.47719
-0.93107 1.47696
-0.93103 1.47672
-0.93099 1.47649
-0.93095 1.47625
-0.93091 1.47601
-0.93088 1.47578
-0.93084 1.47554
-0.93080 1.47531
-0.93076 1.47507
-0.93072 1.47484
-0.93068 1.47460
-0.93064 1.47437
-0.93060 1.47413
-0.93056 1.47390
-0.93052 1.47366
-0.93048 1.47342
-0.93044 1.47319
-0.93040 1.47295
-0.93036 1.47272
-0.93032 1.47248
-0.93028 1.47224
-0.93024 1.47201
-0.93020 1.47177
-0.93016 1.47154
-0.93012 1.47130
-0.93008 1.47106
-0.93004 1.47083
-0.93000 1.47059
-0.92996 1.47036
-0.92992 1.47012
-0.92988 1.46988
-0.92984 1.46965
-0.92980 1.46941
-0.92976 1.46917
-0.92972 1.46894
-0.92968 1.46870
-0.92964 1.46847
-0.92960 1.46823
-0.92956 1.46799
-0.92952 1.46776
-0.92948 1.46752
-0.92944 1.46728
-0.92940 1.46705
-0.92936 1.46681
-0.92932 1.46657
-0.92928 1.46633
-0.92924 1.46610
-0.92920 1.46586
-0.92915 1.46562
-0.92911 1.46539
-0.92907 1.46515
-0.92903 1.46491
-0.92899 1.46468
-0.92895 1.46444
-0.92891 1.46420
-0.92887 1.46396
-0.92883 1.46373
-0.92879 1.46349
-0.92875 1.46325
-0.92870 1.46301
-0.92866 1.46278
-0.92862 1.46254
-0.92858 1.46230
-0.92854 1.46206
-0.92850 1.46183
-0.92846 1.46159
-0.92842 1.46135
-0.92837 1.46111
-0.92833 1.46088
-0.92829 1.46064
-0.92825 1.46040
-0.92821 1.46016
-0.92817 1.45992
-0.92813 1.45969
-0.92808 1.45945
-0.92804 1.45921
-0.92800 1.45897
-0.92796 1.45873
-0.92792 1.45850
-0.92788 1.45826
-0.92783 1.45802
-0.92779 1.45778
-0.92775 1.45754
-0.92771 1.45731
-0.92767 1.45707
-0.92763 1.45683
-0.92758 1.45659
-0.92754 1.45635
-0.92750 1.45611
-0.92746 1.45587
-0.92742 1.45564
-0.92737 1.45540
-0.92733 1.45516
-0.92729 1.45492
-0.92725 1.45468
-0.92720 1.45444
-0.92716 1.45420
-0.92712 1.45396
-0.92708 1.45373
-0.92704 1.45349
-0.92699 1.45325
-0.92695 1.45301
-0.92691 1.45277
-0.92687 1.45253
-0.92682 1.45229
-0.92678 1.45205
-0.92674 1.45181
-0.92670 1.45157
-0.92665 1.45133
-0.92661 1.45109
-0.92657 1.45086
-0.92652 1.45062
-0.92648 1.45038
-0.92644 1.45014
-0.92640 1.44990
-0.92635 1.44966
-0.92631 1.44942
-0.92627 1.44918
-0.92622 1.44894
-0.92618 1.44870
-0.92614 1.44846
-0.92610 1.44822
-0.92605 1.44798
-0.92601 1.44774
-0.92597 1.44750
-0.92592 1.44726
-0.92588 1.44702
-0.92584 1.44678
-0.92579 1.44654
-0.92575 1.44630
-0.92571 1.44606
-0.92566 1.44582
-0.92562 1.44558
-0.92558 1.44534
-0.92553 1.44510
-0.92549 1.44486
-0.92545 1.44462
-0.92540 1.44438
-0.92536 1.44414
-0.92531 1.44390
-0.92527 1.44365
-0.92523 1.44341
-0.92518 1.44317
-0.92514 1.44293
-0.92510 1.44269
-0.92505 1.44245
-0.92501 1.44221
-0.92496 1.44197
-0.92492 1.44173
-0.92488 1.44149
-0.92483 1.44125
-0.92479 1.44101
-0.92474 1.44076
-0.92470 1.44052
-0.92466 1.44028
-0.92461 1.44004
-0.92457 1.43980
-0.92452 1.43956
-0.92448 1.43932
-0.92443 1.43908
-0.92439 1.43883
-0.92435 1.43859
-0.92430 1.43835
-0.92426 1.43811
-0.92421 1.43787
-0.92417 1.43763
-0.92412 1.43739
-0.92408 1.43714
-0.92403 1.43690
-0.92399 1.43666
-0.92394 1.43642
-0.92390 1.43618
-0.92385 1.43593
-0.92381 1.43569
-0.92377 1.43545
-0.92372 1.43521
-0.92368 1.43497
-0.92363 1.43472
-0.92359 1.43448
-0.92354 1.43424
-0.92350 1.43400
-0.92345 1.43376
-0.92341 1.43351
-0.92336 1.43327
-0.92332 1.43303
-0.92327 1.43279
-0.92322 1.43254
-0.92318 1.43230
-0.92313 1.43206
-0.92309 1.43182
-0.92304 1.43157
-0.92300 1.43133
-0.92295 1.43109
-0.92291 1.43085
-0.92286 1.43060
-0.92282 1.43036
-0.92277 1.43012
-0.92273 1.42987
-0.92268 1.42963
-0.92263 1.42939
-0.92259 1.42915
-0.92254 1.42890
-0.92250 1.42866
-0.92245 1.42842
-0.92241 1.42817
-0.92236 1.42793
-0.92231 1.42769
-0.92227 1.42744
-0.92222 1.42720
-0.92218 1.42696
-0.92213 1.42671
-0.92208 1.42647
-0.92204 1.42623
-0.92199 1.42598
-0.92195 1.42574
-0.92190 1.42549
-0.92185 1.42525
-0.92181 1.42501
-0.92176 1.42476
-0.92171 1.42452
-0.92167 1.42428
-0.92162 1.42403
-0.92157 1.42379
-0.92153 1.42354
-0.92148 1.42330
-0.92144 1.42306
-0.92139 1.42281
-0.92134 1.42257
-0.92130 1.42232
-0.92125 1.42208
-0.92120 1.42184
-0.92116 1.42159
-0.92111 1.42135
-0.92106 1.42110
-0.92102 1.42086
-0.92097 1.42061
-0.92092 1.42037
-0.92087 1.42012
-0.92083 1.41988
-0.92078 1.41963
-0.92073 1.41939
-0.92069 1.41915
-0.92064 1.41890
-0.92059 1.41866
-0.92055 1.41841
-0.92050 1.41817
-0.92045 1.41792
-0.92040 1.41768
-0.92036 1.41743
-0.92031 1.41719
-0.92026 1.41694
-0.92021 1.41670
-0.92017 1.41645
-0.92012 1.41621
-0.92007 1.41596
-0.92002 1.41571
-0.91998 1.41547
-0.91993 1.41522
-0.91988 1.41498
-0.91983 1.41473
-0.91979 1.41449
-0.91974 1.41424
-0.91969 1.41400
-0.91964 1.41375
-0.91960 1.41351
-0.91955 1.41326
-0.91950 1.41301
-0.91945 1.41277
-0.91940 1.41252
-0.91936 1.41228
-0.91931 1.41203
-0.91926 1.41178
-0.91921 1.41154
-0.91916 1.41129
-0.91912 1.41105
-0.91907 1.41080
-0.91902 1.41055
-0.91897 1.41031
-0.91892 1.41006
-0.91887 1.40981
-0.91883 1.40957
-0.91878 1.40932
-0.91873 1.40908
-0.91868 1.40883
-0.91863 1.40858
-0.91858 1.40834
-0.91854 1.40809
-0.91849 1.40784
-0.91844 1.40760
-0.91839 1.40735
-0.91834 1.40710
-0.91829 1.40685
-0.91824 1.40661
-0.91819 1.40636
-0.91815 1.40611
-0.91810 1.40587
-0.91805 1.40562
-0.91800 1.40537
-0.91795 1.40513
-0.91790 1.40488
-0.91785 1.40463
-0.91780 1.40438
-0.91775 1.40414
-0.91771 1.40389
-0.91766 1.40364
-0.91761 1.40339
-0.91756 1.40315
-0.91751 1.40290
-0.91746 1.40265
-0.91741 1.40240
-0.91736 1.40216
-0.91731 1.40191
-0.91726 1.40166
-0.91721 1.40141
-0.91716 1.40117
-0.91711 1.40092
-0.91706 1.40067
-0.91701 1.40042
-0.91696 1.40017
-0.91691 1.39993
-0.91687 1.39968
-0.91682 1.39943
-0.91677 1.39918
-0.91672 1.39893
-0.91667 1.39868
-0.91662 1.39844
-0.91657 1.39819
-0.91652 1.39794
-0.91647 1.39769
-0.91642 1.39744
-0.91637 1.39719
-0.91632 1.39695
-0.91627 1.39670
-0.91622 1.39645
-0.91617 1.39620
-0.91612 1.39595
-0.91607 1.39570
-0.91602 1.39545
-0.91596 1.39520
-0.91591 1.39496
-0.91586 1.39471
-0.91581 1.39446
-0.91576 1.39421
-0.91571 1.39396
-0.91566 1.39371
-0.91561 1.39346
-0.91556 1.39321
-0.91551 1.39296
-0.91546 1.39271
-0.91541 1.39246
-0.91536 1.39221
-0.91531 1.39196
-0.91526 1.39171
-0.91521 1.39147
-0.91516 1.39122
-0.91510 1.39097
-0.91505 1.39072
-0.91500 1.39047
-0.91495 1.39022
-0.91490 1.38997
-0.91485 1.38972
-0.91480 1.38947
-0.91475 1.38922
-0.91470 1.38897
-0.91465 1.38872
-0.91459 1.38847
-0.91454 1.38822
-0.91449 1.38797
-0.91444 1.38772
-0.91439 1.38747
-0.91434 1.38722
-0.91429 1.38697
-0.91423 1.38672
-0.91418 1.38646
-0.91413 1.38621
-0.91408 1.38596
-0.91403 1.38571
-0.91398 1.38546
-0.91393 1.38521
-0.91387 1.38496
-0.91382 1.38471
-0.91377 1.38446
-0.91372 1.38421
-0.91367 1.38396
-0.91361 1.38371
-0.91356 1.38346
-0.91351 1.38321
-0.91346 1.38295
-0.91341 1.38270
-0.91335 1.38245
-0.91330 1.38220
-0.91325 1.38195
-0.91320 1.38170
-0.91315 1.38145
-0.91309 1.38120
-0.91304 1.38094
-0.91299 1.38069
-0.91294 1.38044
-0.91289 1.38019
-0.91283 1.37994
-0.91278 1.37969
-0.91273 1.37943
-0.91268 1.37918
-0.91262 1.37893
-0.91257 1.37868
-0.91252 1.37843
-0.91247 1.37818
-0.91241 1.37792
-0.91236 1.37767
-0.91231 1.37742
-0.91225 1.37717
-0.91220 1.37691
-0.91215 1.37666
-0.91210 1.37641
-0.91204 1.37616
-0.91199 1.37591
-0.91194 1.37565
-0.91188 1.37540
-0.91183 1.37515
-0.91178 1.37490
-0.91173 1.37464
-0.91167 1.37439
-0.91162 1.37414
-0.91157 1.37389
-0.91151 1.37363
-0.91146 1.37338
-0.91141 1.37313
-0.91135 1.37287
-0.91130 1.37262
-0.91125 1.37237
-0.91119 1.37212
-0.91114 1.37186
-0.91109 1.37161
-0.91103 1.37136
-0.91098 1.37110
-0.91092 1.37085
-0.91087 1.37060
-0.91082 1.37034
-0.91076 1.37009
-0.91071 1.36984
-0.91066 1.36958
-0.91060 1.36933
-0.91055 1.36908
-0.91049 1.36882
-0.91044 1.36857
-0.91039 1.36831
-0.91033 1.36806
-0.91028 1.36781
-0.91022 1.36755
-0.91017 1.36730
-0.91012 1.36704
-0.91006 1.36679
-0.91001 1.36654
-0.90995 1.36628
-0.90990 1.36603
-0.90985 1.36577
-0.90979 1.36552
-0.90974 1.36527
-0.90968 1.36501
-0.90963 1.36476
-0.90957 1.36450
-0.90952 1.36425
-0.90946 1.36399
-0.90941 1.36374
-0.90936 1.36348
-0.90930 1.36323
-0.90925 1.36298
-0.90919 1.36272
-0.90914 1.36247
-0.90908 1.36221
-0.90903 1.36196
-0.90897 1.36170
-0.90892 1.36145
-0.90886 1.36119
-0.90881 1.36094
-0.90875 1.36068
-0.90870 1.36043
-0.90864 1.36017
-0.90859 1.35992
-0.90853 1.35966
-0.90848 1.35940
-0.90842 1.35915
-0.90837 1.35889
-0.90831 1.35864
-0.90826 1.35838
-0.90820 1.35813
-0.90814 1.35787
-0.90809 1.35762
-0.90803 1.35736
-0.90798 1.35710
-0.90792 1.35685
-0.90787 1.35659
-0.90781 1.35634
-0.90776 1.35608
-0.90770 1.35582
-0.90764 1.35557
-0.90759 1.35531
-0.90753 1.35506
-0.90748 1.35480
-0.90742 1.35454
-0.90737 1.35429
-0.90731 1.35403
-0.90725 1.35377
-0.90720 1.35352
-0.90714 1.35326
-0.90709 1.35301
-0.90703 1.35275
-0.90697 1.35249
-0.90692 1.35224
-0.90686 1.35198
-0.90681 1.35172
-0.90675 1.35147
-0.90669 1.35121
-0.90664 1.35095
-0.90658 1.35069
-0.90652 1.35044
-0.90647 1.35018
-0.90641 1.34992
-0.90635 1.34967
-0.90630 1.34941
-0.90624 1.34915
-0.90618 1.34889
-0.90613 1.34864
-0.90607 1.34838
-0.90601 1.34812
-0.90596 1.34786
-0.90590 1.34761
-0.90584 1.34735
-0.90579 1.34709
-0.90573 1.34683
-0.90567 1.34658
-0.90562 1.34632
-0.90556 1.34606
-0.90550 1.34580
-0.90545 1.34554
-0.90539 1.34529
-0.90533 1.34503
-0.90527 1.34477
-0.90522 1.34451
-0.90516 1.34425
-0.90510 1.34400
-0.90505 1.34374
-0.90499 1.34348
-0.90493 1.34322
-0.90487 1.34296
-0.90482 1.34270
-0.90476 1.34245
-0.90470 1.34219
-0.90464 1.34193
-0.90459 1.34167
-0.90453 1.34141
-0.90447 1.34115
-0.90441 1.34089
-0.90436 1.34063
-0.90430 1.34038
-0.90424 1.34012
-0.90418 1.33986
-0.90412 1.33960
-0.90407 1.33934
-0.90401 1.33908
-0.90395 1.33882
-0.90389 1.33856
-0.90383 1.33830
-0.90378 1.33804
-0.90372 1.33778
-0.90366 1.33752
-0.90360 1.33727
-0.90354 1.33701
-0.90348 1.33675
-0.90343 1.33649
-0.90337 1.33623
-0.90331 1.33597
-0.90325 1.33571
-0.90319 1.33545
-0.90313 1.33519
-0.90308 1.33493
-0.90302 1.33467
-0.90296 1.33441
-0.90290 1.33415
-0.90284 1.33389
-0.90278 1.33363
-0.90272 1.33337
-0.90267 1.33311
-0.90261 1.33285
-0.90255 1.33259
-0.90249 1.33233
-0.90243 1.33206
-0.90237 1.33180
-0.90231 1.33154
-0.90225 1.33128
-0.90219 1.33102
-0.90214 1.33076
-0.90208 1.33050
-0.90202 1.33024
-0.90196 1.32998
-0.90190 1.32972
-0.90184 1.32946
-0.90178 1.32920
-0.90172 1.32894
-0.90166 1.32867
-0.90160 1.32841
-0.90154 1.32815
-0.90148 1.32789
-0.90142 1.32763
-0.90136 1.32737
-0.90130 1.32711
-0.90124 1.32684
-0.90118 1.32658
-0.90113 1.32632
-0.90107 1.32606
-0.90101 1.32580
-0.90489 1.32037
