torque_1 torque_1_t torque_2 torque_2_t
-0.310627 0.021875 -0.598181 -0.2625
-0.315577 0.196875 -0.585781 -0.6125
-0.320077 0.30625 -0.573381 -0.35
-0.325027 0.30625 -0.559818 -0.503125
-0.329977 0.328125 -0.547418 -0.459375
-0.333168 0.371875 -0.536181 -0.525
-0.338118 0.4375 -0.523781 -0.459375
-0.343068 0.35 -0.510981 -0.65625
-0.348018 0.415625 -0.511373 -0.525
-0.35121 0.459375 -0.50159 -0.503125
-0.35616 0.35 -0.472618 -0.678125
-0.359802 0.415625 -0.460218 -0.525
-0.364752 0.546875 -0.447818 -0.809375
0.0507233 0.371875 -0.436581 -0.678125
-0.371585 0.415625 -0.423781 -0.634375
-0.376535 0.39375 -0.411381 -0.39375
-0.381485 0.415625 -0.398981 -0.678125
-0.385985 0.4375 -0.386581 -0.7
-0.390935 0.39375 -0.373018 -0.6125
-0.394577 0.590625 -0.361781 -0.546875
-0.0580517 0.39375 -0.350544 -0.284375
0.018115 0.371875 -0.34007 -0.678125
-0.405052 -0.21875 -0.32767 -0.590625
-0.410002 0.634375 -0.31527 -0.175
-0.414952 0.6125 -0.30287 -0.634375
-0.419902 0.284375 -0.29047 -0.525
-0.424402 0.39375 -0.27807 -0.459375
-0.0878767 0.590625 -0.266433 -0.525
-0.432993 0.371875 -0.254033 -0.240625
-0.437943 0.4375 -0.241633 -0.39375
-0.442893 0.35 -0.229233 -0.459375
-0.447393 0.503125 -0.216833 -0.2625
-0.452343 0.39375 -0.204433 -0.2625
-0.457293 0.546875 -0.191633 -0.21875
-0.462243 0.56875 -0.179233 -0.2625
-0.467193 0.590625 -0.166833 -0.175
-0.472143 0.546875 -0.154433 -0.240625
-0.476643 0.56875 -0.142033 -0.196875
-0.481593 0.415625 -0.129233 -0.48125
-0.485235 0.7 -0.109273 -0.13125
-0.490185 0.590625 -0.105596 -0.109375
-0.493827 0.634375 -0.0943585 -0.0875
-0.497468 0.546875 -0.0831215 -0.21875
-0.501968 0.525 -0.0703215 -0.065625
-0.165443 0.56875 -0.0590844 -0.196875
-0.509252 0.525 -0.0478474 -0.240625
-0.514202 0.634375 -0.0354474 -0.240625
-0.519152 0.546875 -0.0230474 -0.30625
-0.524102 0.590625 -0.0102474 -0.30625
-0.529052 0.6125 0.00215259 -0.21875
-0.192527 0.56875 0.0133896 -0.30625
-0.535885 0.503125 0.0246267 -0.30625
-0.540835 0.590625 0.0362637 -0.0875
-0.545785 0.56875 0.0504081 0.2625
-0.550735 0.590625 0.0610637 -0.04375
-0.423093 0.634375 0.0723007 0.021875
-0.55626 0.634375 0.0827748 -0.153125
-0.56076 0.678125 0.0951748 0
-0.564402 0.809375 0.106412 -0.021875
-0.568902 0.7 0.118812 0.284375
-0.0230433 0.678125 0.130449 0.328125
-0.577043 0.56875 0.142849 0.21875
-0.37266 0.634375 0.155249 0.065625
-0.586493 0.634375 0.167649 0.021875
-0.591443 0.678125 0.180449 -0.021875
-0.595943 0.875 0.192849 0.04375
-0.600893 0.765625 0.205249 0.04375
-0.604535 0.809375 0.216886 0.065625
-0.609035 0.765625 0.229286 0.0875
-0.612677 0.809375 0.243721 0.065625
-0.617177 0.7875 0.25176 0.4375
-0.620818 0.74375 0.263397 0.0875
-0.205343 0.83125 0.274634 0.459375
-0.0781517 0.721875 0.285871 0.459375
-0.133677 0.678125 0.296345 0.30625
-0.635793 0.196875 0.308745 0.371875
-0.64336 0.65625 0.323471 0.503125
-1.14764 0.7 0.335871 0.35
-0.655427 0.91875 0.348671 0.415625
-0.0266933 0.765625 0.359617 0.065625
-0.0237933 0.503125 0.360679 0.39375
-0.655435 0.721875 0.385108 0.56875
-0.661243 0.13125 0.400125 0.4375
-1.00898 0.91875 0.409908 0.48125
-1.01609 0.853125 0.409916 0.021875
-0.679568 0.853125 0.435399 0.415625
0.107023 0.809375 0.421923 0.503125
0.162707 0.875 0.44141 0.721875
-0.181102 0.48125 0.454391 0.634375
-0.686693 0.13125 0.453708 0.39375
-1.69383 0.503125 0.470288 0.153125
-1.25918 1.11563 0.485886 0.634375
-0.712868 1.09375 0.499449 0.65625
0.416507 0.853125 0.498293 0.74375
0.788357 0.459375 0.498191 0.634375
0.293232 0.30625 0.498962 0.809375
-0.706052 0.30625 0.505947 0.634375
-2 0.7 0.522127 0.65625
-2 1.26875 0.531038 0.590625
-1.4505 1.61875 0.54093 0.525
0.915248 1.4 0.530653 0.48125
1.85013 0.39375 0.514851 0.765625
0.945048 -0.13125 0.49974 0.678125
-0.767277 -0.459375 0.52028 0.721875
-2 0.021875 0.551397 0.7
-2 1.00625 0.579788 0.7875
-2 1.29062 0.592188 0.721875
-0.525818 1.4875 0.582019 0.765625
2 0.853125 0.566217 0.503125
2 -0.4375 0.549253 0.940625
0.980065 -0.678125 0.548097 0.940625
-0.86571 -0.35 0.567766 0.765625
-2 0.109375 0.607314 0.765625
-2 1.24687 0.641229 0.74375
-2 0.7875 0.663804 0.6125
-0.82226 1.42188 0.662358 0.83125
2 0.853125 0.654406 0.48125
2 -0.371875 0.628247 0.590625
1.18471 -0.35 0.616516 1.07187
-0.76311 -0.459375 0.638219 0.765625
-2 0.0875 0.666719 0.853125
-2 1.02812 0.71081 0.91875
-2 1.26875 0.740473 0.91875
-0.859202 1.37813 0.73601 0.984375
1.88727 1.09375 0.725551 0.853125
2 -0.35 0.711203 1.15938
1.56644 -0.459375 0.694529 0.984375
-0.660918 -0.503125 0.702677 0.984375
-2 0.0875 0.726416 1.18125
-2 0.678125 0.777012 1.02812
-2 1.53125 0.80453 0.984375
-1.01475 1.53125 0.803084 1.09375
1.70032 1.02812 0.786119 0.91875
2 -0.240625 0.778458 0.74375
1.24604 -0.4375 0.771779 1.225
-0.83086 -0.6125 0.779236 1.05
-2 0.175 0.81733 1.09375
-2 0.65625 0.853571 1.29062
-2 1.33438 0.873058 1.20312
-1.19385 1.44375 0.882841 1.1375
1.36422 1.1375 0.862206 1.225
2 0.175 0.84466 0.7875
1.69756 -0.240625 0.830421 0.721875
-0.608752 -0.4375 0.832354 0.721875
-2 0 0.858238 1.18125
-2 1.15938 0.903491 1.26875
-2 1.26875 0.928793 0.83125
-1.89935 1.3125 0.937704 1.24687
0.88944 1.64062 0.923756 1.20312
2 -0.13125 0.903303 1.11563
2 -0.546875 0.88354 1.225
-0.0839683 -0.634375 0.889834 1.20312
-2 -0.065625 0.905541 0.984375
-2 1.00625 0.939747 1.29062
-2 1.20312 0.968247 1.225
-2 1.55313 0.985299 1.26875
0.538498 1.44375 0.973677 1.26875
2 0.4375 0.946536 1.07187
2 -0.459375 0.923575 1.33438
-0.349868 -0.56875 0.93394 1.33438
-2 0 0.942669 1.33438
-2 1.07187 0.981817 1.225
-2 1.26875 1.00537 1.4
-2 0.984375 1.01341 1.33438
-0.593518 1.55313 1.00354 1.33438
2 1.00625 0.975814 1.35625
2 -0.30625 0.947619 1.225
0.53949 -0.56875 0.934725 1.26875
-2 -0.153125 0.947525 1.26875
-2 0.7 0.975625 1.02812
-2 1.37813 1.00151 1.3125
-2 1.37813 1.00907 1.3125
-1.14333 1.53125 0.992982 1.26875
1.81248 1.33438 0.958391 0.809375
2 0.240625 0.923401 1.4
1.3582 -0.503125 0.911197 1.29062
-0.661585 -0.328125 0.898012 1.4
-2 0.48125 0.907323 1.26875
-2 1.15938 0.914017 1.26875
-2 1.44375 0.919149 1.26875
-2 1.53125 0.916249 1.3125
-1.31474 1.59688 0.916729 1.29062
0.314415 1.24687 0.889116 1.3125
1.27154 0.503125 0.863138 1.225
0.915957 0.240625 0.834071 1.225
-0.314902 -0.04375 0.814308 1.20312
-1.16066 0.459375 0.817695 1.15938
-2 0.83125 0.798804 1.09375
-2 1.4875 0.812077 1.1375
-2 1.53125 0.80249 1.09375
-1.22449 1.68437 0.789995 1.15938
0.195332 1.225 0.759947 1.15938
1.36003 0.546875 0.720414 1.18125
0.794257 0.21875 0.68804 1.1375
-0.935077 -0.021875 0.671184 1.15938
-1.99409 0.765625 0.654329 1.20312
-2 1.44375 0.654517 1.20312
-2 1.61875 0.642604 1.24687
-1.67618 1.68437 0.633308 1.24687
-0.835493 1.90312 0.612854 1.18125
0.746565 1.09375 0.583206 1.20312
1.12541 0.415625 0.56188 1.1375
0.266115 0.21875 0.549095 1.15938
-1.23164 0.459375 0.544741 0.7875
-2 1.15938 0.558304 1.09375
-2 1.50937 0.569941 0.9625
-2 1.72812 0.58623 0.7875
-1.29503 1.96875 0.58293 1.00625
1.07465 1.3125 0.557934 1.11563
2 0.35 0.551545 0.940625
1.3164 -0.2625 0.556677 0.940625
-1.04049 -0.21875 0.557847 0.940625
-2 0.765625 0.586929 0.765625
-2 1.4875 0.603108 0.875
-2 1.77188 0.642656 0.83125
-1.3215 1.37813 0.636849 0.809375
1.20693 1.15938 0.642271 0.91875
2 0.35 0.612041 0.809375
1.09237 -0.35 0.610886 0.940625
-0.84716 -0.2625 0.627938 0.83125
-2 0.56875 0.643064 0.896875
-2 1.20312 0.676797 0.984375
-2 1.29062 0.70199 1.00625
-1.33751 1.55313 0.711301 0.415625
1.53894 0.91875 0.698516 0.9625
2 0.196875 0.676427 0.984375
1.66903 -0.503125 0.669056 0.984375
-0.423568 -0.459375 0.677204 0.940625
-1.98151 0.021875 0.698145 0.91875
-2 1.09375 0.72799 0.896875
-2 1.4 0.758234 0.984375
-2 1.46562 0.776849 1.05
-0.833827 1.575 0.781508 1.02812
1.49051 0.9625 0.770649 1.05
2 0.13125 0.757864 1.05
1.73835 -0.415625 0.753219 1.05
-0.06511 -0.415625 0.759804 1.11563
-1.28027 -0.04375 0.778419 1.11563
-2 0.634375 0.808664 1.02812
-2 1.225 0.837745 1.07187
-2 1.3125 0.860612 1.11563
-1.35064 1.4 0.874575 1.07187
0.807082 1.1375 0.872256 1.20312
1.98139 0.35 0.860634 1.07187
1.63235 -0.35 0.870417 1.4
-0.79956 -0.503125 0.857923 1.07187
-2 0.175 0.883516 1.24687
-2 1.3125 0.917249 1.11563
-2 1.59688 0.948838 1.20312
-1.36187 1.575 0.954951 1.24687
1.59308 1.24687 0.946817 1.42188
2 0.109375 0.916588 1.00625
2 -0.459375 0.913397 1.18125
-0.156618 -0.56875 0.904573 1.3125
-1.29413 -0.04375 0.934527 1.225
-2 0.634375 0.947908 1.24687
-2 1.15938 0.982804 1.26875
-2 1.225 0.982993 1.33438
-1.41815 1.37813 1.01644 1.37813
0.716023 1.225 1.00191 1.3125
2 0.371875 0.982725 1.26875
2 -0.546875 0.976917 1.37813
0.402015 -0.56875 0.960825 1.33438
-1.30769 -0.525 0.969845 1.29062
-2 0.56875 1.01027 1.50937
-2 1.09375 1.03702 1.46562
-2 1.26875 1.03877 1.46562
0.426123 1.42188 1.03326 1.44375
2 0.328125 1.01164 1.37813
2 -0.4375 1.00118 1.37813
1.72353 -0.65625 0.994501 1.44375
-0.369518 -0.634375 0.992182 1.37813
-1.29639 -0.196875 1.01545 1.37813
-2 0.56875 1.03406 1.37813
-2 0.9625 1.04588 1.37813
-2 1.15938 1.06246 1.35625
-1.34498 1.29062 1.0645 1.4
1.60474 1.02812 1.06626 1.3125
2 0 1.04882 1.44375
2 -0.459375 1.03487 1.46562
0.800107 -0.634375 1.02877 1.50937
-1.13987 -0.39375 1.04292 1.4
-2 0.503125 1.05862 1.42188
-2 0.9625 1.08712 1.46562
-2 1.18125 1.10632 1.53125
-1.32145 1.24687 1.10778 1.4875
1.20522 1.02812 1.09558 1.46562
2 0.109375 1.08483 1.55313
2 -0.48125 1.0767 1.50937
0.73814 -0.853125 1.07281 1.46562
-1.20008 -0.503125 1.06904 1.42188
-2 0.4375 1.09347 1.61875
-2 0.853125 1.11005 1.37813
-2 1.07187 1.13186 1.4875
-1.29531 1.20312 1.13943 1.46562
1.36612 0.809375 1.1217 1.20312
2 0.196875 1.10427 1.44375
2 -0.6125 1.07869 1.53125
0.197773 -0.65625 1.07957 1.44375
-1.2241 -0.2625 1.0847 1.46562
-2 0.371875 1.10651 1.53125
-2 0.83125 1.11582 1.50937
-2 1.11563 1.13386 1.6625
0.440373 1.33438 1.11497 1.575
2 0.35 1.07311 1.44375
2 -0.525 1.05218 1.575
1.33657 -0.721875 1.03125 1.1375
-1.18038 -0.721875 1.02835 1.53125
-2 0.240625 1.0397 1.53125
-2 0.896875 1.06675 1.35625
-2 1.11563 1.07577 1.4
0.417373 1.3125 1.05397 1.46562
2 0.175 1.02432 1.35625
2 -0.371875 0.98973 1.15938
1.07501 -0.525 0.969386 1.26875
-1.15497 -0.503125 0.966086 1.29062
-2 0.21875 0.978886 1.29062
-2 0.896875 1.00244 1.33438
-1.84492 1.225 0.999253 1.46562
0.654282 1.26875 0.980653 1.15938
2 0.39375 0.94548 1.35625
2 -0.30625 0.899551 1.50937
0.573157 -0.590625 0.878916 1.35625
-1.13917 -0.35 0.870491 1.46562
-2 0.525 0.883291 1.29062
-2 0.875 0.888532 0.853125
-1.82736 0.940625 0.883597 1.46562
-0.0686767 1.02812 0.862671 1.33438
1.83392 0.4375 0.838256 1.26875
2 -0.371875 0.80541 1.37813
1.5846 -0.634375 0.780414 1.20312
-0.50976 -0.765625 0.762104 1.18125
-2 -0.196875 0.755425 1.3125
-2 0.371875 0.780145 0.83125
-2 0.9625 0.785095 1.18125
-1.19374 1.18125 0.769984 1.46562
1.91776 1.00625 0.746151 1.18125
2 -0.35 0.733075 1.1375
1.96542 -0.459375 0.715056 1.05
-0.207435 -0.634375 0.70576 1.09375
-2 -0.0875 0.73873 1.07187
-2 0.765625 0.752693 0.984375
-2 1.00625 0.770145 1.24687
-1.39905 1.11563 0.801262 1.02812
0.228798 0.9625 0.796908 0.91875
1.92206 0.39375 0.793427 1.02812
2 -0.328125 0.779188 1.00625
1.37575 -0.6125 0.78123 1.00625
-0.510585 -0.546875 0.784436 0.940625
-2 -0.065625 0.803341 1.07187
-2 0.83125 0.821375 1.24687
-2 0.875 0.838245 1.11563
-1.18148 1.07187 0.844358 0.721875
1.10838 0.83125 0.833899 1.1375
2 0.175 0.821114 1.09375
2 -0.546875 0.802223 1.11563
0.737665 -0.678125 0.800886 1.1375
-0.914477 -0.415625 0.804964 0.984375
-2 0.065625 0.813112 1.1375
-2 0.65625 0.828819 1.05
-1.16352 1.26875 0.828827 1.05
1.12896 0.459375 0.814297 1.09375
2 0.175 0.784649 0.765625
1.75753 -0.503125 0.760234 1.20312
-0.754185 -0.809375 0.750356 0.896875
-2 -0.415625 0.765773 1.05
-2 0.74375 0.778391 1.09375
-1.4075 0.896875 0.788866 1.29062
0.432298 0.7875 0.781604 1.24687
1.73176 0.240625 0.765621 1.11563
2 -0.634375 0.745277 1.07187
1.71401 -0.940625 0.744993 1.05
-0.0899017 -0.853125 0.745873 1.09375
-1.09397 -0.328125 0.743264 1.09375
-2 0.415625 0.777106 0.984375
-2 0.809375 0.789034 1.11563
-1.12583 1.05 0.801543 1.09375
1.03582 0.74375 0.786432 1.00625
2 0.04375 0.756493 0.809375
2 -0.7 0.749523 1.02812
0.0174817 -0.39375 0.759234 1.09375
-1.06509 -0.371875 0.771743 1.00625
-2 0.30625 0.785997 0.896875
-2 0.809375 0.804612 1.05
-1.10087 1.05 0.81276 1.07187
1.55926 0.7875 0.821199 1.07187
2 -0.0875 0.801545 1.05
2 -0.7 0.785853 1.05
0.90594 -0.875 0.794873 1.05
-1.03534 -0.240625 0.789938 1.00625
-2 0.175 0.818438 1.07187
-2 0.7 0.838797 1.02812
-1.4911 1.02812 0.859266 1.24687
0.723332 1.07187 0.835723 1.1375
2 0.21875 0.833695 1.11563
2 -0.525 0.806373 1.05
1.16247 -1.07187 0.797186 0.9625
-0.988143 -0.371875 0.81173 1.05
-2 0.2625 0.822786 1.05
-2 0.74375 0.84896 1.11563
-1.02654 0.984375 0.867575 1.15938
1.80105 0.678125 0.843851 1.225
2 -0.765625 0.815075 1.15938
2 -0.65625 0.794149 0.940625
0.922698 -0.896875 0.806367 1.1375
-0.887752 -0.546875 0.818695 1.15938
-2 -0.065625 0.836729 1.05
-2 0.9625 0.854762 1.00625
-0.98241 1.00625 0.854188 1.15938
0.886173 0.875 0.859538 1.15938
2 0.109375 0.847043 1.15938
2 -0.765625 0.828153 1.1375
0.735257 -1.05 0.819438 1.24687
-0.918193 -0.196875 0.825951 1.1375
-2 0.065625 0.84253 1.225
-1.94205 0.721875 0.877136 1.225
-0.948743 1.15938 0.87976 1.1375
1.6355 0.896875 0.867375 1.15938
2 -0.39375 0.833656 1.20312
2 -0.678125 0.824069 1.1375
0.19849 -1.05 0.823023 1.11563
-0.887143 -0.4375 0.845127 0.984375
-2 0.48125 0.87101 1.15938
-1.91624 0.875 0.894277 1.15938
-0.921618 0.7 0.90079 1.20312
1.89812 0.590625 0.88248 1.20312
2 -0.525 0.872021 1.26875
2 -0.7 0.850914 1.15938
1.43145 -0.83125 0.854701 1.1375
-0.587027 -0.765625 0.858779 1.1375
-2 -0.2625 0.880991 1.18125
-2 0.459375 0.894082 1.18125
-1.43921 0.875 0.907754 1.07187
-0.387027 0.74375 0.902056 1.225
1.64379 0.35 0.897121 1.33438
2 -0.284375 0.879103 1.24687
1.97144 -0.83125 0.866136 1.33438
0.249957 -1.05 0.86498 1.11563
-1.91158 -0.525 0.871093 1.15938
-2 0.56875 0.893597 1.15938
-1.36674 0.74375 0.897093 1.20312
0.712482 0.459375 0.878203 1.20312
2 0.2625 0.852443 1.37813
2 -0.83125 0.825412 0.809375
1.48917 -1.02812 0.811464 1.09375
-0.790968 -0.940625 0.805475 1.07187
-2 -0.284375 0.815658 1.02812
-2 0.525 0.830784 1.15938
-0.835052 0.765625 0.818108 1.05
1.53724 0.503125 0.80416 1.225
2 -0.4375 0.768516 1.18125
2 -1.18125 0.737414 0.678125
0.891773 -1.3125 0.726082 0.74375
-0.76691 -0.7875 0.731141 0.9625
-2 -0.109375 0.741325 0.9625
-2 0.875 0.745984 0.9625
-0.801835 0.9625 0.740867 1.00625
2 0.459375 0.713545 1.02812
2 -0.875 0.672086 1.07187
2 -1.00625 0.65523 0.940625
0.279532 -1.11563 0.636449 0.459375
-2 -0.459375 0.643143 0.91875
-2 0.634375 0.652745 0.984375
-1.39559 0.721875 0.64036 0.7875
1.10361 0.74375 0.624377 0.765625
2 -0.21875 0.570416 0.74375
2 -0.83125 0.538151 0.91875
1.38399 -1.09375 0.506867 0.7875
-0.690743 -1.07187 0.500769 0.721875
-2 -0.328125 0.502812 0.940625
-1.80488 0.678125 0.500021 0.853125
-0.73221 0.65625 0.499738 0.74375
2 0.39375 0.467291 0.765625
2 -0.721875 0.422816 0.721875
2 -1.15938 0.397347 0.721875
0.132423 -1.42188 0.398517 0.721875
-2 -0.721875 0.408229 0.678125
-2 0.2625 0.428297 0.678125
-1.04292 0.7 0.437717 0.284375
1.3019 0.56875 0.42028 0.678125
2 -0.065625 0.404116 0.7
2 -1.1375 0.386969 0.7
1.15621 -0.984375 0.382034 0.590625
-0.63461 -0.984375 0.386803 0.240625
-2 -0.546875 0.409779 0.48125
-1.87696 0.634375 0.42763 0.48125
-0.0384683 0.721875 0.437523 0.6125
2 0.175 0.405949 0.56875
2 -0.809375 0.389093 0.7
2 -1.07187 0.365079 0.525
0.416207 -1.46562 0.37479 0.21875
-1.95552 -0.6125 0.389625 0.678125
-2 0.546875 0.41271 0.7875
-0.756518 0.678125 0.432779 0.721875
1.61708 0.371875 0.413706 0.678125
2 -0.459375 0.384349 0.7
2 -1.07187 0.363823 0.525
1.74353 -1.35625 0.353364 0.525
-0.404918 -1.575 0.356388 0.678125
-1.91576 -0.74375 0.389249 0.196875
-1.85268 0.065625 0.413206 0.634375
-0.570227 0.721875 0.403619 0.896875
1.66992 0.415625 0.402864 0.65625
2 -0.74375 0.37536 0.48125
2 -1.07187 0.362284 0.459375
2 -1.29062 0.360075 0.4375
0.805798 -1.4 0.358338 0.590625
-0.482627 -0.875 0.389854 0.65625
-1.98954 -0.35 0.393641 0.590625
-1.42537 0.2625 0.412656 0.4375
-0.514485 0.415625 0.425456 0.590625
1.14346 0.153125 0.425864 0.546875
2 -0.503125 0.430632 0.503125
2 -1.05 0.412323 0.546875
2 -1.33438 0.410404 0.48125
0.746407 -1.4875 0.415064 0.7
-0.463518 -0.853125 0.429427 0.459375
-1.68174 -0.415625 0.450767 0.4375
-1.27195 0.503125 0.467056 0.7
-0.490593 0.546875 0.479093 0.678125
1.16604 0.175 0.487823 0.721875
2 -0.56875 0.47253 0.634375
2 -1.15938 0.46596 0.590625
2 -1.46562 0.481958 0.678125
0.689182 -1.53125 0.481203 0.634375
-0.442243 -0.9625 0.499636 0.590625
-1.73983 -0.371875 0.515343 0.65625
-1.38413 0.240625 0.530869 0.590625
-0.681268 0.371875 0.534766 0.56875
1.23703 0.328125 0.543204 0.83125
2 -0.65625 0.520062 0.7875
2 -1.37813 0.52036 0.678125
1.86936 -1.59688 0.506812 0.7
-0.409477 -1.33438 0.514488 0.590625
-2 -0.4375 0.532521 0.853125
-1.80928 0.4375 0.565201 0.546875
-0.44571 0.634375 0.551943 0.7875
2 0.56875 0.544391 0.721875
2 -1.05 0.516016 0.721875
2 -1.11563 0.466997 0.809375
2 -1.00625 0.45741 0.83125
0.468473 -1.70625 0.465377 0.328125
-1.74932 -0.74375 0.485264 0.65625
-2 0.35 0.509803 0.634375
-0.920577 0.65625 0.510973 0.634375
1.2921 0.39375 0.508182 0.721875
2 -0.546875 0.47719 0.525
2 -0.9625 0.460916 0.415625
2 -1.225 0.451438 0.940625
1.9622 -1.53125 0.447775 0.65625
-0.26561 -1.37813 0.459412 0.65625
-1.77907 -0.503125 0.48773 0.459375
-2 0.284375 0.516049 0.765625
-0.57921 0.7 0.531575 0.65625
1.63477 0.371875 0.524604 0.6125
2 -0.896875 0.507567 0.678125
2 -1.24687 0.488204 0.875
2 -1.53125 0.476982 0.35
0.907573 -1.64062 0.479316 0.678125
-0.229085 -1.05 0.497167 0.415625
-2 -0.503125 0.524323 0.7
-1.54777 0.546875 0.545664 0.21875
-0.265318 0.4375 0.551486 0.721875
2 0.196875 0.543753 0.634375
2 -1.00625 0.530204 0.7
2 -1.44375 0.527995 0.678125
2 -1.35625 0.516082 0.765625
1.39286 -1.575 0.523177 0.809375
-0.187327 -1.42188 0.540447 0.765625
-2 -0.634375 0.549286 0.7875
-1.79993 0.371875 0.572953 0.7
-0.228343 0.6125 0.579647 0.74375
2 0.175 0.581217 0.7875
2 -0.91875 0.554586 0.634375
2 -1.24687 0.541619 0.765625
2 -1.4 0.53156 0.721875
1.65094 -1.53125 0.534184 0.765625
-0.133343 -1.3125 0.546803 0.7
-1.42962 -0.459375 0.547501 0.765625
-1.94351 0.04375 0.58018 0.39375
-0.43386 0.6125 0.583204 0.853125
1.5407 0.328125 0.57856 0.678125
2 -0.65625 0.581003 0.74375
2 -1.20312 0.569199 0.678125
2 -1.44375 0.555069 0.7875
0.448923 -1.50937 0.566525 0.7875
-0.242902 -0.7875 0.584958 0.875
-1.90944 -0.415625 0.607062 0.875
-1.13507 0.328125 0.606016 0.56875
-0.143068 0.2625 0.626775 0.7875
1.72551 -0.175 0.615262 0.9625
2 -0.91875 0.620321 0.896875
2 -1.3125 0.608227 0.74375
2 -1.50937 0.612123 0.7875
0.32759 -1.68437 0.619508 0.809375
-0.154043 -0.765625 0.618062 0.83125
-1.76563 -0.503125 0.653649 1.09375
-0.75531 0.2625 0.661034 0.875
-0.130093 0.109375 0.662604 0.91875
1.58149 0.021875 0.674932 1.00625
2 -0.984375 0.662256 0.896875
2 -1.37813 0.65743 0.940625
1.98878 -1.50937 0.650569 0.875
0.33664 -1.59688 0.657954 0.7
-0.801777 -0.74375 0.674534 1.11563
-1.682 -0.284375 0.699364 0.853125
-0.905877 0.240625 0.710238 0.91875
-0.119735 0.284375 0.713262 0.91875
2 0.04375 0.702621 0.896875
2 -1.18125 0.689364 0.809375
2 -1.42188 0.679886 0.875
1.71392 -1.70625 0.673316 0.765625
0.0617817 -1.575 0.681864 0.809375
-1.44559 -0.7875 0.697099 0.853125
-1.80248 -0.109375 0.707391 0.7875
-0.160235 0.35 0.72408 0.940625
0.731882 -0.284375 0.708206 0.896875
2 -0.35 0.675469 0.853125
2 -1.4 0.649419 0.48125
1.81951 -1.61875 0.626167 0.7875
-0.0472017 -1.53125 0.622795 0.765625
-2 -0.634375 0.642101 0.765625
-2 0.48125 0.645997 0.83125
-0.106127 0.56875 0.651638 0.7875
1.76507 0.284375 0.618029 0.809375
2 -1.15938 0.582966 0.7
2 -1.33438 0.546158 0.7875
1.37559 -1.53125 0.518364 0.7
-0.046735 -1.26875 0.510921 0.65625
-2 -0.6125 0.515399 0.634375
-2 0.371875 0.516388 0.7875
-0.802552 0.415625 0.505747 0.809375
0.457657 0.371875 0.491036 0.721875
2 -0.153125 0.451321 0.415625
2 -0.984375 0.419456 0.853125
2 -1.3125 0.388754 0.765625
1.02963 -1.4 0.347586 0.175
-0.973593 -1.11563 0.335201 0.91875
-2 -0.196875 0.334445 0.74375
-1.88277 0.56875 0.320025 0.678125
-0.107077 0.7875 0.292812 0.809375
2 0.35 0.263673 0.853125
2 -0.896875 0.225412 0.83125
2 -0.7 0.197327 0.634375
1.16355 -1.42188 0.184069 0.109375
-1.12837 -1.225 0.202503 0.634375
-2 -0.30625 0.237217 0.503125
-2 0.721875 0.247219 0.56875
-0.957027 0.853125 0.270595 0.503125
1.0908 0.634375 0.273619 0.634375
2 -0.13125 0.254256 0.503125
2 -1.02812 0.24536 0.371875
1.80379 -1.46562 0.244604 0.546875
0.07184 -1.3125 0.256932 0.415625
-2 -0.525 0.284088 0.153125
-2 0.39375 0.315314 0.48125
-1.90641 0.7 0.321936 0.4375
-0.343118 0.74375 0.337753 0.503125
1.57387 0.459375 0.330019 0.415625
2 -0.48125 0.316471 0.4375
2 -1.225 0.324147 0.35
1.85642 -1.15938 0.324554 0.4375
0.834898 -1.24687 0.333684 0.35
-0.0928767 -0.875 0.341941 0.65625
-2 -0.65625 0.370551 0.4375
-1.70769 0.721875 0.396943 0.48125
-0.140027 0.7 0.394153 0.4375
2 0.2625 0.375953 0.525
2 -0.91875 0.352519 0.503125
2 -1.35625 0.329667 0.48125
1.16502 -1.6625 0.330366 0.30625
-0.606627 -1.29062 0.361301 0.415625
-2 -0.415625 0.40194 0.48125
-1.47308 0.525 0.409034 0.525
0.52589 0.546875 0.423106 0.6125
2 -0.021875 0.387171 0.6125
2 -1.09375 0.34513 0.2625
2 -1.6625 0.34234 0.678125
1.66785 -1.61875 0.323849 0.371875
-1.41083 -1.77188 0.348497 0.153125
-2 -0.240625 0.37856 0.415625
-2 0.415625 0.405716 0.7
-0.762393 0.809375 0.423567 0.634375
1.02201 0.371875 0.427464 0.590625
2 -0.2625 0.421293 0.503125
2 -1.1375 0.412397 0.525
2 -1.37813 0.402338 0.765625
2 -1.61875 0.403908 0.56875
0.506998 -1.90312 0.414782 0.546875
-1.58258 -0.7 0.442338 0.546875
-2 0.328125 0.487229 0.56875
-0.67186 0.2625 0.487345 0.590625
2 0.546875 0.489788 0.590625
2 -1.24687 0.47246 0.284375
2 -1.44375 0.451171 0.590625
2 -1.6625 0.446054 0.48125
0.67489 -1.77188 0.441519 0.284375
-1.17264 -1.05 0.463151 0.284375
-1.76941 -0.4375 0.485764 0.35
-0.627402 0.503125 0.498382 0.809375
1.87135 0.240625 0.492975 0.6125
2 -1.11563 0.470123 0.678125
2 -1.42188 0.467151 0.30625
2 -1.70625 0.447497 0.678125
0.720657 -1.925 0.462151 0.35
-0.837735 -1.07187 0.471571 0.7
-1.64514 -0.525 0.496801 0.6125
-0.503135 0.2625 0.502441 0.853125
1.41341 -0.284375 0.521166 0.74375
2 -1.07187 0.490573 0.2625
2 -1.3125 0.471501 0.65625
2 -1.72812 0.473071 0.65625
0.53309 -1.90312 0.474351 0.678125
-1.0253 -0.9625 0.49958 0.328125
-1.48993 -0.4375 0.525864 0.39375
-0.345302 0.35 0.522782 0.503125
2 0.04375 0.530567 0.83125
2 -1.29062 0.508879 0.6125
2 -1.8375 0.488353 0.634375
2 -1.79375 0.484799 0.6125
0.145798 -1.925 0.502651 0.6125
-1.81294 -0.853125 0.522247 0.7
-1.96488 0.4375 0.543988 0.503125
-0.164777 0.459375 0.550791 0.65625
2 0.065625 0.538116 0.721875
2 -1.46562 0.51014 0.721875
2 -1.64062 0.475077 0.7
2 -1.77188 0.467053 0.65625
1.33983 -1.85938 0.468441 0.65625
0.15039 -1.02812 0.477571 0.65625
-1.75994 -1.05 0.502401 0.546875
-1.20145 0.21875 0.520653 0.678125
0.160357 0.328125 0.51699 0.765625
2 -0.21875 0.49908 0.678125
2 -1.53125 0.471977 0.7
2 -1.72812 0.464243 0.74375
2 -1.79375 0.443827 0.65625
0.804082 -1.94687 0.447723 0.546875
-0.964952 -1.05 0.469645 0.721875
-1.34977 -0.74375 0.48499 0.721875
0.0813817 0.175 0.490049 0.7
2 -0.284375 0.49231 0.39375
2 -1.05 0.476145 0.7
2 -1.64062 0.453003 0.590625
2 -1.75 0.451775 0.546875
0.269357 -2.03437 0.466138 0.634375
-1.16344 -0.91875 0.487879 0.30625
-0.838277 -0.459375 0.498753 0.809375
0.232632 0.065625 0.512243 0.634375
2 -0.65625 0.500258 0.284375
2 -1.72812 0.480023 0.7875
2 -1.90312 0.462223 0.48125
2 -1.85938 0.455362 0.546875
0.303715 -2.12188 0.466636 0.765625
-1.12691 -0.48125 0.480708 0.74375
-1.22304 -0.459375 0.497797 0.65625
0.265232 0.109375 0.504601 0.371875
2 -0.284375 0.488727 0.678125
2 -1.75 0.466566 0.525
2 -1.96875 0.449238 0.284375
2 -2.05625 0.436962 0.590625
0.338482 -1.99063 0.446964 0.65625
-1.09562 -0.875 0.458529 0.6125
-1.27155 -0.04375 0.471729 0.83125
0.297832 0.196875 0.474862 0.590625
2 -0.415625 0.453173 0.2625
2 -1.59688 0.424325 0.765625
2 -1.68437 0.397984 0.56875
1.94824 -1.75 0.391814 0.875
0.368465 -2.03437 0.388151 0.74375
-1.43373 -1.09375 0.409601 0.525
-1.61052 -0.0875 0.42251 0.503125
0.32389 0.30625 0.411397 0.39375
2 -0.415625 0.392906 0.74375
2 -1.44375 0.359116 0.6125
2 -1.50937 0.321145 0.4375
1.82515 -1.75 0.306834 0.6125
0.402373 -1.72812 0.306079 0.48125
-1.48094 -1.00625 0.310375 0.6125
-1.42268 -0.4375 0.311945 0
0.350807 0.459375 0.305193 0.35
2 0.0875 0.270712 0.65625
2 -1.35625 0.225001 0.48125
2 -1.55313 0.19906 0.284375
2 -1.33438 0.182023 0.240625
0.418823 -1.50937 0.163641 0.21875
-1.17273 -0.940625 0.168991 0.284375
-1.40623 -0.35 0.168345 0.39375
0.367707 0.35 0.152762 0.21875
2 -0.39375 0.127693 0.175
2 -1.20312 0.08896 0.2625
2 -1.53125 0.0649452 0.240625
1.78478 -1.61875 0.0427841 0.21875
0.415648 -1.46562 0.035923 0.35
-1.30674 -0.940625 0.0355674 0.415625
-1.40503 -0.21875 0.04626 0.0875
0.155198 0.240625 0.0382359 0.153125
2 0.04375 0.0236341 0.196875
2 -1.3125 0.00107296 0.2625
2 -1.50937 -0.0202159 0.175
1.4192 -1.68437 -0.0103956 0.065625
-1.08557 -1.3125 0.00280444 -0.021875
-1.89735 -0.371875 0.0399544 0.284375
-1.04886 0.35 0.0412341 0.153125
1.20609 0.328125 0.0522174 -0.04375
2 -0.65625 0.0312193 0.284375
2 -1.44375 0.00923963 0.13125
2 -1.50937 0.0019063 0.13125
1.36107 -1.81563 -0.013277 0.153125
0.222207 -1.33438 0.00573778 0.13125
-1.7396 -0.7875 0.0344563 0.065625
-1.5492 -0.13125 0.058523 0.371875
-0.170835 0.4375 0.0894581 -0.065625
1.80151 -0.04375 0.085323 0.13125
2 -1.1375 0.0695581 0.109375
2 -1.70625 0.049323 0.13125
1.64528 -1.99063 0.0495489 -0.109375
0.430532 -1.75 0.0721619 0.240625
-1.57969 -1.00625 0.0990267 -0.04375
-0.971477 -0.13125 0.107975 -0.109375
0.385957 0.065625 0.117504 -0.021875
2 -0.590625 0.124999 0.04375
2 -1.50937 0.109125 -0.021875
2 -1.64062 0.0983026 -0.109375
2 -1.75 0.0956211 0.0875
0.992557 -1.85938 0.0960285 0.04375
0.433282 -1.26875 0.115443 -0.13125
-1.23154 -0.91875 0.131079 0.04375
-0.587143 -0.153125 0.140317 0.04375
0.405265 -0.21875 0.153517 0.04375
2 -0.65625 0.145021 0.109375
2 -1.53125 0.133036 0.21875
2 -1.88125 0.121051 0.21875
1.87598 -1.88125 0.108666 0.109375
0.454515 -1.99063 0.123138 -0.0875
-1.13573 -1.07187 0.147495 0.21875
-0.650952 -0.415625 0.153827 0.459375
0.766665 -0.196875 0.151617 0.30625
2 -1.05 0.132654 0.196875
2 -1.72812 0.100899 -0.109375
2 -1.37813 0.101997 -0.065625
2 -1.94687 0.100769 -0.109375
1.22412 -1.75 0.101758 0.13125
0.505223 -1.50937 0.117684 0.35
-0.582618 -0.91875 0.117619 0.240625
0.0630817 -0.765625 0.147791 0.13125
1.55789 -0.91875 0.135516 -0.13125
2 -1.64062 0.147843 0.30625
2 -1.99063 0.122775 0.35
1.88006 -1.99063 0.122419 -0.13125
0.776515 -2.05625 0.150847 0.240625
-0.491877 -1.44375 0.150782 0.0875
0.074015 -0.940625 0.174267 -0.284375
2 -0.853125 0.163627 0.21875
2 -1.85938 0.150479 0.04375
2 -2.05625 0.16088 0.0875
2 -1.94687 0.164595 0.21875
0.672765 -2.0125 0.159588 0.13125
0.533465 -1.225 0.16999 0.240625
-0.26131 -1.225 0.199871 0.13125
0.519148 -0.634375 0.204349 0.13125
1.80593 -1.1375 0.19876 0.175
2 -1.88125 0.20073 0.13125
2 -2.0125 0.201829 0.4375
1.67934 -2.07812 0.195367 0.2625
0.548323 -1.8375 0.213619 0.175
-0.301402 -1.3125 0.233325 0.2625
0.265798 -0.91875 0.243145 0.371875
1.94639 -0.940625 0.237156 0.39375
2 -1.96875 0.222264 0.30625
2 -2.12188 0.231503 0.2625
1.27075 -2.1875 0.239579 0.503125
0.554023 -1.90312 0.250853 0.503125
-0.533818 -1.59688 0.264162 0.284375
0.534473 -0.678125 0.267004 0.4375
2 -0.940625 0.262579 0.240625
2 -1.90312 0.246523 0.4375
2 -1.94687 0.238317 0.328125
1.36934 -2.1875 0.243195 0.240625
0.574115 -1.77188 0.249527 0.21875
-0.567368 -1.4875 0.265743 0.021875
0.55064 -0.48125 0.272947 0.56875
2 -1.02812 0.265904 0.30625
2 -1.925 0.25003 0.2625
2 -2.12188 0.234556 0.284375
0.84909 -2.05625 0.24176 0.2625
-0.49956 -1.4875 0.253034 0.48125
-0.27776 -0.765625 0.256749 0.503125
0.561573 -0.65625 0.258138 0.371875
2 -0.875 0.241501 0.328125
2 -1.61875 0.222538 0.328125
2 -1.925 0.202121 0.415625
1.02966 -1.6625 0.205254 0.4375
-0.530493 -1.44375 0.213621 0.284375
-0.705118 -0.634375 0.228384 0.2625
0.571198 -0.284375 0.228319 0
2 -0.9625 0.20703 0.240625
2 -1.88125 0.183416 0.35
2 -1.85938 0.164743 0.065625
1.25123 -1.88125 0.159445 0.196875
-0.387418 -1.53125 0.165595 0.240625
-1.06228 -0.6125 0.168438 0.196875
0.0269483 -0.284375 0.168664 0.328125
2 -0.634375 0.143595 0.2625
2 -1.53125 0.110095 0.065625
2 -1.8375 0.0853174 0.04375
2 -1.68437 0.0742044 0.175
0.634407 -1.72812 0.0654174 0.153125
-0.667143 -1.00625 0.0708767 0.021875
-1.18324 -0.39375 0.0841859 0.109375
-0.198685 -0.153125 0.073073 0.13125
0.718698 -0.21875 0.0654489 0.30625
2 -0.765625 0.027297 0.284375
2 -1.42188 0.00368222 0.109375
2 -1.925 -0.0272011 0.371875
0.969598 -1.81563 -0.03239 0.109375
-0.591002 -1.20312 -0.035653 0.065625
-1.3426 -0.503125 -0.0246696 -0.13125
-0.491493 0.240625 -0.0226993 -0.175
0.58289 0.109375 -0.0335215 0.04375
2 -0.4375 -0.0504493 0.35
2 -1.64062 -0.0717381 0.2625
2 -1.70625 -0.0877937 -0.0875
1.46657 -1.75 -0.081753 0.153125
-0.301602 -1.46562 -0.0662993 0.04375
-1.39468 -0.503125 -0.0492104 -0.240625
-1.20342 0.4375 -0.03939 -0.153125
0.57399 0.2625 -0.0350937 0.21875
2 -0.48125 -0.0624881 0.0875
2 -1.53125 -0.0954067 0.328125
2 -1.70625 -0.121929 -0.13125
1.35562 -1.99063 -0.115197 0.0875
-0.204527 -1.61875 -0.112064 0.04375
-1.66962 -0.678125 -0.0993363 0.065625
-0.611793 0.2625 -0.0863178 -0.109375
0.593423 -0.13125 -0.0887085 0.0875
2 -0.7 -0.121227 -0.065625
2 -1.61875 -0.154436 0.065625
2 -1.77188 -0.174853 -0.371875
2 -1.81563 -0.176081 -0.35
0.66794 -1.81563 -0.17382 -0.21875
-0.710352 -1.225 -0.155749 -0.21875
-1.2269 -0.525 -0.138079 -0.21875
-0.163843 -0.04375 -0.127968 -0.328125
1.04137 -0.153125 -0.126579 -0.284375
2 -1.00625 -0.144379 -0.240625
2 -1.75 -0.157127 -0.30625
2 -1.925 -0.176962 -0.30625
1.16361 -2.05625 -0.170921 -0.30625
-0.552235 -1.79375 -0.163136 0.065625
-0.784877 -0.721875 -0.135762 0
0.123798 -0.21875 -0.130594 -0.48125
2 -0.546875 -0.147231 -0.196875
2 -1.61875 -0.16096 -0.240625
2 -1.90312 -0.178942 -0.284375
2 -2.03437 -0.175809 0
1.38976 -1.90312 -0.167733 -0.196875
-0.324777 -1.70625 -0.15326 -0.196875
-0.99571 -0.91875 -0.139842 -0.153125
0.382657 -0.48125 -0.128568 -0.153125
1.27518 -0.83125 -0.128342 -0.196875
2 -1.4875 -0.140218 -0.196875
2 -1.99063 -0.149877 -0.196875
2 -2.0125 -0.152559 0
1.31499 -1.94687 -0.138268 -0.328125
0.678073 -1.575 -0.130773 -0.21875
-0.250152 -1.225 -0.119209 -0.065625
0.659382 -0.721875 -0.111314 -0.21875
2 -1.18125 -0.0971326 -0.175
2 -2.03437 -0.10592 0.021875
2 -2.20938 -0.120994 -0.0875
0.892823 -2.14375 -0.107394 0.021875
0.333098 -1.575 -0.0949567 0.021875
0.612465 -1.26875 -0.092877 -0.21875
0.795873 -1.37813 -0.081603 -0.284375
2 -1.42188 -0.0874826 -0.240625
2 -2.42813 -0.0979048 -0.21875
2 -2.1875 -0.0991326 -0.21875
1.53826 -2.12188 -0.0919289 -0.04375
0.693315 -1.90312 -0.0869419 -0.30625
-0.102768 -1.53125 -0.0733419 0.021875
0.412957 -1.07187 -0.0686456 0
2 -1.18125 -0.0605696 -0.21875
2 -2.1 -0.0728456 -0.196875
2 -2.07812 -0.0867567 0.021875
1.83175 -2.16562 -0.0778085 -0.021875
0.700282 -2.07812 -0.07224 -0.21875
-0.308202 -1.6625 -0.0510807 -0.109375
0.258998 -1.11563 -0.0447493 -0.2625
2 -0.765625 -0.0502289 0.240625
2 -2.05625 -0.0703548 0
2 -2.05625 -0.0892085 -0.328125
1.44057 -2.05625 -0.0799696 -0.153125
0.724748 -1.81563 -0.0706215 0.04375
-0.282835 -1.35625 -0.0584752 0.175
-0.00432667 -0.83125 -0.0421493 -0.371875
0.915265 -0.875 -0.0459937 -0.4375
2 -1.35625 -0.0689178 0.328125
2 -1.94687 -0.080903 0.0875
2 -2.07812 -0.0895807 0.04375
1.02057 -2.05625 -0.092553 -0.0875
-0.325868 -1.64062 -0.0832048 0.30625
-0.472568 -0.765625 -0.0719307 0.21875
0.727865 -0.35 -0.0663622 0.0875
2 -1.05 -0.0829993 -0.2625
2 -1.96875 -0.105633 -0.240625
2 -2.14375 -0.113257 -0.021875
1.85629 -2.03437 -0.123388 -0.021875
0.77544 -2.16562 -0.119383 -0.48125
-0.733235 -1.37813 -0.101312 -0.284375
-0.38146 -0.546875 -0.0980696 0.175
0.742232 -0.678125 -0.10046 -0.153125
2 -1.07187 -0.121059 -0.39375
2 -2.0125 -0.153977 0.2625
2 -1.96875 -0.179518 0.04375
1.59415 -2.12188 -0.19034 -0.371875
0.746182 -1.75 -0.180992 -0.415625
-0.580635 -1.50937 -0.167283 -0.284375
-0.227552 -0.6125 -0.17229 -0.2625
0.769232 -0.546875 -0.183875 -0.503125
2 -1.02812 -0.212142 -0.284375
2 -2.07812 -0.243207 -0.240625
2 -2.0125 -0.263805 -0.56875
1.09258 -2.1875 -0.268231 -0.240625
0.0339733 -1.68437 -0.276618 -0.525
-0.561485 -0.875 -0.266979 -0.65625
0.792023 -0.371875 -0.274021 -0.153125
2 -1.24687 -0.289096 -0.175
2 -1.94687 -0.311547 -0.021875
2 -1.53125 -0.329238 -0.415625
1.03209 -2.05625 -0.324251 -0.415625
-0.608727 -1.4875 -0.323734 -0.503125
-0.70616 -0.9625 -0.311188 -0.48125
0.516965 -0.328125 -0.314633 -0.4375
2 -0.896875 -0.333886 -0.21875
2 -1.88125 -0.358264 -0.415625
2 -1.75 -0.378571 -0.371875
1.96548 -1.79375 -0.379109 -0.503125
0.832298 -1.925 -0.371323 -0.4375
-0.680302 -1.575 -0.350927 -0.48125
-0.90681 -0.7875 -0.340416 -0.415625
0.28839 -0.459375 -0.332921 -0.415625
2 -0.83125 -0.333749 -0.328125
2 -1.81563 -0.351149 -0.459375
2 -1.99063 -0.361971 -0.371875
2 -1.88125 -0.368614 -0.525
0.831373 -2.14375 -0.35694 -0.65625
-0.679918 -0.875 -0.34294 -0.634375
-0.776902 -0.83125 -0.32149 -0.634375
0.78594 -0.196875 -0.315921 -0.30625
2 -1.07187 -0.330414 -0.30625
2 -1.68437 -0.359153 -0.30625
2 -1.90312 -0.365614 -0.30625
1.84326 -2.1 -0.36557 -0.634375
0.839607 -1.81563 -0.355059 -0.35
-0.593185 -1.55313 -0.332336 -0.35
-0.76781 -0.65625 -0.31612 -0.35
0.79679 -0.590625 -0.314331 -0.35
2 -1.05 -0.324462 -0.328125
2 -1.88125 -0.357271 -0.371875
2 -1.96875 -0.355483 -0.39375
2 -1.99063 -0.359618 -0.35
0.866157 -2.1 -0.354631 -0.415625
-0.645585 -1.53125 -0.339177 -0.328125
-0.74126 -0.809375 -0.304825 -0.35
0.825957 -0.0875 -0.299838 -0.196875
2 -1.26875 -0.316657 -0.39375
2 -2.07812 -0.344923 -0.48125
2 -1.55313 -0.34546 -0.4375
2 -1.99063 -0.360825 -0.39375
0.900107 -2.25312 -0.334033 -0.328125
-0.690135 -1.46562 -0.320614 -0.39375
-0.710377 -0.875 -0.28917 -0.48125
0.858148 -0.30625 -0.287781 -0.4375
2 -1.26875 -0.286573 -0.39375
2 -1.94687 -0.303683 -0.35
2 -1.96875 -0.33184 -0.459375
1.8474 -1.96875 -0.324818 -0.284375
0.920932 -2.03437 -0.300351 -0.39375
-0.879952 -1.64062 -0.271814 -0.459375
-0.688243 -0.35 -0.24106 -0.39375
0.883757 -0.371875 -0.243051 -0.56875
2 -1.15938 -0.269173 -0.415625
2 -1.925 -0.293551 -0.415625
2 -1.81563 -0.297577 -0.415625
2 -1.8375 -0.296951 -0.153125
0.967473 -1.64062 -0.284405 -0.56875
-0.83341 -1.4875 -0.248018 -0.39375
-0.857577 -0.525 -0.218899 -0.30625
0.864023 -0.459375 -0.218855 -0.415625
2 -1.02812 -0.229277 -0.371875
2 -1.94687 -0.245914 -0.546875
2 -2.0125 -0.243544 -0.109375
1.69366 -2.07812 -0.233905 -0.39375
0.976073 -1.94687 -0.232988 -0.48125
-0.615477 -1.6625 -0.205033 -0.48125
-0.554152 -0.634375 -0.181729 -0.328125
0.934115 -0.503125 -0.170055 -0.48125
2 -1.4 -0.175825 -0.30625
2 -1.8375 -0.190899 -0.153125
2 -1.94687 -0.180097 -0.39375
0.986598 -2.03437 -0.186159 -0.240625
-0.313193 -1.44375 -0.164018 -0.240625
-0.618652 -0.7875 -0.140714 -0.371875
0.946807 -0.678125 -0.115084 -0.284375
2 -1.18125 -0.123181 -0.2625
2 -1.94687 -0.133312 -0.328125
2 -1.94687 -0.157981 -0.284375
1.2601 -1.75 -0.131479 -0.021875
-0.141743 -1.575 -0.123584 -0.175
-0.81746 -0.74375 -0.0950474 -0.21875
0.61324 -0.459375 -0.0784307 -0.21875
2 -1.05 -0.0821659 0.21875
2 -2.03437 -0.102764 -0.328125
2 -1.925 -0.100103 -0.196875
1.84191 -2.1 -0.109944 -0.30625
-0.136902 -1.55313 -0.0965252 -0.196875
-0.969618 -0.984375 -0.0610104 -0.196875
-0.462602 -0.4375 -0.0481733 0.153125
2 -0.39375 -0.0515085 -0.2625
2 -1.75 -0.0561159 -0.2625
2 -1.94687 -0.0671196 -0.328125
2 -1.925 -0.0705641 -0.35
0.938607 -2.05625 -0.0580178 0.021875
-0.89106 -1.42188 -0.0364585 0.328125
-1.04737 -0.459375 -0.0058863 -0.30625
0.803307 0.240625 0.00956741 -0.021875
2 -1.00625 0.00234333 -0.284375
2 -1.88125 -0.0287215 -0.371875
2 -1.85938 -0.0259511 0.0875
1.91554 -2.05625 -0.032303 0.153125
0.72434 -2.0125 -0.00696407 -0.04375
-0.814877 -1.225 0.0108156 0.196875
-1.33621 -0.525 0.0486563 0.21875
0.591657 0.13125 0.0533526 0.328125
2 -0.56875 0.0440933 -0.21875
2 -1.77188 0.0354156 -0.196875
2 -1.85938 0.0187063 -0.21875
2 -1.925 0.025147 0.0875
1.40976 -1.85938 0.0333322 -0.240625
-0.0967517 -1.53125 0.0540193 0.021875
-0.901993 -0.765625 0.0677285 0.04375
-0.418527 -0.39375 0.0940489 0.0875
0.937598 -0.4375 0.101071 0.021875
2 -0.875 0.0921026 0.13125
2 -1.77188 0.0872044 0.04375
2 -1.79375 0.0808526 0.021875
1.80517 -1.85938 0.0859489 0.13125
0.958065 -1.925 0.0982044 0.021875
-0.76301 -1.35625 0.123253 0.04375
-0.72961 -0.56875 0.137834 -0.065625
0.85809 -0.21875 0.144856 -0.2625
2 -1.11563 0.137741 0.153125
2 -1.88125 0.114527 0.175
2 -1.4875 0.102069 0.175
1.59307 -2.1875 0.106475 0.240625
-0.175102 -1.99063 0.118549 0.021875
-0.641485 -0.809375 0.138654 0.240625
0.131123 -0.56875 0.150038 0.284375
2 -0.74375 0.142232 0.13125
2 -1.88125 0.122034 0.04375
2 -1.85938 0.10318 0.153125
1.80418 -1.90312 0.100317 0.153125
0.957073 -1.8375 0.105704 0.04375
-0.342718 -1.575 0.114762 0.065625
-0.360343 -0.91875 0.12818 0.13125
0.703573 -0.328125 0.135493 0.13125
2 -1.1375 0.113551 -0.153125
2 -1.94687 0.0961507 0.021875
2 -2.0125 0.0735174 0.065625
1.74078 -2.34063 0.0652396 0.109375
0.735365 -1.85938 0.0626674 -0.21875
-0.434043 -1.44375 0.05806 0.109375
-0.0827183 -0.7875 0.0457119 0.109375
0.965948 -0.2625 0.0286026 -0.240625
2 -1.18125 -0.0103122 0.13125
2 -1.90312 -0.0517344 0.065625
2 -1.90312 -0.0813456 0.13125
0.957348 -2.275 -0.101362 -0.021875
-0.341135 -1.6625 -0.111966 0.30625
-0.490043 -0.765625 -0.116864 -0.371875
0.917107 -0.74375 -0.131829 -0.2625
2 -1.26875 -0.163184 0.2625
2 -1.8375 -0.18291 -0.240625
2 -2.1875 -0.205434 -0.0875
0.947757 -2.20938 -0.207425 -0.175
-0.273535 -1.44375 -0.189246 -0.39375
-0.658802 -0.39375 -0.18891 0.065625
0.849948 -0.503125 -0.177527 -0.0875
2 -0.984375 -0.195399 -0.48125
2 -1.94687 -0.206403 0.0875
2 -2.0125 -0.221659 -0.175
1.34812 -1.50937 -0.217544 -0.371875
-0.370785 -1.6625 -0.203253 -0.13125
-0.602977 -0.83125 -0.190307 -0.13125
0.53944 -0.678125 -0.184738 -0.04375
2 -1.02812 -0.204936 -0.525
2 -1.72812 -0.222336 -0.175
2 -1.85938 -0.244279 -0.56875
1.63376 -2.12188 -0.24627 -0.175
0.364065 -1.96875 -0.235359 0
-0.755177 -1.20312 -0.218742 -0.546875
-0.116468 -0.56875 -0.216844 -0.503125
1.09051 -0.853125 -0.229592 -0.109375
2 -1.26875 -0.250371 -0.7
2 -1.90312 -0.287542 -0.065625
2 -1.94687 -0.299599 -0.459375
1.56206 -1.99063 -0.311184 -0.39375
-0.364868 -1.81563 -0.307542 -0.721875
-0.882277 -0.74375 -0.30052 -0.415625
0.100523 -0.48125 -0.300075 -0.546875
2 -0.875 -0.313114 -0.21875
2 -1.85938 -0.353083 -0.4375
2 -1.88125 -0.397231 -0.459375
2 -1.925 -0.405799 -0.328125
0.94434 -2.25312 -0.404301 -0.459375
-0.567852 -1.4875 -0.392227 -0.503125
-0.454643 -0.48125 -0.387421 -0.415625
0.903648 -0.525 -0.398134 -0.4375
2 -1.24687 -0.434614 -0.525
2 -1.85938 -0.470621 -0.65625
2 -2.0125 -0.492273 -0.6125
1.68397 -2.05625 -0.511418 -0.56875
-0.0336267 -2.07812 -0.500216 -0.634375
-0.838868 -0.809375 -0.48727 -0.65625
0.143932 -0.48125 -0.489842 -0.590625
2 -0.7875 -0.501027 -0.6125
2 -1.8375 -0.520353 -0.6125
2 -1.8375 -0.547638 -0.634375
1.77206 -1.99063 -0.548938 -0.4375
0.976832 -1.90312 -0.541044 -0.809375
-0.614718 -1.53125 -0.522283 -0.35
-0.263843 -0.721875 -0.520675 -0.74375
0.940515 -0.7 -0.50871 -0.721875
2 -1.15938 -0.523966 -0.809375
2 -2.0125 -0.54271 -0.809375
2 -1.88125 -0.558657 -0.896875
1.04529 -1.85938 -0.552397 -0.875
-0.306835 -1.53125 -0.519681 -0.940625
-0.69386 -0.7875 -0.512368 -0.74375
0.738148 -0.525 -0.494188 -0.74375
2 -1.00625 -0.511188 -0.328125
2 -1.8375 -0.524809 -0.7
2 -1.90312 -0.541809 -0.678125
1.70642 -1.8375 -0.527118 -0.7875
-0.43246 -1.99063 -0.510392 -0.74375
-1.1121 -0.634375 -0.485925 -0.721875
0.315532 -0.371875 -0.47734 -0.896875
2 -0.896875 -0.495794 -0.65625
2 -1.50937 -0.51174 -0.74375
2 -1.77188 -0.535427 -0.83125
1.79843 -1.50937 -0.535564 -0.459375
0.08214 -1.81563 -0.52349 -0.678125
-1.30576 -0.984375 -0.508618 -0.65625
-0.827527 -0.328125 -0.484333 -0.74375
0.953357 0.065625 -0.483597 -0.875
2 -1.18125 -0.517751 -0.809375
2 -1.88125 -0.540275 -0.7875
2 -1.90312 -0.555349 -0.940625
1.36776 -1.77188 -0.549962 -0.91875
-0.403485 -1.575 -0.541668 -0.74375
-1.29377 -0.809375 -0.510114 -0.175
-0.314893 0.240625 -0.501057 -0.678125
1.60075 -0.4375 -0.508753 -0.7
2 -1.35625 -0.523136 -0.7
2 -2.0125 -0.541881 -0.74375
2 -1.75 -0.545797 -0.590625
1.01297 -1.85938 -0.513371 -0.7
-1.29208 -1.42188 -0.490068 -0.7
-1.55612 -0.284375 -0.473633 -0.371875
0.108773 -0.021875 -0.449347 -0.590625
2 -0.6125 -0.454427 -0.56875
2 -1.64062 -0.465612 -0.546875
2 -1.81563 -0.467494 -0.4375
2 -1.90312 -0.462216 -0.678125
0.993107 -1.96875 -0.445781 -0.721875
-0.674777 -1.35625 -0.427601 -0.546875
-1.19525 -0.459375 -0.398664 -0.546875
-0.133952 -0.065625 -0.379321 -0.56875
1.2021 -0.21875 -0.374225 -0.56875
2 -1.07187 -0.380759 -0.546875
2 -1.72812 -0.395433 -0.590625
2 -1.59688 -0.398477 -0.590625
0.97149 -1.70625 -0.384368 -0.590625
-0.616585 -1.11563 -0.360773 -0.634375
-1.05463 -0.4375 -0.334162 -0.525
-0.282477 -0.240625 -0.327031 -0.525
0.921432 -0.525 -0.323097 -0.74375
2 -1.02812 -0.323816 -0.21875
2 -1.64062 -0.337036 -0.525
2 -1.85938 -0.342988 -0.546875
0.684732 -1.925 -0.330623 -0.7
-1.51695 -1.35625 -0.299942 -0.678125
-1.62007 -0.415625 -0.270714 -0.678125
0.888248 0.240625 -0.268816 -0.459375
2 -0.74375 -0.293957 -0.371875
2 -1.6625 -0.310957 -0.35
2 -1.61875 -0.323014 -0.415625
2 -1.64062 -0.335071 -0.371875
1.76036 -1.81563 -0.323579 -0.4375
-0.112935 -1.72812 -0.314121 -0.39375
-1.41972 -0.765625 -0.278788 -0.328125
-1.15258 0.0875 -0.260899 -0.371875
0.69634 0.04375 -0.259292 -0.4375
2 -0.65625 -0.250125 -0.371875
2 -1.4875 -0.247936 -0.371875
2 -1.575 -0.263773 -0.328125
1.84864 -1.88125 -0.246466 -0.153125
0.92389 -1.925 -0.226833 -0.196875
-0.588302 -1.29062 -0.208944 -0.109375
-0.767302 -0.853125 -0.178553 -0.196875
0.87359 -0.4375 -0.176655 -0.175
2 -0.91875 -0.174466 -0.153125
2 -1.90312 -0.186996 -0.153125
2 -1.81563 -0.184807 -0.065625
0.908573 -1.925 -0.166046 -0.546875
-0.894068 -1.37813 -0.145249 -0.2625
-0.91521 -0.7 -0.115731 -0.48125
0.859132 0.04375 -0.121392 -0.35
2 -1.1375 -0.113679 -0.04375
2 -1.79375 -0.134168 -0.30625
2 -1.8375 -0.131107 -0.065625
1.53389 -1.99063 -0.126483 -0.4375
0.34224 -1.77188 -0.103942 -0.109375
-0.832402 -0.9625 -0.0764585 -0.13125
-0.058935 -0.525 -0.0658381 -0.153125
1.12097 -0.765625 -0.0712085 0.30625
2 -1.33438 -0.0780326 0.04375
2 -1.925 -0.0828215 0.0875
2 -1.94687 -0.0845937 -0.240625
0.889057 -1.94687 -0.083277 0.13125
-0.780135 -1.4 -0.0537585 -0.175
-0.93166 -0.546875 -0.0312178 -0.196875
0.844848 -0.04375 -0.0360067 0.35
2 -1.09375 -0.0479548 -0.459375
2 -1.42188 -0.0515807 -0.13125
2 -1.81563 -0.0685807 0.13125
0.89684 -1.75 -0.0518548 -0.13125
-0.822068 -1.29062 -0.0278604 -0.240625
-0.63126 -0.56875 -0.0209104 -0.21875
0.303132 -0.196875 -0.00738259 0.2625
2 -0.721875 -0.018277 -0.153125
2 -1.77188 -0.0259733 -0.371875
2 -1.77188 -0.0274548 -0.21875
1.52825 -1.96875 -0.0351511 -0.2625
-0.478493 -1.90312 -0.000980741 0.0875
-0.84066 -0.721875 0.0169081 -0.153125
-0.0676433 -0.7 0.0264748 0.35
2 -0.809375 0.0301174 0.21875
2 -1.75 0.0198044 -0.153125
2 -1.90312 0.00756556 -0.175
2 -2.03437 0.00801 0.21875
0.890365 -2.1 0.023573 -0.109375
-0.993393 -1.55313 0.0519285 0.459375
-0.726252 -0.35 0.0760322 -0.0875
0.840923 -0.284375 0.0764767 0
2 -0.91875 0.0586044 -0.2625
2 -1.99063 0.0515989 -0.109375
2 -1.8375 0.0282026 0
1.90119 -1.96875 0.0391137 -0.13125
0.896182 -2.07812 0.051297 -0.04375
-0.69451 -1.44375 0.0886656 -0.196875
-0.503702 -0.525 0.0934711 0.48125
0.857207 -0.546875 0.103329 -0.153125
2 -1.09375 0.095923 0.35
2 -1.90312 0.0828119 0.109375
2 -1.925 0.0669748 -0.284375
1.4107 -1.99063 0.0764322 -0.175
0.903307 -1.72812 0.0926859 -0.196875
-0.318885 -1.50937 0.116971 0.39375
0.24394 -0.896875 0.129917 0.30625
1.71299 -1.02812 0.121167 -0.13125
2 -1.85938 0.112599 -0.04375
2 -2.05625 0.113734 0.153125
1.89905 -2.12188 0.112725 0.240625
0.895798 -2.25312 0.126653 0.2625
-0.483393 -1.575 0.144541 0.13125
0.239048 -0.7875 0.159814 -0.2625
2 -1.1375 0.152227 -0.04375
2 -2.05625 0.139006 0.21875
2 -1.96875 0.11979 -0.2625
1.98836 -2.12188 0.126921 0.153125
0.907465 -2.14375 0.134743 0.196875
-0.392777 -1.53125 0.14769 0.175
-0.0410433 -0.809375 0.163362 0.196875
2 -0.91875 0.156829 -0.021875
2 -2.16562 0.135867 0.04375
2 -2.14375 0.129916 -0.021875
1.8391 -2.05625 0.117967 0.109375
0.914348 -2.14375 0.12161 -0.284375
-0.383727 -1.575 0.138736 -0.240625
0.100598 -1.02812 0.153136 0.175
0.88539 -1.00625 0.147584 0.175
2 -1.35625 0.123316 0.175
2 -2.07812 0.103517 0.0875
2 -2.03437 0.09186 0.109375
1.77774 -2.07812 0.0835822 0.30625
0.796282 -2.03437 0.0882063 -0.0875
-0.663577 -1.6625 0.102606 0.0875
-0.103818 -0.48125 0.108103 0.0875
0.892065 -0.6125 0.0957544 -0.153125
2 -1.4875 0.0771193 -0.153125
2 -2.05625 0.0456915 0.13125
2 -2.07812 0.0252026 0.109375
1.57463 -1.99063 0.010347 0.021875
0.0951483 -1.8375 0.0125359 0.2625
-0.657352 -1.1375 0.0127989 0.13125
0.351615 -0.328125 0.0101544 -0.196875
2 -0.721875 -0.0144048 0.109375
2 -1.85938 -0.04874 -0.065625
2 -2.14375 -0.0728993 0.109375
1.64648 -1.6625 -0.0829215 0.328125
0.796307 -1.81563 -0.0838215 -0.153125
-0.661385 -1.46562 -0.0836678 -0.175
-0.309652 -0.678125 -0.092127 -0.240625
0.894257 -0.809375 -0.0970974 -0.13125
2 -1.15938 -0.12282 0.196875
2 -1.88125 -0.149014 0.04375
2 -1.96875 -0.168521 -0.13125
1.2903 -2.23125 -0.165642 -0.04375
-0.347493 -1.61875 -0.159092 -0.153125
-0.577968 -0.875 -0.140221 -0.21875
0.195048 -0.590625 -0.132981 -0.109375
2 -0.7875 -0.148236 -0.109375
2 -1.79375 -0.165709 -0.13125
2 -1.44375 -0.183471 -0.04375
1.72758 -2.16562 -0.185244 -0.2625
-0.198043 -2.05625 -0.170262 -0.13125
-0.955777 -1.09375 -0.152264 -0.0875
0.103765 -0.525 -0.14357 -0.371875
2 -0.9625 -0.151738 -0.415625
2 -1.72812 -0.16932 -0.35
2 -1.75 -0.183012 -0.39375
2 -1.99063 -0.189146 -0.30625
0.923048 -2.12188 -0.178997 -0.30625
-0.746593 -1.11563 -0.165179 -0.590625
-0.610735 -0.65625 -0.146018 -0.04375
0.874015 -0.634375 -0.142557 -0.459375
2 -1.1375 -0.155959 -0.371875
2 -1.96875 -0.171977 -0.065625
2 -1.96875 -0.183162 -0.065625
1.26613 -1.96875 -0.185516 0.021875
-0.585368 -1.72812 -0.161121 -0.065625
-0.815843 -0.328125 -0.136727 -0.0875
0.535457 -0.56875 -0.12309 -0.21875
2 -0.91875 -0.136201 -0.109375
2 -1.90312 -0.146223 -0.415625
2 -1.85938 -0.159916 -0.4375
1.6297 -1.99063 -0.153838 0.021875
0.0699567 -1.96875 -0.149214 -0.175
-1.05411 -1.00625 -0.108247 -0.13125
-0.256235 -0.2625 -0.102751 -0.525
1.21412 -0.74375 -0.0920215 -0.2625
2 -1.37813 -0.115018 0.065625
2 -1.79375 -0.117953 -0.021875
2 -1.77188 -0.114601 -0.328125
0.926765 -1.53125 -0.118699 -0.0875
-0.746802 -1.33438 -0.0876178 -0.13125
-1.11204 -0.6125 -0.0576993 -0.153125
0.237957 -0.04375 -0.0394104 -0.13125
2 -0.525 -0.03624 0.04375
2 -1.72812 -0.0412104 0.04375
2 -1.79375 -0.0450178 -0.4375
2 -1.85938 -0.0371956 -0.13125
0.89239 -1.94687 -0.0200696 0.065625
-0.617635 -1.33438 0.00519704 0.04375
-0.84811 -0.590625 0.0429656 0.153125
0.215357 -0.525 0.0487526 0.04375
2 -0.7875 0.051923 0.13125
2 -1.72812 0.0481156 0.109375
2 -1.8375 0.047797 0.04375
1.78845 -1.85938 0.0579452 0.065625
0.86194 -1.8375 0.0762341 0.175
-1.01573 -1.35625 0.102664 0.153125
-0.95706 -0.56875 0.129093 0.0875
0.184907 -0.196875 0.146219 0.13125
2 -0.4375 0.143575 0.175
2 -1.59688 0.131627 -0.021875
2 -1.81563 0.129564 -0.021875
1.27608 -1.81563 0.140293 0.240625
-0.443277 -1.46562 0.16556 0.196875
-1.40904 -0.4375 0.195479 0.153125
-0.615085 -0.0875 0.219582 0.153125
0.796398 0.21875 0.228567 0.196875
2 -0.765625 0.223997 0.240625
2 -1.37813 0.216701 0.196875
2 -1.6625 0.232954 0.240625
0.831748 -1.77188 0.233217 -0.021875
-0.972652 -1.18125 0.265753 0.21875
-1.73562 -0.2625 0.292182 0.35
-0.0232183 0.175 0.32559 0.415625
2 -0.021875 0.312479 0.0875
2 -1.225 0.320991 0.21875
2 -1.6625 0.308462 0.4375
1.63577 -1.79375 0.324716 0.371875
0.233032 -1.55313 0.344167 0.39375
-1.52079 -0.853125 0.360712 0.525
-1.54717 -0.109375 0.401969 0.30625
0.168707 0.6125 0.401941 0.415625
2 -0.109375 0.410745 0.415625
2 -1.225 0.407519 0.39375
2 -1.50937 0.401095 0.48125
0.747015 -1.6625 0.403975 0.4375
-1.13503 -1.05 0.426916 0.4375
-1.65988 -0.371875 0.462758 0.56875
-0.736852 0.30625 0.474651 0.503125
0.674632 0.21875 0.475495 0.48125
2 -0.634375 0.467617 0.525
2 -1.02812 0.454325 0.634375
2 -1.575 0.447029 0.525
0.706915 -1.64062 0.456886 0.4375
-1.31074 -0.984375 0.478664 0.546875
-2 -0.109375 0.509854 0.590625
-0.500443 0.853125 0.521456 0.590625
1.91277 -0.021875 0.511834 0.809375
2 -1.02812 0.497851 0.678125
2 -1.26875 0.477871 0.65625
1.74162 -1.53125 0.47261 0.65625
-0.763193 -1.61875 0.486538 0.74375
-2 -0.39375 0.511041 0.590625
-1.98081 0.634375 0.517119 0.546875
0.02204 0.765625 0.529303 0.56875
2 0.240625 0.519208 0.48125
2 -0.809375 0.493304 0.459375
2 -1.225 0.472053 0.56875
2 -1.44375 0.464284 0.48125
1.02183 -1.55313 0.458732 0.4375
-1.06517 -1.09375 0.459577 0.48125
-1.95549 -0.2625 0.464019 0.459375
-1.69011 0.415625 0.466317 0.503125
-0.10376 0.48125 0.462219 0.503125
1.59948 0.109375 0.439914 0.6125
2 -0.721875 0.407323 0.546875
2 -1.18125 0.38211 0.503125
1.5417 -1.44375 0.357369 0.56875
0.534073 -1.46562 0.340188 0.48125
-1.93279 -0.83125 0.34434 0.525
-2 0.56875 0.332682 0.56875
-0.66981 0.590625 0.31939 0.503125
0.666648 0.65625 0.299591 0.678125
2 -0.35 0.27874 0.525
2 -0.9625 0.231903 0.459375
2 -1.26875 0.211341 0.48125
1.03648 -1.42188 0.198521 0.48125
-1.02218 -0.9625 0.20489 0.634375
-2 -0.240625 0.222125 0.525
-1.93627 0.590625 0.241867 0.240625
0.197415 0.525 0.243112 0.546875
1.40304 0.35 0.241049 0.4375
2 -0.48125 0.251306 0.39375
2 -0.984375 0.243138 0.371875
1.33826 -1.18125 0.253686 0.371875
0.411757 -1.07187 0.287966 0.328125
-1.47029 -0.39375 0.298804 0.240625
-2 -0.0875 0.334938 0.35
-1.30414 0.634375 0.367473 0.35
0.0728817 0.56875 0.364938 0.39375
1.11889 0.21875 0.388169 0.39375
1.75146 -0.4375 0.392321 0.546875
1.70109 -0.7 0.384153 0.4375
0.597507 -1.02812 0.407493 0.4375
0.191265 -0.74375 0.418804 0.546875
-1.26818 -0.48125 0.450577 0.525
-1.20866 0.021875 0.465777 0.525
-0.437402 0.503125 0.48174 0.48125
0.261898 0.240625 0.488217 0.525
1.04493 -0.196875 0.498947 0.503125
0.965773 -0.6125 0.513275 0.503125
0.464023 -0.6125 0.523241 0.65625
0.24749 -0.4375 0.522632 0.525
-0.311827 -0.525 0.545101 0.590625
-0.193427 -0.21875 0.558556 0.503125
0.00739833 -0.30625 0.570449 0.6125
0.209532 -0.175 0.579253 0.56875
0.255973 -0.240625 0.583404 0.634375
0.199057 -0.30625 0.597041 0.590625
0.191857 -0.35 0.605845 0.984375
0.184657 -0.30625 0.608543 0.765625
0.177457 -0.240625 0.622762 0.678125
0.170257 -0.415625 0.626332 0.91875
0.163057 -0.21875 0.638625 0.853125
0.155857 -0.30625 0.65139 0.765625
0.148657 -0.30625 0.659903 1.07187
0.141457 -0.30625 0.662601 0.853125
0.134257 -0.153125 0.675475 0.7875
0.127057 -0.196875 0.694636 0.940625
0.119407 -0.153125 0.692101 0.853125
0.112207 -0.175 0.723291 0.853125
0.105007 -0.153125 0.72221 0.984375
0.0978067 -0.13125 0.746895 0.940625
0.0906067 -0.13125 0.762967 0.91875
0.0834067 -0.13125 0.767701 0.940625
0.0762067 -0.13125 0.78639 0.940625
0.0690067 -0.39375 0.800317 0.875
0.0618067 -0.13125 0.808249 0.940625
0.0546067 -0.35 0.82403 0.896875
0.0474067 0.21875 0.834579 0.9625
0.0402067 0.2625 0.837277 1.07187
0.0325567 -0.13125 0.858873 1.07187
0.0253567 0.35 0.864079 1.11563
0.0181567 -0.13125 0.876371 1.225
0.0109567 -0.13125 0.884884 1.09375
0.00375667 0.175 0.887873 1.29062
-0.00344333 -0.21875 0.90191 0.7
-0.0106433 0.175 0.898793 1.26875
-0.0178433 0.2625 0.915447 0.74375
-0.0254933 -0.2625 0.918036 1.42188
-0.0331433 -0.39375 0.932654 1.225
-0.0403433 0.371875 0.939132 1.4
-0.0479933 0.30625 0.94561 1.225
-0.0556433 0.371875 0.959938 0.896875
-0.0628433 0.2625 0.956821 1.42188
-0.0704933 0.30625 0.970567 1.15938
-0.0781433 0.415625 0.973847 1.20312
-0.0853433 0.39375 0.992536 1.33438
-0.0929933 -0.153125 0.985349 1.4875
-0.101952 -0.109375 1.00335 1.3125
-0.11046 -0.13125 1.01797 1.26875
-0.381085 0.175 1.01514 1.3125
-0.626852 0.196875 1.01871 1.24687
-0.689002 0.30625 1.03362 1.3125
-0.646935 0.39375 1.03545 1.225
-0.209752 0.590625 1.0457 1.18125
-0.164618 0.415625 1.03677 1.1375
-0.172268 0.35 1.04005 1.15938
-0.179918 0.35 1.04246 1.20312
-0.190185 0.39375 1.028 1.18125
-0.200002 0.35 1.03332 1.15938
-0.707435 0.6125 1.02846 1.15938
-0.770035 0.503125 1.02679 1.18125
-0.858352 0.56875 1.01437 1.15938
-0.238002 0.7 1.00428 1.15938
-0.245652 0.590625 0.987497 1.20312
0.297507 0.415625 0.958214 1.09375
0.160782 0.35 0.931947 1.1375
-0.265535 0.04375 0.902664 0.940625
-0.772968 0.328125 0.860588 1.26875
-0.703427 0.503125 0.808045 1.42188
-0.29196 0.35 0.758991 1.05
0.121673 0.371875 0.701797 0.853125
-0.04036 0.328125 0.645766 0.91875
-0.309677 0.30625 0.590316 0.9625
-0.317327 0.459375 0.543006 0.853125
-0.324527 0.328125 0.508199 1.07187
-0.332177 0.371875 0.479897 1.11563
-0.338518 0.590625 0.448579 0.91875
-0.346168 0.56875 0.427145 0.875
-0.353368 0.721875 0.423156 0.83125
-0.361018 0.459375 0.405212 0.940625
-0.368668 0.6125 0.396571 0.678125
