angle_1_e angle_1_t d_theta_1_t angle_2_e angle_2_t d_theta_2_t
-0.91867 -0.925573 0 2.12768 2.11273 0
-0.91856 -0.925573 0 2.12737 2.11273 0
-0.91846 -0.925573 0 2.12706 2.11273 0
-0.91835 -0.925573 0 2.12675 2.11275 0
-0.91824 -0.925573 0 2.12644 2.11275 0
-0.91814 -0.925544 0 2.12613 2.11273 0
-0.91803 -0.925544 0 2.12582 2.11273 0
-0.91792 -0.925544 0 2.1255 2.11273 0
-0.91781 -0.925544 0 2.12519 2.11275 -0.0465185
-0.91771 -0.925515 0 2.12488 2.11275 -0.0552407
-0.9176 -0.925515 0 2.12457 2.11275 0
-0.91749 -0.925486 0 2.12426 2.11275 0
-0.91738 -0.925486 0 2.12395 2.11275 0
-0.91728 -0.925457 0.0465185 2.12364 2.11273 0
-0.91717 -0.925427 0 2.12332 2.11273 0
-0.91706 -0.925427 0 2.12301 2.11273 0
-0.91695 -0.925427 0 2.1227 2.11273 0
-0.91685 -0.925427 0 2.12239 2.11273 0
-0.91674 -0.925427 0 2.12208 2.11275 0
-0.91663 -0.925398 0 2.12177 2.11273 0
-0.91652 -0.925369 0.0377963 2.12146 2.1127 0
-0.91641 -0.925311 0.0465185 2.12114 2.11264 0
-0.91631 -0.925311 0 2.12083 2.11264 0
-0.9162 -0.925311 0 2.12052 2.11264 0
-0.91609 -0.925311 0 2.12021 2.11264 0
-0.91598 -0.925311 0 2.1199 2.11264 0
-0.91588 -0.925311 0 2.11959 2.11264 0
-0.91577 -0.925282 0.0377963 2.11927 2.11261 0
-0.91566 -0.925282 0 2.11896 2.11261 0
-0.91555 -0.925282 0 2.11865 2.11261 0
-0.91544 -0.925282 0 2.11834 2.11261 0
-0.91534 -0.925282 0 2.11803 2.11261 0
-0.91523 -0.925282 0 2.11772 2.11261 0
-0.91512 -0.925282 0 2.1174 2.11261 0
-0.91501 -0.925282 0 2.11709 2.11261 0
-0.9149 -0.925282 0 2.11678 2.11261 0
-0.91479 -0.925282 0 2.11647 2.11261 0
-0.91469 -0.925282 0 2.11616 2.11261 0
-0.91458 -0.925282 0 2.11584 2.11261 0
-0.91447 -0.925253 0 2.11553 2.11258 0.0290741
-0.91436 -0.925253 0 2.11522 2.11258 0
-0.91425 -0.925224 0 2.11491 2.11255 0
-0.91414 -0.925195 0 2.1146 2.11252 0
-0.91404 -0.925195 0 2.11428 2.11252 0
-0.91393 -0.925166 0.0377963 2.11397 2.11249 0
-0.91382 -0.925137 0 2.11366 2.11246 0
-0.91371 -0.925137 0 2.11335 2.11246 0
-0.9136 -0.925137 0 2.11304 2.11246 0
-0.91349 -0.925137 0 2.11272 2.11246 0
-0.91338 -0.925137 0 2.11241 2.11246 0
-0.91327 -0.925108 0.0377963 2.1121 2.11243 0
-0.91317 -0.925079 0 2.11179 2.11241 0
-0.91306 -0.925079 0 2.11147 2.11238 0
-0.91295 -0.925079 0 2.11116 2.11238 0.00581481
-0.91284 -0.925079 0 2.11085 2.11238 0
-0.91274 -0.925049 0.014537 2.11054 2.11235 0
-0.91263 -0.924991 0 2.11022 2.11229 0
-0.91253 -0.924991 0 2.10991 2.11229 0
-0.91242 -0.924962 0 2.1096 2.11226 0
-0.91232 -0.924962 0 2.10929 2.11226 0
-0.91221 -0.924933 0.0610556 2.10897 2.11223 0
-0.91211 -0.924933 0 2.10866 2.11223 0
-0.912 -0.924933 0.0232593 2.10835 2.11223 0
-0.9119 -0.924933 0 2.10804 2.11223 0
-0.91179 -0.924933 0 2.10772 2.11223 0
-0.91169 -0.924933 0 2.10741 2.11223 0
-0.91158 -0.924933 0 2.1071 2.11223 0
-0.91147 -0.924904 0 2.10678 2.1122 0
-0.91137 -0.924904 0 2.10647 2.1122 0
-0.91126 -0.924875 0 2.10616 2.11214 0.014537
-0.91116 -0.924875 0 2.10585 2.11214 0
-0.91105 -0.924846 0 2.10553 2.11211 0
-0.91095 -0.924817 0.0465185 2.10522 2.11209 0
-0.91084 -0.924788 0.0610556 2.10491 2.11206 0
-0.91074 -0.924759 0.0552407 2.10459 2.112 0
-0.91063 -0.924759 0 2.10428 2.112 0
-0.91052 -0.924817 0 2.10397 2.11206 0
-0.91042 -0.924875 -0.0552407 2.10366 2.11206 0
-0.91031 -0.924875 0 2.10334 2.11206 0
-0.91021 -0.924759 0.0697778 2.10303 2.11191 0.014537
-0.9101 -0.924584 0.0697778 2.10272 2.11174 0
-0.90999 -0.924555 0 2.1024 2.11168 0.0465185
-0.90989 -0.924584 0 2.10209 2.11168 0.0552407
-0.90978 -0.924642 -0.0377963 2.10178 2.11168 0.0465185
-0.90968 -0.924701 -0.0377963 2.10146 2.11171 0
-0.90957 -0.924672 0 2.10115 2.11162 0.0552407
-0.90946 -0.924526 0.0872222 2.10084 2.11139 0
-0.90936 -0.924352 0.093037 2.10052 2.1111 0.0610556
-0.90925 -0.924323 0.0552407 2.10021 2.11098 0.0785
-0.90915 -0.92441 0 2.0999 2.11089 0.0465185
-0.90904 -0.924584 -0.110481 2.09958 2.11092 0.0552407
-0.90893 -0.924701 -0.0610556 2.09927 2.11089 0.0697778
-0.90883 -0.924672 0 2.09896 2.11075 0.093037
-0.90872 -0.924468 0.125019 2.09864 2.1104 0.093037
-0.90861 -0.924235 0.165722 2.09833 2.11002 0.101759
-0.90851 -0.92409 0.110481 2.09802 2.10973 0.101759
-0.9084 -0.92409 0 2.0977 2.10959 0.101759
-0.90829 -0.924294 -0.151185 2.09739 2.10961 0.110481
-0.90819 -0.924526 -0.157 2.09708 2.1097 0.0872222
-0.90808 -0.924613 -0.0785 2.09676 2.10959 0.093037
-0.90797 -0.924264 0.183167 2.09645 2.10906 0.0872222
-0.90787 -0.923741 0.284926 2.09614 2.10842 0.0785
-0.90776 -0.923392 0.183167 2.09582 2.1079 0.0552407
-0.90765 -0.923538 -0.00581481 2.09551 2.10793 0.0785
-0.90755 -0.924177 -0.30237 2.09519 2.10845 0.0697778
-0.90744 -0.92473 -0.316907 2.09488 2.10892 0.0610556
-0.90733 -0.924962 -0.151185 2.09457 2.10909 0.0377963
-0.90723 -0.92473 0.0290741 2.09425 2.1088 0
-0.90712 -0.923974 0.375056 2.09394 2.10799 0.014537
-0.90701 -0.923218 0.412852 2.09363 2.10714 0.0290741
-0.90691 -0.922927 0.188981 2.09331 2.10679 0.0290741
-0.9068 -0.923131 -0.014537 2.093 2.10691 0.0377963
-0.90669 -0.923683 -0.32563 2.09268 2.1074 0.0610556
-0.90659 -0.924352 -0.398315 2.09237 2.10799 0.0552407
-0.90648 -0.92473 -0.215148 2.09206 2.10831 0.0465185
-0.90637 -0.924642 0 2.09174 2.10819 0.014537
-0.90626 -0.923916 0.316907 2.09143 2.10738 0.0552407
-0.90616 -0.923131 0.439019 2.09111 2.10653 0.0377963
-0.90605 -0.922753 0.215148 2.0908 2.10604 0.0232593
-0.90594 -0.922898 0 2.09049 2.1061 0.0465185
-0.90583 -0.923509 -0.343074 2.09017 2.10662 0.0290741
-0.90573 -0.924294 -0.412852 2.08986 2.10735 0.0377963
-0.90562 -0.924672 -0.270389 2.08954 2.10764 0.0552407
-0.90552 -0.924613 0 2.08923 2.10752 0.014537
-0.90541 -0.923945 0.30237 2.08891 2.10677 0.0377963
-0.90531 -0.92316 0.453556 2.0886 2.10592 0.0610556
-0.9052 -0.922724 0.261667 2.08829 2.10537 0.0377963
-0.9051 -0.922694 0.014537 2.08797 2.10525 0.0377963
-0.90499 -0.923131 -0.261667 2.08766 2.1056 0.0290741
-0.90489 -0.923916 -0.375056 2.08734 2.10624 0.0697778
-0.90478 -0.924352 -0.24713 2.08703 2.10662 0.0697778
-0.90468 -0.924323 -0.014537 2.08671 2.1065 0.0377963
-0.90457 -0.92377 0.284926 2.0864 2.10583 0.0290741
-0.90447 -0.923014 0.398315 2.08609 2.10496 0.0785
-0.90436 -0.922607 0.229685 2.08577 2.10441 0.0872222
-0.90426 -0.922724 0 2.08546 2.10435 0.0785
-0.90415 -0.923392 -0.311093 2.08514 2.10488 0.093037
-0.90405 -0.924177 -0.398315 2.08483 2.10552 0.0872222
-0.90394 -0.924555 -0.229685 2.08451 2.10575 0.0785
-0.90384 -0.924555 -0.0290741 2.0842 2.10557 0.093037
-0.90373 -0.924003 0.252944 2.08388 2.10485 0.0785
-0.90362 -0.923189 0.421574 2.08357 2.10386 0.110481
-0.90352 -0.922782 0.284926 2.08325 2.10325 0.101759
-0.90341 -0.922753 0.0290741 2.08294 2.10299 0.101759
-0.90331 -0.923392 -0.293648 2.08262 2.10342 0.0872222
-0.9032 -0.924148 -0.439019 2.08231 2.104 0.119204
-0.9031 -0.924701 -0.343074 2.08199 2.10438 0.110481
-0.90299 -0.924846 -0.101759 2.08168 2.10429 0.110481
-0.90289 -0.92441 0.206426 2.08136 2.10363 0.110481
-0.90278 -0.923712 0.398315 2.08105 2.10269 0.125019
-0.90267 -0.923131 0.32563 2.08073 2.10188 0.125019
-0.90257 -0.923043 0.093037 2.08042 2.10153 0.151185
-0.90246 -0.923538 -0.238407 2.0801 2.10174 0.133741
-0.90236 -0.924381 -0.444833 2.07979 2.10235 0.125019
-0.90225 -0.925049 -0.389593 2.07947 2.10278 0.119204
-0.90215 -0.925282 -0.142463 2.07916 2.10272 0.142463
-0.90204 -0.924962 0.174444 2.07884 2.10211 0.142463
-0.90193 -0.924235 0.375056 2.07853 2.10112 0.142463
-0.90183 -0.923567 0.348889 2.07821 2.10017 0.151185
-0.90172 -0.92345 0.0697778 2.0779 2.0997 0.206426
-0.90162 -0.924003 -0.279111 2.07758 2.0999 0.165722
-0.90151 -0.924817 -0.430296 2.07727 2.1004 0.188981
-0.9014 -0.925486 -0.389593 2.07695 2.10078 0.174444
-0.9013 -0.92566 -0.125019 2.07664 2.1006 0.183167
-0.90119 -0.925427 0.0552407 2.07632 2.09999 0.188981
-0.90109 -0.924701 0.343074 2.07601 2.09886 0.206426
-0.90098 -0.924003 0.407037 2.07569 2.09772 0.220963
-0.90087 -0.92377 0.174444 2.07538 2.09703 0.229685
-0.90077 -0.92409 -0.110481 2.07506 2.09685 0.252944
-0.90066 -0.924875 -0.412852 2.07475 2.09711 0.270389
-0.90055 -0.925631 -0.398315 2.07443 2.09737 0.279111
-0.90045 -0.925922 -0.174444 2.07411 2.0972 0.284926
-0.90034 -0.925747 0 2.0738 2.09636 0.30237
-0.90023 -0.925079 0.32563 2.07348 2.09493 0.334352
-0.90013 -0.924264 0.412852 2.07317 2.09351 0.366333
-0.90002 -0.923916 0.270389 2.07285 2.09258 0.407037
-0.89991 -0.923916 0.0465185 2.07254 2.09194 0.407037
-0.89981 -0.924264 -0.206426 2.07222 2.09168 0.430296
-0.8997 -0.924817 -0.357611 2.0719 2.09159 0.421574
-0.89959 -0.92534 -0.357611 2.07159 2.09147 0.412852
-0.89949 -0.925631 -0.215148 2.07127 2.09112 0.407037
-0.89938 -0.925689 -0.014537 2.07096 2.09054 0.444833
-0.89927 -0.925427 0.165722 2.07064 2.08964 0.430296
-0.89917 -0.924991 0.270389 2.07033 2.08851 0.453556
-0.89906 -0.924642 0.229685 2.07001 2.08746 0.453556
-0.89895 -0.924555 0.093037 2.06969 2.08665 0.453556
-0.89885 -0.924642 0 2.06938 2.08601 0.508796
-0.89874 -0.924991 -0.229685 2.06906 2.08563 0.453556
-0.89863 -0.925369 -0.252944 2.06875 2.08528 0.502981
-0.89852 -0.925602 -0.174444 2.06843 2.08479 0.494259
-0.89842 -0.925631 0 2.06811 2.08409 0.502981
-0.89831 -0.925369 0.157 2.0678 2.08316 0.485537
-0.8982 -0.924962 0.284926 2.06748 2.08202 0.462278
-0.8981 -0.924642 0.220963 2.06717 2.08103 0.444833
-0.89799 -0.924584 0.0290741 2.06685 2.08034 0.439019
-0.89789 -0.924759 -0.0872222 2.06653 2.0799 0.398315
-0.89778 -0.925137 -0.238407 2.06622 2.07973 0.38087
-0.89768 -0.925427 -0.215148 2.0659 2.07952 0.32563
-0.89757 -0.925515 -0.0465185 2.06558 2.07914 0.30237
-0.89747 -0.92534 0.0465185 2.06527 2.07856 0.270389
-0.89736 -0.924962 0.220963 2.06495 2.07781 0.229685
-0.89726 -0.924584 0.261667 2.06464 2.07714 0.206426
-0.89715 -0.924381 0.165722 2.06432 2.07667 0.183167
-0.89704 -0.92441 0 2.064 2.07644 0.157
-0.89694 -0.924846 -0.215148 2.06369 2.07664 0.133741
-0.89683 -0.925311 -0.279111 2.06337 2.07696 0.0872222
-0.89673 -0.925544 -0.142463 2.06305 2.07705 0.0872222
-0.89662 -0.925398 0 2.06274 2.07679 0.0697778
-0.89651 -0.924962 0.261667 2.06242 2.07632 0.00581481
-0.89641 -0.924439 0.375056 2.0621 2.07571 0.0232593
-0.8963 -0.924032 0.284926 2.06179 2.07525 0.0610556
-0.8962 -0.923974 0.0232593 2.06147 2.07513 0.0377963
-0.89609 -0.924264 -0.165722 2.06115 2.07537 0.0610556
-0.89599 -0.924846 -0.311093 2.06084 2.07592 0
-0.89588 -0.925224 -0.206426 2.06052 2.07624 0.0465185
-0.89577 -0.925137 0 2.0602 2.07612 0
-0.89567 -0.924672 0.279111 2.05989 2.0756 0.0465185
-0.89556 -0.924003 0.366333 2.05957 2.07487 0
-0.89545 -0.923509 0.261667 2.05925 2.07435 0.0232593
-0.89535 -0.923479 0.0465185 2.05894 2.07429 0.0465185
-0.89524 -0.923887 -0.229685 2.05862 2.0747 0
-0.89514 -0.92441 -0.293648 2.0583 2.07522 0
-0.89503 -0.92473 -0.229685 2.05799 2.07554 0
-0.89492 -0.924642 0 2.05767 2.07545 0
-0.89482 -0.924003 0.316907 2.05735 2.07481 0
-0.89471 -0.923131 0.462278 2.05703 2.07394 0
-0.8946 -0.922636 0.32563 2.05672 2.07345 0
-0.8945 -0.92252 0.093037 2.0564 2.07333 0
-0.89439 -0.922724 -0.0785 2.05608 2.07353 0
-0.89428 -0.92316 -0.293648 2.05577 2.07397 0
-0.89418 -0.923596 -0.284926 2.05545 2.07441 0
-0.89407 -0.923741 -0.110481 2.05513 2.07455 0
-0.89396 -0.923538 0.0552407 2.05481 2.07435 0
-0.89386 -0.922956 0.311093 2.0545 2.07377 0
-0.89375 -0.922317 0.430296 2.05418 2.07313 0
-0.89364 -0.92188 0.334352 2.05386 2.07269 0
-0.89354 -0.921735 0.133741 2.05355 2.07255 0
-0.89343 -0.92188 0 2.05323 2.07269 0
-0.89332 -0.922317 -0.24713 2.05291 2.07313 0
-0.89322 -0.922724 -0.311093 2.05259 2.07353 0
-0.89311 -0.922985 -0.197704 2.05228 2.0738 0
-0.893 -0.923014 0 2.05196 2.07382 0
-0.89289 -0.922636 0.238407 2.05164 2.07345 0
-0.89279 -0.922026 0.366333 2.05132 2.07284 0
-0.89268 -0.921532 0.32563 2.05101 2.07231 0.0610556
-0.89257 -0.921386 0.0552407 2.05069 2.07214 0
-0.89247 -0.921735 -0.174444 2.05037 2.07246 0
-0.89236 -0.922258 -0.293648 2.05005 2.07298 0
-0.89225 -0.922549 -0.197704 2.04974 2.07324 0.0290741
-0.89214 -0.922404 0 2.04942 2.07301 0.0377963
-0.89204 -0.921764 0.32563 2.0491 2.07231 0.0610556
-0.89193 -0.920921 0.444833 2.04878 2.07141 0.0377963
-0.89182 -0.920369 0.389593 2.04846 2.07077 0.0697778
-0.89171 -0.920194 0.125019 2.04815 2.07048 0.0377963
-0.89161 -0.920369 0 2.04783 2.07054 0.0872222
-0.8915 -0.920776 -0.270389 2.04751 2.07086 0.0465185
-0.89139 -0.921212 -0.293648 2.04719 2.07124 0.0697778
-0.89128 -0.921502 -0.220963 2.04688 2.07141 0.00581481
-0.89118 -0.921532 -0.00581481 2.04656 2.07138 0.0785
-0.89107 -0.921095 0.229685 2.04624 2.07083 0.0610556
-0.89096 -0.920427 0.407037 2.04592 2.07007 0.0552407
-0.89085 -0.919903 0.398315 2.0456 2.06943 0.0785
-0.89075 -0.919613 0.188981 2.04529 2.06903 0.0377963
-0.89064 -0.9197 0 2.04497 2.069 0.0290741
-0.89053 -0.920165 -0.24713 2.04465 2.06932 0.0785
-0.89042 -0.920572 -0.24713 2.04433 2.06967 0.0785
-0.89031 -0.920717 -0.101759 2.04401 2.0697 0.0377963
-0.89021 -0.920281 0.197704 2.04369 2.06917 0.0465185
-0.8901 -0.919584 0.398315 2.04338 2.06839 0.0377963
-0.88999 -0.918915 0.485537 2.04306 2.06763 0.0610556
-0.88988 -0.91845 0.334352 2.04274 2.06708 0.0697778
-0.88977 -0.918333 0.101759 2.04242 2.06688 0.0465185
-0.88967 -0.918479 0 2.0421 2.06696 0.0697778
-0.88956 -0.918857 -0.229685 2.04178 2.06728 0.0465185
-0.88945 -0.919177 -0.215148 2.04147 2.06757 0.00581481
-0.88934 -0.919264 -0.0872222 2.04115 2.0676 0.014537
-0.88923 -0.919118 0 2.04083 2.0674 0.00581481
-0.88913 -0.918595 0.32563 2.04051 2.06682 0.0465185
-0.88902 -0.917897 0.444833 2.04019 2.06606 0.0465185
-0.88891 -0.917287 0.453556 2.03987 2.06539 0.0465185
-0.88881 -0.916967 0.229685 2.03955 2.06499 0.0377963
-0.8887 -0.916938 0.014537 2.03924 2.0649 0.0552407
-0.88859 -0.917199 -0.174444 2.03892 2.0651 0.0377963
-0.88849 -0.917548 -0.238407 2.0386 2.06536 0.0552407
-0.88838 -0.917723 -0.142463 2.03828 2.06548 0.0610556
-0.88827 -0.917636 0 2.03796 2.06531 0.0465185
-0.88816 -0.917199 0.279111 2.03764 2.06481 0.0290741
-0.88806 -0.916502 0.412852 2.03732 2.06403 0.0552407
-0.88795 -0.91592 0.421574 2.037 2.06333 0.0785
-0.88784 -0.915629 0.220963 2.03669 2.06292 0.0785
-0.88774 -0.915571 0.00581481 2.03637 2.06275 0.0465185
-0.88763 -0.915833 -0.157 2.03605 2.06286 0.0697778
-0.88752 -0.916124 -0.188981 2.03573 2.06307 0.0552407
-0.88741 -0.916211 -0.0872222 2.03541 2.06301 0.093037
-0.88731 -0.916095 0 2.03509 2.06275 0.110481
-0.8872 -0.915571 0.293648 2.03477 2.06205 0.101759
-0.88709 -0.914844 0.430296 2.03445 2.06112 0.125019
-0.88699 -0.914118 0.38087 2.03413 2.06016 0.125019
-0.88688 -0.913885 0.157 2.03381 2.05967 0.151185
-0.88677 -0.913972 0 2.0335 2.05955 0.142463
-0.88666 -0.914321 -0.215148 2.03318 2.05967 0.157
-0.88656 -0.914612 -0.229685 2.03286 2.05975 0.133741
-0.88645 -0.914728 -0.0872222 2.03254 2.05958 0.174444
-0.88634 -0.91435 0.188981 2.03222 2.05885 0.165722
-0.88623 -0.913478 0.439019 2.0319 2.05766 0.142463
-0.88613 -0.912606 0.502981 2.03158 2.05647 0.188981
-0.88602 -0.912141 0.279111 2.03126 2.05562 0.188981
-0.88591 -0.912141 0 2.03094 2.05528 0.183167
-0.8858 -0.912635 -0.261667 2.03062 2.05548 0.151185
-0.88569 -0.913071 -0.284926 2.0303 2.05559 0.183167
-0.88559 -0.913216 -0.093037 2.02998 2.05539 0.197704
-0.88548 -0.912838 0.183167 2.02966 2.05464 0.183167
-0.88537 -0.912082 0.444833 2.02934 2.05353 0.188981
-0.88526 -0.911094 0.444833 2.02902 2.05211 0.220963
-0.88515 -0.910687 0.24713 2.0287 2.05132 0.215148
-0.88505 -0.910716 0 2.02839 2.05088 0.220963
-0.88494 -0.91121 -0.238407 2.02807 2.05088 0.220963
-0.88483 -0.911675 -0.252944 2.02775 2.05091 0.252944
-0.88472 -0.911763 -0.0697778 2.02743 2.05045 0.261667
-0.88461 -0.911356 0.206426 2.02711 2.04949 0.284926
-0.88451 -0.910542 0.439019 2.02679 2.04809 0.311093
-0.8844 -0.90964 0.444833 2.02647 2.04658 0.316907
-0.88429 -0.909349 0.188981 2.02615 2.04568 0.32563
-0.88418 -0.909495 0 2.02583 2.04522 0.316907
-0.88407 -0.910047 -0.279111 2.02551 2.04522 0.316907
-0.88396 -0.910396 -0.252944 2.02519 2.04507 0.311093
-0.88386 -0.910512 -0.0697778 2.02487 2.04469 0.30237
-0.88375 -0.91028 0.125019 2.02455 2.04402 0.279111
-0.88364 -0.909757 0.334352 2.02423 2.04309 0.279111
-0.88353 -0.909117 0.421574 2.02391 2.04202 0.270389
-0.88342 -0.908681 0.30237 2.02359 2.0412 0.252944
-0.88331 -0.908594 0.0697778 2.02327 2.04071 0.215148
-0.88321 -0.908972 -0.197704 2.02295 2.04077 0.142463
-0.8831 -0.909408 -0.252944 2.02263 2.041 0.151185
-0.88299 -0.909582 -0.142463 2.02231 2.041 0.125019
-0.88288 -0.909408 0 2.02199 2.04065 0.0785
-0.88277 -0.908768 0.343074 2.02167 2.03987 0.0610556
-0.88266 -0.908041 0.439019 2.02135 2.03902 0.0872222
-0.88255 -0.907489 0.343074 2.02103 2.03838 0.0697778
-0.88244 -0.907402 0.101759 2.02071 2.03818 0.0232593
-0.88233 -0.907634 -0.125019 2.02038 2.03832 0.0697778
-0.88223 -0.90807 -0.279111 2.02006 2.0387 0.0232593
-0.88212 -0.90839 -0.24713 2.01974 2.03899 0
-0.88201 -0.908448 -0.0232593 2.01942 2.03899 0.0610556
-0.8819 -0.908216 0.157 2.0191 2.03867 0.0465185
-0.88179 -0.907692 0.343074 2.01878 2.03809 0.0697778
-0.88168 -0.907169 0.366333 2.01846 2.03748 0.0610556
-0.88157 -0.90682 0.279111 2.01814 2.03702 0.0872222
-0.88146 -0.906762 0.0697778 2.01782 2.03684 0.0785
-0.88135 -0.906965 -0.142463 2.0175 2.03693 0.0872222
-0.88124 -0.907227 -0.197704 2.01718 2.03702 0.093037
-0.88113 -0.907343 -0.119204 2.01686 2.03699 0.110481
-0.88103 -0.907285 0 2.01654 2.03675 0.119204
-0.88092 -0.906878 0.252944 2.01622 2.03617 0.119204
-0.88081 -0.906297 0.38087 2.0159 2.03536 0.142463
-0.8807 -0.905773 0.389593 2.01558 2.03463 0.133741
-0.88059 -0.905483 0.206426 2.01525 2.03414 0.151185
-0.88048 -0.905454 0.0232593 2.01493 2.03388 0.157
-0.88037 -0.905802 -0.174444 2.01461 2.03393 0.133741
-0.88026 -0.906035 -0.157 2.01429 2.03388 0.151185
-0.88015 -0.906006 0 2.01397 2.03356 0.151185
-0.88004 -0.905541 0.252944 2.01365 2.03283 0.157
-0.87993 -0.904814 0.407037 2.01333 2.03181 0.151185
-0.87982 -0.904145 0.316907 2.01301 2.03088 0.151185
-0.87971 -0.904029 0.0377963 2.01269 2.03045 0.133741
-0.8796 -0.904407 -0.197704 2.01237 2.03062 0.119204
-0.87949 -0.904756 -0.24713 2.01204 2.03074 0.101759
-0.87938 -0.904843 -0.0290741 2.01172 2.03068 0.101759
-0.87927 -0.904552 0.174444 2.0114 2.03024 0.093037
-0.87916 -0.904058 0.316907 2.01108 2.02963 0.0785
-0.87905 -0.903477 0.389593 2.01076 2.02893 0.0610556
-0.87894 -0.903069 0.311093 2.01044 2.02841 0.0872222
-0.87883 -0.902924 0.110481 2.01012 2.02818 0.0785
-0.87873 -0.90304 0 2.0098 2.02821 0.0232593
-0.87862 -0.903331 -0.188981 2.00947 2.02844 0.0610556
-0.87851 -0.903477 -0.119204 2.00915 2.02853 0.0465185
-0.8784 -0.903418 0 2.00883 2.02841 0.0610556
-0.87829 -0.902953 0.238407 2.00851 2.02789 0.0377963
-0.87818 -0.902226 0.398315 2.00819 2.0271 0
-0.87807 -0.901616 0.348889 2.00787 2.02643 0.0232593
-0.87796 -0.901412 0.119204 2.00754 2.02617 0.0465185
-0.87786 -0.901529 0 2.00722 2.02623 0.0377963
-0.87775 -0.901907 -0.206426 2.0069 2.02655 0
-0.87764 -0.902081 -0.110481 2.00658 2.0267 0
-0.87753 -0.901994 0 2.00626 2.02658 0
-0.87742 -0.901499 0.293648 2.00594 2.02606 0.0552407
-0.87731 -0.900773 0.407037 2.00561 2.0253 0.0465185
-0.8772 -0.90022 0.38087 2.00529 2.02472 0.0290741
-0.87709 -0.899988 0.215148 2.00497 2.02443 0.0552407
-0.87698 -0.899988 0 2.00465 2.0244 0
-0.87687 -0.90022 -0.133741 2.00433 2.02457 0.0290741
-0.87676 -0.900482 -0.157 2.00401 2.02481 0.0232593
-0.87665 -0.900482 -0.0465185 2.00368 2.02475 0.0552407
-0.87655 -0.900017 0.197704 2.00336 2.02425 0
-0.87644 -0.89929 0.412852 2.00304 2.02347 0.0552407
-0.87633 -0.898476 0.430296 2.00272 2.0226 0.0377963
-0.87622 -0.898069 0.238407 2.00239 2.0221 0.0290741
-0.87611 -0.898069 0 2.00207 2.02201 0.0465185
-0.876 -0.898418 -0.174444 2.00175 2.02228 0.00581481
-0.87589 -0.898679 -0.151185 2.00143 2.02248 0.0232593
-0.87578 -0.898592 0 2.00111 2.02228 0.0697778
-0.87567 -0.897865 0.311093 2.00078 2.02146 0.0552407
-0.87556 -0.897109 0.485537 2.00046 2.02062 0.0290741
-0.87545 -0.896382 0.412852 2.00014 2.01978 0.0290741
-0.87534 -0.896121 0.206426 1.99982 2.01946 0.0697778
-0.87523 -0.896121 0.00581481 1.99949 2.01937 0.0785
-0.87512 -0.896441 -0.188981 1.99917 2.01963 0.0610556
-0.87501 -0.896702 -0.183167 1.99885 2.0198 0.0552407
-0.8749 -0.896731 0 1.99853 2.01978 0.014537
-0.87479 -0.896382 0.206426 1.9982 2.01934 0.0465185
-0.87468 -0.895743 0.343074 1.99788 2.01864 0.0552407
-0.87457 -0.895103 0.375056 1.99756 2.01791 0.0465185
-0.87446 -0.894754 0.183167 1.99724 2.01751 0.0290741
-0.87435 -0.894754 0 1.99691 2.01745 0.014537
-0.87424 -0.895016 -0.165722 1.99659 2.01765 0
-0.87413 -0.89519 -0.110481 1.99627 2.01774 0.0610556
-0.87402 -0.895103 0 1.99595 2.0176 0.0465185
-0.87391 -0.894551 0.284926 1.99562 2.01696 0.0465185
-0.8738 -0.893795 0.398315 1.9953 2.01614 0
-0.87369 -0.893213 0.357611 1.99498 2.01547 0.014537
-0.87358 -0.89301 0.119204 1.99465 2.01518 0.00581481
-0.87347 -0.893184 0 1.99433 2.01524 0.0290741
-0.87336 -0.893562 -0.215148 1.99401 2.0155 0.0377963
-0.87325 -0.893737 -0.110481 1.99369 2.01559 0.0610556
-0.87314 -0.89362 0 1.99336 2.01536 0.0697778
-0.87303 -0.893068 0.311093 1.99304 2.01469 0.0552407
-0.87291 -0.892399 0.430296 1.99272 2.01393 0.0785
-0.8728 -0.891789 0.412852 1.99239 2.0132 0.0610556
-0.87269 -0.891469 0.252944 1.99207 2.01274 0.093037
-0.87258 -0.89144 0.0290741 1.99175 2.01257 0.0872222
-0.87247 -0.891672 -0.165722 1.99142 2.01268 0.101759
-0.87236 -0.891934 -0.183167 1.9911 2.0128 0.0872222
-0.87225 -0.892021 -0.0610556 1.99078 2.01271 0.101759
-0.87214 -0.891789 0.0552407 1.99045 2.0123 0.093037
-0.87203 -0.891324 0.279111 1.99013 2.01166 0.119204
-0.87192 -0.890742 0.375056 1.98981 2.01085 0.125019
-0.87181 -0.890219 0.311093 1.98948 2.01006 0.142463
-0.8717 -0.889986 0.119204 1.98916 2.00954 0.165722
-0.87158 -0.890219 -0.119204 1.98884 2.00948 0.151185
-0.87147 -0.890597 -0.206426 1.98851 2.00954 0.174444
-0.87136 -0.890684 -0.0552407 1.98819 2.00931 0.174444
-0.87125 -0.890306 0.174444 1.98787 2.00858 0.165722
-0.87114 -0.889608 0.38087 1.98754 2.00748 0.183167
-0.87103 -0.888852 0.398315 1.98722 2.00637 0.197704
-0.87092 -0.888416 0.252944 1.9869 2.00553 0.220963
-0.87081 -0.888387 0 1.98657 2.00509 0.215148
-0.8707 -0.888765 -0.206426 1.98625 2.00509 0.206426
-0.87058 -0.889085 -0.188981 1.98593 2.00498 0.229685
-0.87047 -0.889027 0 1.9856 2.00457 0.197704
-0.87036 -0.888532 0.261667 1.98528 2.00373 0.220963
-0.87025 -0.887864 0.389593 1.98495 2.00268 0.197704
-0.87014 -0.887108 0.407037 1.98463 2.00152 0.206426
-0.87003 -0.886846 0.183167 1.98431 2.00085 0.215148
-0.86992 -0.886962 0 1.98398 2.00064 0.215148
-0.8698 -0.88734 -0.220963 1.98366 2.00064 0.206426
-0.86969 -0.887573 -0.151185 1.98334 2.00044 0.206426
-0.86958 -0.887399 0 1.98301 1.99992 0.215148
-0.86947 -0.886817 0.316907 1.98269 1.99887 0.220963
-0.86936 -0.885916 0.444833 1.98236 1.9975 0.220963
-0.86925 -0.885218 0.398315 1.98204 1.99628 0.284926
-0.86913 -0.885014 0.110481 1.98171 1.99553 0.279111
-0.86902 -0.885305 -0.157 1.98139 1.99527 0.293648
-0.86891 -0.885741 -0.229685 1.98107 1.99512 0.30237
-0.8688 -0.885858 -0.0697778 1.98074 1.99466 0.279111
-0.86869 -0.885451 0.206426 1.98042 1.9937 0.311093
-0.86857 -0.884578 0.398315 1.98009 1.99221 0.284926
-0.86846 -0.883852 0.389593 1.97977 1.99102 0.293648
-0.86835 -0.883532 0.229685 1.97944 1.99015 0.261667
-0.86824 -0.88359 0 1.97912 1.98974 0.252944
-0.86813 -0.884026 -0.220963 1.9788 1.98971 0.220963
-0.86802 -0.884288 -0.119204 1.97847 1.9896 0.183167
-0.8679 -0.884171 0 1.97815 1.98916 0.197704
-0.86779 -0.88359 0.311093 1.97782 1.98826 0.165722
-0.86768 -0.882689 0.421574 1.9775 1.98707 0.133741
-0.86757 -0.88202 0.343074 1.97717 1.98617 0.125019
-0.86746 -0.881962 0.0872222 1.97685 1.98588 0.125019
-0.86735 -0.882223 -0.183167 1.97652 1.98596 0.101759
-0.86724 -0.882659 -0.24713 1.9762 1.98625 0.0872222
-0.86713 -0.882747 -0.0377963 1.97587 1.98622 0.0785
-0.86702 -0.882282 0.220963 1.97555 1.98564 0.0552407
-0.86691 -0.881526 0.430296 1.97522 1.9848 0.0697778
-0.8668 -0.880828 0.389593 1.9749 1.98399 0.0785
-0.86669 -0.880537 0.197704 1.97458 1.98361 0.0697778
-0.86658 -0.880682 0 1.97425 1.98364 0.0377963
-0.86647 -0.881089 -0.229685 1.97393 1.98396 0.0290741
-0.86636 -0.881322 -0.133741 1.9736 1.98407 0.0290741
-0.86625 -0.88106 0.0697778 1.97328 1.98369 0.0697778
-0.86614 -0.880363 0.375056 1.97295 1.98288 0.0290741
-0.86603 -0.879403 0.485537 1.97263 1.98183 0.0697778
-0.86591 -0.878793 0.38087 1.9723 1.98108 0.0465185
-0.8658 -0.878647 0.110481 1.97197 1.98082 0.0697778
-0.86569 -0.878909 -0.151185 1.97165 1.98093 0.0610556
-0.86558 -0.879316 -0.197704 1.97132 1.98122 0.0552407
-0.86547 -0.879374 -0.014537 1.971 1.98117 0.0872222
-0.86536 -0.878851 0.24713 1.97067 1.98055 0.0610556
-0.86525 -0.878124 0.407037 1.97035 1.97974 0.0290741
-0.86514 -0.877368 0.439019 1.97002 1.9789 0.0290741
-0.86503 -0.876874 0.252944 1.9697 1.97832 0.0290741
-0.86491 -0.876816 0.014537 1.96937 1.97817 0.014537
-0.8648 -0.877135 -0.151185 1.96905 1.97843 0.0465185
-0.86469 -0.877368 -0.142463 1.96872 1.97864 0.0552407
-0.86458 -0.877252 0 1.9684 1.97849 0
-0.86447 -0.876787 0.24713 1.96807 1.97797 0.0232593
-0.86436 -0.875972 0.412852 1.96774 1.97712 0
-0.86425 -0.875217 0.439019 1.96742 1.97637 0.014537
-0.86413 -0.874751 0.348889 1.96709 1.97587 0.0290741
-0.86402 -0.874606 0.142463 1.96677 1.97573 0
-0.86391 -0.874635 0 1.96644 1.97573 0.0610556
-0.8638 -0.874868 -0.165722 1.96612 1.97596 0
-0.86369 -0.875013 -0.101759 1.96579 1.97611 0
-0.86358 -0.875013 0 1.96547 1.97611 0
-0.86347 -0.874693 0.183167 1.96514 1.97579 0
-0.86335 -0.874257 0.293648 1.96481 1.97529 0.0377963
-0.86324 -0.873763 0.311093 1.96449 1.9748 0
-0.86313 -0.873385 0.279111 1.96416 1.97442 0
-0.86302 -0.873181 0.133741 1.96384 1.97422 0
-0.86291 -0.87321 0 1.96351 1.97425 0
-0.86279 -0.873414 -0.133741 1.96318 1.97445 0
-0.86268 -0.873501 -0.0872222 1.96286 1.97454 0
-0.86257 -0.873472 0 1.96253 1.97451 0
-0.86246 -0.873181 0.183167 1.96221 1.97419 0.0290741
-0.86235 -0.872687 0.284926 1.96188 1.97369 0
-0.86223 -0.872193 0.32563 1.96155 1.9732 0
-0.86212 -0.871844 0.279111 1.96123 1.97282 0.0610556
-0.86201 -0.871699 0.125019 1.9609 1.97265 0.0377963
-0.8619 -0.871728 0 1.96057 1.97265 0.0552407
-0.86179 -0.87196 -0.142463 1.96025 1.97285 0.0377963
-0.86167 -0.872077 -0.101759 1.95992 1.97291 0.0377963
-0.86156 -0.872047 -0.0232593 1.95959 1.97285 0.014537
-0.86145 -0.871757 0.188981 1.95927 1.9725 0.0465185
-0.86134 -0.871175 0.279111 1.95894 1.97183 0.014537
-0.86122 -0.870536 0.316907 1.95862 1.97111 0.0697778
-0.86111 -0.870158 0.252944 1.95829 1.97061 0.0465185
-0.861 -0.870099 0 1.95796 1.97041 0.0552407
-0.86089 -0.870477 -0.183167 1.95764 1.97067 0.0377963
-0.86077 -0.870739 -0.151185 1.95731 1.97079 0.0872222
-0.86066 -0.870565 0 1.95698 1.9705 0.0377963
-0.86055 -0.869867 0.343074 1.95666 1.96968 0.0785
-0.86044 -0.868907 0.508796 1.95633 1.96858 0.0872222
-0.86032 -0.867803 0.508796 1.956 1.96733 0.0465185
-0.86021 -0.867279 0.30237 1.95568 1.96666 0.0610556
-0.8601 -0.867134 0.0872222 1.95535 1.9664 0.0785
-0.85998 -0.867454 -0.157 1.95502 1.96663 0.0697778
-0.85987 -0.86789 -0.215148 1.95469 1.96698 0.0610556
-0.85976 -0.868006 -0.0610556 1.95437 1.96704 0.014537
-0.85965 -0.86757 0.183167 1.95404 1.96657 0.0232593
-0.85953 -0.866698 0.389593 1.95371 1.96564 0
-0.85942 -0.865971 0.476815 1.95339 1.96491 0
-0.85931 -0.865389 0.407037 1.95306 1.9643 0.00581481
-0.85919 -0.865012 0.24713 1.95273 1.96392 0
-0.85908 -0.864982 0 1.95241 1.9639 0
-0.85897 -0.86536 -0.165722 1.95208 1.96427 0
-0.85885 -0.865738 -0.238407 1.95175 1.96465 0
-0.85874 -0.865797 -0.0290741 1.95142 1.96471 0
-0.85863 -0.865331 0.215148 1.9511 1.96422 0
-0.85851 -0.864575 0.389593 1.95077 1.96346 0
-0.8584 -0.86379 0.430296 1.95044 1.96265 0
-0.85829 -0.863209 0.32563 1.95011 1.96203 0
-0.85817 -0.863005 0.125019 1.94979 1.96177 0
-0.85806 -0.863151 0 1.94946 1.96189 0
-0.85795 -0.8635 -0.206426 1.94913 1.96224 0
-0.85783 -0.863732 -0.142463 1.9488 1.96244 0
-0.85772 -0.863616 0 1.94848 1.96227 0
-0.85761 -0.863122 0.284926 1.94815 1.96174 0
-0.85749 -0.862482 0.389593 1.94782 1.96108 0
-0.85738 -0.861842 0.430296 1.94749 1.96041 0.0377963
-0.85727 -0.861348 0.343074 1.94717 1.95985 0.0290741
-0.85715 -0.861087 0.174444 1.94684 1.95951 0.0552407
-0.85704 -0.861203 0 1.94651 1.95956 0.0610556
-0.85693 -0.86161 -0.215148 1.94618 1.95991 0
-0.85682 -0.86193 -0.174444 1.94585 1.96017 0
-0.85671 -0.861784 0 1.94553 1.95991 0.014537
-0.85659 -0.861174 0.32563 1.9452 1.95927 0.0610556
-0.85648 -0.860476 0.453556 1.94487 1.95852 0.0290741
-0.85637 -0.859778 0.494259 1.94454 1.95773 0.0465185
-0.85626 -0.859255 0.375056 1.94421 1.95715 0.0465185
-0.85614 -0.858993 0.197704 1.94389 1.95683 0.0552407
-0.85603 -0.858993 0 1.94356 1.95677 0.0610556
-0.85592 -0.859197 -0.142463 1.94323 1.95692 0
-0.85581 -0.859458 -0.197704 1.9429 1.95712 0.0377963
-0.85569 -0.859517 -0.0290741 1.94257 1.95715 0
-0.85558 -0.859139 0.188981 1.94225 1.95671 0
-0.85547 -0.858499 0.348889 1.94192 1.95599 0.0610556
-0.85536 -0.857947 0.375056 1.94159 1.95541 0.0552407
-0.85524 -0.857481 0.311093 1.94126 1.95485 0.0377963
-0.85513 -0.857365 0.0610556 1.94093 1.95468 0.0552407
-0.85502 -0.85751 -0.014537 1.9406 1.95477 0.0610556
-0.85491 -0.857801 -0.197704 1.94028 1.955 0.0610556
-0.85479 -0.857917 -0.110481 1.93995 1.95506 0.00581481
-0.85468 -0.857859 0 1.93962 1.95494 0.0465185
-0.85457 -0.85751 0.206426 1.93929 1.95456 0.014537
-0.85446 -0.857016 0.316907 1.93896 1.95401 0.0610556
-0.85434 -0.856551 0.334352 1.93863 1.95349 0.0465185
-0.85423 -0.856231 0.238407 1.9383 1.95308 0.0697778
-0.85412 -0.856144 0.0465185 1.93797 1.95293 0.0697778
-0.854 -0.85626 -0.00581481 1.93765 1.95299 0.014537
-0.85389 -0.856493 -0.183167 1.93732 1.95314 0.0697778
-0.85378 -0.856609 -0.0697778 1.93699 1.95317 0.0465185
-0.85366 -0.856551 0 1.93666 1.95305 0.0232593
-0.85355 -0.856202 0.188981 1.93633 1.95261 0.0785
-0.85344 -0.855737 0.30237 1.936 1.95203 0.0697778
-0.85332 -0.855272 0.311093 1.93567 1.95145 0.0872222
-0.85321 -0.854952 0.229685 1.93534 1.95102 0.0785
-0.8531 -0.854923 0.0465185 1.93501 1.95087 0.0785
-0.85298 -0.855097 -0.0785 1.93469 1.9509 0.0872222
-0.85287 -0.855359 -0.174444 1.93436 1.95102 0.110481
-0.85276 -0.855446 -0.0872222 1.93403 1.95096 0.110481
-0.85264 -0.855301 0 1.9337 1.95064 0.119204
-0.85253 -0.854865 0.24713 1.93337 1.95 0.125019
-0.85242 -0.85437 0.343074 1.93304 1.94927 0.133741
-0.8523 -0.853905 0.32563 1.93271 1.94857 0.151185
-0.85219 -0.853644 0.197704 1.93238 1.94808 0.151185
-0.85208 -0.853614 0.014537 1.93205 1.94779 0.174444
-0.85196 -0.853847 -0.151185 1.93172 1.94773 0.188981
-0.85185 -0.854109 -0.188981 1.93139 1.9477 0.183167
-0.85174 -0.854138 -0.00581481 1.93106 1.94744 0.229685
-0.85162 -0.853963 0.093037 1.93073 1.94689 0.206426
-0.85151 -0.853149 0.311093 1.9304 1.94543 0.24713
-0.85139 -0.852452 0.316907 1.93007 1.94421 0.279111
-0.85128 -0.852132 0.206426 1.92975 1.94331 0.279111
-0.85117 -0.852219 0 1.92942 1.94279 0.293648
-0.85105 -0.852713 -0.252944 1.92909 1.9427 0.32563
-0.85094 -0.853149 -0.261667 1.92876 1.94247 0.32563
-0.85082 -0.853178 0 1.92843 1.94197 0.366333
-0.85071 -0.852771 0.206426 1.9281 1.94087 0.357611
-0.8506 -0.852044 0.398315 1.92777 1.93936 0.398315
-0.85048 -0.851405 0.316907 1.92744 1.93793 0.421574
-0.85037 -0.851201 0.157 1.92711 1.93697 0.412852
-0.85025 -0.851289 0 1.92678 1.93639 0.421574
-0.85014 -0.851608 -0.229685 1.92645 1.93604 0.439019
-0.85002 -0.851928 -0.229685 1.92612 1.93569 0.444833
-0.84991 -0.852044 -0.0785 1.92579 1.93514 0.439019
-0.8498 -0.851841 0.0610556 1.92546 1.93427 0.462278
-0.84968 -0.851376 0.270389 1.92513 1.93308 0.444833
-0.84957 -0.850882 0.32563 1.9248 1.93188 0.453556
-0.84945 -0.850445 0.284926 1.92447 1.93072 0.462278
-0.84934 -0.8503 0.119204 1.92414 1.92973 0.412852
-0.84922 -0.850504 -0.101759 1.92381 1.92927 0.389593
-0.84911 -0.850969 -0.261667 1.92348 1.92909 0.366333
-0.84899 -0.851289 -0.197704 1.92315 1.92895 0.293648
-0.84888 -0.851259 0 1.92282 1.92848 0.220963
-0.84876 -0.850823 0.252944 1.92248 1.9277 0.183167
-0.84865 -0.850067 0.348889 1.92215 1.92665 0.151185
-0.84854 -0.849515 0.32563 1.92182 1.92592 0.110481
-0.84842 -0.849312 0.133741 1.92149 1.92563 0.0610556
-0.84831 -0.849544 -0.119204 1.92116 1.92581 0.0552407
-0.84819 -0.850067 -0.293648 1.92083 1.9263 0.0610556
-0.84808 -0.850474 -0.270389 1.9205 1.92668 0
-0.84796 -0.85062 -0.093037 1.92017 1.92683 0.014537
-0.84785 -0.850358 0.133741 1.91984 1.92651 0.0232593
-0.84773 -0.849777 0.293648 1.91951 1.92587 0
-0.84762 -0.849137 0.348889 1.91918 1.92514 0.0232593
-0.8475 -0.848701 0.206426 1.91885 1.92462 0.0465185
-0.84739 -0.848701 0.014537 1.91852 1.92453 0.0552407
-0.84727 -0.849137 -0.24713 1.91819 1.92488 0.0552407
-0.84716 -0.849602 -0.293648 1.91786 1.92528 0.0610556
-0.84704 -0.849864 -0.197704 1.91752 1.92546 0.014537
-0.84692 -0.849893 -0.0232593 1.91719 1.92546 0.0232593
-0.84681 -0.849631 0.188981 1.91686 1.92511 0
-0.84669 -0.849021 0.316907 1.91653 1.92444 0
-0.84658 -0.848527 0.32563 1.9162 1.92389 0.0552407
-0.84646 -0.848236 0.215148 1.91587 1.92357 0.0552407
-0.84635 -0.848149 0.101759 1.91554 1.92342 0.0610556
-0.84623 -0.848294 0 1.91521 1.92354 0.0290741
-0.84611 -0.848672 -0.220963 1.91488 1.92386 0.0377963
-0.84599 -0.84905 -0.174444 1.91454 1.92418 0.0377963
-0.84588 -0.848992 0 1.91421 1.92406 0
-0.84576 -0.848265 0.293648 1.91388 1.92328 0
-0.84564 -0.847364 0.398315 1.91355 1.92232 0.00581481
-0.84552 -0.846549 0.389593 1.91322 1.92142 0.00581481
-0.8454 -0.846259 0.133741 1.91289 1.92104 0.014537
-0.84528 -0.846549 -0.0610556 1.91256 1.92124 0.0465185
-0.84516 -0.847218 -0.270389 1.91222 1.92185 0.0552407
-0.84504 -0.847538 -0.151185 1.91189 1.92212 0
-0.84492 -0.847189 0.0697778 1.91156 1.92168 0.0610556
-0.84481 -0.84623 0.38087 1.91123 1.92069 0.0290741
-0.84469 -0.845125 0.502981 1.9109 1.91953 0
-0.84457 -0.844369 0.407037 1.91057 1.91871 0.0552407
-0.84445 -0.84402 0.183167 1.91024 1.91834 0
-0.84433 -0.844282 -0.157 1.9099 1.91857 0.00581481
-0.84421 -0.844747 -0.284926 1.90957 1.91903 0
-0.84409 -0.845096 -0.284926 1.90924 1.91938 0
-0.84397 -0.845212 -0.0785 1.90891 1.9195 0
-0.84385 -0.844979 0.119204 1.90858 1.91927 0
-0.84373 -0.844485 0.316907 1.90824 1.91877 0
-0.84361 -0.843933 0.389593 1.90791 1.91822 0
-0.84349 -0.84338 0.348889 1.90758 1.91764 0
-0.84337 -0.84309 0.220963 1.90725 1.91735 0
-0.84325 -0.843032 0.0552407 1.90692 1.91729 0
-0.84313 -0.843409 -0.174444 1.90658 1.91764 0
-0.84301 -0.843787 -0.252944 1.90625 1.91802 0.0552407
-0.8429 -0.843875 -0.0697778 1.90592 1.9181 0
-0.84278 -0.84338 0.238407 1.90559 1.91755 0.0377963
-0.84266 -0.842712 0.389593 1.90526 1.91685 0.0290741
-0.84254 -0.841898 0.412852 1.90492 1.91598 0.0290741
-0.84242 -0.841403 0.30237 1.90459 1.91546 0.0377963
-0.8423 -0.841258 0.0697778 1.90426 1.91525 0.00581481
-0.84218 -0.841491 -0.133741 1.90393 1.9154 0.014537
-0.84206 -0.841839 -0.197704 1.90359 1.91569 0.00581481
-0.84194 -0.841927 -0.0697778 1.90326 1.91572 0
-0.84182 -0.84152 0.206426 1.90293 1.91525 0
-0.8417 -0.840706 0.38087 1.9026 1.91435 0
-0.84158 -0.839892 0.412852 1.90226 1.91348 0.0610556
-0.84146 -0.839397 0.261667 1.90193 1.9129 0.0290741
-0.84134 -0.839281 0.0697778 1.9016 1.9127 0.0610556
-0.84122 -0.839484 -0.101759 1.90127 1.91284 0.0290741
-0.8411 -0.839862 -0.188981 1.90093 1.91313 0.0290741
-0.84098 -0.83995 -0.0610556 1.9006 1.91316 0
-0.84086 -0.839688 0.151185 1.90027 1.91284 0.0610556
-0.84074 -0.83899 0.311093 1.89993 1.91209 0.014537
-0.84062 -0.838351 0.375056 1.8996 1.91139 0
-0.8405 -0.837973 0.279111 1.89927 1.91092 0.0232593
-0.84037 -0.837827 0.0465185 1.89894 1.91069 0.014537
-0.84025 -0.838031 -0.125019 1.8986 1.91081 0.0377963
-0.84013 -0.838351 -0.174444 1.89827 1.91107 0.0465185
-0.84001 -0.83838 -0.0465185 1.89794 1.91101 0
-0.83989 -0.837973 0.215148 1.8976 1.91052 0.0465185
-0.83977 -0.837188 0.366333 1.89727 1.90964 0.0465185
-0.83965 -0.836461 0.375056 1.89694 1.9088 0.0465185
-0.83953 -0.836112 0.206426 1.8966 1.90831 0.0552407
-0.83941 -0.83617 0 1.89627 1.90825 0.0785
-0.83929 -0.836548 -0.215148 1.89594 1.90854 0.0610556
-0.83917 -0.836897 -0.229685 1.8956 1.90874 0.0610556
-0.83905 -0.836897 -0.0290741 1.89527 1.90863 0.0552407
-0.83893 -0.836286 0.284926 1.89494 1.90787 0.0697778
-0.83881 -0.835327 0.444833 1.8946 1.90676 0.0785
-0.83869 -0.834426 0.508796 1.89427 1.90569 0.0610556
-0.83856 -0.833873 0.348889 1.89394 1.90496 0.0872222
-0.83844 -0.83367 0.125019 1.8936 1.90461 0.093037
-0.83832 -0.833815 -0.00581481 1.89327 1.90456 0.0872222
-0.8382 -0.83428 -0.215148 1.89294 1.90485 0.0872222
-0.83808 -0.834542 -0.151185 1.8926 1.90496 0.0872222
-0.83796 -0.834397 0 1.89227 1.90467 0.0697778
-0.83784 -0.833699 0.311093 1.89194 1.90383 0.0785
-0.83772 -0.832972 0.439019 1.8916 1.90299 0.0552407
-0.8376 -0.832274 0.453556 1.89127 1.90211 0.101759
-0.83748 -0.83178 0.252944 1.89093 1.9015 0.0697778
-0.83735 -0.831693 0.0610556 1.8906 1.90127 0.0697778
-0.83723 -0.831925 -0.133741 1.89027 1.90136 0.0872222
-0.83711 -0.832216 -0.174444 1.88993 1.90153 0.0697778
-0.83699 -0.832274 -0.014537 1.8896 1.9015 0.0465185
-0.83687 -0.831867 0.215148 1.88926 1.90098 0.0785
-0.83675 -0.831315 0.334352 1.88893 1.90031 0.0697778
-0.83663 -0.830733 0.334352 1.8886 1.89964 0.0377963
-0.8365 -0.830413 0.197704 1.88826 1.89921 0.0465185
-0.83637 -0.830384 0 1.88793 1.89906 0.0697778
-0.83625 -0.830704 -0.157 1.88759 1.89926 0.0697778
-0.83612 -0.830908 -0.119204 1.88726 1.89938 0.0465185
-0.83599 -0.83082 0 1.88693 1.89915 0.0785
-0.83586 -0.830297 0.252944 1.88659 1.89851 0.0785
-0.83574 -0.829541 0.38087 1.88626 1.89761 0.0872222
-0.83561 -0.828902 0.348889 1.88592 1.89682 0.0872222
-0.83548 -0.82864 0.188981 1.88559 1.89639 0.0785
-0.83536 -0.828611 0 1.88525 1.89615 0.101759
-0.83523 -0.828872 -0.157 1.88492 1.89624 0.093037
-0.8351 -0.829134 -0.165722 1.88458 1.89633 0.093037
-0.83497 -0.829076 0 1.88425 1.89604 0.110481
-0.83485 -0.828524 0.270389 1.88392 1.89531 0.110481
-0.83472 -0.827797 0.407037 1.88358 1.89435 0.119204
-0.83459 -0.827186 0.38087 1.88325 1.89348 0.133741
-0.83446 -0.826837 0.197704 1.88291 1.8929 0.125019
-0.83433 -0.826808 0 1.88258 1.89258 0.157
-0.83421 -0.827157 -0.157 1.88224 1.89263 0.142463
-0.83408 -0.827448 -0.174444 1.88191 1.89263 0.142463
-0.83395 -0.827332 0 1.88157 1.8922 0.165722
-0.83382 -0.826779 0.279111 1.88124 1.89133 0.165722
-0.8337 -0.825965 0.412852 1.8809 1.89013 0.183167
-0.83357 -0.825296 0.366333 1.88057 1.88915 0.183167
-0.83344 -0.825035 0.174444 1.88023 1.88848 0.206426
-0.83331 -0.825122 0 1.8799 1.88819 0.188981
-0.83318 -0.8255 -0.197704 1.87956 1.88819 0.215148
-0.83306 -0.82582 -0.215148 1.87923 1.88807 0.229685
-0.83293 -0.825732 0 1.87889 1.88752 0.220963
-0.8328 -0.82518 0.311093 1.87856 1.88653 0.24713
-0.83267 -0.824279 0.439019 1.87822 1.8851 0.279111
-0.83254 -0.823581 0.398315 1.87789 1.88383 0.279111
-0.83242 -0.823261 0.157 1.87755 1.88295 0.30237
-0.83229 -0.823348 0 1.87722 1.88243 0.32563
-0.83216 -0.823784 -0.206426 1.87688 1.8822 0.32563
-0.83203 -0.824104 -0.197704 1.87655 1.88191 0.32563
-0.8319 -0.824104 0 1.87621 1.88127 0.343074
-0.83177 -0.823581 0.279111 1.87588 1.88007 0.343074
-0.83165 -0.822738 0.389593 1.87554 1.87859 0.343074
-0.83152 -0.822244 0.366333 1.8752 1.8776 0.343074
-0.83139 -0.821982 0.183167 1.87487 1.87685 0.343074
-0.83126 -0.821953 0 1.87453 1.87618 0.32563
-0.83113 -0.822302 -0.174444 1.8742 1.87592 0.334352
-0.831 -0.822709 -0.197704 1.87386 1.87563 0.32563
-0.83088 -0.822709 0 1.87353 1.87502 0.311093
-0.83075 -0.822185 0.252944 1.87319 1.87394 0.32563
-0.83062 -0.821662 0.343074 1.87285 1.87298 0.279111
-0.83049 -0.821197 0.334352 1.87252 1.87205 0.279111
-0.83036 -0.820935 0.151185 1.87218 1.87135 0.252944
-0.83023 -0.820993 0 1.87185 1.87109 0.220963
-0.8301 -0.821342 -0.188981 1.87151 1.87109 0.174444
-0.82998 -0.821662 -0.197704 1.87117 1.87115 0.157
-0.82985 -0.821749 -0.0232593 1.87084 1.87103 0.101759
-0.82972 -0.821255 0.215148 1.8705 1.87039 0.093037
-0.82959 -0.820586 0.343074 1.87017 1.86961 0.0785
-0.82946 -0.820034 0.293648 1.86983 1.86891 0.0552407
-0.82933 -0.819889 0.110481 1.86949 1.86871 0.0697778
-0.8292 -0.820179 -0.165722 1.86916 1.86888 0.0465185
-0.82907 -0.820644 -0.252944 1.86882 1.86923 0.0785
-0.82894 -0.820848 -0.157 1.86849 1.86935 0.0232593
-0.82881 -0.820615 0.093037 1.86815 1.869 0.0610556
-0.82869 -0.819918 0.348889 1.86781 1.86824 0.0465185
-0.82856 -0.819191 0.407037 1.86748 1.86743 0.0377963
-0.82843 -0.81858 0.32563 1.86714 1.86673 0.0610556
-0.8283 -0.818406 0.101759 1.8668 1.86647 0
-0.82817 -0.81858 -0.0232593 1.86647 1.86661 0
-0.82804 -0.819016 -0.238407 1.86613 1.86699 0
-0.82791 -0.819307 -0.215148 1.86579 1.86725 0
-0.82778 -0.819365 -0.0610556 1.86546 1.86728 0.0552407
-0.82765 -0.819016 0.157 1.86512 1.8669 0.0465185
-0.82752 -0.818377 0.348889 1.86478 1.86624 0.0377963
-0.82739 -0.817737 0.32563 1.86445 1.86551 0.0232593
-0.82726 -0.817446 0.133741 1.86411 1.86513 0.0290741
-0.82713 -0.817563 0 1.86377 1.86516 0.0552407
-0.827 -0.817912 -0.220963 1.86344 1.86539 0.0697778
-0.82688 -0.818231 -0.151185 1.8631 1.86562 0.0232593
-0.82675 -0.818173 0 1.86276 1.86548 0.0290741
-0.82662 -0.817737 0.270389 1.86242 1.86496 0.0785
-0.82649 -0.817127 0.389593 1.86209 1.86423 0.0785
-0.82636 -0.816603 0.366333 1.86175 1.86362 0.0785
-0.82623 -0.816283 0.238407 1.86141 1.86321 0.0785
-0.8261 -0.816254 0.0610556 1.86108 1.86307 0.0552407
-0.82597 -0.816342 0 1.86074 1.86304 0.0785
-0.82584 -0.816574 -0.183167 1.8604 1.86315 0.0697778
-0.82571 -0.816661 -0.110481 1.86006 1.86315 0.0552407
-0.82558 -0.816574 0 1.85973 1.86298 0.0785
-0.82545 -0.816138 0.252944 1.85939 1.86243 0.0785
-0.82532 -0.815586 0.375056 1.85905 1.86179 0.0785
-0.82519 -0.815091 0.366333 1.85871 1.86115 0.0785
-0.82506 -0.814772 0.157 1.85838 1.86068 0.0552407
-0.82493 -0.81483 0 1.85804 1.8606 0.0697778
-0.8248 -0.815149 -0.174444 1.8577 1.8608 0.0785
-0.82467 -0.815295 -0.119204 1.85736 1.86086 0.0465185
-0.82454 -0.815062 0.0377963 1.85703 1.86054 0.0377963
-0.82441 -0.814364 0.357611 1.85669 1.85972 0.0377963
-0.82428 -0.813492 0.453556 1.85635 1.85876 0.014537
-0.82415 -0.812853 0.421574 1.85601 1.85804 0.0697778
-0.82402 -0.812475 0.24713 1.85567 1.8576 0.0785
-0.82389 -0.812387 0.0785 1.85534 1.85743 0.0610556
-0.82376 -0.812533 0 1.855 1.85748 0.0610556
-0.82363 -0.812736 -0.119204 1.85466 1.8576 0
-0.8235 -0.812794 -0.0465185 1.85432 1.8576 0.0552407
-0.82337 -0.812591 0.119204 1.85398 1.85737 0
-0.82324 -0.812213 0.238407 1.85365 1.85693 0.0552407
-0.82311 -0.811719 0.284926 1.85331 1.85638 0
-0.82297 -0.811428 0.151185 1.85297 1.85603 0
-0.82284 -0.811399 0.0290741 1.85263 1.85594 0.0610556
-0.82271 -0.811544 -0.110481 1.85229 1.85606 0
-0.82258 -0.811632 -0.0465185 1.85195 1.85609 0.0290741
-0.82245 -0.811283 0.174444 1.85162 1.85571 0
-0.82232 -0.810672 0.32563 1.85128 1.85504 0
-0.82219 -0.810207 0.343074 1.85094 1.85455 0.0552407
-0.82206 -0.809945 0.220963 1.8506 1.85426 0.0610556
-0.82193 -0.809887 0.014537 1.85026 1.85414 0.014537
-0.8218 -0.809945 0 1.84992 1.85417 0
-0.82167 -0.810032 -0.0872222 1.84958 1.85423 0.0465185
-0.82154 -0.810003 0 1.84925 1.85414 0.0290741
-0.82141 -0.809771 0.142463 1.84891 1.85388 0
-0.82128 -0.809218 0.270389 1.84857 1.85324 0.0465185
-0.82114 -0.808869 0.270389 1.84823 1.85286 0.0552407
-0.82101 -0.808695 0.125019 1.84789 1.8526 0.0232593
-0.82088 -0.808695 0 1.84755 1.85254 0.0465185
-0.82075 -0.80884 -0.093037 1.84721 1.85263 0.0552407
-0.82062 -0.808899 -0.0290741 1.84687 1.8526 0.0465185
-0.82049 -0.808637 0.157 1.84654 1.85225 0.0290741
-0.82036 -0.808055 0.316907 1.8462 1.85158 0.0232593
-0.82023 -0.807648 0.24713 1.84586 1.85106 0.0785
-0.8201 -0.807561 0.0785 1.84552 1.85086 0.0872222
-0.81996 -0.807648 0 1.84518 1.8508 0.0872222
-0.81983 -0.807852 -0.119204 1.84484 1.85086 0.0785
-0.8197 -0.807823 0 1.8445 1.85065 0.0697778
-0.81957 -0.807387 0.220963 1.84416 1.85007 0.0872222
-0.81944 -0.806747 0.316907 1.84382 1.84929 0.093037
-0.81931 -0.80634 0.293648 1.84348 1.84867 0.101759
-0.81918 -0.806195 0.0872222 1.84314 1.84833 0.119204
-0.81904 -0.806282 0 1.8428 1.84821 0.110481
-0.81891 -0.806514 -0.125019 1.84246 1.84821 0.119204
-0.81878 -0.806544 0 1.84212 1.84801 0.125019
-0.81865 -0.806195 0.174444 1.84178 1.84742 0.133741
-0.81852 -0.8057 0.270389 1.84145 1.8467 0.133741
-0.81839 -0.805235 0.238407 1.84111 1.84597 0.133741
-0.81826 -0.805206 0.0290741 1.84077 1.84568 0.151185
-0.81812 -0.805381 -0.119204 1.84043 1.84562 0.151185
-0.81799 -0.805555 -0.093037 1.84009 1.84551 0.133741
-0.81786 -0.805381 0 1.83975 1.84507 0.151185
-0.81773 -0.804915 0.284926 1.83941 1.84431 0.151185
-0.8176 -0.804276 0.32563 1.83907 1.84333 0.174444
-0.81746 -0.80384 0.270389 1.83873 1.84254 0.165722
-0.81733 -0.803752 0.0465185 1.83839 1.8421 0.188981
-0.8172 -0.803985 -0.125019 1.83805 1.84202 0.183167
-0.81707 -0.804247 -0.142463 1.83771 1.84187 0.206426
-0.81694 -0.804247 0 1.83737 1.84146 0.215148
-0.81681 -0.803752 0.238407 1.83703 1.84059 0.215148
-0.81667 -0.803113 0.32563 1.83669 1.83949 0.238407
-0.81654 -0.802648 0.279111 1.83635 1.83862 0.24713
-0.81641 -0.80256 0.0697778 1.83601 1.83803 0.261667
-0.81628 -0.802793 -0.110481 1.83566 1.83777 0.270389
-0.81614 -0.803113 -0.183167 1.83532 1.83757 0.261667
-0.81601 -0.8032 -0.0610556 1.83498 1.8371 0.279111
-0.81588 -0.802735 0.229685 1.83464 1.83603 0.293648
-0.81575 -0.801979 0.366333 1.8343 1.83472 0.311093
-0.81561 -0.801514 0.334352 1.83396 1.83376 0.311093
-0.81548 -0.801281 0.174444 1.83362 1.83303 0.32563
-0.81535 -0.801252 0 1.83328 1.83254 0.316907
-0.81521 -0.801543 -0.142463 1.83294 1.83234 0.316907
-0.81508 -0.801834 -0.197704 1.8326 1.83213 0.343074
-0.81495 -0.801921 -0.0872222 1.83226 1.83175 0.311093
-0.81481 -0.801746 0.014537 1.83192 1.83111 0.32563
-0.81468 -0.801281 0.261667 1.83158 1.83013 0.284926
-0.81454 -0.800758 0.316907 1.83124 1.8292 0.284926
-0.81441 -0.80038 0.252944 1.8309 1.82832 0.252944
-0.81428 -0.800293 0.0377963 1.83055 1.82789 0.24713
-0.81414 -0.800525 -0.133741 1.83021 1.82777 0.206426
-0.81401 -0.800816 -0.215148 1.82987 1.82777 0.197704
-0.81388 -0.800961 -0.119204 1.82953 1.82765 0.174444
-0.81374 -0.800787 0 1.82919 1.82722 0.151185
-0.81361 -0.800322 0.279111 1.82885 1.82652 0.142463
-0.81347 -0.799711 0.348889 1.82851 1.82565 0.142463
-0.81334 -0.799304 0.24713 1.82817 1.82504 0.125019
-0.8132 -0.799217 0.093037 1.82783 1.82472 0.142463
-0.81307 -0.79942 -0.101759 1.82748 1.82469 0.151185
-0.81294 -0.79974 -0.220963 1.82714 1.82478 0.151185
-0.8128 -0.800002 -0.197704 1.8268 1.82475 0.142463
-0.81267 -0.799915 0 1.82646 1.82434 0.165722
-0.81253 -0.799304 0.293648 1.82612 1.82338 0.157
-0.8124 -0.798461 0.407037 1.82578 1.82222 0.157
-0.81227 -0.79785 0.30237 1.82544 1.82126 0.151185
-0.81213 -0.797705 0.0785 1.82509 1.82079 0.188981
-0.812 -0.797938 -0.093037 1.82475 1.82071 0.165722
-0.81186 -0.798374 -0.252944 1.82441 1.82079 0.151185
-0.81173 -0.798577 -0.133741 1.82407 1.82073 0.157
-0.81159 -0.798403 0 1.82373 1.82027 0.165722
-0.81146 -0.797705 0.316907 1.82338 1.81928 0.142463
-0.81132 -0.796862 0.421574 1.82304 1.81818 0.133741
-0.81119 -0.796309 0.357611 1.8227 1.81739 0.125019
-0.81105 -0.796077 0.157 1.82236 1.81695 0.133741
-0.81092 -0.796077 0 1.82202 1.81678 0.119204
-0.81079 -0.796339 -0.151185 1.82167 1.81684 0.125019
-0.81065 -0.796629 -0.206426 1.82133 1.81698 0.119204
-0.81052 -0.796717 -0.0872222 1.82099 1.8169 0.119204
-0.81038 -0.796542 0.0465185 1.82065 1.81655 0.125019
-0.81025 -0.796077 0.279111 1.82031 1.81594 0.101759
-0.81011 -0.795583 0.343074 1.81996 1.81527 0.101759
-0.80998 -0.795088 0.279111 1.81962 1.81454 0.0872222
-0.80984 -0.79503 0.0552407 1.81928 1.81431 0.093037
-0.80971 -0.795234 -0.133741 1.81894 1.81434 0.0697778
-0.80957 -0.795612 -0.157 1.81859 1.81454 0.0872222
-0.80944 -0.795641 -0.0552407 1.81825 1.8144 0.0785
-0.8093 -0.795176 0.220963 1.81791 1.81381 0.0552407
-0.80917 -0.794565 0.38087 1.81757 1.81309 0.0610556
-0.80903 -0.793925 0.38087 1.81722 1.81233 0.0552407
-0.8089 -0.793606 0.220963 1.81688 1.8119 0.0785
-0.80876 -0.793577 0.0785 1.81654 1.81169 0.0872222
-0.80863 -0.793751 -0.110481 1.8162 1.81178 0.0785
-0.80849 -0.793984 -0.183167 1.81585 1.8119 0.0610556
-0.80836 -0.794042 -0.0290741 1.81551 1.81184 0.0610556
-0.80822 -0.793838 0.0697778 1.81517 1.81155 0.0552407
-0.80808 -0.793344 0.311093 1.81482 1.81097 0.0465185
-0.80795 -0.792879 0.32563 1.81448 1.81038 0.0465185
-0.80781 -0.79253 0.261667 1.81414 1.80998 0.0465185
-0.80768 -0.792414 0.0697778 1.81379 1.80974 0.0785
-0.80754 -0.792472 0 1.81345 1.80966 0.0697778
-0.80741 -0.792617 -0.101759 1.81311 1.80972 0.0552407
-0.80727 -0.792617 0 1.81276 1.80963 0.0465185
-0.80714 -0.792414 0.157 1.81242 1.80934 0.0872222
-0.807 -0.792007 0.279111 1.81208 1.80884 0.0785
-0.80687 -0.791629 0.220963 1.81173 1.80829 0.0552407
-0.80673 -0.791541 0.0232593 1.81139 1.80812 0.0785
-0.80659 -0.791629 -0.0377963 1.81105 1.80809 0.0785
-0.80646 -0.791687 -0.00581481 1.8107 1.80803 0.0465185
-0.80632 -0.791541 0.014537 1.81036 1.8078 0.0697778
-0.80619 -0.791134 0.220963 1.81002 1.80724 0.0785
-0.80605 -0.79064 0.279111 1.80967 1.80663 0.0785
-0.80591 -0.79032 0.238407 1.80933 1.8062 0.0872222
-0.80578 -0.790204 0.093037 1.80899 1.80599 0.093037
-0.80564 -0.790233 0 1.80864 1.80588 0.0785
-0.80551 -0.790349 -0.0872222 1.8083 1.80588 0.0785
-0.80537 -0.790378 -0.0290741 1.80795 1.80582 0.0552407
-0.80524 -0.790117 0.151185 1.80761 1.80544 0.0872222
-0.8051 -0.789681 0.279111 1.80727 1.80486 0.0785
-0.80496 -0.789274 0.279111 1.80692 1.80434 0.0552407
-0.80483 -0.789128 0.125019 1.80658 1.80405 0.0785
-0.80469 -0.789128 0 1.80623 1.8039 0.0697778
-0.80455 -0.789303 -0.110481 1.80589 1.80396 0.0872222
-0.80442 -0.789361 -0.0465185 1.80555 1.80384 0.0785
-0.80428 -0.788983 0.197704 1.8052 1.80329 0.0872222
-0.80415 -0.788314 0.348889 1.80486 1.80245 0.0872222
-0.80402 -0.787762 0.30237 1.80451 1.80169 0.0785
-0.8039 -0.787587 0.0785 1.80417 1.80134 0.110481
-0.80378 -0.787674 0 1.80382 1.80123 0.110481
-0.80366 -0.787849 -0.110481 1.80348 1.80125 0.101759
-0.80354 -0.787936 -0.0785 1.80313 1.80114 0.125019
-0.80342 -0.787733 0.0232593 1.80279 1.8007 0.125019
-0.8033 -0.787151 0.293648 1.80244 1.79989 0.110481
-0.80318 -0.786541 0.316907 1.8021 1.79907 0.133741
-0.80306 -0.786163 0.24713 1.80175 1.79838 0.151185
-0.80294 -0.786075 0.0290741 1.80141 1.79803 0.142463
-0.80282 -0.786221 -0.119204 1.80106 1.79791 0.142463
-0.8027 -0.786453 -0.133741 1.80072 1.79785 0.142463
-0.80257 -0.786395 0 1.80037 1.79753 0.157
-0.80245 -0.78593 0.252944 1.80003 1.79678 0.157
-0.80233 -0.785203 0.343074 1.79968 1.79573 0.174444
-0.80221 -0.784825 0.252944 1.79934 1.79509 0.188981
-0.80209 -0.78468 0.119204 1.79899 1.7946 0.174444
-0.80197 -0.784738 0 1.79865 1.79425 0.188981
-0.80185 -0.785 -0.165722 1.7983 1.79422 0.206426
-0.80173 -0.785203 -0.125019 1.79795 1.79402 0.197704
-0.80161 -0.785116 0 1.79761 1.79355 0.206426
-0.80149 -0.784564 0.284926 1.79726 1.79262 0.215148
-0.80136 -0.783866 0.375056 1.79692 1.79146 0.215148
-0.80124 -0.783284 0.279111 1.79657 1.79047 0.215148
-0.80112 -0.783139 0.0872222 1.79623 1.78986 0.215148
-0.801 -0.783255 -0.00581481 1.79588 1.78957 0.238407
-0.80088 -0.783546 -0.151185 1.79553 1.78945 0.252944
-0.80076 -0.78372 -0.110481 1.79519 1.78916 0.229685
-0.80064 -0.783546 0 1.79484 1.78852 0.229685
-0.80051 -0.782964 0.284926 1.7945 1.78747 0.229685
-0.80039 -0.782238 0.366333 1.79415 1.78628 0.238407
-0.80027 -0.781772 0.261667 1.7938 1.78535 0.24713
-0.80015 -0.781685 0.0290741 1.79346 1.78486 0.252944
-0.80003 -0.781831 -0.0872222 1.79311 1.78454 0.220963
-0.79991 -0.78215 -0.151185 1.79276 1.78436 0.229685
-0.79978 -0.782179 0 1.79242 1.78396 0.215148
-0.79966 -0.781831 0.206426 1.79207 1.78323 0.215148
-0.79954 -0.781336 0.284926 1.79173 1.78233 0.215148
-0.79942 -0.781017 0.183167 1.79138 1.7816 0.206426
-0.7993 -0.781017 0.0232593 1.79103 1.78131 0.215148
-0.79918 -0.781307 -0.157 1.79069 1.78122 0.183167
-0.79905 -0.781598 -0.165722 1.79034 1.78125 0.174444
-0.79893 -0.781627 -0.0290741 1.78999 1.78099 0.151185
-0.79881 -0.781133 0.238407 1.78965 1.78023 0.142463
-0.79869 -0.780435 0.375056 1.7893 1.77927 0.142463
-0.79857 -0.779912 0.311093 1.78895 1.77855 0.125019
-0.79844 -0.779766 0.125019 1.7886 1.77823 0.119204
-0.79832 -0.779824 0 1.78826 1.77808 0.119204
-0.7982 -0.780173 -0.165722 1.78791 1.7782 0.125019
-0.79808 -0.780435 -0.188981 1.78756 1.77829 0.101759
-0.79795 -0.780493 -0.0552407 1.78722 1.7782 0.093037
-0.79783 -0.780232 0.174444 1.78687 1.77776 0.101759
-0.79771 -0.779592 0.32563 1.78652 1.77698 0.101759
-0.79759 -0.779127 0.316907 1.78618 1.77637 0.101759
-0.79746 -0.778894 0.174444 1.78583 1.77596 0.0872222
-0.79734 -0.778865 0 1.78548 1.77573 0.110481
-0.79722 -0.779185 -0.165722 1.78513 1.7759 0.0872222
-0.7971 -0.779476 -0.174444 1.78479 1.77599 0.101759
-0.79697 -0.779505 0 1.78444 1.77584 0.093037
-0.79685 -0.77901 0.261667 1.78409 1.77518 0.0872222
-0.79673 -0.778313 0.348889 1.78374 1.7743 0.0610556
-0.79661 -0.77776 0.279111 1.7834 1.77361 0.0872222
-0.79648 -0.777615 0.110481 1.78305 1.77326 0.0872222
-0.79636 -0.777702 0 1.7827 1.77317 0.0872222
-0.79624 -0.778022 -0.157 1.78235 1.77334 0.093037
-0.79611 -0.778284 -0.174444 1.78201 1.77352 0.0785
-0.79599 -0.778284 0 1.78166 1.77334 0.0610556
-0.79587 -0.777731 0.252944 1.78131 1.77268 0.0697778
-0.79575 -0.776917 0.38087 1.78096 1.77174 0.0377963
-0.79562 -0.776394 0.334352 1.78061 1.77113 0.0785
-0.7955 -0.776132 0.174444 1.78027 1.77076 0.0697778
-0.79538 -0.776132 0 1.77992 1.77064 0.0552407
-0.79525 -0.776452 -0.165722 1.77957 1.77087 0.0290741
-0.79513 -0.776714 -0.174444 1.77922 1.77108 0.0697778
-0.79501 -0.776655 0 1.77887 1.77096 0.0552407
-0.79488 -0.776045 0.293648 1.77852 1.77032 0.0377963
-0.79476 -0.77526 0.421574 1.77818 1.76945 0.014537
-0.79464 -0.77462 0.348889 1.77783 1.76878 0.0552407
-0.79451 -0.774359 0.165722 1.77748 1.76846 0
-0.79439 -0.774388 0 1.77713 1.76843 0.0465185
-0.79426 -0.774707 -0.174444 1.77678 1.76872 0.00581481
-0.79413 -0.775027 -0.174444 1.77643 1.76898 0.0290741
-0.79401 -0.77494 0 1.77609 1.7689 0
-0.79388 -0.7743 0.334352 1.77574 1.76823 0.0465185
-0.79375 -0.773515 0.412852 1.77539 1.76738 0.0552407
-0.79362 -0.772905 0.334352 1.77504 1.76674 0
-0.79349 -0.772789 0.101759 1.77469 1.76657 0
-0.79337 -0.772905 0 1.77434 1.76666 0.0232593
-0.79324 -0.773254 -0.197704 1.77399 1.76698 0.0290741
-0.79311 -0.773515 -0.174444 1.77365 1.76721 0.0552407
-0.79298 -0.773341 0 1.7733 1.76701 0.0290741
-0.79285 -0.772585 0.38087 1.77295 1.76622 0
-0.79273 -0.771655 0.485537 1.7726 1.76526 0
-0.7926 -0.771015 0.366333 1.77225 1.76459 0.0290741
-0.79247 -0.770782 0.157 1.7719 1.7643 0.0232593
-0.79234 -0.770841 0 1.77155 1.76433 0.014537
-0.79221 -0.771189 -0.197704 1.7712 1.76465 0.0465185
-0.79208 -0.771597 -0.197704 1.77085 1.76503 0.0465185
-0.79196 -0.771597 -0.00581481 1.7705 1.76503 0
-0.79183 -0.771015 0.279111 1.77015 1.76442 0
-0.7917 -0.770259 0.421574 1.76981 1.76366 0
-0.79157 -0.769649 0.293648 1.76946 1.76302 0.0465185
-0.79144 -0.769503 0.0785 1.76911 1.76285 0.0552407
-0.79131 -0.769619 0 1.76876 1.76294 0
-0.79118 -0.769968 -0.174444 1.76841 1.76328 0
-0.79106 -0.77023 -0.165722 1.76806 1.76352 0
-0.79093 -0.770172 0 1.76771 1.76346 0
-0.7908 -0.769707 0.252944 1.76736 1.76296 0
-0.79067 -0.76898 0.366333 1.76701 1.76224 0
-0.79054 -0.768544 0.252944 1.76666 1.76174 0.0552407
-0.79041 -0.768486 0 1.76631 1.76166 0
-0.79028 -0.768747 -0.142463 1.76596 1.76186 0
-0.79015 -0.769009 -0.174444 1.76561 1.76209 0
-0.79002 -0.76898 0 1.76526 1.76203 0.0465185
-0.78989 -0.768457 0.284926 1.76491 1.76148 0.0465185
-0.78977 -0.767875 0.348889 1.76456 1.76081 0.0552407
-0.78964 -0.767381 0.270389 1.76421 1.76026 0
-0.78951 -0.767323 0.0290741 1.76386 1.76012 0.0610556
-0.78938 -0.767526 -0.125019 1.76351 1.7602 0.0290741
-0.78925 -0.767875 -0.197704 1.76316 1.76043 0.0465185
-0.78912 -0.767933 -0.0377963 1.76281 1.76043 0.0552407
-0.78899 -0.767497 0.238407 1.76246 1.75988 0.0697778
-0.78886 -0.766857 0.334352 1.76211 1.75913 0.0552407
-0.78873 -0.766421 0.279111 1.76176 1.7586 0.0872222
-0.7886 -0.766276 0.093037 1.76141 1.75831 0.0465185
-0.78847 -0.766509 -0.125019 1.76106 1.75843 0.0290741
-0.78834 -0.766857 -0.215148 1.76071 1.75866 0.0697778
-0.78821 -0.76709 -0.157 1.76036 1.75881 0.0465185
-0.78808 -0.766799 0.142463 1.76 1.75843 0.0377963
-0.78795 -0.766247 0.334352 1.75965 1.75779 0.0610556
-0.78782 -0.765607 0.343074 1.7593 1.75703 0.0785
-0.78769 -0.765404 0.133741 1.75895 1.75677 0.0552407
-0.78757 -0.765549 -0.00581481 1.7586 1.7568 0.0465185
-0.78744 -0.765956 -0.206426 1.75825 1.75712 0.0290741
-0.78731 -0.766392 -0.220963 1.7579 1.75747 0.0377963
-0.78718 -0.766421 -0.014537 1.75755 1.75744 0.0465185
-0.78705 -0.765869 0.270389 1.7572 1.7568 0.0610556
-0.78692 -0.765113 0.421574 1.75685 1.75596 0.0232593
-0.78679 -0.764561 0.311093 1.75649 1.75532 0.0697778
-0.78666 -0.764444 0.101759 1.75614 1.75511 0.0290741
-0.78653 -0.764619 -0.0290741 1.75579 1.7552 0.0552407
-0.7864 -0.764968 -0.197704 1.75544 1.75549 0.0290741
-0.78627 -0.765375 -0.252944 1.75509 1.75578 0.0697778
-0.78614 -0.765433 -0.0377963 1.75474 1.75572 0.0465185
-0.78601 -0.764939 0.24713 1.75439 1.75514 0.0465185
-0.78587 -0.764183 0.398315 1.75404 1.75427 0.0872222
-0.78574 -0.763717 0.348889 1.75368 1.75369 0.0610556
-0.78561 -0.763485 0.188981 1.75333 1.75337 0.0785
-0.78548 -0.763456 0.0465185 1.75298 1.75322 0.0785
-0.78535 -0.763659 -0.119204 1.75263 1.75328 0.093037
-0.78522 -0.763979 -0.206426 1.75228 1.75352 0.0610556
-0.78509 -0.764154 -0.151185 1.75192 1.75357 0.093037
-0.78496 -0.764124 0 1.75157 1.7534 0.093037
-0.78483 -0.763776 0.220963 1.75122 1.75293 0.0785
-0.7847 -0.763339 0.284926 1.75087 1.75235 0.093037
-0.78457 -0.76302 0.229685 1.75052 1.75189 0.0872222
-0.78444 -0.762932 0.093037 1.75016 1.75165 0.0872222
-0.78431 -0.76302 0 1.74981 1.75157 0.093037
-0.78418 -0.763339 -0.188981 1.74946 1.75171 0.110481
-0.78405 -0.76363 -0.183167 1.74911 1.75186 0.093037
-0.78392 -0.763688 -0.00581481 1.74876 1.75168 0.093037
-0.78379 -0.763194 0.238407 1.7484 1.75101 0.110481
-0.78365 -0.762496 0.343074 1.74805 1.75008 0.110481
-0.78352 -0.762031 0.24713 1.7477 1.74936 0.119204
-0.78339 -0.761944 0.0697778 1.74735 1.74901 0.133741
-0.78326 -0.762147 -0.125019 1.74699 1.74895 0.133741
-0.78313 -0.762496 -0.174444 1.74664 1.74904 0.142463
-0.783 -0.762642 -0.0872222 1.74629 1.74886 0.157
-0.78287 -0.762322 0.174444 1.74594 1.74825 0.165722
-0.78274 -0.761711 0.32563 1.74558 1.74732 0.174444
-0.78261 -0.761159 0.30237 1.74523 1.74639 0.188981
-0.78247 -0.760984 0.093037 1.74488 1.74584 0.206426
-0.78234 -0.761072 0 1.74452 1.74555 0.215148
-0.78221 -0.761333 -0.142463 1.74417 1.74532 0.229685
-0.78208 -0.761595 -0.142463 1.74382 1.74517 0.24713
-0.78194 -0.761653 -0.0232593 1.74347 1.74476 0.279111
-0.78181 -0.761217 0.206426 1.74311 1.74375 0.293648
-0.78168 -0.760723 0.293648 1.74276 1.74279 0.316907
-0.78154 -0.760316 0.270389 1.74241 1.74174 0.334352
-0.78141 -0.76017 0.0872222 1.74205 1.74087 0.375056
-0.78128 -0.760287 -0.0232593 1.7417 1.74034 0.389593
-0.78114 -0.760548 -0.151185 1.74135 1.73988 0.389593
-0.78101 -0.760752 -0.110481 1.74099 1.73921 0.389593
-0.78088 -0.760577 0.00581481 1.74064 1.73837 0.398315
-0.78074 -0.760112 0.279111 1.74029 1.73718 0.38087
-0.78061 -0.759502 0.311093 1.73993 1.73578 0.38087
-0.78048 -0.759124 0.215148 1.73958 1.73473 0.375056
-0.78034 -0.759066 0 1.73923 1.73395 0.366333
-0.78021 -0.759298 -0.142463 1.73887 1.73363 0.32563
-0.78007 -0.75956 -0.157 1.73852 1.7334 0.293648
-0.77994 -0.75956 0 1.73816 1.7329 0.261667
-0.77981 -0.759153 0.215148 1.73781 1.73212 0.215148
-0.77967 -0.758688 0.284926 1.73746 1.73127 0.215148
-0.77954 -0.758339 0.183167 1.7371 1.73055 0.188981
-0.7794 -0.758339 0 1.73675 1.73026 0.174444
-0.77927 -0.7586 -0.133741 1.73639 1.73011 0.206426
-0.77914 -0.758891 -0.174444 1.73604 1.73014 0.157
-0.779 -0.758949 -0.00581481 1.73569 1.72988 0.183167
-0.77887 -0.7586 0.174444 1.73533 1.72927 0.157
-0.77873 -0.758164 0.261667 1.73498 1.72851 0.174444
-0.7786 -0.757844 0.206426 1.73462 1.7279 0.157
-0.77847 -0.757815 0.0465185 1.73427 1.72752 0.174444
-0.77833 -0.758077 -0.142463 1.73392 1.72746 0.183167
-0.7782 -0.758455 -0.165722 1.73356 1.72749 0.174444
-0.77806 -0.758513 -0.0377963 1.73321 1.72717 0.188981
-0.77793 -0.758077 0.215148 1.73285 1.72642 0.174444
-0.77779 -0.757467 0.334352 1.7325 1.72546 0.197704
-0.77766 -0.75703 0.284926 1.73214 1.72462 0.188981
-0.77752 -0.756914 0.0785 1.73179 1.72415 0.197704
-0.77739 -0.757089 -0.0610556 1.73143 1.72389 0.220963
-0.77726 -0.757408 -0.183167 1.73108 1.72371 0.252944
-0.77712 -0.757612 -0.110481 1.73072 1.72351 0.238407
-0.77699 -0.757408 0.0232593 1.73037 1.72284 0.238407
-0.77685 -0.756827 0.311093 1.73001 1.72185 0.252944
-0.77672 -0.756187 0.357611 1.72966 1.72075 0.229685
-0.77658 -0.75578 0.261667 1.7293 1.71985 0.261667
-0.77645 -0.755693 0.0697778 1.72895 1.71921 0.261667
-0.77631 -0.755926 -0.142463 1.72859 1.719 0.252944
-0.77618 -0.756245 -0.197704 1.72824 1.71883 0.252944
-0.77604 -0.756362 -0.0872222 1.72788 1.71848 0.252944
-0.77591 -0.755926 0.229685 1.72753 1.71761 0.279111
-0.77577 -0.755228 0.398315 1.72717 1.71645 0.252944
-0.77564 -0.754472 0.366333 1.72682 1.71517 0.229685
-0.7755 -0.754297 0.133741 1.72646 1.71453 0.238407
-0.77537 -0.754385 0 1.72611 1.71415 0.24713
-0.77523 -0.754704 -0.165722 1.72575 1.71409 0.24713
-0.7751 -0.754966 -0.151185 1.72539 1.71392 0.238407
-0.77496 -0.754879 0 1.72504 1.71336 0.229685
-0.77483 -0.754152 0.343074 1.72468 1.7122 0.215148
-0.77469 -0.753338 0.407037 1.72433 1.71095 0.215148
-0.77455 -0.752844 0.293648 1.72397 1.71005 0.215148
-0.77442 -0.752698 0.0785 1.72362 1.70953 0.174444
-0.77428 -0.752931 -0.110481 1.72326 1.70938 0.183167
-0.77415 -0.753251 -0.197704 1.7229 1.70941 0.174444
-0.77401 -0.753367 -0.0872222 1.72255 1.70924 0.142463
-0.77388 -0.75296 0.229685 1.72219 1.7086 0.142463
-0.77374 -0.75232 0.398315 1.72183 1.70775 0.142463
-0.77361 -0.75171 0.343074 1.72148 1.70685 0.125019
-0.77347 -0.751535 0.0872222 1.72112 1.7065 0.119204
-0.77333 -0.751623 0 1.72077 1.70642 0.110481
-0.7732 -0.751972 -0.174444 1.72041 1.70659 0.101759
-0.77306 -0.752175 -0.133741 1.72005 1.70662 0.0552407
-0.77293 -0.75203 0 1.7197 1.70633 0.0872222
-0.77279 -0.75139 0.334352 1.71934 1.70554 0.093037
-0.77266 -0.750779 0.375056 1.71898 1.70476 0.0872222
-0.77252 -0.750343 0.238407 1.71863 1.70421 0.0610556
-0.77238 -0.750314 0.00581481 1.71827 1.704 0.0610556
-0.77225 -0.750576 -0.142463 1.71791 1.70409 0.110481
-0.77211 -0.750896 -0.183167 1.71756 1.70429 0.0610556
-0.77198 -0.750925 -0.0232593 1.7172 1.70415 0.093037
-0.77184 -0.750314 0.293648 1.71684 1.70336 0.093037
-0.7717 -0.749704 0.375056 1.71649 1.70261 0.101759
-0.77157 -0.749268 0.24713 1.71613 1.702 0.0785
-0.77143 -0.749209 0.0785 1.71577 1.70176 0.110481
-0.77129 -0.7495 -0.157 1.71541 1.70182 0.110481
-0.77116 -0.749936 -0.229685 1.71506 1.70208 0.110481
-0.77102 -0.750053 -0.0697778 1.7147 1.70194 0.110481
-0.77089 -0.749471 0.30237 1.71434 1.70118 0.101759
-0.77075 -0.748715 0.430296 1.71399 1.70019 0.133741
-0.77061 -0.748105 0.311093 1.71363 1.69935 0.119204
-0.77048 -0.747959 0.0872222 1.71327 1.69894 0.125019
-0.77034 -0.748163 -0.101759 1.71291 1.69889 0.125019
-0.7702 -0.748628 -0.252944 1.71256 1.69915 0.093037
-0.77007 -0.748919 -0.197704 1.7122 1.69926 0.110481
-0.76993 -0.748744 0 1.71184 1.69886 0.119204
-0.76979 -0.74793 0.389593 1.71148 1.69784 0.093037
-0.76965 -0.747145 0.430296 1.71112 1.69685 0.101759
-0.76951 -0.746622 0.311093 1.71077 1.69612 0.101759
-0.76937 -0.746535 0.0377963 1.71041 1.69583 0.110481
-0.76923 -0.746796 -0.157 1.71005 1.69592 0.0785
-0.7691 -0.747262 -0.252944 1.70969 1.69624 0.093037
-0.76896 -0.747465 -0.142463 1.70934 1.69636 0.0610556
-0.76882 -0.747203 0.0697778 1.70898 1.69598 0.0377963
-0.76868 -0.746535 0.366333 1.70862 1.69519 0.0465185
-0.76854 -0.745924 0.357611 1.70826 1.69449 0.0290741
-0.7684 -0.745692 0.165722 1.7079 1.69415 0.014537
-0.76826 -0.74575 0 1.70754 1.69412 0.0785
-0.76812 -0.746244 -0.252944 1.70719 1.69452 0.0552407
-0.76798 -0.746738 -0.279111 1.70683 1.69499 0
-0.76785 -0.746825 -0.093037 1.70647 1.69502 0.0290741
-0.76771 -0.746477 0.197704 1.70611 1.69464 0.014537
-0.76757 -0.745895 0.389593 1.70575 1.694 0.014537
-0.76743 -0.745372 0.38087 1.70539 1.69342 0.0377963
-0.76729 -0.745081 0.197704 1.70504 1.69307 0.0552407
-0.76715 -0.745081 0 1.70468 1.69301 0.0697778
-0.76701 -0.745372 -0.183167 1.70432 1.69322 0.0552407
-0.76687 -0.74575 -0.238407 1.70396 1.69354 0.0610556
-0.76673 -0.745866 -0.119204 1.7036 1.69359 0.0697778
-0.76659 -0.745692 0.0290741 1.70324 1.69336 0.0697778
-0.76645 -0.745226 0.284926 1.70288 1.69284 0.0697778
-0.76631 -0.744761 0.32563 1.70252 1.69229 0.0465185
-0.76617 -0.744441 0.197704 1.70216 1.69185 0.0465185
-0.76603 -0.744441 0 1.7018 1.69173 0.0610556
-0.76589 -0.744703 -0.174444 1.70145 1.69191 0.0697778
-0.76575 -0.744994 -0.220963 1.70109 1.69208 0.0872222
-0.76561 -0.745139 -0.133741 1.70073 1.69214 0.0552407
-0.76547 -0.744994 0 1.70037 1.69188 0.0552407
-0.76533 -0.744558 0.261667 1.70001 1.69133 0.0785
-0.7652 -0.743947 0.30237 1.69965 1.69057 0.0872222
-0.76506 -0.743627 0.157 1.69929 1.69002 0.093037
-0.76492 -0.743889 -0.0290741 1.69893 1.69008 0.0785
-0.76478 -0.744412 -0.270389 1.69857 1.69048 0.0785
-0.76464 -0.744819 -0.279111 1.69821 1.69074 0.093037
-0.7645 -0.744761 0 1.69785 1.69054 0.0785
-0.76436 -0.743889 0.412852 1.69749 1.68955 0.0785
-0.76422 -0.743191 0.453556 1.69713 1.68877 0.0785
-0.76408 -0.742552 0.439019 1.69677 1.68804 0.0872222
-0.76393 -0.742203 0.270389 1.69641 1.68758 0.0610556
-0.76379 -0.742115 0.0872222 1.69605 1.68737 0.0785
-0.76365 -0.742319 -0.119204 1.69569 1.68749 0.0465185
-0.76351 -0.742726 -0.261667 1.69533 1.68784 0.0697778
-0.76337 -0.743046 -0.229685 1.69497 1.6881 0.0465185
-0.76323 -0.743104 -0.0232593 1.69461 1.68813 0
-0.76309 -0.742813 0.174444 1.69425 1.68778 0.0290741
-0.76295 -0.742406 0.279111 1.69389 1.68734 0.0465185
-0.76281 -0.742057 0.261667 1.69353 1.68694 0
-0.76267 -0.741941 0.101759 1.69317 1.68679 0.0290741
-0.76253 -0.741999 0 1.69281 1.68679 0.0465185
-0.76239 -0.742319 -0.165722 1.69245 1.68705 0.0232593
-0.76225 -0.742668 -0.183167 1.69209 1.68734 0.0377963
-0.76211 -0.742697 0 1.69173 1.68731 0
-0.76197 -0.742232 0.238407 1.69137 1.68679 0.0290741
-0.76183 -0.74165 0.284926 1.691 1.68615 0.0232593
-0.76169 -0.741359 0.183167 1.69064 1.6858 0.0290741
-0.76155 -0.741359 0 1.69028 1.68571 0.0552407
-0.76141 -0.741737 -0.197704 1.68992 1.68601 0.0377963
-0.76126 -0.742057 -0.197704 1.68956 1.68621 0.0610556
-0.76112 -0.742028 0 1.6892 1.68612 0.00581481
-0.76098 -0.741505 0.261667 1.68884 1.68554 0.0610556
-0.76084 -0.740923 0.32563 1.68848 1.68484 0.0377963
-0.7607 -0.740487 0.24713 1.68812 1.68432 0.0697778
-0.76056 -0.740429 0.0697778 1.68775 1.68417 0.0552407
-0.76042 -0.740604 -0.0610556 1.68739 1.6842 0.0785
-0.76028 -0.740982 -0.188981 1.68703 1.68446 0.0872222
-0.76014 -0.741098 -0.101759 1.68667 1.68444 0.0785
-0.75999 -0.740894 0.0290741 1.68631 1.68412 0.0552407
-0.75985 -0.740371 0.261667 1.68595 1.68348 0.0697778
-0.75971 -0.739877 0.261667 1.68559 1.68287 0.0872222
-0.75957 -0.739644 0.157 1.68522 1.68252 0.0785
-0.75943 -0.739673 0 1.68486 1.68243 0.0465185
-0.75929 -0.739993 -0.183167 1.6845 1.68263 0.0697778
-0.75915 -0.740313 -0.197704 1.68414 1.68284 0.0697778
-0.759 -0.740226 0 1.68378 1.68266 0.0290741
-0.75886 -0.739673 0.311093 1.68341 1.68199 0.0290741
-0.75872 -0.739034 0.357611 1.68305 1.68124 0.0697778
-0.75858 -0.738539 0.24713 1.68269 1.68063 0.0465185
-0.75844 -0.73851 0 1.68233 1.68051 0.0697778
-0.7583 -0.738772 -0.188981 1.68197 1.68068 0.0785
-0.75815 -0.739034 -0.165722 1.6816 1.68086 0.0290741
-0.75801 -0.739063 -0.0610556 1.68124 1.68077 0.0377963
-0.75787 -0.738627 0.229685 1.68088 1.68025 0.0232593
-0.75773 -0.738016 0.316907 1.68052 1.67952 0.0465185
-0.75759 -0.737551 0.261667 1.68015 1.67894 0.0697778
-0.75744 -0.737434 0.0697778 1.67979 1.67874 0.0232593
-0.7573 -0.737696 -0.151185 1.67943 1.67888 0.0697778
-0.75716 -0.738045 -0.188981 1.67907 1.67914 0.0465185
-0.75701 -0.738161 -0.101759 1.6787 1.67914 0.0290741
-0.75687 -0.737783 0.206426 1.67834 1.67868 0.0552407
-0.75672 -0.737115 0.366333 1.67798 1.67795 0.0697778
-0.75658 -0.73662 0.343074 1.67761 1.67734 0.0610556
-0.75644 -0.736388 0.133741 1.67725 1.67699 0.0610556
-0.75629 -0.736504 0 1.67689 1.67702 0.0610556
-0.75615 -0.73694 -0.206426 1.67653 1.67737 0.0610556
-0.75601 -0.73726 -0.174444 1.67616 1.6776 0.0610556
-0.75586 -0.737173 0 1.6758 1.67743 0.0377963
-0.75572 -0.736562 0.30237 1.67544 1.67673 0.0232593
-0.75557 -0.735864 0.412852 1.67507 1.67595 0.0552407
-0.75543 -0.735312 0.311093 1.67471 1.67531 0.014537
-0.75529 -0.735138 0.110481 1.67435 1.67504 0.0377963
-0.75514 -0.735225 0 1.67398 1.67504 0.0290741
-0.755 -0.735545 -0.174444 1.67362 1.67525 0.0785
-0.75485 -0.735806 -0.151185 1.67326 1.67542 0.0232593
-0.75471 -0.735661 0 1.67289 1.67519 0.0377963
-0.75457 -0.735167 0.293648 1.67253 1.67458 0.0465185
-0.75442 -0.734411 0.348889 1.67216 1.67371 0.0697778
-0.75428 -0.733946 0.279111 1.6718 1.67313 0.0465185
-0.75413 -0.733829 0.0552407 1.67144 1.67289 0.0610556
-0.75399 -0.733917 0 1.67107 1.67286 0.0697778
-0.75384 -0.734178 -0.133741 1.67071 1.67298 0.0872222
-0.7537 -0.734324 -0.0697778 1.67035 1.67301 0.0785
-0.75355 -0.734091 0.093037 1.66998 1.67266 0.0465185
-0.75341 -0.733597 0.252944 1.66962 1.67202 0.0552407
-0.75327 -0.733161 0.252944 1.66925 1.67144 0.0872222
-0.75312 -0.733015 0.110481 1.66889 1.67112 0.0785
-0.75298 -0.733073 0 1.66852 1.67103 0.0872222
-0.75283 -0.733335 -0.151185 1.66816 1.67112 0.0872222
-0.75269 -0.733422 -0.0697778 1.6678 1.67103 0.101759
-0.75254 -0.733102 0.174444 1.66743 1.67054 0.093037
-0.7524 -0.732521 0.343074 1.66707 1.66978 0.101759
-0.75225 -0.731939 0.279111 1.6667 1.669 0.093037
-0.75211 -0.731765 0.119204 1.66634 1.66862 0.119204
-0.75196 -0.731794 0 1.66597 1.66844 0.119204
-0.75182 -0.732056 -0.142463 1.66561 1.66847 0.110481
-0.75167 -0.73223 -0.101759 1.66524 1.66839 0.125019
-0.75153 -0.731969 0.125019 1.66488 1.66786 0.125019
-0.75138 -0.731271 0.334352 1.66451 1.6669 0.133741
-0.75124 -0.730747 0.311093 1.66415 1.66609 0.174444
-0.75109 -0.730573 0.101759 1.66378 1.6656 0.151185
-0.75095 -0.730631 0 1.66342 1.66539 0.142463
-0.7508 -0.730835 -0.142463 1.66305 1.66528 0.165722
-0.75066 -0.73098 -0.0872222 1.66269 1.6651 0.188981
-0.75051 -0.730835 0 1.66232 1.66464 0.183167
-0.75037 -0.730195 0.30237 1.66196 1.66356 0.197704
-0.75022 -0.729555 0.375056 1.66159 1.66263 0.206426
-0.75007 -0.729177 0.284926 1.66122 1.6619 0.215148
-0.74993 -0.729032 0.093037 1.66086 1.66129 0.220963
-0.74978 -0.729177 -0.014537 1.66049 1.66097 0.229685
-0.74964 -0.729497 -0.174444 1.66013 1.6608 0.252944
-0.74949 -0.729701 -0.110481 1.65976 1.66057 0.252944
-0.74935 -0.729526 0 1.6594 1.6599 0.252944
-0.7492 -0.728974 0.311093 1.65903 1.65882 0.284926
-0.74906 -0.728305 0.357611 1.65866 1.6576 0.293648
-0.74891 -0.72784 0.270389 1.6583 1.65655 0.316907
-0.74876 -0.727724 0.0697778 1.65793 1.65586 0.311093
-0.74862 -0.727898 -0.093037 1.65757 1.65551 0.316907
-0.74847 -0.728189 -0.174444 1.6572 1.65519 0.311093
-0.74833 -0.728305 -0.0610556 1.65683 1.65475 0.311093
-0.74818 -0.728014 0.151185 1.65647 1.65391 0.293648
-0.74803 -0.727404 0.30237 1.6561 1.65274 0.284926
-0.74789 -0.726939 0.252944 1.65573 1.65181 0.279111
-0.74774 -0.726852 0.0785 1.65537 1.6512 0.279111
-0.7476 -0.726997 -0.014537 1.655 1.65094 0.261667
-0.74745 -0.727259 -0.174444 1.65464 1.65083 0.229685
-0.7473 -0.727433 -0.133741 1.65427 1.65059 0.183167
-0.74716 -0.727288 0 1.6539 1.6501 0.183167
-0.74701 -0.726735 0.30237 1.65354 1.64923 0.165722
-0.74686 -0.726067 0.38087 1.65317 1.64827 0.157
-0.74672 -0.725543 0.252944 1.6528 1.64745 0.151185
-0.74657 -0.725456 0.0377963 1.65243 1.64705 0.165722
-0.74643 -0.725659 -0.142463 1.65207 1.64696 0.151185
-0.74628 -0.725979 -0.165722 1.6517 1.64702 0.157
-0.74613 -0.726096 -0.0785 1.65133 1.64687 0.151185
-0.74598 -0.725776 0.157 1.65097 1.64626 0.133741
-0.74583 -0.725194 0.30237 1.6506 1.64539 0.142463
-0.74568 -0.724671 0.270389 1.65023 1.64457 0.142463
-0.74553 -0.724584 0.0872222 1.64986 1.64423 0.133741
-0.74539 -0.724787 -0.125019 1.6495 1.64411 0.151185
-0.74524 -0.725194 -0.206426 1.64913 1.64425 0.142463
-0.74509 -0.72534 -0.0872222 1.64876 1.64417 0.133741
-0.74494 -0.725078 0.125019 1.64839 1.6437 0.119204
-0.74479 -0.724467 0.32563 1.64803 1.64286 0.125019
-0.74464 -0.724002 0.30237 1.64766 1.64219 0.119204
-0.74449 -0.723741 0.125019 1.64729 1.64167 0.119204
-0.74434 -0.723828 0 1.64692 1.64155 0.119204
-0.74419 -0.724148 -0.183167 1.64656 1.64167 0.101759
-0.74404 -0.724467 -0.165722 1.64619 1.64184 0.093037
-0.74389 -0.724467 0 1.64582 1.64167 0.0785
-0.74375 -0.723973 0.279111 1.64545 1.64103 0.0697778
-0.7436 -0.723246 0.375056 1.64508 1.64013 0.0872222
-0.74345 -0.722781 0.252944 1.64472 1.63949 0.0872222
-0.7433 -0.722723 0.0377963 1.64435 1.63925 0.0610556
-0.74315 -0.723014 -0.165722 1.64398 1.63943 0.0697778
-0.743 -0.723334 -0.188981 1.64361 1.6396 0.0785
-0.74285 -0.723392 -0.0377963 1.64324 1.63957 0.0785
-0.7427 -0.722985 0.238407 1.64287 1.63905 0.0552407
-0.74255 -0.722316 0.343074 1.64251 1.63827 0.0785
-0.7424 -0.721822 0.261667 1.64214 1.63768 0.0610556
-0.74225 -0.721734 0.0785 1.64177 1.63751 0.0552407
-0.7421 -0.721938 -0.093037 1.6414 1.63763 0.00581481
-0.74195 -0.722345 -0.215148 1.64103 1.63797 0.0465185
-0.7418 -0.72249 -0.125019 1.64066 1.63809 0
-0.74165 -0.722229 0.0377963 1.64029 1.63777 0.0290741
-0.7415 -0.72156 0.357611 1.63992 1.63704 0
-0.74135 -0.720862 0.357611 1.63955 1.63632 0.0377963
-0.7412 -0.720484 0.252944 1.63919 1.63591 0.0552407
-0.74105 -0.720455 0 1.63882 1.63585 0
-0.7409 -0.720862 -0.183167 1.63845 1.63626 0
-0.74075 -0.721269 -0.220963 1.63808 1.63664 0
-0.7406 -0.721357 -0.0697778 1.63771 1.63672 0
-0.74045 -0.721066 0.183167 1.63734 1.63643 0
-0.7403 -0.720572 0.311093 1.63697 1.63594 0
-0.74015 -0.720135 0.311093 1.6366 1.63547 0
-0.74 -0.719961 0.151185 1.63623 1.6353 0
-0.73985 -0.720019 0 1.63586 1.63536 0
-0.7397 -0.720281 -0.165722 1.63549 1.63562 0
-0.73955 -0.720601 -0.188981 1.63512 1.63591 0.0377963
-0.7394 -0.720659 -0.0697778 1.63475 1.63597 0
-0.73925 -0.720368 0.206426 1.63438 1.63568 0
-0.7391 -0.719903 0.316907 1.63401 1.63521 0
-0.73895 -0.719525 0.261667 1.63364 1.63483 0
-0.7388 -0.719409 0.101759 1.63327 1.63472 0
-0.73865 -0.719496 0 1.6329 1.63481 0
-0.7385 -0.719787 -0.206426 1.63253 1.6351 0
-0.73835 -0.720077 -0.197704 1.63216 1.63539 0
-0.7382 -0.720135 -0.0697778 1.63179 1.63545 0
-0.73804 -0.719699 0.229685 1.63142 1.63501 0
-0.73789 -0.71906 0.366333 1.63105 1.63434 0
-0.73774 -0.718594 0.252944 1.63068 1.63388 0.00581481
-0.73759 -0.718536 0.0465185 1.63031 1.63382 0
-0.73744 -0.718798 -0.142463 1.62994 1.63408 0
-0.73729 -0.719176 -0.24713 1.62957 1.63446 0
-0.73714 -0.719409 -0.157 1.6292 1.63469 0
-0.73699 -0.719292 0 1.62883 1.63454 0
-0.73684 -0.718798 0.279111 1.62845 1.63405 0
-0.73669 -0.718246 0.316907 1.62808 1.6335 0
-0.73654 -0.717897 0.215148 1.62771 1.63312 0.0552407
-0.73638 -0.717897 0 1.62734 1.63306 0.014537
-0.73623 -0.718304 -0.197704 1.62697 1.63344 0.0232593
-0.73608 -0.718827 -0.279111 1.6266 1.6339 0
-0.73593 -0.719002 -0.0872222 1.62623 1.63402 0.0465185
-0.73578 -0.718682 0.165722 1.62586 1.63367 0
-0.73563 -0.718158 0.311093 1.62548 1.63309 0.0552407
-0.73547 -0.717693 0.270389 1.62511 1.63254 0.0377963
-0.73532 -0.717577 0.093037 1.62474 1.63233 0.0697778
-0.73517 -0.71778 -0.0610556 1.62437 1.63245 0.0697778
-0.73501 -0.718217 -0.252944 1.624 1.6328 0.0290741
-0.73486 -0.718653 -0.252944 1.62363 1.63309 0.0785
-0.7347 -0.71874 -0.0610556 1.62326 1.63309 0.0290741
-0.73455 -0.71842 0.157 1.62288 1.63263 0.0697778
-0.7344 -0.717984 0.311093 1.62251 1.63204 0.0872222
-0.73424 -0.717519 0.261667 1.62214 1.6314 0.101759
-0.73409 -0.71749 0 1.62177 1.63117 0.093037
-0.73393 -0.717868 -0.206426 1.6214 1.63138 0.093037
-0.73378 -0.718333 -0.261667 1.62102 1.63169 0.119204
-0.73362 -0.718594 -0.157 1.62065 1.63175 0.101759
-0.73347 -0.718478 0 1.62028 1.6314 0.101759
-0.73332 -0.718013 0.252944 1.61991 1.63071 0.119204
-0.73316 -0.717461 0.284926 1.61953 1.62995 0.125019
-0.73301 -0.71717 0.220963 1.61916 1.6294 0.125019
-0.73285 -0.717141 0 1.61879 1.62908 0.151185
-0.7327 -0.717635 -0.220963 1.61842 1.62925 0.151185
-0.73254 -0.718275 -0.32563 1.61804 1.62954 0.165722
-0.73239 -0.718507 -0.125019 1.61767 1.6294 0.174444
-0.73223 -0.718217 0.142463 1.6173 1.62879 0.174444
-0.73208 -0.717635 0.311093 1.61693 1.62783 0.206426
-0.73192 -0.717083 0.293648 1.61655 1.62684 0.220963
-0.73177 -0.716908 0.119204 1.61618 1.62614 0.24713
-0.73161 -0.71717 -0.157 1.61581 1.62588 0.279111
-0.73146 -0.717839 -0.32563 1.61543 1.62594 0.30237
-0.7313 -0.718333 -0.284926 1.61506 1.62585 0.284926
-0.73115 -0.718449 -0.0610556 1.61469 1.62541 0.334352
-0.73099 -0.718129 0.174444 1.61431 1.62454 0.366333
-0.73084 -0.717664 0.311093 1.61394 1.62353 0.366333
-0.73068 -0.717199 0.316907 1.61357 1.62245 0.389593
-0.73053 -0.716966 0.174444 1.61319 1.62164 0.421574
-0.73037 -0.716966 0.0465185 1.61282 1.621 0.439019
-0.73022 -0.717257 -0.183167 1.61245 1.62065 0.439019
-0.73006 -0.717693 -0.279111 1.61207 1.62044 0.430296
-0.72991 -0.718042 -0.24713 1.6117 1.62007 0.439019
-0.72975 -0.7181 -0.0697778 1.61133 1.61948 0.453556
-0.7296 -0.717897 0.119204 1.61095 1.61861 0.444833
-0.72944 -0.717461 0.252944 1.61058 1.61736 0.453556
-0.72929 -0.717083 0.229685 1.6102 1.61629 0.462278
-0.72913 -0.716966 0.110481 1.60983 1.6153 0.462278
-0.72898 -0.717112 0 1.60946 1.61463 0.444833
-0.72882 -0.717693 -0.270389 1.60908 1.6144 0.439019
-0.72866 -0.718187 -0.30237 1.60871 1.61411 0.389593
-0.72851 -0.718391 -0.125019 1.60833 1.6137 0.348889
-0.72835 -0.718187 0.0232593 1.60796 1.61294 0.334352
-0.7282 -0.71778 0.261667 1.60758 1.61204 0.334352
-0.72804 -0.717257 0.311093 1.60721 1.61111 0.252944
-0.72789 -0.716966 0.229685 1.60683 1.6105 0.215148
-0.72773 -0.716908 0.0610556 1.60646 1.61018 0.165722
-0.72757 -0.717141 -0.165722 1.60609 1.61021 0.133741
-0.72742 -0.717606 -0.284926 1.60571 1.6105 0.101759
-0.72726 -0.717955 -0.261667 1.60534 1.61073 0.0872222
-0.72711 -0.718071 -0.0232593 1.60496 1.61082 0.0290741
-0.72695 -0.717868 0.110481 1.60459 1.61062 0
-0.72679 -0.71749 0.252944 1.60421 1.61021 0.0377963
-0.72663 -0.717199 0.206426 1.60384 1.60992 0
-0.72647 -0.717083 0.101759 1.60346 1.6098 0
-0.72632 -0.71717 0 1.60309 1.60983 0.0610556
-0.72616 -0.717548 -0.206426 1.60271 1.61018 0
-0.726 -0.717955 -0.284926 1.60233 1.61053 0.0232593
-0.72584 -0.718187 -0.183167 1.60196 1.61073 0.0552407
-0.72568 -0.718246 -0.0290741 1.60158 1.6107 0
-0.72552 -0.7181 0.0872222 1.60121 1.6105 0.0552407
-0.72536 -0.717839 0.157 1.60083 1.61018 0.0610556
-0.7252 -0.717635 0.151185 1.60046 1.60989 0.0232593
-0.72504 -0.717577 0.0290741 1.60008 1.60974 0.0697778
-0.72488 -0.717722 -0.014537 1.59971 1.60983 0.0465185
-0.72472 -0.718013 -0.174444 1.59933 1.61001 0.0785
-0.72456 -0.718275 -0.165722 1.59895 1.61018 0.0552407
-0.7244 -0.71842 -0.0785 1.59858 1.61021 0.0552407
-0.72424 -0.71842 0 1.5982 1.61012 0.0377963
-0.72408 -0.718304 0.0872222 1.59783 1.60989 0.0552407
-0.72392 -0.718158 0.0785 1.59745 1.60963 0.0872222
-0.72376 -0.7181 0.0232593 1.59707 1.60945 0.093037
-0.7236 -0.7181 0 1.5967 1.60931 0.0610556
-0.72344 -0.718158 -0.0610556 1.59632 1.60925 0.093037
-0.72328 -0.718275 -0.0465185 1.59594 1.60925 0.0872222
-0.72312 -0.718304 -0.0232593 1.59557 1.60913 0.093037
-0.72296 -0.718304 0 1.59519 1.60902 0.0872222
-0.7228 -0.718275 0.00581481 1.59481 1.60887 0.0697778
-0.72264 -0.718217 0 1.59444 1.60867 0.093037
-0.72248 -0.718217 0 1.59406 1.60855 0.0872222
-0.72232 -0.718217 0 1.59368 1.60844 0.0610556
-0.72216 -0.718217 0 1.59331 1.60829 0.0785
-0.722 -0.718217 0 1.59293 1.60817 0.0552407
-0.72184 -0.718217 0 1.59255 1.60806 0.0610556
-0.72168 -0.718217 0 1.59218 1.60794 0.0697778
-0.72152 -0.718217 0 1.5918 1.60788 0.0552407
-0.72136 -0.718217 0 1.59142 1.60777 0.0290741
-0.7212 -0.718217 0 1.59104 1.60771 0.0290741
-0.72104 -0.718217 0 1.59067 1.60762 0.0552407
-0.72087 -0.718217 0 1.59029 1.60759 0
-0.72071 -0.718217 0 1.58991 1.60753 0.0610556
-0.72055 -0.718217 0 1.58953 1.60748 0.014537
-0.72039 -0.718217 0 1.58916 1.60742 0.0552407
-0.72023 -0.718217 0 1.58878 1.60733 0.0697778
-0.72007 -0.718217 0 1.5884 1.60724 0.0465185
-0.71991 -0.718217 0 1.58802 1.60716 0.0697778
-0.71975 -0.718217 0 1.58765 1.60707 0.0785
-0.71959 -0.718217 0 1.58727 1.60695 0.0697778
-0.71943 -0.718217 0 1.58689 1.60684 0.0872222
-0.71927 -0.718217 0 1.58651 1.60672 0.0872222
-0.71911 -0.718217 0 1.58613 1.6066 0.0610556
-0.71894 -0.718217 0 1.58575 1.60646 0.101759
-0.71878 -0.718217 0 1.58538 1.60628 0.093037
-0.71862 -0.718217 0 1.585 1.60608 0.110481
-0.71846 -0.718217 0 1.58462 1.60585 0.119204
-0.7183 -0.718217 0 1.58424 1.60567 0.101759
-0.71814 -0.718217 0 1.58386 1.60547 0.125019
-0.71798 -0.718217 0 1.58348 1.6053 0.0872222
-0.71782 -0.718217 0 1.5831 1.60509 0.119204
-0.71765 -0.718217 0 1.58273 1.60492 0.101759
-0.71748 -0.718217 0 1.58235 1.60477 0.119204
-0.71732 -0.718217 0 1.58197 1.60451 0.125019
-0.71715 -0.718217 0 1.58159 1.60434 0.119204
-0.71698 -0.718217 0 1.58121 1.60407 0.151185
-0.71682 -0.718217 0 1.58083 1.60381 0.125019
-0.71665 -0.718217 0 1.58045 1.60358 0.151185
-0.71648 -0.718217 0 1.58007 1.60335 0.142463
-0.71632 -0.718217 0 1.57969 1.60309 0.188981
-0.71615 -0.718217 0 1.57931 1.60277 0.157
-0.71598 -0.718246 0 1.57894 1.60248 0.206426
-0.71582 -0.718275 0 1.57856 1.60216 0.24713
-0.71565 -0.718304 -0.0290741 1.57818 1.60184 0.229685
-0.71548 -0.718362 -0.0552407 1.5778 1.60155 0.229685
-0.71532 -0.71842 -0.0610556 1.57742 1.60117 0.279111
-0.71515 -0.718478 -0.0552407 1.57704 1.60079 0.284926
-0.71498 -0.718478 -0.00581481 1.57666 1.60029 0.334352
-0.71482 -0.718478 0 1.57628 1.59963 0.343074
-0.71465 -0.718478 0 1.5759 1.59904 0.38087
-0.71448 -0.718478 0 1.57552 1.59829 0.439019
-0.71431 -0.718536 0 1.57514 1.5975 0.444833
-0.71415 -0.718594 0 1.57476 1.59678 0.508796
-0.71398 -0.718653 -0.0552407 1.57438 1.5959 0.558222
-0.71381 -0.718711 -0.0610556 1.574 1.595 0.622185
-0.71365 -0.718769 -0.0697778 1.57362 1.59407 0.654167
-0.71348 -0.718769 0 1.57324 1.59303 0.709407
-0.71331 -0.718769 0 1.57286 1.59192 0.750111
-0.71314 -0.71874 0.0610556 1.57248 1.5907 0.764648
-0.71298 -0.718711 0.0465185 1.57209 1.58948 0.787907
-0.71281 -0.718711 0 1.57171 1.58817 0.814074
-0.71264 -0.718769 -0.0552407 1.57133 1.5868 0.805352
-0.71247 -0.718798 -0.0465185 1.57095 1.58518 0.79663
-0.71231 -0.718798 0 1.57057 1.58381 0.764648
-0.71214 -0.71874 0.0465185 1.57019 1.58241 0.709407
-0.71197 -0.718682 0.0290741 1.56981 1.58105 0.654167
-0.7118 -0.718682 0 1.56943 1.57983 0.581481
-0.71163 -0.718682 0 1.56905 1.57881 0.508796
-0.71147 -0.718682 0 1.56867 1.57791 0.462278
-0.7113 -0.718682 0 1.56828 1.57718 0.412852
-0.71113 -0.718653 0 1.5679 1.57654 0.343074
-0.71096 -0.718653 0 1.56752 1.57611 0.279111
-0.7108 -0.718653 0 1.56714 1.57576 0.261667
-0.71063 -0.718653 0 1.56676 1.57541 0.197704
-0.71046 -0.718653 0 1.56638 1.57512 0.157
