torque_1 torque_1_t torque_2 torque_2_t
-0.442152 0.240625 -0.286862 0.04375
-0.453402 0.30625 -0.277662 -0.328125
-0.465102 0.415625 -0.268062 -0.21875
-0.215135 0.371875 -0.258462 -0.240625
-0.0672183 0.39375 -0.251188 -0.196875
-0.496277 -0.065625 -0.242751 -0.284375
-0.507977 0.39375 -0.233551 -0.240625
-0.519677 0.459375 -0.223951 -0.30625
-0.531377 0.459375 -0.214351 -0.284375
-0.123102 0.503125 -0.205914 -0.240625
-0.550852 0.4375 -0.19864 -0.2625
-0.559935 0.4375 -0.191947 -0.13125
-0.571635 0.634375 -0.181003 -0.0875
-0.583335 0.65625 -0.171403 -0.0875
-0.0952517 0.56875 -0.164129 -0.35
-0.182835 0.546875 -0.156855 -0.2625
-0.611893 0.4375 -0.148418 -0.021875
-0.623593 0.56875 -0.146377 -0.109375
-0.635293 0.65625 -0.128055 -0.065625
-0.646993 0.6125 -0.118455 -0.109375
-0.604602 0.721875 -0.110418 -0.065625
-0.404352 0.35 -0.103144 -0.0875
-0.177935 0.74375 -0.0958696 -0.065625
-0.344018 0.525 -0.0885956 -0.35
-0.145077 0.65625 -0.0801585 0.021875
-0.705377 0.4375 -0.0701585 -0.30625
-0.926368 0.7 -0.0589956 0.021875
-0.727835 0.7875 -0.0493956 -0.284375
-0.737327 0.896875 -0.0405585 -0.196875
-0.113135 0.83125 -0.0363733 -0.30625
0.0382983 0.65625 -0.0310252 0.065625
-0.125577 0.4375 -0.0245141 0
-0.343952 0.56875 -0.015677 -0.153125
-0.776035 0.546875 -0.00335111 0.21875
-1.3385 0.74375 0.00857481 0.065625
-0.80111 1.15938 0.0197378 0.415625
-0.176918 0.896875 0.023923 -0.153125
0.399723 0.6125 0.0234563 0.21875
0.39939 0.415625 0.0241526 0.065625
-0.603985 0.30625 0.0329896 0.065625
-0.825427 0.546875 0.0441526 0.065625
-1.62732 0.6125 0.0599674 0.0875
-1.35159 1.09375 0.0707304 -0.175
-0.230235 1.11563 0.0749156 0.04375
0.925998 0.634375 0.07096 0.065625
1.22135 0.284375 0.0646785 0.196875
0.513657 -0.328125 0.0665378 0.021875
-0.856502 -0.196875 0.0753748 0.21875
-1.94884 0.56875 0.0935156 0.065625
-2 1.11563 0.111656 0.21875
-1.1706 1.46562 0.123982 0.21875
0.799415 0.9625 0.114503 0.021875
2 0.35 0.105604 0.065625
1.8511 -0.6125 0.0923452 0.21875
0.12029 -0.74375 0.0965304 0.175
-0.892693 -0.35 0.113508 0.240625
-2 0.21875 0.138227 0.065625
-2 0.9625 0.163345 0.065625
-1.58883 1.18125 0.175671 0.0875
0.402123 1.1375 0.174041 0.0875
2 0.0875 0.15613 0.13125
2 -0.590625 0.140545 0.240625
1.07496 -0.83125 0.13699 0.0875
-0.502777 -0.546875 0.144664 0.13125
-2 -0.240625 0.16513 0.109375
-2 0.853125 0.190249 0.240625
-2 1.07187 0.207627 0.0875
-0.995552 1.3125 0.214138 0.153125
1.74029 0.875 0.202041 0.2625
2 -0.13125 0.182967 0.153125
2 -0.634375 0.171271 0.109375
0.417057 -0.984375 0.171967 0.13125
-0.960502 -0.415625 0.187782 0.109375
-2 0.2625 0.214064 0.0875
-2 0.853125 0.239582 0.175
-1.81842 1.09375 0.255397 0.30625
-0.616802 1.18125 0.258419 0.328125
1.91363 0.678125 0.243234 0.196875
2 -0.109375 0.225323 0.196875
2 -0.765625 0.212064 0.284375
0.432948 -0.809375 0.21316 0.153125
-0.99126 -0.546875 0.224323 0.153125
-2 0.30625 0.249441 0.196875
-2 0.765625 0.271071 0.328125
-1.68563 1.05 0.286123 0.21875
0.436598 1.02812 0.284493 0.175
2 0.30625 0.270071 0.328125
2 -0.56875 0.25256 0.21875
1.71433 -0.765625 0.245116 0.175
0.114357 -1.00625 0.249301 0.21875
-1.02509 -0.4375 0.26319 0.39375
-2 0.371875 0.285982 0.328125
-2 0.7 0.305286 0.35
-1.07793 1.07187 0.31336 0.30625
0.921323 0.940625 0.304753 0.2625
2 0.35 0.288404 0.2625
2 -0.7 0.26933 0.35
1.25967 -0.9625 0.263049 0.30625
-0.473752 -0.940625 0.26996 0.35
-2 -0.284375 0.290427 0.371875
-2 0.7 0.312056 0.525
-1.07871 1.02812 0.322456 0.30625
1.0008 0.74375 0.312686 0.39375
2 -0.065625 0.301571 0.39375
2 -0.91875 0.277664 0.48125
1.26376 -1.02812 0.271019 0.415625
-1.02088 -0.809375 0.280256 0.415625
-2 -0.0875 0.302286 0.2625
-2 0.7 0.323153 0.48125
-1.07148 0.91875 0.331227 0.39375
1.29632 0.65625 0.321856 0.415625
2 -0.284375 0.299693 0.39375
2 -0.65625 0.284508 0.415625
0.930415 -1.00625 0.280953 0.30625
-1.01799 -0.65625 0.293679 0.240625
-2 -0.0875 0.318034 0.415625
-2 0.35 0.341227 0.328125
-1.33985 0.91875 0.35279 0.371875
0.920657 0.74375 0.345745 0.459375
2 0.371875 0.329797 0.30625
2 -0.7 0.313449 0.328125
1.1265 -0.896875 0.30873 0.4375
-0.976285 -0.765625 0.31913 0.39375
-2 0 0.344649 0.371875
-2 0.6125 0.367841 0.39375
-1.08968 1.05 0.379404 0.153125
0.408073 0.634375 0.375849 0.503125
1.78546 0.30625 0.36339 0.2625
2 -0.590625 0.349367 0.48125
1.18304 -0.809375 0.344649 0.48125
-0.550793 -0.74375 0.362899 0.371875
-2 -0.0875 0.374753 0.65625
-2 0.7875 0.397945 0.35
-1.65852 1.09375 0.411834 0.328125
0.253973 0.984375 0.412167 0.459375
1.63005 0.48125 0.400471 0.7
2 -0.240625 0.384123 0.48125
1.08258 -0.91875 0.379404 0.48125
-0.520418 -0.7 0.387479 0.56875
-2 -0.153125 0.410671 0.459375
-2 0.83125 0.43659 0.48125
-1.97269 1.20312 0.451641 0.4375
-1.00612 0.83125 0.455064 0.721875
1.73193 0.896875 0.442786 0.48125
2 -0.546875 0.424403 0.65625
2 -0.721875 0.408345 0.503125
0.0419983 -1.02812 0.41333 0.371875
-1.88809 -0.35 0.433034 0.590625
-2 0.65625 0.463204 0.546875
-2 1.09375 0.489886 0.590625
-1.67133 0.678125 0.502612 0.74375
0.903182 1.1375 0.495967 0.546875
2 0.284375 0.477293 0.546875
2 -0.415625 0.462108 0.7875
0.53074 -0.678125 0.471054 0.546875
-1.13244 -0.415625 0.475167 0.48125
-2 0.4375 0.507664 0.65625
-2 1.07187 0.535908 0.6125
-2 1.42188 0.552123 0.809375
-0.58276 1.6625 0.553619 0.853125
1.8195 0.853125 0.537271 0.48125
2 -0.13125 0.517834 0.765625
1.40986 -0.65625 0.527943 0.7875
-0.612668 -0.546875 0.519264 0.74375
-2 -0.175 0.556521 0.7
-2 1.09375 0.577679 0.7
-2 1.225 0.602434 0.74375
-1.46899 1.35625 0.622719 0.74375
0.526373 1.20312 0.610841 0.74375
1.85404 0.48125 0.611466 0.74375
1.58206 -0.4375 0.589012 0.7875
-0.0937517 -0.4375 0.601266 0.7875
-1.28679 0.109375 0.618062 0.83125
-2 0.678125 0.64398 0.853125
-2 1.3125 0.662921 0.853125
-2 1.44375 0.677682 0.875
-1.31409 1.59688 0.673945 0.896875
1.63506 1.26875 0.65876 0.91875
2 0.065625 0.641649 0.896875
1.59089 -0.415625 0.644308 0.875
-0.716852 -0.590625 0.636101 0.875
-2 0.371875 0.672195 0.875
-2 1.26875 0.702366 0.875
-2 1.44375 0.731773 0.940625
-2 1.59688 0.737049 0.91875
-0.376343 1.6625 0.749775 0.91875
1.57716 0.7875 0.736153 0.984375
2 0.04375 0.70683 0.9625
0.450998 -0.35 0.714323 0.91875
-1.34518 -0.153125 0.729775 0.91875
-2 0.853125 0.744064 0.984375
-2 1.42188 0.781212 0.984375
-2 1.53125 0.812654 1.05
-1.44182 1.64062 0.802812 1.09375
0.925115 1.3125 0.805071 0.984375
2 0.39375 0.793775 1.02812
1.45662 -0.415625 0.777536 1.05
-0.614318 -0.415625 0.770201 1.02812
-2 0.371875 0.785943 1.02812
-2 1.225 0.826108 1.00625
-2 1.46562 0.856279 1.07187
-2 1.55313 0.857193 1.09375
-0.426435 1.81563 0.866249 1.07187
1.44726 0.765625 0.847103 1.1375
2 0.109375 0.823195 1.09375
0.819123 -0.4375 0.825273 1.1375
-1.46899 -0.39375 0.836364 1.09375
-2 0.853125 0.855486 1.1375
-2 1.4 0.885184 1.11563
-2 1.4875 0.904125 1.1375
-1.56256 1.575 0.908238 1.18125
0.805682 1.4 0.887819 1.18125
1.98203 0.30625 0.866638 1.18125
1.49941 -0.503125 0.853597 1.225
-0.729377 -0.35 0.844917 1.225
-2 0.56875 0.863277 1.18125
-2 1.33438 0.89919 1.18125
-2 1.50937 0.934703 1.24687
-2 1.575 0.931256 1.26875
-0.20386 1.68437 0.926938 1.26875
1.54076 0.74375 0.913897 1.33438
2 0.175 0.903582 1.20312
-0.159718 -0.74375 0.898973 1.1375
-1.93059 0.39375 0.905993 1.20312
-2 1.37813 0.944414 1.26875
-2 1.55313 0.977419 1.24687
-2 1.55313 0.987929 1.24687
-1.17542 1.85938 0.980121 1.24687
1.19851 1.24687 0.965917 1.24687
2 0.371875 0.942229 1.18125
1.02571 -0.35 0.937038 1.225
-1.62828 -0.284375 0.947547 1.26875
-2 0.896875 0.97154 1.24687
-2 1.4 0.995423 1.20312
-2 1.4875 1.02745 1.3125
-1.72484 1.53125 1.02051 1.24687
0.932998 1.55313 1.00613 1.575
2 0.175 0.984654 1.42188
1.7092 -0.525 0.96231 1.37813
-0.832285 -0.678125 0.95374 1.26875
-2 0.546875 0.969191 1.26875
-2 1.4 0.985516 1.18125
-2 1.46562 1.00475 1.24687
-1.77402 1.68437 1.00955 1.35625
0.0935817 1.6625 0.983136 1.35625
1.55691 0.56875 0.942766 1.225
1.65302 0.13125 0.915588 1.18125
-0.360752 -0.39375 0.893243 1.225
-2 0.525 0.892995 1.44375
-2 1.07187 0.904195 1.4875
-2 1.42188 0.910343 1.37813
-2 1.77188 0.903699 0.875
-0.817793 1.68437 0.884953 1.29062
1.13746 1.00625 0.845454 1.4
1.81317 0.39375 0.811771 1.1375
0.514607 -0.328125 0.788082 1.20312
-1.72159 -0.240625 0.77824 1.05
-2 1.15938 0.777991 1.15938
-2 1.50937 0.780179 0.721875
-2 1.61875 0.77208 1.05
-1.85914 1.75 0.754679 1.02812
0.43019 1.79375 0.724012 1.1375
1.68156 0.590625 0.685677 1.00625
1.56835 0.0875 0.647923 1.00625
-0.892018 -0.328125 0.627723 1.07187
-2 0.65625 0.630382 0.984375
-2 1.44375 0.633732 0.940625
-2 1.61875 0.638717 1.05
-2 1.8375 0.631782 0.9625
-1.05947 1.81563 0.620595 1.00625
0.918032 1.33438 0.59418 0.984375
1.5715 0.4375 0.559443 1.02812
0.373673 0.0875 0.543495 0.83125
-1.85859 0.371875 0.549934 0.9625
-2 1.37813 0.568112 0.7875
-2 1.68437 0.580366 0.853125
-2 1.75 0.59738 0.809375
-1.38209 1.79375 0.597132 0.7875
0.724932 1.50937 0.577986 0.91875
1.76697 0.525 0.567962 0.7875
1.20631 -0.021875 0.557247 0.7875
-1.38837 -0.21875 0.560888 0.7875
-2 0.940625 0.565582 0.634375
-2 1.53125 0.607019 0.809375
-2 1.6625 0.61433 0.875
-1.96508 1.72812 0.623967 0.83125
0.190357 1.77188 0.631679 0.7875
1.73001 0.634375 0.600612 0.83125
1.96089 0.13125 0.585064 0.765625
0.24104 -0.48125 0.581908 0.7875
-1.91534 -0.109375 0.601249 0.809375
-2 1.11563 0.623679 0.678125
-2 1.46562 0.649997 0.7875
-2 1.575 0.663123 0.91875
-0.194618 1.70625 0.660367 0.83125
1.47411 0.7 0.645582 0.83125
2 0.153125 0.627708 0.83125
0.93544 -0.503125 0.619901 0.91875
-1.0814 -0.415625 0.625286 0.83125
-2 0.56875 0.644227 0.940625
-2 1.33438 0.667056 0.83125
-2 1.42188 0.684834 0.9625
-1.97428 1.925 0.689056 0.83125
0.763365 1.59688 0.67776 1.05
2 0.6125 0.652908 0.7875
2 -0.4375 0.629982 0.91875
0.96974 -0.415625 0.621412 0.65625
-1.1801 -0.415625 0.629123 0.83125
-2 0.48125 0.65039 0.83125
-2 1.07187 0.675545 0.83125
-2 1.29062 0.69216 1.00625
-1.94783 1.61875 0.697545 0.896875
0.868765 1.3125 0.686249 0.678125
2 0.634375 0.660234 0.83125
2 -0.546875 0.63033 0.83125
1.53306 -0.984375 0.618271 0.83125
-0.559668 -0.896875 0.62133 0.83125
-1.85824 -0.30625 0.639108 0.809375
-2 0.9625 0.663101 0.875
-2 1.4 0.682041 1.00625
-1.90261 1.35625 0.689753 0.7875
0.678032 1.00625 0.678456 0.896875
2 0.503125 0.650116 0.896875
2 -0.284375 0.622938 0.984375
2 -1.09375 0.605827 0.984375
-0.088385 -0.634375 0.60656 1.02812
-1.80124 -0.4375 0.620849 0.721875
-2 0.7 0.647167 0.809375
-2 0.9625 0.668834 0.875
-1.8513 1.37813 0.676145 0.721875
0.888957 1.24687 0.662923 0.940625
2 -0.196875 0.579523 1.05
1.42311 -0.721875 0.567464 0.875
-0.301518 -0.896875 0.56936 0.525
-1.72568 -0.30625 0.582486 0.678125
-2 0.7 0.606479 0.721875
-2 1.1375 0.62193 0.809375
-1.76528 1.46562 0.628479 0.809375
0.815815 1.24687 0.617582 0.9625
2 0.371875 0.590004 0.721875
2 -0.328125 0.56399 0.83125
1.76532 -0.721875 0.55193 0.678125
-0.670185 -0.896875 0.556916 0.678125
-2 0.13125 0.578582 0.83125
-2 0.9625 0.60839 0.678125
-2 0.9625 0.628493 0.83125
-1.73445 1.37813 0.633879 0.7
1.37737 1.24687 0.616004 0.7875
2 0.153125 0.587264 0.875
2 -0.328125 0.561249 0.809375
1.22571 -0.853125 0.552679 0.83125
-1.63893 -0.875 0.566967 0.6125
-2 0.35 0.599101 0.7875
-2 1.11563 0.631234 0.7875
-2 1.09375 0.647486 0.74375
-1.00404 1.29062 0.648219 0.853125
1.90067 0.83125 0.629182 0.809375
2 -0.30625 0.598916 0.634375
2 -0.65625 0.579879 0.7875
0.378365 -0.83125 0.577123 0.896875
-1.62057 -0.39375 0.591049 0.809375
-2 0.56875 0.61853 0.721875
-2 0.91875 0.646012 0.896875
-2 1.29062 0.661101 0.83125
-1.05412 1.35625 0.66416 0.83125
1.77077 0.809375 0.646686 0.91875
2 0.328125 0.622997 0.875
2 -0.503125 0.605123 1.09375
0.473507 -0.809375 0.60393 0.83125
-1.60393 -0.328125 0.617456 0.853125
-2 0.56875 0.644938 0.91875
-2 1.05 0.671656 0.7875
-2 0.678125 0.688671 1.07187
-1.24726 1.02812 0.690567 0.83125
1.65351 0.984375 0.675419 0.940625
2 0.175 0.649404 0.83125
2 -0.546875 0.629604 1.11563
0.572573 -0.7875 0.626849 0.83125
-1.58336 -0.525 0.640375 1.00625
-2 0.634375 0.667093 0.940625
-2 1.11563 0.694575 0.83125
-2 1.37813 0.710827 0.896875
0.352465 1.64062 0.705745 0.984375
2 0.48125 0.685545 0.91875
2 -0.525 0.668071 1.05
1.7399 -0.590625 0.647871 0.940625
-0.274735 -0.984375 0.652493 1.02812
-1.70279 -0.0875 0.680847 0.875
-2 0.65625 0.696227 0.91875
-2 1.02812 0.71673 0.7875
-1.62238 1.35625 0.72793 0.875
0.666098 1.20312 0.722086 1.05
2 0.415625 0.711771 0.91875
2 -0.6125 0.682086 0.83125
1.75785 -0.940625 0.667701 0.9625
-0.255477 -0.875 0.678719 0.896875
-1.55053 -0.30625 0.696025 1.00625
-2 0.546875 0.718564 0.896875
-2 0.91875 0.740049 0.984375
-1.59527 1.20312 0.734967 1.05
0.639565 1.09375 0.729123 0.9625
2 0.2625 0.711249 1.05
2 -0.765625 0.69959 0.984375
1.49581 -0.875 0.673575 0.853125
-0.387985 -0.809375 0.69099 1.02812
-1.52604 -0.371875 0.69056 0.940625
-2 0.546875 0.722803 0.940625
-2 0.940625 0.726153 1.07187
-1.56468 1.1375 0.734264 0.875
0.733398 1.225 0.730345 0.853125
2 0.35 0.703277 0.853125
2 -0.284375 0.68424 0.56875
1.75712 -0.721875 0.662114 1.02812
-0.0468767 -0.91875 0.669825 0.9625
-1.47014 -0.503125 0.663108 1.00625
-2 0.48125 0.703673 0.940625
-2 0.853125 0.703353 0.48125
-1.51141 1.15938 0.715716 0.91875
1.30956 0.984375 0.708999 1.00625
2 0.175 0.668738 0.91875
2 -0.65625 0.64196 0.984375
1.8117 -1.07187 0.642693 0.4375
-0.123127 -1.37813 0.646443 0.896875
-1.76227 -0.328125 0.648049 1.00625
-2 0.7 0.673604 0.896875
-2 0.809375 0.691782 0.634375
-1.46206 1.05 0.696404 0.940625
1.64805 1.00625 0.686671 0.875
2 -0.240625 0.654079 0.590625
2 -0.896875 0.639693 0.83125
1.78602 -0.91875 0.615241 1.00625
-0.728802 -1.29062 0.623353 0.7875
-2 0 0.657921 0.940625
-2 0.634375 0.672138 0.9625
-2 0.56875 0.689553 1.09375
-0.78156 0.809375 0.691086 1.11563
1.91078 0.634375 0.675938 0.984375
2 -0.48125 0.665732 0.853125
2 -0.809375 0.625871 0.896875
1.20452 -0.984375 0.620027 0.940625
-1.18385 -0.984375 0.632208 0.7875
-2 -0.021875 0.657582 0.940625
-2 0.721875 0.681975 0.896875
-1.36548 0.940625 0.692412 0.91875
0.92259 0.853125 0.68773 0.896875
2 0.109375 0.666767 0.875
2 -0.853125 0.646967 0.91875
1.94594 -1.02812 0.631056 0.7875
0.143707 -1.1375 0.633353 0.853125
-1.28259 -0.415625 0.650767 0.875
-2 0.13125 0.67516 0.896875
-2 0.721875 0.693738 0.83125
-1.3216 0.984375 0.702249 1.00625
1.04713 0.875 0.695241 0.896875
2 0.13125 0.671953 1.00625
2 -0.853125 0.653316 0.91875
2 -1.02812 0.63933 0.91875
-0.155202 -1.20312 0.647551 0.875
-1.74287 -0.153125 0.664093 0.9625
-2 0.503125 0.690812 0.940625
-2 0.875 0.710553 0.896875
-1.28734 1.1375 0.717501 0.48125
1.45296 0.875 0.706241 1.02812
2 -0.13125 0.694582 0.91875
2 -0.765625 0.66984 1.1375
2 -1.09375 0.658471 0.940625
-0.111777 -1.20312 0.663093 1.02812
-1.46394 -0.4375 0.669279 0.875
-2 0.4375 0.69716 0.896875
-2 0.7875 0.718064 0.83125
-1.25438 0.984375 0.73199 0.896875
0.533907 0.853125 0.737593 0.9625
2 0.196875 0.71256 0.896875
2 -0.809375 0.699156 0.940625
1.83941 -1.09375 0.686916 0.83125
-0.175635 -1.09375 0.688158 0.91875
-1.18195 -0.415625 0.70848 0.896875
-2 0.284375 0.721534 0.9625
-2 0.721875 0.730227 0.9625
-1.22142 1.02812 0.746297 1.00625
0.857315 0.6125 0.733475 0.984375
2 0.0875 0.72734 0.940625
2 -0.721875 0.691949 0.940625
1.79301 -1.09375 0.687849 0.940625
-0.0641767 -1.15938 0.683749 0.940625
-1.15161 -0.48125 0.702908 1.05
-2 0.2625 0.734969 0.91875
-2 0.7 0.730869 1.07187
-1.19238 1.09375 0.753227 0.940625
1.04597 0.7875 0.732373 1.00625
2 0.21875 0.712573 0.896875
2 -0.7875 0.697425 0.809375
1.74092 -1.09375 0.688673 0.853125
-0.03776 -1.20312 0.690497 0.83125
-1.17753 -0.415625 0.694829 0.9625
-2 0.13125 0.714569 0.91875
-2 0.7 0.739071 0.91875
-1.16683 1.1375 0.733517 0.896875
0.914073 0.9625 0.725056 0.853125
2 0.0875 0.706238 1.26875
2 -0.809375 0.68353 0.875
1.5567 -1.00625 0.668382 0.940625
-0.09246 -1.1375 0.66759 1.02812
-1.36437 -0.503125 0.675991 1.02812
-2 0.109375 0.698058 1.1375
-1.97361 1.02812 0.705697 0.91875
-1.1391 1.26875 0.707412 1.00625
1.10011 0.809375 0.69488 0.896875
2 0.109375 0.675771 0.940625
2 -0.7 0.655099 0.896875
2 -0.940625 0.636571 0.9625
0.302048 -1.11563 0.638867 0.896875
-1.06929 -0.546875 0.635167 0.853125
-2 -0.109375 0.662177 0.896875
-2 0.6125 0.672141 0.984375
-1.37869 1.00625 0.672693 0.940625
0.460623 0.721875 0.670156 0.896875
1.99901 0.175 0.64774 1.00625
2 -0.678125 0.631829 0.875
2 -0.91875 0.61261 0.9625
0.526515 -1.15938 0.601932 0.853125
-1.05154 -0.6125 0.612951 0.875
-2 -0.0875 0.624079 0.83125
-2 0.590625 0.640621 0.940625
-1.0971 0.984375 0.64448 0.83125
0.773607 0.634375 0.62886 0.853125
2 0.13125 0.616038 0.875
2 -0.7 0.593149 0.853125
1.8275 -1.00625 0.579164 0.765625
0.181407 -1.11563 0.579243 0.853125
-1.03424 -0.503125 0.580377 0.765625
-2 -0.021875 0.605169 0.7875
-2 0.678125 0.616769 0.7875
-1.07412 0.984375 0.615977 0.74375
1.21742 0.678125 0.601519 0.7875
2 -0.196875 0.574451 0.765625
2 -0.83125 0.55098 0.7875
1.57266 -1.18125 0.533797 0.7
-0.155852 -1.09375 0.533877 0.853125
-2 -0.4375 0.541225 0.65625
-2 0.590625 0.560966 0.721875
-1.25548 0.9625 0.563662 0.721875
0.53019 0.65625 0.549095 0.83125
2 -0.021875 0.527369 0.74375
2 -0.83125 0.49216 0.74375
1.88062 -1.3125 0.471016 0.678125
-0.0572267 -1.20312 0.457721 0.678125
-0.986352 -0.459375 0.467867 0.678125
-2 0.175 0.474343 0.7
-1.86074 0.678125 0.478784 0.7
-0.891468 0.7875 0.469451 0.721875
1.84797 0.65625 0.436677 0.459375
2 -0.678125 0.396234 0.721875
2 -0.91875 0.374217 0.678125
0.84124 -1.02812 0.364121 0.634375
-0.949218 -0.721875 0.361475 0.634375
-2 -0.21875 0.385977 0.634375
-2 0.48125 0.396523 0.634375
-1.21674 0.875 0.404053 0.6125
1.07263 0.65625 0.386397 0.546875
2 -0.0875 0.366125 0.196875
2 -1.05 0.34429 0.56875
1.42656 -1.00625 0.335356 0.525
-0.14626 -0.721875 0.339397 0.546875
-2 -0.371875 0.349071 0.459375
-2 0.48125 0.368921 0.678125
-1.53548 0.7875 0.387208 0.459375
-0.485093 0.590625 0.385253 0.503125
2 0.56875 0.350443 0.503125
2 -0.328125 0.327154 0.196875
2 -1.07187 0.30601 0.503125
0.093665 -1.09375 0.31016 0.525
-0.912652 -0.4375 0.32594 0.503125
-2 0.13125 0.347716 0.525
-2 0.74375 0.35361 0.415625
-0.967368 1.02812 0.36183 0.48125
0.819607 0.634375 0.357149 0.503125
2 -0.0875 0.340656 0.503125
2 -0.721875 0.327071 0.503125
1.66155 -0.91875 0.33838 0.503125
0.01284 -0.6125 0.326249 0.503125
-1.46624 -0.503125 0.344064 0.503125
-2 0.196875 0.368856 0.546875
-1.867 0.721875 0.386271 0.503125
-0.95661 0.896875 0.397108 0.590625
1.04362 0.6125 0.392827 0.503125
2 0.153125 0.381167 0.503125
2 -0.65625 0.368745 0.525
1.67316 -1.02812 0.362138 0.525
-0.0553517 -1.00625 0.369086 0.525
-1.69273 -0.459375 0.388064 0.415625
-2 0.48125 0.413619 0.56875
-1.86021 0.7875 0.431434 0.525
-0.946343 1.05 0.438382 0.546875
1.50351 0.678125 0.429049 0.590625
2 -0.065625 0.411975 0.546875
2 -0.74375 0.395664 0.546875
1.40647 -0.984375 0.392545 0.56875
-0.24661 -0.91875 0.401819 0.525
-2 -0.371875 0.423123 0.56875
-2 0.546875 0.448679 0.546875
-2 0.940625 0.468819 0.503125
-0.936118 1.09375 0.478093 0.590625
1.44308 0.74375 0.462182 0.590625
2 0.109375 0.444708 0.546875
2 -0.74375 0.424145 0.590625
1.14064 -0.9625 0.42179 0.546875
-0.853918 -0.765625 0.445419 0.56875
-2 0.065625 0.455856 0.590625
-2 0.678125 0.481812 0.56875
-1.69584 1.18125 0.498064 0.634375
-0.280885 1.18125 0.501923 0.56875
1.83141 0.74375 0.490264 0.721875
2 -0.678125 0.474353 0.56875
2 -1.00625 0.462693 0.525
0.729582 -1.26875 0.463064 0.74375
-0.847618 -0.765625 0.473501 0.721875
-2 -0.153125 0.507016 0.65625
-2 0.9625 0.521523 0.65625
-1.39778 1.11563 0.537012 0.6125
0.0969817 0.875 0.539308 0.65625
1.91928 0.371875 0.530375 0.678125
2 -0.546875 0.517953 0.65625
2 -0.91875 0.519958 0.65625
0.652148 -1.20312 0.507827 0.721875
-0.84786 -0.634375 0.519427 0.765625
-2 -0.175 0.541893 0.65625
-2 0.721875 0.574136 0.6125
-1.02646 0.9625 0.574797 0.721875
0.177857 0.7 0.578256 0.721875
1.76335 0.371875 0.571067 0.721875
1.98903 -0.546875 0.577543 0.74375
1.66129 -0.940625 0.549893 0.74375
0.433415 -1.09375 0.558404 0.678125
-0.855952 -0.590625 0.57611 0.83125
-2 -0.240625 0.599449 0.7875
-2 0.678125 0.613084 0.74375
-0.898485 1.00625 0.609966 0.875
0.388257 0.459375 0.628362 0.809375
1.76397 0.284375 0.600712 0.809375
1.99141 -0.7 0.589743 0.74375
1.58517 -1.00625 0.586225 0.721875
-0.0653017 -1.02812 0.591538 0.721875
-1.65035 -0.39375 0.598886 0.83125
-2 0.634375 0.615138 0.721875
-1.81914 0.809375 0.632662 0.809375
-0.90396 1.05 0.623619 0.809375
1.62701 0.765625 0.622827 0.853125
2 -0.284375 0.60488 1.00625
2 -0.765625 0.587406 0.875
1.31802 -1.24687 0.58138 1.05
-0.622893 -0.525 0.585821 1.05
-2 0.04375 0.594804 0.4375
-2 0.634375 0.622795 0.7875
-1.59434 0.9625 0.641373 0.83125
-0.676552 0.940625 0.637382 0.83125
1.93161 0.56875 0.617982 0.7875
2 -0.65625 0.607195 0.875
2 -0.91875 0.587214 0.765625
1.0452 -1.09375 0.576536 0.809375
-0.479668 -0.9625 0.591625 0.765625
-2 -0.39375 0.60944 0.765625
-2 0.721875 0.637721 0.853125
-1.58281 0.875 0.632749 0.809375
0.699123 0.91875 0.641841 0.875
2 0.371875 0.626221 0.7875
2 -0.74375 0.605258 0.853125
2 -1.3125 0.58673 0.83125
0.03709 -1.575 0.582049 0.83125
-1.89074 -0.678125 0.610621 0.459375
-2 0.35 0.638903 1.07187
-1.93262 0.853125 0.652829 0.765625
-0.649802 1.20312 0.657269 0.83125
2 0.48125 0.639614 0.984375
2 -0.371875 0.61458 0.896875
2 -0.896875 0.585586 0.7875
1.0872 -1.20312 0.572764 0.83125
-0.779143 -0.91875 0.601627 0.7875
-2 -0.371875 0.621767 0.83125
-2 0.7875 0.638601 0.853125
-1.25473 0.940625 0.650601 0.74375
1.03157 0.65625 0.637597 0.896875
2 0.284375 0.63844 0.7875
2 -0.7875 0.610608 0.7875
2 -0.9625 0.609525 0.83125
0.362998 -1.33438 0.595249 0.7875
-1.905 -0.74375 0.629345 0.853125
-2 0.459375 0.657627 0.83125
-1.73669 0.940625 0.659923 0.809375
-0.60956 0.875 0.672795 0.83125
2 0.74375 0.664443 0.91875
2 -0.459375 0.638538 0.940625
2 -0.9625 0.621173 0.853125
1.54787 -1.33438 0.598284 0.853125
-0.603693 -1.07187 0.606795 0.896875
-2 -0.2625 0.637003 0.896875
-2 0.546875 0.660632 0.853125
-1.42076 0.7 0.678738 0.940625
0.04739 0.721875 0.679871 0.896875
2 0.35 0.671229 0.91875
2 -0.721875 0.657062 0.940625
2 -1.11563 0.621671 0.896875
1.05871 -1.3125 0.62484 0.853125
-0.730435 -0.896875 0.646434 0.875
-2 -0.240625 0.656108 0.853125
-2 0.590625 0.680501 0.896875
-0.835768 0.809375 0.691338 0.896875
1.00832 0.48125 0.68473 0.91875
2 0.021875 0.672308 0.940625
2 -0.940625 0.662393 0.91875
1.92827 -1.20312 0.659856 0.896875
-0.0100267 -1.4875 0.659645 0.940625
-1.93917 -0.56875 0.682403 0.91875
-2 0.546875 0.702143 0.896875
-1.69059 0.9625 0.720249 0.875
-0.775418 0.328125 0.731086 1.1375
1.96488 0.39375 0.703545 0.896875
2 -0.4375 0.687343 0.91875
2 -0.6125 0.671904 0.91875
1.44828 -1.46562 0.657738 0.83125
-0.650943 -0.65625 0.681658 0.809375
-2 -0.328125 0.707032 1.07187
-2 0.65625 0.728517 0.9625
-1.3097 0.590625 0.746041 0.9625
0.527848 0.74375 0.740306 0.896875
2 0.21875 0.711603 1.00625
2 -0.853125 0.706158 1.00625
1.86777 -0.74375 0.701186 0.678125
0.429257 -1.44375 0.690508 0.940625
-0.71096 -0.590625 0.711812 0.7875
-2 0.04375 0.721486 0.984375
-1.66605 0.83125 0.737556 0.984375
-0.754802 0.896875 0.745195 0.91875
1.2476 0.415625 0.744293 0.9625
2 -0.503125 0.721695 1.00625
2 -1.02812 0.70811 0.91875
1.58926 -1.225 0.692199 1.09375
0.01599 -1.225 0.704199 0.940625
-2 -0.525 0.718525 0.940625
-2 0.415625 0.732451 0.984375
-1.44608 0.678125 0.743288 0.940625
-0.741552 0.721875 0.754125 0.9625
1.62587 0.503125 0.744029 0.984375
2 -0.48125 0.728117 0.984375
2 -0.91875 0.706973 0.984375
1.67537 -1.20312 0.704727 0.9625
0.103407 -1.07187 0.707423 0.984375
-0.694027 -0.525 0.716806 0.984375
-2 -0.21875 0.738982 0.896875
-1.80174 0.546875 0.743714 0.896875
-0.73611 0.721875 0.752516 0.91875
0.919582 0.48125 0.749979 0.940625
2 -0.021875 0.739591 0.940625
2 -1.09375 0.724843 1.02812
1.58923 -1.15938 0.716201 0.9625
-0.270568 -1.18125 0.715408 0.9625
-1.83162 -0.65625 0.726645 0.91875
-2 0.503125 0.746495 0.91875
-1.36586 0.459375 0.755297 0.765625
0.47169 0.56875 0.745201 0.984375
1.79944 0.415625 0.723475 1.00625
2 -0.7875 0.701167 0.875
1.8884 -1.29062 0.687291 0.9625
0.52969 -1.35625 0.679521 1.00625
-0.68596 -0.83125 0.684543 0.875
-2 -0.328125 0.701486 1.00625
-2 0.56875 0.71116 1.05
-0.733727 0.875 0.707751 0.91875
1.05717 0.721875 0.69184 1.09375
2 -0.459375 0.671677 0.91875
2 -1.02812 0.642391 0.940625
1.60732 -0.896875 0.632295 0.91875
-0.333602 -1.29062 0.623943 0.896875
-1.97315 -0.546875 0.636525 0.875
-2 0.7875 0.643291 0.74375
-1.43151 0.39375 0.645988 0.984375
-0.0937433 0.83125 0.634147 0.721875
2 0.021875 0.610095 0.984375
2 -0.6125 0.584699 0.7875
2 -1.09375 0.558612 0.809375
1.12606 -1.3125 0.543573 0.83125
-0.658718 -0.9625 0.54278 0.765625
-2 -0.240625 0.548966 0.809375
-2 0.65625 0.559803 0.721875
-0.762743 0.74375 0.566279 0.809375
0.498282 0.546875 0.549604 0.74375
1.87137 0.175 0.539508 0.721875
2 -0.721875 0.517782 0.74375
1.69082 -1.11563 0.503325 0.765625
0.621248 -1.1375 0.499043 0.634375
-0.668977 -0.7 0.504066 0.7
-1.89162 -0.2625 0.510651 0.6125
-1.54033 0.6125 0.511021 0.6125
-0.707585 0.634375 0.508484 0.590625
1.1592 0.39375 0.498679 0.459375
1.96316 -0.415625 0.46823 0.546875
2 -0.896875 0.44069 0.678125
1.12452 -1.24687 0.414712 0.590625
-0.317927 -0.896875 0.404616 0.634375
-1.87767 -0.35 0.403823 0.525
-1.89533 0.459375 0.405938 0.65625
-1.19865 0.7875 0.392643 0.48125
0.665065 0.678125 0.374806 0.48125
1.96489 0.35 0.339416 0.503125
2 -0.765625 0.309258 0.525
2 -1.20312 0.279973 0.459375
0.274307 -1.4875 0.270567 0.590625
-0.655268 -0.7 0.275299 0.39375
-2 -0.21875 0.282356 0.634375
-2 0.196875 0.288541 0.56875
-0.703893 0.7875 0.29211 0.503125
0.955723 0.721875 0.278053 0.4375
2 0.13125 0.254582 0.48125
2 -1.00625 0.234019 0.39375
2 -1.35625 0.220434 0.39375
-0.29461 -1.44375 0.222077 0.30625
-2 -0.65625 0.244834 0.39375
-2 0.503125 0.262358 0.415625
-1.31925 0.896875 0.275049 0.371875
0.80789 0.21875 0.275129 0.415625
2 -0.175 0.25631 0.30625
2 -1.02812 0.232658 0.284375
2 -1.29062 0.21791 0.328125
0.962707 -1.64062 0.20229 0.284375
-0.61666 -0.940625 0.228354 0.415625
-2 -0.371875 0.236575 0.284375
-2 0.503125 0.258279 0.21875
-0.663977 0.7875 0.269116 0.4375
1.49542 0.371875 0.262508 0.35
2 -0.35 0.244671 0.4375
2 -1.07187 0.230795 0.30625
2 -1.50937 0.219064 0.2625
0.201057 -1.55313 0.226412 0.240625
-0.86066 -0.896875 0.24539 0.2625
-2 -0.196875 0.271745 0.240625
-1.26188 0.503125 0.288397 0.4375
-0.37156 0.21875 0.293819 0.2625
2 0.284375 0.28256 0.328125
2 -0.459375 0.266649 0.39375
2 -1.15938 0.251138 0.35
1.88227 -1.64062 0.24453 0.284375
0.231807 -1.72812 0.252279 0.371875
-0.620127 -0.896875 0.271256 0.240625
-2 -0.459375 0.296049 0.35
-1.30656 0.503125 0.311938 0.328125
-0.469885 0.459375 0.318123 0.328125
1.98127 0.35 0.308427 0.371875
2 -1.11563 0.292516 0.371875
2 -1.35625 0.275841 0.4375
1.83452 -1.53125 0.270397 0.284375
-0.104635 -1.42188 0.279308 0.35
-1.74464 -0.590625 0.300612 0.415625
-2 0.0875 0.325404 0.39375
-0.570618 0.48125 0.338967 0.371875
0.925457 0.328125 0.340501 0.328125
2 -0.284375 0.331967 0.371875
2 -1.11563 0.318382 0.525
2 -1.35625 0.312175 0.35
0.69084 -1.575 0.317197 0.30625
-0.523952 -0.875 0.333086 0.39375
-2 -0.48125 0.356716 0.328125
-1.55055 0.39375 0.373767 0.415625
-0.560802 0.39375 0.383441 0.35
1.44074 0.240625 0.378397 0.4375
2 -0.48125 0.368301 0.546875
2 -1.1375 0.357441 0.525
2 -1.35625 0.351997 0.48125
0.41544 -1.4875 0.359745 0.4375
-0.512827 -0.765625 0.376397 0.525
-2 -0.328125 0.40159 0.4375
-1.46354 0.503125 0.419404 0.525
-0.550985 0.48125 0.428316 0.459375
1.44925 0.30625 0.424034 0.48125
2 -0.56875 0.414338 0.503125
2 -1.15938 0.403079 0.56875
1.78396 -1.44375 0.399197 0.503125
0.34414 -1.42188 0.405782 0.4375
-1.2156 -0.525 0.425923 0.525
-2 0 0.451116 0.39375
-1.09263 0.7 0.479397 0.56875
0.823873 0.48125 0.466212 0.65625
2 0.021875 0.455534 0.525
2 -1.15938 0.456014 0.284375
2 -1.4 0.43109 0.65625
0.591423 -1.575 0.44756 0.56875
-1.41491 -0.875 0.452982 0.48125
-2 -0.13125 0.48359 0.525
-1.53091 0.74375 0.492501 0.590625
-0.326593 0.721875 0.512351 0.65625
2 0.284375 0.502945 0.721875
2 -0.984375 0.471334 0.678125
2 -1.225 0.459893 0.590625
1.60408 -1.05 0.462117 0.7875
-0.0490017 -1.35625 0.465977 0.74375
-2 -0.503125 0.478958 0.765625
-2 0.65625 0.509093 0.590625
-1.15124 0.65625 0.519167 0.415625
1.26766 0.56875 0.50918 0.590625
2 -0.7 0.481749 0.7
2 -0.74375 0.466819 0.853125
2 -1.46562 0.457995 0.83125
0.83769 -1.26875 0.452841 0.83125
-0.45646 -0.9625 0.465241 0.65625
-2 -0.415625 0.483456 0.590625
-1.91305 0.634375 0.512429 0.525
-0.506802 0.6125 0.518723 0.83125
1.57324 0.109375 0.516004 0.65625
2 -0.678125 0.49933 0.721875
2 -0.65625 0.48411 0.240625
1.99651 -1.44375 0.464819 0.65625
0.108382 -1.68437 0.470241 0.634375
-1.95245 -0.13125 0.500667 0.7
-2 0.503125 0.519173 0.721875
-0.705577 0.91875 0.531864 0.546875
1.37185 0.4375 0.52711 0.74375
2 -0.196875 0.50404 0.7875
2 -1.15938 0.479516 0.678125
2 -1.33438 0.478251 0.7875
0.359673 -1.8375 0.480184 0.590625
-1.06924 -0.7 0.485025 0.56875
-2 0.109375 0.514869 0.634375
-1.55112 0.56875 0.520001 0.678125
-0.478493 0.590625 0.525714 0.853125
2 0.503125 0.515145 0.546875
2 -0.83125 0.500797 0.721875
2 -1.4 0.485577 0.56875
2 -1.44375 0.473554 0.721875
0.38789 -1.59688 0.471417 0.13125
-0.542543 -0.875 0.486143 0.56875
-2 -0.284375 0.497671 0.678125
-1.57393 0.415625 0.520538 0.6125
-0.452893 0.525 0.534101 0.56875
1.49762 0.065625 0.505216 0.765625
2 -0.875 0.498136 0.65625
2 -1.33438 0.471867 0.74375
2 -1.72812 0.474382 0.56875
0.329757 -1.75 0.478641 0.634375
-1.46679 -0.7 0.49831 0.7875
-2 0.175 0.505767 0.65625
-1.21339 0.56875 0.528925 0.765625
0.938607 0.48125 0.516612 0.56875
2 -0.546875 0.511277 0.678125
2 -1.225 0.487916 0.809375
2 -1.72812 0.470188 0.6125
0.851423 -1.575 0.472412 0.721875
-0.364677 -1.20312 0.48016 0.678125
-2 -0.48125 0.514656 0.7
-1.39344 0.634375 0.526766 0.678125
-0.400627 0.56875 0.518232 0.875
1.96986 0.328125 0.522782 0.896875
2 -0.896875 0.500003 0.6125
2 -1.35625 0.484491 0.721875
1.45114 -1.575 0.478284 0.590625
-0.334943 -1.26875 0.479054 0.328125
-1.84628 -0.371875 0.504066 0.634375
-1.65285 0.56875 0.528095 0.7
-0.374818 0.525 0.533517 0.590625
1.78503 0.48125 0.51568 0.74375
2 -0.940625 0.499879 0.678125
2 -1.3125 0.482623 0.6125
1.8459 -1.46562 0.475253 0.74375
-0.173068 -1.81563 0.480093 0.546875
-1.89374 -0.48125 0.497545 0.65625
-1.99207 0.415625 0.518377 0.65625
-0.350318 0.56875 0.519438 0.65625
1.72711 0.21875 0.515266 0.678125
2 -0.83125 0.495103 0.765625
2 -1.4875 0.470979 0.634375
2 -1.50937 0.463608 0.7
0.634715 -1.61875 0.462453 0.6125
-0.292652 -0.9625 0.475143 0.7
-2 -0.56875 0.493177 0.590625
-1.16221 0.6125 0.503251 0.634375
-0.327702 0.328125 0.507038 0.7
1.8326 0.13125 0.494143 0.6125
2 -1.24687 0.470601 0.590625
2 -1.46562 0.456834 0.590625
1.72297 -1.55313 0.449573 0.590625
0.0694817 -1.61875 0.450743 0.56875
-1.70307 -0.83125 0.467214 0.525
-1.72029 0.328125 0.473908 0.30625
-0.312277 0.546875 0.478458 0.56875
2 0.2625 0.461893 0.546875
2 -1.225 0.437951 0.503125
2 -1.42188 0.409466 0.503125
1.53561 -1.35625 0.394245 0.590625
-0.250027 -1.35625 0.398323 0.590625
-2 -0.525 0.402982 0.6125
-1.78205 0.0875 0.405206 0.56875
-0.291618 0.56875 0.393293 0.525
2 0.371875 0.359756 0.48125
2 -1.1375 0.313827 0.503125
2 -1.44375 0.277964 0.459375
1.57589 -1.15938 0.262271 0.546875
-0.210193 -1.33438 0.24338 0.35
-2 -0.590625 0.242116 0.48125
-2 0.634375 0.241251 0.371875
-0.75766 0.83125 0.224577 0.459375
2 0.415625 0.185916 0.459375
2 -1.20312 0.126903 0.35
2 -1.3125 0.0753396 0.415625
2 -1.4 0.0369693 0.39375
0.08129 -1.8375 0.00982852 0.30625
-1.9019 -0.65625 0.00751 0.196875
-2 0.284375 0.00548222 0.371875
-1.02267 0.678125 0.00596185 0.240625
1.55106 0.459375 -0.0164178 0.240625
2 -0.765625 -0.0385067 0
2 -1.225 -0.0621585 -0.109375
2 -1.46562 -0.0551733 0.109375
0.75174 -1.70625 -0.0621437 0
-1.54284 -0.896875 -0.0250307 -0.175
-2 -0.153125 -0.0116493 0.175
-1.79269 0.525 0.00260444 0.21875
-0.226377 0.7 0.0269248 0.153125
2 0.196875 0.00628963 0.240625
2 -0.940625 -0.0108567 0.21875
2 -1.575 -0.0234604 -0.0875
2 -1.50937 -0.03799 -0.196875
0.349598 -1.81563 -0.0286789 0.021875
-1.66107 -0.415625 -0.0101733 0
-2 0.240625 0.0107674 0
-1.122 0.503125 0.0282193 0
-0.205927 0.415625 0.0348044 0.021875
2 0.21875 0.0266711 0.284375
2 -1.05 0.010397 -0.13125
2 -1.3125 -0.00278815 0.021875
2 -1.46562 -0.00743259 0.021875
0.864598 -1.61875 -0.000447407 0.196875
-0.405552 -1.07187 0.0193304 0.196875
-2 -0.48125 0.0596415 -0.13125
-1.75441 0.35 0.0736044 0.0875
-0.19071 0.48125 0.0794267 0.35
2 0.21875 0.0887378 0.30625
2 -1.1375 0.0674119 0
2 -1.42188 0.0476489 -0.109375
2 -1.53125 0.0441674 0.065625
0.658707 -1.72812 0.0551137 0
-0.558252 -0.9625 0.0725656 0.30625
-2 -0.459375 0.109206 0.21875
-1.1679 0.459375 0.126658 0.2625
-0.173327 0.35 0.115908 0.328125
2 0.04375 0.107375 0.240625
2 -1.35625 0.0934267 0.21875
2 -1.46562 0.0852933 0.415625
2 -1.61875 0.0725081 0.21875
0.316298 -1.77188 0.0814193 -0.284375
-1.48504 -0.853125 0.105849 -0.04375
-1.78963 -0.13125 0.127953 0.021875
-0.148743 0.48125 0.140753 0.21875
2 0.021875 0.133782 0.196875
2 -1.20312 0.118671 0.21875
2 -1.53125 0.0965822 0.240625
1.92156 -1.64062 0.0954267 0.2625
0.139848 -1.75 0.120147 0.065625
-1.44954 -0.7875 0.128004 0.30625
-1.75806 -0.13125 0.153597 0.35
-0.11586 -0.04375 0.166397 0.04375
2 0.04375 0.158264 -0.021875
2 -1.11563 0.140827 0.196875
2 -1.70625 0.125716 0.153125
2 -1.46562 0.121071 0.39375
0.803798 -1.55313 0.135034 0.240625
-0.178968 -0.940625 0.147834 0.328125
-1.71602 -0.634375 0.172264 0.284375
-0.785552 0.284375 0.189716 0.04375
1.34073 0.065625 0.190886 0.04375
2 -1.05 0.176938 0.240625
2 -1.75 0.159501 0.04375
2 -1.53125 0.150204 0.0875
1.28282 -1.85938 0.154864 0.284375
-0.00826 -1.44375 0.16999 0.30625
-1.5209 -0.91875 0.195582 0.109375
-0.590435 0.13125 0.213034 0.284375
0.958873 -0.240625 0.215367 0.2625
2 -1.00625 0.202582 0.328125
2 -1.75 0.182819 0.35
2 -1.35625 0.171197 0.04375
0.874798 -1.81563 0.190975 0.065625
0.0254817 -1.15938 0.194471 0.109375
-1.56129 -0.7875 0.22239 0.0875
-0.261868 0.0875 0.230538 0.021875
0.420015 -0.065625 0.242175 0.35
2 -0.721875 0.227064 0.2625
2 -1.575 0.220675 0.328125
2 -1.64062 0.196841 0.109375
1.71709 -1.75 0.198012 0.13125
0.06229 -1.68437 0.222841 0.13125
-1.23534 -0.853125 0.231862 0.065625
-1.03884 0.109375 0.244953 0.109375
0.0289983 0.021875 0.261241 0.328125
2 -0.2625 0.260086 0.35
2 -1.50937 0.247301 0.328125
2 -1.68437 0.219397 0.153125
2 -1.79375 0.234232 0.371875
0.714015 -1.79375 0.243834 0.13125
-0.765468 -1.15938 0.260123 0.153125
-1.43816 -0.7875 0.281754 0.415625
-0.215935 0 0.278854 0.175
1.91297 -0.175 0.281188 0.153125
2 -1.64062 0.262588 0.35
2 -1.42188 0.253873 0.21875
1.8836 -1.33438 0.242251 0.175
0.149848 -1.925 0.257377 0.284375
-1.20403 -0.91875 0.275991 0.21875
-1.06119 0.13125 0.289191 0.240625
0.117865 -0.065625 0.289199 0.240625
2 -0.328125 0.281066 0.2625
2 -1.68437 0.252871 0.2625
2 -1.88125 0.236597 0.21875
1.54708 -1.79375 0.237186 0.328125
0.123857 -1.575 0.24428 0.0875
-1.60074 -0.875 0.264058 0.21875
-1.11772 0.415625 0.278312 0.284375
0.0888067 0.284375 0.273667 0.328125
2 -0.0875 0.255067 0.35
2 -1.575 0.22949 0.284375
2 -1.70625 0.213325 0.284375
1.94454 -1.77188 0.211588 0.30625
0.157598 -1.75 0.21363 0.30625
-1.80466 -0.875 0.230791 0.30625
-1.8258 -0.021875 0.24708 0.30625
0.106848 0.371875 0.248069 0.371875
2 -0.109375 0.238773 0.328125
2 -1.1375 0.211451 0.35
2 -1.44375 0.189943 0.35
2 -1.68437 0.17843 0.35
0.596923 -1.77188 0.182508 0.328125
-1.41243 -0.9625 0.197634 0.30625
-1.64422 -0.153125 0.211306 0.328125
-0.372277 0.30625 0.223343 0.30625
2 0.13125 0.205906 0.2625
2 -1.225 0.185853 0.284375
2 -1.44375 0.163764 0.2625
2 -1.4 0.15196 0.30625
0.389932 -1.72812 0.162143 0.196875
-1.11748 -0.940625 0.168256 0.196875
-1.55684 -0.30625 0.177277 0.196875
-0.205085 0.284375 0.185243 0.153125
1.92774 0.0875 0.172458 0.21875
2 -1.225 0.149497 0.39375
2 -1.53125 0.126827 0.153125
1.89269 -1.46562 0.119675 0.30625
0.183798 -1.68437 0.112414 0.153125
-1.62015 -0.875 0.12783 0.2625
-1.71804 0.371875 0.146264 0.109375
-0.364977 0.546875 0.135223 0.459375
2 0.175 0.111971 0.175
2 -0.896875 0.0835952 0.13125
2 -1.44375 0.0463878 0.109375
2 -1.68437 0.027497 -0.04375
0.200532 -1.88125 0.0206359 0.04375
-1.60211 -0.765625 0.0215156 0
-2 0.153125 0.0290822 0.0875
-0.353927 0.503125 0.018623 0.04375
2 0.546875 -0.0234178 -0.13125
2 -0.875 -0.0626604 0.2625
2 -1.50937 -0.111097 -0.109375
2 -1.72812 -0.127081 -0.021875
0.217265 -1.75 -0.141029 -0.153125
-1.50602 -0.7 -0.143529 -0.109375
-2 0.503125 -0.137707 -0.065625
-0.390835 0.6125 -0.151655 -0.153125
2 -0.284375 -0.184101 0.04375
2 -0.984375 -0.221018 0
2 -1.50937 -0.259097 -0.13125
2 -1.79375 -0.285147 0.021875
0.47559 -1.70625 -0.294734 -0.175
-1.95943 -0.875 -0.282407 -0.48125
-2 0.30625 -0.268153 -0.39375
-0.922743 0.525 -0.264075 -0.240625
1.85726 0.284375 -0.27239 -0.459375
2 -0.896875 -0.292444 -0.21875
2 -1.3125 -0.304829 -0.503125
2 -1.46562 -0.325755 -0.459375
1.78581 -1.61875 -0.324875 -0.546875
0.208207 -1.575 -0.320397 -0.284375
-1.67208 -0.74375 -0.30062 -0.4375
-2 0.2625 -0.281605 -0.503125
-0.266893 0.30625 -0.280144 -0.328125
2 0.328125 -0.282644 -0.6125
2 -1.225 -0.302407 -0.35
2 -1.53125 -0.320316 -0.415625
1.99312 -1.61875 -0.333683 -0.35
0.20879 -1.72812 -0.329023 -0.4375
-1.30516 -0.809375 -0.308846 -0.590625
-1.61238 -0.48125 -0.294592 -0.30625
0.105257 0.175 -0.283718 -0.415625
1.81418 -0.021875 -0.290979 -0.371875
2 -1.26875 -0.310342 -0.39375
2 -1.575 -0.330396 -0.371875
1.98846 -1.59688 -0.321557 -0.503125
0.20369 -1.8375 -0.313409 -0.415625
-1.09524 -0.83125 -0.310966 -0.415625
-1.47834 -0.35 -0.279849 -0.415625
-0.336377 0.196875 -0.282059 -0.39375
2 -0.0875 -0.273329 -0.39375
2 -1.33438 -0.298797 -0.39375
2 -1.575 -0.309257 -0.39375
2 -1.70625 -0.314373 -0.525
1.00366 -1.79375 -0.306225 -0.459375
0.207132 -1.20312 -0.288373 -0.371875
-1.38009 -0.83125 -0.26627 -0.4375
-0.66026 0.065625 -0.247255 -0.415625
0.174248 -0.04375 -0.237944 -0.48125
2 -0.21875 -0.239862 -0.459375
2 -1.42188 -0.24527 -0.39375
2 -1.79375 -0.253403 -0.459375
1.57861 -1.90312 -0.247181 -0.459375
0.265282 -1.6625 -0.235544 -0.39375
-0.875793 -0.853125 -0.214203 -0.415625
-0.600802 -0.415625 -0.195188 -0.371875
0.179207 -0.0875 -0.183551 -0.35
2 -0.2625 -0.187796 -0.35
2 -1.6625 -0.195529 -0.328125
2 -1.90312 -0.203662 -0.39375
1.21854 -1.90312 -0.195114 -0.371875
0.212223 -1.44375 -0.177662 -0.30625
-1.37716 -0.984375 -0.152833 -0.328125
-0.656027 0.153125 -0.134981 -0.284375
0.444073 -0.109375 -0.129159 -0.175
2 -0.6125 -0.138055 -0.21875
2 -1.70625 -0.151603 -0.175
2 -1.99063 -0.158573 -0.175
1.65742 -1.72812 -0.154677 -0.175
0.235048 -1.6625 -0.139151 -0.175
-1.43676 -0.809375 -0.111233 -0.175
-0.716935 -0.0875 -0.0922178 -0.21875
0.202615 0.109375 -0.0883215 -0.175
2 -0.109375 -0.104196 -0.13125
2 -1.46562 -0.12047 -0.175
2 -1.6625 -0.129366 -0.240625
2 -1.70625 -0.128959 -0.153125
0.275332 -1.85938 -0.116159 -0.21875
-1.39562 -0.9625 -0.089003 -0.175
-1.46864 0.04375 -0.0630104 -0.109375
0.224132 0.30625 -0.0486474 -0.13125
2 -0.56875 -0.0521289 -0.0875
2 -1.4875 -0.068003 -0.109375
2 -1.55313 -0.0768993 -0.175
1.35374 -1.77188 -0.070677 -0.13125
0.268923 -1.20312 -0.0378159 -0.240625
-1.45391 -0.74375 -0.0272326 -0.13125
-1.1292 -0.153125 -0.00589185 -0.0875
0.231257 0.4375 0.0169026 0.175
2 -0.39375 -0.00780296 -0.240625
2 -1.29062 -0.0225141 0.371875
2 -1.29062 -0.0337363 0.196875
1.65524 -1.59688 -0.0275141 -0.109375
0.281282 -1.50937 -0.00134 0.196875
-1.73331 -0.65625 0.0205822 -0.284375
-1.75576 -0.0875 0.0483193 -0.153125
0.227915 0.65625 0.0714044 0.196875
2 -0.39375 0.0439007 -0.153125
2 -1.42188 0.0247193 -0.175
2 -1.61875 0.023673 0.13125
1.87648 -1.81563 0.0173933 0.0875
0.29364 -1.59688 0.026523 0.240625
-2 -0.83125 0.0560044 0.0875
-2 0.13125 0.083923 0.21875
-0.32231 0.56875 0.101193 -0.153125
2 0.39375 0.094623 0.13125
2 -1.26875 0.0828193 0.175
2 -1.42188 0.0820637 0.175
1.99351 -1.75 0.0746211 0
0.284615 -1.68437 0.0755007 -0.175
-1.88829 -0.459375 0.115158 -0.284375
-2 0.065625 0.14493 -0.153125
-0.196577 0.525 0.156967 0.13125
2 0.371875 0.150688 0.175
2 -1.20312 0.128708 0.109375
2 -1.11563 0.108473 0.2625
2 -1.59688 0.110916 0.196875
0.27604 -1.90312 0.125169 0.153125
-2 -0.853125 0.154651 0.04375
-2 0.240625 0.173666 0.415625
-0.499977 0.525 0.191227 0.371875
2 0.415625 0.183784 0.2625
2 -1.18125 0.163258 0.13125
2 -1.02812 0.148547 0.240625
2 -1.70625 0.141577 0.415625
0.27049 -1.50937 0.148962 0.371875
-1.74541 -0.74375 0.175245 0.2625
-2 0.328125 0.199203 0.240625
-0.421793 0.525 0.206297 0.2625
1.86411 0.21875 0.198854 0.240625
2 -0.65625 0.176584 0.240625
2 -1.44375 0.164671 0.13125
2 -1.55313 0.156356 0.13125
0.258398 -1.68437 0.161706 0.13125
-1.91364 -0.2625 0.180721 0.2625
-2 0.48125 0.195956 0
-0.432577 0.6125 0.20654 0.196875
2 0.415625 0.187177 0.175
2 -0.83125 0.150079 0.196875
2 -1.26875 0.133332 0.175
2 -1.4 0.127343 0.065625
0.271165 -1.50937 0.11921 0.153125
-1.15905 -0.74375 0.126886 0.196875
-2 -0.328125 0.138341 0.13125
-1.14855 0.503125 0.144854 0.13125
0.207982 0.328125 0.150786 0.21875
1.99496 0.021875 0.127643 0.175
2 -1.02812 0.101012 0.109375
2 -1.1375 0.0854285 -0.065625
1.23595 -1.46562 0.0675193 0.04375
0.230082 -1.15938 0.0615304 0.153125
-1.78496 -0.634375 0.0703693 0.0875
-1.67658 0.21875 0.0701952 0.109375
-0.666752 0.4375 0.04996 0.13125
1.82586 0.196875 0.0262359 0.153125
2 -0.91875 -0.016677 0.021875
2 -1.225 -0.0622067 0.30625
1.70663 -1.4 -0.0836048 0.13125
0.204457 -1.55313 -0.106747 0.2625
-1.80797 -0.7 -0.107794 0.13125
-2 0.2625 -0.107096 0.065625
-0.93266 0.503125 -0.110468 -0.39375
0.139965 0.30625 -0.118201 0.2625
2 0.04375 -0.144542 0.30625
2 -0.91875 -0.166231 -0.415625
2 -1.26875 -0.181523 0.065625
1.30792 -1.53125 -0.199142 -0.284375
0.169465 -1.42188 -0.193792 -0.590625
-2 -0.7875 -0.182046 -0.590625
-2 0.415625 -0.165066 -0.371875
-0.81196 0.721875 -0.16931 -0.415625
0.316923 0.371875 -0.177044 -0.35
2 0.109375 -0.19786 -0.415625
2 -1.15938 -0.232342 -0.590625
2 -1.26875 -0.247634 -0.721875
1.15126 -1.11563 -0.263218 -0.328125
-0.197393 -1.07187 -0.25089 -0.153125
-2 -0.65625 -0.238562 -0.4375
-2 0.48125 -0.221001 -0.371875
-0.555193 0.678125 -0.225718 -0.415625
1.07261 0.48125 -0.236068 -0.459375
2 -0.6125 -0.263571 -0.04375
2 -0.853125 -0.298053 -0.13125
2 -1.50937 -0.310438 -0.56875
0.330407 -1.50937 -0.310321 -0.21875
-1.68071 -0.459375 -0.307007 -0.459375
-2 0.065625 -0.29526 -0.546875
-1.51759 0.678125 -0.284677 -0.4375
0.0482817 0.35 -0.293573 -0.415625
2 0.240625 -0.317188 -0.30625
2 -1.07187 -0.35167 -0.48125
2 -1.42188 -0.37801 -0.371875
1.01737 -1.61875 -0.392721 -0.415625
0.035915 -1.05 -0.39464 -0.459375
-2 -0.175 -0.384929 -0.546875
-1.9501 0.13125 -0.377253 -0.48125
-0.679918 0.83125 -0.379934 -0.284375
0.867632 0.39375 -0.401914 -0.546875
2 0 -0.427092 -0.7
2 -1.1375 -0.455759 -0.503125
2 -1.4875 -0.484316 -0.765625
0.70154 -1.53125 -0.50019 -0.634375
-1.30304 -0.83125 -0.501527 -0.721875
-2 0.13125 -0.487636 -0.590625
-1.68982 0.634375 -0.488683 -0.83125
0.004265 0.678125 -0.490201 -0.525
1.95523 0.21875 -0.514797 -0.634375
2 -0.6125 -0.54201 -0.546875
2 -1.20312 -0.56359 -0.634375
1.55385 -1.6625 -0.571323 -0.634375
0.0529817 -1.33438 -0.572842 -0.721875
-2 -0.634375 -0.555281 -0.7
-2 0.48125 -0.542081 -0.6125
-0.845568 0.65625 -0.527609 -0.65625
1.20091 0.590625 -0.537377 -0.875
2 -0.74375 -0.562155 -0.74375
2 -1.29062 -0.575994 -0.765625
2 -1.50937 -0.581873 -0.7
0.596523 -1.26875 -0.584373 -0.896875
-1.46517 -0.9625 -0.563796 -0.765625
-2 0.04375 -0.542164 -0.765625
-1.30029 0.196875 -0.518097 -0.7
-0.019635 0.590625 -0.528157 -0.7875
2 0 -0.530547 -0.7875
2 -0.896875 -0.55369 -0.853125
2 -1.3125 -0.566838 -0.74375
1.3254 -1.575 -0.566431 -0.7875
0.03039 -0.853125 -0.552831 -0.896875
-1.98289 -0.74375 -0.529455 -0.765625
-2 0.39375 -0.512657 -0.765625
-0.736018 0.7875 -0.505271 -0.590625
1.54812 0.371875 -0.499812 -0.765625
2 -0.721875 -0.523536 -0.590625
2 -1.37813 -0.540173 -0.634375
2 -1.44375 -0.538894 -0.721875
0.366765 -1.68437 -0.514827 -0.65625
-1.93435 -0.4375 -0.504825 -0.721875
-2 0.48125 -0.471455 -0.678125
-1.16764 0.765625 -0.451277 -0.6125
0.510748 0.65625 -0.437968 -0.590625
2 -0.021875 -0.460129 -0.590625
2 -0.875 -0.473677 -0.546875
2 -1.07187 -0.484499 -0.74375
1.72756 -1.26875 -0.481766 -0.721875
0.017815 -1.61875 -0.453047 -0.678125
-2 -0.634375 -0.431997 -0.678125
-2 0.021875 -0.388742 -0.721875
-0.546252 0.74375 -0.388225 -0.546875
1.74227 0.21875 -0.379677 -0.590625
2 -0.74375 -0.407944 -0.546875
2 -1.20312 -0.41684 -0.634375
2 -1.575 -0.413997 -0.525
0.73099 -1.64062 -0.407375 -0.56875
-1.56534 -1.02812 -0.386616 -0.590625
-2 0.2625 -0.363131 -0.634375
-1.24084 0.721875 -0.349531 -0.503125
-0.0356267 0.6125 -0.343018 -0.48125
2 0.109375 -0.361981 -0.459375
2 -0.984375 -0.362446 -0.175
2 -1.53125 -0.38577 -0.459375
2 -1.77188 -0.399499 -0.7
0.537282 -1.90312 -0.383392 -0.525
-1.34038 -0.83125 -0.36921 -0.4375
-2 -0.153125 -0.330316 -0.56875
-0.93346 0.109375 -0.307231 -0.546875
1.06068 0.35 -0.304679 -0.525
2 -0.415625 -0.334981 -0.65625
2 -1.24687 -0.33719 -0.7
2 -1.4875 -0.339871 -0.6125
1.75417 -1.64062 -0.357381 -0.678125
0.59739 -1.55313 -0.345525 -0.65625
-1.25019 -0.896875 -0.313136 -0.6125
-1.76804 -0.109375 -0.28907 -0.678125
-1.12717 0.48125 -0.278959 -0.48125
0.419523 0.371875 -0.283203 -0.7
2 -0.0875 -0.275418 -0.503125
2 -1.1375 -0.293799 -0.590625
2 -1.4875 -0.312181 -0.65625
2 -1.55313 -0.294329 -0.371875
0.0569733 -1.72812 -0.290323 -0.328125
-1.53678 -0.35 -0.262477 -0.39375
-2 0.065625 -0.243062 -0.459375
-0.340935 0.590625 -0.236259 -0.56875
1.99946 0.39375 -0.230218 -0.371875
2 -1.09375 -0.248309 -0.175
2 -1.09375 -0.268144 -0.13125
2 -1.46562 -0.271697 -0.196875
0.191415 -1.85938 -0.269546 -0.371875
-1.37356 -0.896875 -0.236757 -0.13125
-1.97123 0.109375 -0.21269 -0.48125
-0.253593 0.6125 -0.206649 -0.35
1.79812 0.21875 -0.206533 -0.371875
2 -0.525 -0.222007 -0.35
2 -1.37813 -0.238644 -0.39375
2 -1.18125 -0.253827 -0.196875
0.328473 -1.59688 -0.238773 -0.21875
-1.07558 -1.02812 -0.224592 -0.196875
-2 -0.371875 -0.203251 -0.459375
-0.769393 0.48125 -0.190814 -0.35
0.227348 0.021875 -0.192333 -0.35
2 -0.0875 -0.204609 -0.175
2 -0.7875 -0.226188 -0.2625
2 -1.42188 -0.245151 -0.4375
1.86806 -1.50937 -0.246088 -0.240625
0.08329 -1.75 -0.246262 -0.371875
-1.51133 -0.9625 -0.224521 -0.39375
-1.82161 0.13125 -0.201327 -0.2625
-0.680952 0.503125 -0.188599 -0.328125
1.393 -0.13125 -0.192153 -0.21875
2 -0.91875 -0.211407 -0.240625
2 -1.33438 -0.232696 -0.2625
2 -1.77188 -0.247297 -0.284375
0.714898 -1.77188 -0.24271 -0.284375
-0.636818 -1.15938 -0.228347 -0.30625
-1.94274 -0.48125 -0.205153 -0.284375
-1.2517 0.503125 -0.19824 -0.2625
0.0302567 0.415625 -0.194816 -0.328125
2 0.065625 -0.19866 -0.284375
2 -1.00625 -0.222275 -0.39375
2 -1.3125 -0.236877 -0.284375
2 -1.44375 -0.233453 -0.328125
0.342807 -1.55313 -0.232355 -0.371875
-1.21824 -0.91875 -0.219046 -0.284375
-2 -0.503125 -0.198177 -0.240625
-0.891577 0.48125 -0.181088 -0.284375
0.15664 0.328125 -0.179409 -0.4375
2 0.13125 -0.197209 -0.328125
2 -1.07187 -0.217044 -0.30625
2 -1.33438 -0.227866 -0.284375
0.990973 -1.46562 -0.22386 -0.284375
-0.068985 -0.984375 -0.212586 -0.21875
-2 -0.590625 -0.192009 -0.415625
-1.63372 0.678125 -0.175501 -0.196875
0.00672333 0.56875 -0.158412 0.04375
1.87743 0.153125 -0.184934 -0.35
2 -0.875 -0.201281 -0.35
2 -1.24687 -0.212684 -0.56875
1.04777 -1.42188 -0.217983 -0.56875
0.042765 -0.984375 -0.208744 0.21875
-1.75771 -0.56875 -0.18584 0.196875
-1.98774 0.4375 -0.175147 -0.39375
-0.716243 0.590625 -0.168234 0.021875
1.06681 0.459375 -0.169753 -0.21875
2 -0.459375 -0.19424 -0.39375
2 -0.765625 -0.211168 -0.109375
1.97331 -1.35625 -0.224025 -0.4375
0.37039 -1.575 -0.222927 -0.371875
-1.69437 -0.875 -0.199733 -0.39375
-2 0.021875 -0.182644 -0.0875
-1.60929 0.56875 -0.175621 -0.56875
-0.04081 0.590625 -0.18092 -0.546875
2 0.39375 -0.20657 -0.13125
2 -0.940625 -0.231057 -0.153125
2 -1.26875 -0.256597 -0.459375
1.30336 -1.44375 -0.271781 -0.459375
0.009665 -0.74375 -0.273009 -0.48125
-2 -0.284375 -0.259299 -0.39375
-2 0.109375 -0.247734 -0.371875
-1.05288 0.65625 -0.247799 -0.48125
-0.0569933 0.875 -0.267816 -0.4375
2 0.30625 -0.29899 -0.2625
2 -0.765625 -0.333253 -0.30625
2 -1.00625 -0.35367 -0.371875
1.56802 -1.20312 -0.376121 -0.56875
0.123865 -1.18125 -0.383346 -0.48125
-1.72719 -0.590625 -0.383701 -0.4375
-2 0.459375 -0.375334 -0.546875
-1.42754 0.678125 -0.365696 -0.503125
-0.493602 0.7 -0.375646 -0.415625
1.34485 0.371875 -0.392173 -0.415625
2 -0.459375 -0.409392 -0.4375
2 -0.853125 -0.424866 -0.459375
1.60941 -1.20312 -0.436742 -0.459375
0.506273 -1.11563 -0.444075 -0.65625
-0.476043 -0.7 -0.435309 -0.65625
-1.93635 -0.328125 -0.421127 -0.503125
-1.7464 0.6125 -0.413923 -0.39375
-0.446127 0.940625 -0.409227 -0.48125
1.25887 0.240625 -0.422375 -0.634375
2 -0.459375 -0.438612 -0.459375
2 -1.09375 -0.454377 -0.546875
1.34157 -1.24687 -0.450553 -0.56875
-0.0781767 -1.00625 -0.445094 -0.721875
-1.66756 -0.503125 -0.438362 -0.56875
-2 0.415625 -0.414296 -0.809375
-0.971493 0.721875 -0.413379 -0.546875
-0.136985 0.525 -0.406175 -0.525
1.73025 0.371875 -0.416888 -0.765625
2 -0.65625 -0.428873 -0.91875
2 -1.07187 -0.438714 -0.896875
1.10207 -1.29062 -0.445466 -0.546875
-0.113127 -0.940625 -0.434664 -0.74375
-1.9921 -0.503125 -0.416412 -0.74375
-2 0.525 -0.403866 -0.765625
-0.508418 0.678125 -0.396953 -0.721875
-0.0371767 0.35 -0.389931 -0.634375
1.90942 0.065625 -0.400753 -0.853125
2 -0.765625 -0.417571 -0.809375
1.93038 -1.1375 -0.421997 -0.6125
0.649765 -1.46562 -0.429512 -0.415625
-0.202168 -0.503125 -0.414168 -0.56875
-2 -0.459375 -0.398423 -0.678125
-1.76559 0.765625 -0.37581 -0.634375
-0.755318 0.765625 -0.379836 -0.56875
1.15987 0.65625 -0.384444 -0.4375
2 -0.65625 -0.395266 -0.503125
2 -1.07187 -0.411794 -0.634375
1.4109 -1.00625 -0.423488 -0.371875
-0.16671 -1.3125 -0.423444 -0.525
-2 -0.459375 -0.395488 -0.48125
-2 0.74375 -0.378981 -0.459375
-0.852452 0.7875 -0.376901 -0.48125
1.14038 0.48125 -0.37842 -0.525
2 -0.415625 -0.387097 -0.678125
2 -1.18125 -0.401299 -0.48125
1.76166 -1.33438 -0.415901 -0.525
0.319673 -1.37813 -0.398994 -0.525
-1.69099 -0.83125 -0.381505 -0.415625
-2 -0.04375 -0.348134 -0.503125
-1.23435 0.91875 -0.329483 -0.48125
-0.242843 0.7875 -0.32624 -0.415625
2 0.546875 -0.337062 -0.459375
2 -0.896875 -0.347194 -0.459375
2 -0.7 -0.366047 -0.590625
1.22517 -1.42188 -0.362805 -0.503125
-0.200218 -1.15938 -0.342409 -0.459375
-2 -0.459375 -0.319396 -0.546875
-2 0.109375 -0.297546 -0.371875
-1.04423 0.940625 -0.280929 -0.459375
1.15925 0.459375 -0.283501 -0.35
2 -0.284375 -0.304099 -0.415625
2 -1.05 -0.311796 -0.503125
2 -1.4 -0.314659 -0.415625
0.636023 -1.68437 -0.312288 -0.4375
-1.42174 -0.809375 -0.295962 -0.56875
-2 0.04375 -0.267134 -0.415625
-1.46268 0.590625 -0.253897 -0.284375
0.528848 0.415625 -0.253562 -0.284375
2 0.04375 -0.265438 -0.459375
2 -0.7 -0.286036 -0.39375
2 -1.42188 -0.305762 -0.35
1.3833 -1.6625 -0.310842 -0.39375
-0.195618 -1.42188 -0.302947 -0.415625
-1.91714 -0.4375 -0.285168 -0.48125
-1.88374 0.196875 -0.263899 -0.39375
-0.296493 0.7875 -0.261129 -0.4375
1.33524 0.328125 -0.27504 -0.371875
2 -0.91875 -0.294766 -0.415625
2 -1.05 -0.309549 -0.39375
1.96049 -1.61875 -0.337307 -0.415625
0.518948 -1.75 -0.333192 -0.48125
-1.27715 -0.853125 -0.324425 -0.459375
-2 -0.39375 -0.317003 -0.503125
-1.02416 0.590625 -0.31754 -0.39375
-0.0265183 0.371875 -0.325927 -0.48125
2 -0.021875 -0.354375 -0.39375
2 -1.26875 -0.395507 -0.30625
2 -1.59688 -0.42221 -0.546875
1.40184 -1.59688 -0.444844 -0.328125
-0.175768 -1.33438 -0.453703 -0.65625
-1.89815 -0.240625 -0.446971 -0.546875
-1.7082 0.4375 -0.452742 -0.590625
-0.275335 0.459375 -0.459275 -0.56875
1.56573 0.240625 -0.488305 -0.590625
2 -1.02812 -0.517334 -0.546875
2 -1.37813 -0.553814 -0.678125
1.9027 -1.85938 -0.568307 -0.7
0.329465 -1.68437 -0.585597 -0.7
-1.38683 -0.74375 -0.590496 -0.678125
-1.90468 0.0875 -0.586962 -0.7
-0.763577 0.4375 -0.587099 -0.678125
0.995065 0.2625 -0.598684 -0.721875
2 -0.721875 -0.62626 -0.65625
2 -1.20312 -0.654599 -0.809375
2 -1.24687 -0.671999 -0.7875
0.631457 -1.81563 -0.675625 -0.7875
-1.00895 -1.02812 -0.662207 -0.83125
-1.97164 -0.175 -0.655657 -0.7875
-0.830535 0.21875 -0.644564 -0.721875
0.06199 0.13125 -0.64859 -0.765625
2 0.240625 -0.664718 -0.765625
2 -1.42188 -0.692003 -1.00625
2 -1.4875 -0.708712 -0.853125
1.14626 -1.88125 -0.708377 -0.853125
-0.147443 -0.74375 -0.701827 -0.896875
-1.87028 -0.6125 -0.675907 -0.809375
-1.54643 0.175 -0.657146 -0.875
-0.189443 0.634375 -0.650705 -0.809375
1.81255 0.371875 -0.656075 -0.809375
2 -1.07187 -0.684233 -1.02812
2 -1.15938 -0.694255 -0.940625
1.72954 -1.59688 -0.69421 -0.91875
-0.134593 -1.46562 -0.67981 -0.853125
-2 -0.74375 -0.648366 -0.940625
-1.95793 0.0875 -0.623499 -0.896875
-0.186202 0.634375 -0.608336 -0.896875
1.76346 0.2625 -0.611381 -0.9625
2 -0.7 -0.619477 -0.9625
2 -1.37813 -0.629499 -0.875
2 -1.53125 -0.628292 -0.9625
0.36974 -1.72812 -0.617381 -0.9625
-0.637435 -0.83125 -0.597566 -0.9625
-1.93898 -0.48125 -0.571536 -0.875
-1.16683 0.459375 -0.551321 -0.809375
-0.176177 0.415625 -0.539647 -0.765625
1.53144 0.175 -0.536877 -0.809375
2 -0.7 -0.542247 -0.809375
2 -1.20312 -0.542966 -0.765625
1.43232 -1.50937 -0.53827 -0.9625
-0.146593 -1.29062 -0.521544 -0.91875
-1.94486 -0.525 -0.495514 -0.875
-2 0.415625 -0.469484 -0.7
-0.743327 0.56875 -0.452759 -0.65625
0.882315 0.371875 -0.446499 -0.678125
2 -0.240625 -0.454196 -0.634375
2 -1.07187 -0.461892 -0.634375
2 -1.37813 -0.466499 -0.678125
0.776898 -1.50937 -0.456751 -0.83125
-0.150468 -0.7875 -0.437699 -0.678125
-1.95397 -0.503125 -0.407018 -0.678125
-1.68159 0.4375 -0.384477 -0.503125
-0.197702 0.525 -0.368914 -0.590625
1.51167 0.240625 -0.367307 -0.56875
2 -0.7 -0.371514 -0.503125
2 -1.33438 -0.374559 -0.7
1.54556 -1.50937 -0.371788 -0.590625
0.258398 -1.35625 -0.358551 -0.546875
-1.37894 -0.74375 -0.33601 -0.546875
-1.84185 -0.065625 -0.311144 -0.56875
-1.04177 0.546875 -0.292092 -0.48125
-0.20681 0.459375 -0.281181 -0.240625
1.79387 0.240625 -0.284225 -0.634375
2 -0.7875 -0.28727 -0.503125
2 -1.35625 -0.291477 -0.634375
0.959023 -1.575 -0.268646 -0.6125
-0.173302 -0.91875 -0.256862 -0.48125
-1.68419 -0.48125 -0.230542 -0.525
-1.779 0.39375 -0.224573 -0.415625
-0.479585 0.4375 -0.210173 -0.546875
1.06841 0.30625 -0.198681 -0.546875
2 -0.371875 -0.201725 -0.30625
2 -1.15938 -0.202153 -0.48125
1.23313 -1.53125 -0.20607 -0.30625
-0.189643 -1.24687 -0.198066 -0.35
-2 -0.7875 -0.155755 -0.30625
-1.93448 0.4375 -0.135831 -0.328125
-0.739727 0.940625 -0.119105 -0.371875
1.17506 0.13125 -0.119823 -0.35
2 -0.546875 -0.137405 -0.328125
2 -1.20312 -0.152842 -0.2625
1.38556 -1.37813 -0.160538 -0.459375
-0.193352 -1.11563 -0.153116 -0.284375
-2 -0.0875 -0.12476 -0.30625
-2 0.546875 -0.108325 -0.284375
-0.882977 0.7 -0.0979956 0.21875
1.10986 0.503125 -0.0949344 -0.284375
2 -0.2625 -0.117168 0.04375
2 -1.05 -0.133186 0.04375
1.86071 -1.3125 -0.154838 -0.240625
-0.211452 -1.72812 -0.152359 -0.328125
-2 -0.065625 -0.135342 -0.196875
-2 0.525 -0.12007 0.04375
-1.2661 0.74375 -0.108868 -0.39375
-0.274143 0.721875 -0.117909 0.13125
2 0.39375 -0.128221 0.021875
2 -1.00625 -0.152781 -0.021875
2 -1.29062 -0.17327 -0.153125
1.35353 -1.33438 -0.182129 -0.109375
-0.224077 -1.33438 -0.178668 -0.35
-2 -0.371875 -0.162523 0.04375
-2 0.7875 -0.150449 0.109375
-1.2748 0.7875 -0.144481 -0.13125
-0.280227 0.634375 -0.157883 -0.153125
2 0.39375 -0.173429 0
2 -0.7 -0.19072 -0.021875
2 -1.15938 -0.211499 -0.065625
1.34222 -1.15938 -0.223157 -0.109375
-0.234085 -0.940625 -0.227073 -0.21875
-1.74497 -0.503125 -0.222268 -0.240625
-2 0.590625 -0.218334 -0.21875
-1.35763 0.721875 -0.214583 -0.4375
-0.289785 0.7 -0.220716 -0.109375
1.41959 0.415625 -0.24731 0.0875
2 -0.13125 -0.272923 0.13125
2 -0.896875 -0.293884 -0.371875
1.23981 -1.15938 -0.314555 -0.415625
-0.257543 -0.91875 -0.328938 -0.39375
-1.68817 -0.371875 -0.330129 -0.35
-2 0.371875 -0.333646 -0.415625
-1.09456 0.765625 -0.34076 -0.525
-0.314102 0.6125 -0.352999 -0.65625
1.68572 0.48125 -0.382392 -0.503125
2 -0.4375 -0.408877 -0.2625
1.78785 -0.91875 -0.437507 -0.525
0.847848 -1.05 -0.451199 -0.525
-0.284927 -0.74375 -0.461112 -0.328125
-1.71555 -0.35 -0.457942 -0.65625
-1.89018 0.39375 -0.448084 -0.525
-1.32559 0.74375 -0.452292 -0.678125
-0.331877 0.721875 -0.44854 -0.48125
1.66664 0.415625 -0.464268 -0.678125
2 -0.590625 -0.479414 -0.721875
1.98026 -0.940625 -0.496596 -0.7
0.912048 -0.91875 -0.500803 -0.590625
-0.301393 -0.634375 -0.496179 -0.634375
-2 -0.196875 -0.483996 -0.721875
-1.99344 0.6125 -0.46309 -0.634375
-1.35167 0.875 -0.472712 -0.83125
-0.357952 0.765625 -0.466925 -0.678125
1.71907 0.4375 -0.475675 -0.809375
2 -0.48125 -0.517388 -0.765625
2 -0.7875 -0.532825 -0.678125
1.10185 -1.26875 -0.543029 -0.91875
-0.375877 -0.875 -0.538986 -0.875
-2 -0.4375 -0.525349 -0.74375
-2 0.525 -0.509386 -0.7875
-1.748 0.74375 -0.505344 -0.809375
-0.392327 0.875 -0.507407 -0.65625
1.47405 0.459375 -0.519355 -0.721875
2 -0.503125 -0.54177 -0.875
2 -0.809375 -0.55906 -0.7
1.01383 -1.1375 -0.571299 -0.809375
-0.352685 -0.7875 -0.566094 -0.875
-2 -0.39375 -0.55362 -0.853125
-2 0.525 -0.548705 -0.896875
-1.24334 0.809375 -0.538557 -0.74375
-0.409243 0.7 -0.547016 -0.678125
1.37818 0.4375 -0.553149 -0.765625
1.96631 -0.4375 -0.571494 -0.809375
1.89897 -0.765625 -0.588384 -0.721875
1.03833 -0.984375 -0.600914 -0.7875
0.040765 -0.765625 -0.602977 -0.83125
-1.38594 -0.459375 -0.593992 -0.765625
-1.89987 0.328125 -0.582681 -0.7875
-1.41509 0.721875 -0.585616 -0.678125
-0.425302 0.7 -0.581864 -0.809375
0.993173 0.459375 -0.596138 -0.91875
1.57869 0.04375 -0.603144 -0.875
1.58854 -0.590625 -0.609568 -0.7875
1.01704 -0.853125 -0.625296 -0.875
-0.400502 -0.765625 -0.617946 -0.940625
-0.409418 -0.30625 -0.618264 -0.984375
-1.33895 -0.196875 -0.603173 -0.83125
-0.981085 0.546875 -0.599131 -0.7875
-0.435268 0.459375 -0.59596 -0.9625
0.771707 0.39375 -0.595988 -0.984375
0.985207 -0.371875 -0.605029 -0.9625
1.06963 -0.503125 -0.604766 -0.896875
0.574465 -0.56875 -0.601886 -0.765625
0.073615 -0.109375 -0.609183 -0.853125
-0.428093 -0.328125 -0.602996 -0.765625
-0.567843 0.2625 -0.596336 -0.896875
-0.44286 0.2625 -0.592003 -0.83125
-0.446543 0.0875 -0.592612 -0.765625
0.260648 0 -0.591477 -0.83125
0.47329 -0.0875 -0.599064 -0.809375
0.633148 0 -0.596657 -0.853125
0.346007 -0.459375 -0.605116 -0.765625
-0.179252 0.065625 -0.601073 -0.7875
-0.104435 0.196875 -0.600229 -0.83125
-0.39681 0.240625 -0.596659 -1.00625
0.0434817 0.30625 -0.588255 -1.05
-0.404585 0.284375 -0.591081 -0.7875
-0.119127 0.35 -0.588492 -0.765625
0.247898 0.240625 -0.597533 -0.459375
0.24859 -0.371875 -0.59309 -0.809375
0.459923 -0.0875 -0.604747 -0.809375
0.091665 -0.6125 -0.606229 -0.83125
0.24629 -0.284375 -0.608183 -0.940625
-0.0447767 -0.35 -0.606175 -0.809375
0.0841317 -0.2625 -0.609583 -0.74375
-0.339077 -0.35 -0.601179 -0.7875
0.0759067 -0.04375 -0.600807 -0.875
-0.135352 0.21875 -0.601707 -0.7875
-0.21316 0.240625 -0.598246 -0.984375
0.0722983 -0.04375 -0.594966 -0.809375
0.0193483 0.196875 -0.590633 -0.83125
0.0213483 0.175 -0.589388 -0.940625
0.0717567 -0.109375 -0.58709 -0.984375
0.019665 -0.284375 -0.587299 -0.9625
0.148573 0.284375 -0.575407 -0.7875
0.0681483 -0.415625 -0.574744 -0.721875
-0.274393 -0.284375 -0.571283 -0.896875
0.142348 0.2625 -0.565386 -0.765625
0.00959 -0.2625 -0.558146 -0.765625
-0.071285 0.196875 -0.54847 -0.809375
-0.282543 -0.153125 -0.53774 -0.721875
0.215315 0.459375 -0.54202 -0.721875
-0.073585 -0.35 -0.532744 -0.765625
0.00429833 0.284375 -0.533825 -0.721875
0.00499 -0.328125 -0.530655 -0.678125
0.134757 0.021875 -0.511384 -0.721875
0.292448 -0.284375 -0.510721 -0.678125
0.134382 -0.39375 -0.520634 -0.634375
0.213573 -0.459375 -0.517355 -0.7
-0.076185 -0.240625 -0.491797 -0.634375
0.00255667 -0.240625 -0.487064 -0.7
0.00324833 0.48125 -0.484766 -0.7
0.291773 0.35 -0.480323 -0.56875
0.424157 -0.0875 -0.47181 -0.765625
0.426157 -0.21875 -0.47271 -0.634375
0.217065 -0.13125 -0.457801 -0.65625
0.216448 -0.35 -0.448416 -0.65625
0.21669 -0.415625 -0.458329 -0.546875
-0.0730683 -0.415625 -0.441966 -0.503125
0.215457 -0.240625 -0.440721 -0.48125
0.34784 -0.328125 -0.420107 -0.525
0.508148 -0.371875 -0.426131 -0.503125
0.589507 -0.196875 -0.408023 -0.6125
0.434507 -0.2625 -0.419099 -0.590625
0.225415 -0.503125 -0.395468 -0.503125
0.06649 -0.39375 -0.390153 -0.48125
0.142615 -0.30625 -0.378551 -0.590625
0.00985667 -0.328125 -0.383121 -0.546875
0.353332 -0.04375 -0.360071 -0.48125
0.433382 -0.2625 -0.357373 -0.48125
0.725832 -0.371875 -0.368159 -0.503125
0.729998 -0.721875 -0.357029 -0.459375
0.523973 -0.765625 -0.359273 -0.4375
0.155265 -0.65625 -0.334879 -0.56875
0.0735317 -0.39375 -0.326075 -0.503125
0.0711567 -0.328125 -0.328901 -0.525
0.228848 -0.30625 -0.323005 -0.48125
0.442348 -0.546875 -0.308386 -0.590625
0.734798 -0.765625 -0.299401 -0.48125
1.10792 -0.83125 -0.303099 -0.48125
0.614915 -0.590625 -0.308833 -0.503125
0.381007 -0.678125 -0.305153 -0.48125
-0.251085 -0.634375 -0.281703 -0.546875
-0.123035 -0.2625 -0.285692 -0.4375
0.0861317 -0.21875 -0.268347 -0.459375
0.61584 -0.240625 -0.269029 -0.39375
1.04219 -0.21875 -0.27349 -0.415625
1.25921 -0.7875 -0.268357 -0.415625
0.97644 -1.00625 -0.266821 -0.371875
0.401915 -0.896875 -0.268084 -0.371875
0.0576567 -0.7 -0.252775 -0.4375
-0.44491 -0.56875 -0.252003 -0.30625
-0.449002 -0.13125 -0.236694 -0.35
0.178832 -0.109375 -0.229525 -0.371875
0.759565 -0.525 -0.234386 -0.525
1.26442 -0.65625 -0.23972 -0.39375
1.3506 -0.9625 -0.23604 -0.39375
1.22745 -1.09375 -0.241373 -0.371875
0.416115 -1.05 -0.233914 -0.30625
-0.294477 -0.74375 -0.233723 -0.590625
-0.43071 -0.7875 -0.225683 -0.2625
-0.43611 -0.13125 -0.219677 -0.30625
0.48479 0.021875 -0.23286 -0.371875
1.27964 -0.546875 -0.241973 -0.39375
1.65889 -1.02812 -0.255157 -0.35
1.38136 -1.29062 -0.266014 -0.590625
0.518998 -1.33438 -0.270766 -0.04375
-0.403543 -1.07187 -0.265051 -0.415625
-0.963677 -0.175 -0.25712 -0.415625
-0.420885 -0.109375 -0.256638 -0.04375
0.655707 0.04375 -0.267786 -0.153125
1.24167 -0.175 -0.284749 -0.109375
1.59607 -1.09375 -0.301894 -0.56875
1.47508 -1.15938 -0.310134 -0.109375
0.323582 -0.83125 -0.319538 -0.21875
-0.392243 -0.21875 -0.323999 -0.459375
-1.10938 -0.021875 -0.324971 -0.415625
-0.408277 0.175 -0.322455 -0.525
0.589815 0.175 -0.345523 -0.65625
1.46362 -0.546875 -0.373244 -0.21875
1.84111 -0.940625 -0.396603 -0.678125
1.03893 -1.59688 -0.427812 -0.525
-0.324518 -1.07187 -0.445066 -0.415625
-1.09529 -0.153125 -0.455342 -0.503125
-1.10593 0.371875 -0.465909 -0.525
-0.40266 -0.021875 -0.480836 -0.525
1.02195 0.39375 -0.515134 -0.6125
1.89967 -0.765625 -0.540238 -0.48125
1.9139 -0.91875 -0.57261 -0.634375
1.13527 -1.53125 -0.58841 -0.546875
-0.364693 -0.721875 -0.601303 -0.6125
-1.87598 -0.74375 -0.592971 -0.74375
-1.47188 0.2625 -0.595688 -0.590625
-0.403135 0.39375 -0.603238 -0.809375
1.25521 0.525 -0.614386 -0.7
2 -0.39375 -0.637455 -0.91875
2 -1.09375 -0.660814 -0.74375
1.01006 -1.575 -0.668183 -0.940625
-0.361693 -1.225 -0.657997 -0.83125
-2 -0.634375 -0.636583 -0.91875
-2 0.459375 -0.622436 -0.83125
-0.82841 0.721875 -0.616431 -0.853125
1.3027 0.56875 -0.61962 -1.05
2 -0.7 -0.644142 -0.83125
2 -0.9625 -0.654709 -0.9625
1.50846 -1.18125 -0.661205 -0.74375
-0.354768 -0.940625 -0.654509 -0.984375
-1.86606 -0.415625 -0.639199 -0.875
-2 0.634375 -0.620401 -0.853125
-0.745602 0.896875 -0.608762 -0.83125
0.515465 0.240625 -0.614386 -0.7875
1.96972 0.13125 -0.627279 -0.853125
2 -0.83125 -0.644133 -0.809375
1.42074 -1.1375 -0.646849 -0.721875
-0.153352 -0.74375 -0.642007 -0.525
-2 -0.39375 -0.617866 -0.7875
-2 0.74375 -0.597905 -0.765625
-1.04397 1.05 -0.593825 -0.765625
0.662382 0.74375 -0.58771 -0.83125
2 0.240625 -0.613577 -0.721875
2 -0.940625 -0.61822 -0.940625
1.33441 -1.15938 -0.621699 -0.809375
-0.373135 -0.853125 -0.605118 -0.809375
-2 -0.4375 -0.584647 -0.7875
-2 0.875 -0.554692 -0.7
-1.05393 0.4375 -0.535203 -0.74375
-0.212835 0.875 -0.527344 -0.678125
2 0.328125 -0.531114 -0.74375
2 -0.634375 -0.53681 -0.7
1.9049 -0.83125 -0.538255 -0.853125
0.177732 -1.05 -0.526907 -0.765625
-1.8813 -0.39375 -0.499277 -0.83125
-2 0.56875 -0.466596 -0.678125
-2 0.371875 -0.440129 -0.678125
-0.432577 1.11563 -0.426455 -0.7
1.86383 -0.021875 -0.433314 -0.634375
2 -0.503125 -0.442899 -0.65625
2 -0.590625 -0.44667 -0.7875
0.466932 -1.20312 -0.437247 -0.634375
-1.51274 -0.56875 -0.410781 -0.48125
-2 0.7875 -0.37501 -0.546875
-2 0.240625 -0.346981 -0.74375
-0.43951 1.11563 -0.330981 -0.503125
1.35188 0.328125 -0.331262 -0.546875
2 -0.153125 -0.340447 -0.4375
2 -0.809375 -0.346544 -0.74375
0.821098 -0.853125 -0.327055 -0.503125
-0.39451 -0.39375 -0.313562 -0.415625
-2 -0.415625 -0.275757 -0.590625
-2 0.153125 -0.245983 -0.371875
-1.23275 0.809375 -0.23696 -0.56875
-0.23421 0.853125 -0.223759 -0.39375
2 0.35 -0.236542 -0.415625
2 -0.7 -0.245836 -0.415625
2 -1.00625 -0.248334 -0.415625
0.162448 -1.33438 -0.245127 -0.39375
-2 -0.525 -0.216516 -0.39375
-2 0.415625 -0.191503 -0.525
-2 0.65625 -0.16609 -0.415625
-1.0122 0.940625 -0.151834 0.175
0.45734 0.6125 -0.148518 0.175
1.91073 0.175 -0.155196 -0.415625
2 -0.678125 -0.167579 -0.459375
2 -1.00625 -0.181234 -0.56875
0.659057 -1.225 -0.180825 0
-0.42441 -0.721875 -0.167042 -0.459375
-2 -0.240625 -0.15424 -0.371875
-2 0.56875 -0.132025 -0.459375
-1.09911 0.875 -0.126492 -0.21875
-0.473893 0.546875 -0.121431 -0.240625
1.60488 0.503125 -0.134105 -0.415625
2 -0.503125 -0.145725 -0.48125
1.83919 -0.875 -0.155492 0.21875
1.05971 -1.02812 -0.160134 -0.240625
-0.175527 -0.984375 -0.15769 0.196875
-1.52328 -0.240625 -0.14129 0.065625
-1.87886 0.415625 -0.127034 0.153125
-1.26149 0.74375 -0.119647 -0.415625
-0.481443 0.678125 -0.122146 -0.503125
1.09493 0.525 -0.130859 -0.48125
1.67959 -0.371875 -0.140625 -0.415625
1.53203 -0.7 -0.14981 -0.4375
0.827982 -0.984375 -0.156088 -0.459375
-0.193993 -0.678125 -0.161021 -0.39375
-0.464535 -0.175 -0.161775 -0.39375
-1.18167 -0.04375 -0.156714 -0.21875
-0.901852 0.721875 -0.170842 -0.328125
-0.48421 0.525 -0.18566 -0.371875
0.725832 0.56875 -0.206475 -0.240625
1.23375 -0.371875 -0.238047 -0.240625
1.03341 -0.853125 -0.270201 -0.35
0.669973 -0.525 -0.29247 -0.196875
-0.248193 -0.74375 -0.321607 -0.30625
-0.463785 -0.04375 -0.335153 -0.503125
-0.968518 -0.13125 -0.346083 -0.546875
-0.476302 0.109375 -0.358466 -0.546875
0.151982 0.35 -0.375101 -0.56875
0.655973 -0.04375 -0.391264 -0.459375
0.89654 -0.415625 -0.41644 -0.56875
0.903365 -0.809375 -0.429696 -0.48125
0.461432 -0.328125 -0.441388 -0.459375
0.0391233 -0.546875 -0.451155 -0.546875
-0.462993 -0.415625 -0.449292 -0.7
-0.468393 0.35 -0.447029 -0.678125
-0.473343 0.39375 -0.457377 -0.546875
-0.265035 0.21875 -0.463364 -0.678125
0.521557 0.371875 -0.461392 -0.65625
0.657907 -0.39375 -0.474066 -0.590625
0.530832 -0.459375 -0.485577 -0.590625
0.376732 -0.0875 -0.496688 -0.590625
0.32599 -0.459375 -0.499186 -0.546875
-0.40901 -0.0875 -0.508262 -0.6125
-0.254793 -0.2625 -0.516284 -0.634375
-0.46646 0.196875 -0.519946 -0.65625
0.160515 0.21875 -0.529894 -0.678125
0.0831567 -0.2625 -0.544312 -0.721875
0.60939 0.21875 -0.551934 -0.765625
0.166148 -0.6125 -0.561992 -0.678125
0.244932 -0.503125 -0.575429 -0.896875
0.0341233 -0.284375 -0.58694 -0.83125
-0.413043 0.153125 -0.599214 -0.765625
-0.466402 0.284375 -0.60462 -0.83125
0.0829317 0.021875 -0.61922 -0.765625
0.320023 0.175 -0.630731 -0.809375
0.376565 -0.35 -0.655797 -0.7875
0.325373 0.196875 -0.675449 -0.7875
-0.120485 -0.284375 -0.688886 -0.875
-0.331293 0.065625 -0.709701 -0.91875
-0.255127 0.196875 -0.719649 -0.65625
-0.254843 0.284375 -0.739483 -0.809375
-0.0443683 0.2625 -0.758844 -0.83125
0.53289 0.153125 -0.775188 -0.940625
0.458148 0.065625 -0.794549 -0.896875
0.45974 -0.634375 -0.819616 -0.940625
0.25069 -0.6125 -0.823459 -0.875
0.092215 -0.459375 -0.839621 -1.02812
-0.460927 0.04375 -0.84201 -0.940625
0.0334567 0.065625 -0.847307 -0.91875
0.321573 0.175 -0.858527 -0.91875
0.324023 -0.546875 -0.861207 -0.9625
0.380565 -0.56875 -0.864177 -1.15938
0.328065 -0.48125 -0.86086 -1.07187
0.251157 -0.153125 -0.869936 -1.05
0.173798 -0.109375 -0.856916 -1.18125
0.251273 -0.459375 -0.840516 -1.11563
-0.038035 0.13125 -0.830112 -1.09375
0.171582 0.13125 -0.836862 -1.07187
0.092915 0 -0.810468 -1.09375
0.330007 -0.4375 -0.799301 -1.07187
0.17284 0.196875 -0.803434 -1.07187
0.252932 -0.35 -0.793321 -1.09375
0.04474 -0.021875 -0.780301 -1.07187
0.0445733 0.153125 -0.765246 -1.15938
0.174382 0.0875 -0.771233 -0.984375
0.0433817 0 -0.76141 -1.1375
0.174498 -0.109375 -0.752751 -0.984375
0.33264 0.153125 -0.73159 -1.07187
0.252665 -0.109375 -0.730781 -0.984375
0.043615 -0.415625 -0.720959 -1.05
0.174282 -0.39375 -0.70881 -0.896875
-0.114577 0 -0.696662 -1.05
-0.0375517 0.39375 -0.670959 -0.896875
0.0918067 0.175 -0.671603 -0.9625
0.250398 -0.48125 -0.653059 -0.896875
0.33004 -0.04375 -0.651959 -1.00625
0.331182 -0.13125 -0.640973 -0.853125
-0.193177 0.021875 -0.628825 -0.91875
-0.03896 0 -0.614351 -0.83125
0.169348 0.021875 -0.60104 -0.853125
0.248132 -0.2625 -0.575699 -0.91875
0.248415 -0.13125 -0.57827 -0.853125
0.039365 -0.0875 -0.560307 -0.765625
0.0906733 -0.284375 -0.547759 -0.7875
-0.459852 0.021875 -0.533866 -0.7875
0.167123 0.415625 -0.513468 -0.83125
0.0365733 -0.04375 -0.506262 -0.721875
0.038165 -0.196875 -0.509996 -0.74375
0.246473 0.240625 -0.483892 -0.721875
0.166948 -0.2625 -0.479484 -0.765625
0.0337817 -0.240625 -0.458505 -0.48125
-0.126002 -0.175 -0.453044 -0.721875
-0.128335 0.30625 -0.450381 -0.590625
-0.130668 0.2625 -0.419516 -0.65625
-0.262527 0.2625 -0.419288 -0.678125
-0.26486 0.39375 -0.407903 -0.590625
0.07559 0.284375 -0.386633 -0.6125
0.154373 0.2625 -0.384951 -0.546875
0.231848 -0.175 -0.375892 -0.65625
0.02149 -0.196875 -0.362471 -0.74375
-0.267818 -0.13125 -0.350033 -0.809375
-0.480793 0.4375 -0.344171 -0.546875
0.0153483 0.021875 -0.330751 -0.546875
-0.221177 0 -0.317621 -0.503125
0.14544 -0.065625 -0.316521 -0.503125
-0.22061 -0.109375 -0.308334 -0.65625
0.145557 0.503125 -0.296077 -0.546875
0.221723 -0.284375 -0.288181 -0.4375
-0.433468 0.153125 -0.281447 -0.371875
0.0626733 0.6125 -0.278021 -0.30625
-0.278968 -0.30625 -0.273905 -0.415625
0.138673 0.459375 -0.260194 -0.2625
0.137648 -0.13125 -0.248227 -0.4375
0.00709833 -0.065625 -0.252251 -0.39375
-0.36071 -0.240625 -0.239703 -0.415625
-0.281927 0.459375 -0.236459 -0.196875
0.214215 -0.109375 -0.230888 -0.328125
0.005165 0.065625 -0.230951 -0.2625
0.135832 -0.0875 -0.22131 -0.153125
0.00397333 -0.175 -0.21574 -0.4375
0.00294833 -0.196875 -0.21017 -0.21875
-0.235335 -0.175 -0.203436 -0.4375
0.0514733 -0.065625 -0.197866 -0.196875
-0.0816933 -0.240625 -0.189679 -0.0875
0.205973 0.525 -0.178003 -0.415625
-0.004385 -0.284375 -0.178829 -0.0875
-0.24091 -0.175 -0.174131 -0.459375
0.202448 -0.04375 -0.162746 -0.35
-0.24341 -0.21875 -0.166188 -0.371875
-0.166385 -0.13125 -0.159746 -0.04375
0.0419233 0.525 -0.158827 -0.0875
-0.0912433 0.109375 -0.156746 -0.415625
0.117923 0.4375 -0.150012 -0.021875
0.03709 -0.153125 -0.146077 -0.109375
-0.0167183 -0.196875 -0.143705 -0.39375
-0.0190517 0.2625 -0.150055 -0.0875
-0.0205267 0.328125 -0.147683 -0.503125
-0.257052 0.2625 -0.145892 0.065625
-0.101527 0.30625 -0.137705 -0.13125
0.183973 0.2625 -0.138531 0.065625
-0.105335 -0.21875 -0.143318 -0.0875
0.0244733 0.30625 -0.14269 -0.240625
0.181307 0.2625 -0.152238 -0.240625
-0.03036 -0.175 -0.146377 -0.56875
-0.529002 -0.13125 -0.14982 -0.021875
-0.112668 0.39375 -0.156642 -0.196875
-0.191335 0.328125 -0.157468 -0.39375
0.175282 0.30625 -0.171086 -0.21875
-0.0355267 -0.13125 -0.171621 -0.415625
-0.113743 0.284375 -0.17292 -0.415625
0.0143067 0.284375 -0.184794 -0.415625
-0.27631 0.30625 -0.192888 -0.4375
-0.120335 0.30625 -0.198075 -0.065625
0.00902333 0.35 -0.210712 -0.4375
-0.490477 -0.175 -0.224331 -0.2625
0.00652333 0.56875 -0.244927 -0.415625
0.243165 0.2625 -0.267159 -0.371875
0.0864483 -0.30625 -0.289209 -0.153125
0.00692333 -0.021875 -0.305916 -0.21875
-0.125793 -0.21875 -0.314373 -0.30625
-0.0483183 0.284375 -0.329627 -0.678125
0.00168167 0.065625 -0.349242 -0.284375
-0.288485 0 -0.366531 -0.634375
-0.290368 0.04375 -0.379459 -0.74375
-0.133085 0.328125 -0.400236 -0.678125
-0.343443 0.0875 -0.421305 -0.48125
0.0755067 0.371875 -0.431507 -0.48125
0.23324 0.021875 -0.444144 -0.590625
-0.00459333 -0.04375 -0.455618 -0.546875
-0.556427 0 -0.461568 -0.39375
-0.560068 0.021875 -0.469734 -0.503125
-0.56371 -0.021875 -0.468125 -0.525
-0.303068 -0.021875 -0.47582 -0.525
-0.144027 0.65625 -0.482642 -0.525
0.06559 0.153125 -0.484994 -0.6125
-0.14346 -0.13125 -0.492688 -0.546875
-0.565768 0.546875 -0.492242 -0.525
-0.570718 0.021875 -0.49692 -0.6125
-0.575668 0.74375 -0.492694 -0.634375
-0.580618 0.590625 -0.490794 -0.65625
-0.373618 0.634375 -0.48297 -0.65625
-0.453143 0.525 -0.495897 -0.7
-0.246143 0.153125 -0.49476 -0.525
-0.589502 0.74375 -0.49664 -0.65625
-0.042335 0.65625 -0.503753 -0.74375
-0.596785 0.109375 -0.499418 -0.6125
-0.601735 0.809375 -0.505368 -0.74375
-0.606685 0.765625 -0.503068 -0.678125
-0.610327 0.853125 -0.508146 -0.74375
-0.0644683 0.65625 -0.514568 -0.7875
-0.0654933 0.371875 -0.524588 -0.634375
-0.069135 0.721875 -0.529266 -0.678125
-0.623585 0.48125 -0.534344 -0.809375
-0.628535 0.196875 -0.534079 -0.56875
-0.633935 0.6125 -0.542064 -0.83125
-0.638885 0.240625 -0.550812 -0.634375
-0.144052 0.74375 -0.564612 -0.678125
-0.0940517 0.13125 -0.574523 -0.678125
-0.096385 0.7 -0.591994 -0.7
-0.650835 0.2625 -0.597653 -0.853125
-0.655785 0.74375 -0.610181 -0.74375
-0.660735 0.546875 -0.625034 -0.56875
-0.533543 0.765625 -0.635055 -0.853125
-0.115902 0.65625 -0.645547 -0.634375
-0.171018 0.525 -0.654586 -0.721875
-0.41016 0.525 -0.656466 -0.74375
-0.256802 0.546875 -0.662307 -0.721875
-0.680418 0.525 -0.660297 -0.7
-0.685368 0.65625 -0.654618 -0.896875
-0.690768 0.74375 -0.65697 -0.896875
-0.69441 0.7 -0.654088 -0.7875
-0.355268 0.74375 -0.651788 -0.721875
-0.277793 0.634375 -0.642329 -0.56875
-0.200318 0.590625 -0.634214 -0.83125
-0.28291 0.546875 -0.625809 -0.9625
-0.706527 0.65625 -0.61246 -0.91875
-0.711477 0.678125 -0.601729 -0.91875
-0.716427 0.721875 -0.58431 -0.74375
-0.721827 0.765625 -0.570781 -0.875
-0.51221 0.809375 -0.561794 -0.9625
-0.30521 0.765625 -0.55426 -0.940625
-0.175852 0.634375 -0.542657 -0.590625
-0.310327 0.590625 -0.53396 -0.809375
-0.313968 0.678125 -0.519449 -0.7875
-0.738035 0.4375 -0.514823 -0.853125
-0.742985 0.678125 -0.495079 -0.7875
-0.747935 0.896875 -0.491907 -0.65625
-0.753335 0.809375 -0.477396 -0.74375
-0.545027 0.853125 -0.479747 -0.721875
-0.205885 0.74375 -0.471633 -0.678125
-0.627335 0.634375 -0.466425 -0.7
-0.500143 0.525 -0.460055 -0.7
-0.76721 0.984375 -0.457464 -0.634375
-0.77216 0.984375 -0.455746 -0.634375
-0.776252 0.6125 -0.446759 -0.546875
-0.147968 1.07187 -0.445331 -0.634375
-0.437277 0.35 -0.447392 -0.459375
-0.150468 0.6125 -0.437823 -0.525
-0.729777 0.765625 -0.439303 -0.546875
-0.78751 0.7875 -0.427118 -0.56875
-0.79246 0.74375 -0.424527 -0.503125
-0.796102 0.875 -0.406418 -0.6125
-0.377152 0.634375 -0.413894 -0.459375
-0.00877667 0.74375 -0.400436 -0.546875
-0.166802 0.328125 -0.389014 -0.503125
-0.798443 0.546875 -0.363055 -0.503125
-0.804252 0.590625 -0.346981 -0.6125
-0.809202 1.02812 -0.33207 -0.6125
-0.814152 1.02812 -0.315705 -0.4375
-0.10561 1.07187 -0.313005 -0.56875
-0.394468 0.371875 -0.30827 -0.39375
-0.18616 0.83125 -0.294812 -0.48125
-0.81911 0.7875 -0.275831 -0.503125
-0.82361 0.74375 -0.260629 -0.35
-0.829868 1.02812 -0.249097 -0.525
-0.832202 0.678125 -0.244071 -0.371875
-0.205227 0.940625 -0.232359 -0.415625
-0.334018 0.853125 -0.224134 -0.48125
-0.702685 0.83125 -0.206897 -0.371875
-0.838468 0.853125 -0.195475 -0.4375
-0.843418 0.7 -0.193357 -0.546875
-0.84706 1.00625 -0.174557 -0.30625
-0.50616 0.765625 -0.168949 -0.328125
-0.295235 0.74375 -0.163342 -0.2625
-0.00711833 0.896875 -0.159188 -0.04375
-0.428118 0.48125 -0.147075 -0.196875
-0.851735 0.590625 -0.136816 -0.35
-1.06864 0.546875 -0.127429 -0.240625
-0.864252 1.00625 -0.105831 -0.021875
-0.314468 0.91875 -0.101568 0
0.265857 0.56875 -0.0994493 -0.021875
-0.0727183 0.459375 -0.0961678 -0.30625
-0.652027 0.56875 -0.08609 -0.284375
-0.868927 0.7 -0.0705974 -0.021875
-1.21666 0.546875 -0.0573215 0
-0.880135 1.05 -0.0531678 -0.065625
0.0399067 1.02812 -0.0475604 -0.30625
0.333257 0.39375 -0.0566715 -0.13125
0.206632 0.525 -0.0510641 0
-0.871152 0.459375 -0.0450567 -0.065625
-1.22019 0.7875 -0.0347974 0.021875
-1.5169 0.984375 -0.0215215 -0.153125
-0.891235 1.20312 -0.0167863 -0.153125
0.529898 0.91875 -0.0180474 -0.0875
1.06222 0.196875 -0.0263956 -0.196875
0.335073 -0.065625 -0.0294011 -0.065625
-0.873543 0.39375 -0.0214678 -0.021875
-1.9631 0.546875 -0.00266778 -0.2625
-1.52976 1.24687 0.0010137 0.065625
-0.901477 1.20312 0.00167852 -0.04375
1.33867 1.1375 -0.017027 0.13125
1.77594 0.196875 -0.0358419 -0.065625
0.630982 -0.459375 -0.0542567 -0.04375
-0.869393 0.153125 -0.0476678 -0.175
-2 0.240625 -0.0382807 -0.175
-2 0.678125 -0.0206437 -0.371875
-1.54495 1.26875 -0.0341159 -0.175
0.875298 0.940625 -0.0557289 -0.240625
2 0.48125 -0.10042 -0.153125
1.99318 -0.503125 -0.123196 0.021875
-0.0213683 -0.765625 -0.140738 -0.153125
-1.7119 0.13125 -0.14636 -0.284375
-2 0.371875 -0.141916 -0.196875
-2 0.940625 -0.146957 -0.240625
-0.918202 0.9625 -0.162173 -0.240625
1.37514 0.6125 -0.198033 -0.109375
2 0.328125 -0.246394 0.021875
1.70672 -0.809375 -0.279055 -0.2625
-0.518927 -0.2625 -0.287984 -0.109375
-2 0.109375 -0.296514 -0.21875
-2 0.590625 -0.282366 -0.546875
-1.82817 1.24687 -0.277521 -0.503125
-0.358627 1.29062 -0.284888 -0.65625
2 0.809375 -0.318131 -0.459375
2 -0.196875 -0.342651 -0.371875
1.00898 -0.56875 -0.35089 -0.546875
-0.856868 -0.48125 -0.355931 -0.415625
-2 0.196875 -0.338294 -0.459375
-2 0.875 -0.315133 -0.590625
-1.91054 1.07187 -0.319192 -0.415625
-0.915918 1.24687 -0.323833 -0.4375
1.61251 0.853125 -0.333125 -0.39375
2 0.065625 -0.371201 -0.590625
1.98988 -0.56875 -0.392705 -0.371875
-0.0255267 -0.74375 -0.392112 -0.459375
-0.874352 -0.240625 -0.39152 -0.7
-2 0.415625 -0.37261 -0.175
-2 0.853125 -0.37289 -0.2625
-1.84122 1.02812 -0.36561 -0.7
-0.924652 1.26875 -0.376647 -0.371875
1.73678 0.940625 -0.400768 -0.459375
2 -0.459375 -0.445821 -0.65625
1.11896 -0.765625 -0.464709 -0.56875
-0.877277 -0.240625 -0.473129 -0.35
-2 0.634375 -0.474753 -0.634375
-2 1.09375 -0.461077 -0.4375
-1.93049 0.74375 -0.472986 -0.39375
-0.720002 0.896875 -0.501759 -0.6125
2 0.48125 -0.544196 -0.56875
2 -0.6125 -0.587686 -0.525
1.41126 -0.65625 -0.62489 -0.634375
-0.870185 -0.721875 -0.644359 -0.65625
-2 -0.0875 -0.639114 -0.634375
-2 0.48125 -0.630271 -0.721875
-2 1.18125 -0.632586 -0.74375
-0.939252 1.05 -0.641588 -0.634375
1.72349 0.35 -0.663564 -0.765625
2 -0.48125 -0.694953 -0.678125
1.92423 -0.634375 -0.71751 -0.83125
-0.61496 -0.7875 -0.70994 -0.853125
-2 -0.109375 -0.68696 -1.07187
-2 0.809375 -0.670268 -0.875
-2 1.00625 -0.649614 -0.875
-1.64741 1.33438 -0.627979 -1.02812
-0.93801 1.02812 -0.622734 -0.7875
1.35578 0.9625 -0.635697 -0.7875
2 0.2625 -0.649351 -0.7875
1.18017 -0.590625 -0.648068 -0.875
-0.54916 -0.546875 -0.632647 -0.853125
-2 0.196875 -0.616246 -0.7875
-2 0.4375 -0.587342 -0.765625
-2 0.83125 -0.563199 -0.721875
-0.942285 1.72812 -0.552031 -0.809375
0.928915 0.9625 -0.567429 -0.7
1.89082 -0.109375 -0.562366 -0.721875
1.25002 -0.546875 -0.566316 -0.74375
-0.767143 -0.415625 -0.566886 -0.65625
-2 0.4375 -0.522864 -0.721875
-2 0.83125 -0.505881 -0.721875
-2 1.70625 -0.481047 -0.634375
-0.957477 1.79375 -0.464173 -0.7
1.20417 0.7 -0.464344 -0.634375
2 0.0875 -0.469166 -0.721875
1.36959 -0.6125 -0.464684 -0.678125
-0.358435 -0.459375 -0.441014 -0.634375
-2 0.175 -0.416581 -0.590625
-2 0.634375 -0.374884 -0.546875
-2 1.11563 -0.347144 -0.590625
-0.976593 1.6625 -0.328707 -0.503125
1.31589 1.02812 -0.328877 -0.634375
2 0.21875 -0.333699 -0.459375
1.42852 -0.525 -0.331544 -0.6125
-0.876477 -0.4375 -0.300023 -0.678125
-2 0.678125 -0.28304 -0.459375
-2 1.225 -0.235529 -0.4375
-1.98685 0.853125 -0.207788 -0.48125
-0.993993 1.15938 -0.190223 -0.328125
1.37961 1.18125 -0.193301 -0.240625
2 0.371875 -0.202775 -0.35
1.20571 -0.4375 -0.20876 -0.459375
-0.445118 -0.175 -0.192359 -0.2625
-2 0.634375 -0.163746 -0.175
-2 1.26875 -0.120196 -0.30625
-2 1.6625 -0.0906011 -0.2625
-1.00918 1.61875 -0.0790326 -0.13125
1.22966 0.7 -0.0799659 -0.065625
2 0.503125 -0.102414 -0.065625
1.266 -0.6125 -0.0899733 -0.0875
-0.830977 -0.634375 -0.0743344 -0.30625
-2 0.39375 -0.0476474 -0.065625
-2 0.678125 -0.0107844 0
-2 1.1375 0.0148489 0.065625
-1.02519 1.8375 0.0284526 -0.021875
1.21757 1.33438 0.0193785 0.04375
2 0.30625 0.00943222 -0.021875
1.25784 -0.196875 0.00250259 -0.0875
-0.551302 -0.4375 0.0114544 -0.021875
-2 0.13125 0.0369785 0.021875
-2 1.37813 0.0710433 0.021875
-2 1.29062 0.0927878 0
-1.45901 1.64062 0.106682 0
1.19981 1.3125 0.101788 0.109375
2 -0.13125 0.0883526 0
1.95005 -0.56875 0.0773526 0
-0.350577 -0.39375 0.0831063 0
-2 0.021875 0.102053 0.0875
-2 1.05 0.138043 0.0875
-2 1.11563 0.159606 0.196875
-1.31369 1.8375 0.168558 0.04375
0.897682 0.765625 0.156977 0.0875
2 0.546875 0.145867 0.153125
1.85726 -0.240625 0.130216 0.371875
0.001015 -0.853125 0.129864 0.0875
-1.26909 -0.153125 0.142123 0.153125
-2 0.590625 0.16514 -0.065625
-2 1.4875 0.183104 0.109375
-1.40431 1.35625 0.192747 0.065625
0.51399 1.1375 0.191632 0.109375
1.89326 0.328125 0.177616 0.021875
2 -0.30625 0.160801 0.35
1.21349 -0.875 0.158232 -0.196875
-0.464818 -0.459375 0.157699 0.196875
-1.94295 0 0.171993 0.371875
-2 0.940625 0.185016 -0.21875
-2 1.225 0.199019 -0.0875
-1.06421 1.35625 0.199649 -0.04375
1.01501 0.853125 0.183997 0.109375
2 0.153125 0.168636 0.153125
2 -0.546875 0.13583 0.240625
0.558807 -0.809375 0.119888 0.153125
-1.01876 -0.48125 0.0984211 -0.04375
-2 0.175 0.112716 0.284375
-2 0.875 0.11538 0.04375
-2 1.1375 0.106125 0.21875
-1.07433 1.3125 0.0916359 0.153125
1.0847 0.940625 0.0608656 0.0875
2 0.13125 -0.00828259 0.153125
1.99542 -0.721875 -0.0483567 0.065625
0.115623 -1.1375 -0.0849419 0.109375
-1.15755 -0.371875 -0.100884 0.065625
-2 0.21875 -0.104616 0.415625
-2 0.984375 -0.106603 0.35
-1.12968 1.26875 -0.111388 0.0875
0.0546483 0.940625 -0.134018 0.13125
1.88137 0.284375 -0.152286 0.04375
2 -0.56875 -0.189453 0.21875
1.12788 -0.984375 -0.200053 -0.284375
-1.02188 -0.196875 -0.198551 0
-2 0.30625 -0.182512 -0.021875
-2 1.1375 -0.157642 -0.371875
-1.69527 1.15938 -0.150034 -0.0875
-0.35656 1.00625 -0.14697 -0.196875
1.6808 0.56875 -0.166401 -0.39375
2 0.021875 -0.193864 -0.371875
1.22038 -0.634375 -0.208934 -0.415625
-0.378568 -0.503125 -0.219534 -0.371875
-2 -0.196875 -0.211818 -0.328125
-2 0.875 -0.201594 -0.328125
-2 1.1375 -0.207542 -0.371875
-1.19997 1.4 -0.201097 -0.503125
0.935515 1.1375 -0.239609 -0.30625
2 0.240625 -0.272014 -0.35
1.41972 -0.284375 -0.302203 -0.415625
-0.177927 -0.04375 -0.330247 -0.35
-2 -0.065625 -0.328055 -0.4375
-2 0.940625 -0.331968 -0.546875
-2 1.37813 -0.344131 -0.503125
-1.07783 1.4875 -0.366942 -0.196875
1.21551 1.07187 -0.406325 -0.48125
2 0.196875 -0.445999 -0.503125
1.77821 -0.503125 -0.480149 -0.48125
-0.527235 -0.6125 -0.500925 -0.525
-2 0.39375 -0.492336 -0.39375
-2 0.984375 -0.488799 -0.4375
-2 1.29062 -0.493294 -0.415625
-1.09527 1.59688 -0.512616 -0.459375
1.14312 0.83125 -0.538334 -0.56875
2 0.525 -0.558529 -0.590625
1.2309 -0.7 -0.574071 -0.65625
-0.999977 -0.503125 -0.570716 -0.6125
-2 0.6125 -0.54719 -0.6125
-2 0.940625 -0.511853 -0.525
-2 1.37813 -0.490471 -0.6125
-1.12624 1.59688 -0.482755 -0.678125
1.53781 1.26875 -0.490738 -0.546875
2 0.021875 -0.507734 -0.721875
0.994515 -0.065625 -0.497983 -0.7875
-1.08198 -0.328125 -0.491029 -0.721875
-2 0.7875 -0.450749 -0.6125
-2 1.29062 -0.418029 -0.65625
-2 1.20312 -0.398973 -0.590625
-1.16638 1.64062 -0.385623 -0.546875
1.20808 1.02812 -0.396514 -0.525
2 0.35 -0.411766 -0.590625
0.376957 -0.153125 -0.404231 -0.48125
-1.62758 -0.35 -0.38692 -0.546875
-2 0.853125 -0.352927 -0.546875
-2 1.61875 -0.31381 -0.56875
-2 1.59688 -0.28516 -0.48125
-1.15463 1.8375 -0.277625 -0.371875
1.61364 1.3125 -0.295203 -0.546875
2 0.196875 -0.298425 -0.415625
0.619832 -0.48125 -0.277625 -0.546875
-2 -0.284375 -0.251773 -0.415625
-2 1.33438 -0.199173 -0.35
-2 1.07187 -0.153151 -0.48125
-2 1.6625 -0.119812 -0.30625
-1.22003 1.44375 -0.111877 -0.196875
1.76064 1.07187 -0.0998715 -0.21875
2 0.21875 -0.112179 -0.21875
0.935648 -0.153125 -0.115873 -0.2625
-1.22629 -0.371875 -0.0790456 0
-2 0.7875 -0.0309881 -0.240625
-2 1.05 0.00961926 -0.04375
-2 1.575 0.04721 0
-1.32329 1.64062 0.0479859 -0.196875
1.05162 1.4 0.0599915 0.109375
2 0.39375 0.0503007 0.109375
1.29816 -0.109375 0.0448619 0.0875
-1.27244 -0.6125 0.0741304 0.065625
-2 0.503125 0.10369 0.0875
-2 1.4 0.150003 0.153125
-2 1.53125 0.178108 0.153125
-1.35504 1.55313 0.208249 0.175
1.22876 1.07187 0.195832 0.13125
2 0.21875 0.183234 0.153125
0.845982 -0.459375 0.209886 0.153125
-1.30856 0.153125 0.222582 0.196875
-2 0.9625 0.274238 0.21875
-2 1.225 0.314845 0.196875
-2 1.61875 0.341497 0.240625
-1.3903 1.55313 0.355538 0.21875
0.904798 1.61875 0.353697 0.328125
2 0.175 0.343425 0.2625
0.938932 -0.503125 0.34798 0.328125
-1.34644 -0.21875 0.368817 0.30625
-2 0.7875 0.404773 0.109375
-2 1.35625 0.43753 0.39375
-2 1.4875 0.463419 0.39375
-1.42557 1.575 0.480477 0.634375
0.577323 1.37813 0.474856 0.021875
1.61773 0.4375 0.466329 0.175
0.895815 0.021875 0.460127 0.503125
-0.964802 0.2625 0.462647 0.39375
-2 0.74375 0.492606 0.284375
-2 1.4 0.507047 0.503125
-2 1.59688 0.515964 0.415625
-1.45127 1.68437 0.503184 0.678125
1.00214 1.575 0.470234 0.503125
1.81052 0.175 0.439901 0.30625
0.880582 -0.065625 0.409967 0.328125
-1.41048 -0.284375 0.399404 0.48125
-2 0.875 0.406577 0.371875
-2 1.35625 0.402119 0.4375
-2 1.55313 0.392719 0.525
-1.48834 1.50937 0.363549 0.678125
1.33226 1.64062 0.309956 0.503125
2 0.21875 0.251421 0.525
1.13961 -0.0875 0.201317 0.678125
-1.43405 -0.371875 0.176217 0.503125
-2 0.6125 0.154025 0.56875
-2 1.37813 0.171191 0.48125
-2 1.61875 0.160047 0.48125
-1.51105 1.37813 0.138727 0.459375
1.22974 1.75 0.109666 0.4375
2 0.04375 0.0746804 0.415625
1.35239 -0.196875 0.0597563 0.2625
-1.45415 -0.196875 0.0449415 0.30625
-2 0.48125 0.0683952 0.21875
-2 1.44375 0.089523 0.109375
-2 1.46562 0.10291 -0.240625
-1.53508 1.68437 0.0842063 0.04375
0.99769 1.29062 0.059797 -0.021875
2 0.13125 0.0251026 0
1.24942 -0.634375 -0.00076037 -0.021875
-1.47993 -0.415625 -0.0209178 -0.0875
-2 0.6125 -0.013927 0.021875
-2 1.4875 -0.02409 -0.04375
-2 1.09375 -0.0448289 -0.065625
-1.56 1.88125 -0.0901715 0
1.02379 1.4875 -0.158192 -0.0875
2 0.56875 -0.235807 0.04375
0.935348 -0.503125 -0.315857 -0.153125
-1.50793 0.13125 -0.369631 -0.153125
-2 1.05 -0.393749 -0.109375
-2 1.11563 -0.416123 -0.175
-2 1.50937 -0.439951 -0.153125
-1.58145 1.81563 -0.473192 -0.153125
1.07953 1.18125 -0.508649 -0.503125
2 0.48125 -0.550794 -0.48125
1.27892 -0.065625 -0.572877 -0.590625
-1.52893 -0.415625 -0.568103 -0.6125
-2 1.05 -0.544031 -0.65625
-2 1.50937 -0.517342 -0.74375
-2 1.59688 -0.505662 -0.853125
-1.60936 1.64062 -0.502523 -0.678125
0.392673 1.59688 -0.514794 -0.678125
1.56784 0.590625 -0.54509 -0.809375
1.08751 0 -0.582073 -0.765625
-1.56289 -0.415625 -0.57312 -0.721875
-2 1.26875 -0.575105 -1.20312
-2 1.26875 -0.572257 -0.7875
-2 1.6625 -0.588888 -0.546875
-1.2168 1.79375 -0.606283 -0.678125
0.737682 1.4875 -0.661001 -0.940625
1.05327 0.415625 -0.742068 -0.809375
-1.45975 -0.109375 -0.773527 -0.875
-2 1.35625 -0.787142 -0.83125
-2 1.88125 -0.80232 -0.7
-1.65474 1.575 -0.844718 -0.74375
0.938657 1.88125 -0.911066 -1.1375
1.61882 0.525 -0.948812 -0.896875
-0.31461 0.021875 -0.947999 -0.9625
-2 0.65625 -0.936901 -1.02812
-2 1.70625 -0.899055 -0.984375
-2 1.81563 -0.855684 -1.11563
-2 1.70625 -0.82667 -1.07187
-0.480702 1.96875 -0.813536 -1.07187
0.977923 1.05 -0.812033 -1.07187
0.419098 0.459375 -0.809366 -1.11563
