8.800000000000000000e+01 6.300000000000000000e+01
8.400000000000000000e+01 6.000000000000000000e+01
8.300000000000000000e+01 6.000000000000000000e+01
7.700000000000000000e+01 6.100000000000000000e+01
7.600000000000000000e+01 6.200000000000000000e+01
6.900000000000000000e+01 6.400000000000000000e+01
6.800000000000000000e+01 6.400000000000000000e+01
6.200000000000000000e+01 6.600000000000000000e+01
6.100000000000000000e+01 6.600000000000000000e+01
5.400000000000000000e+01 6.800000000000000000e+01
5.300000000000000000e+01 6.800000000000000000e+01
4.700000000000000000e+01 7.000000000000000000e+01
4.600000000000000000e+01 7.000000000000000000e+01
4.000000000000000000e+01 7.100000000000000000e+01
3.900000000000000000e+01 7.100000000000000000e+01
3.600000000000000000e+01 7.200000000000000000e+01
