torque_1,torque_1_t,torque_2,torque_2_t
0.232023,14.5015,-0.242606,15.1628
0.222423,13.9015,-0.235106,14.6941
0.213123,13.3202,-0.227606,14.2253
0.203523,12.7202,-0.220106,13.7566
0.193923,12.1202,-0.212606,13.2878
0.184623,11.539,-0.205406,12.8378
0.175023,10.939,-0.197906,12.3691
0.165723,10.3577,-0.190406,11.9003
0.156123,9.75771,-0.183206,11.4503
0.146523,9.15771,-0.175706,10.9816
0.137223,8.57646,-0.167333,10.4583
0.127623,7.97646,-0.160133,10.0083
0.118323,7.39521,-0.152633,9.53958
0.108723,6.79521,-0.145133,9.07083
0.0991233,6.19521,-0.137933,8.62083
0.0898233,5.61396,-0.130433,8.15208
0.0802233,5.01396,-0.123233,7.70208
0.0709233,4.43271,-0.115733,7.23333
0.0613233,3.83271,-0.108533,6.78333
0.0537585,3.35991,-0.101903,6.36892
0.0444004,2.77502,-0.0947,5.91875
0.0347451,2.17157,-0.0871977,5.44986
0.0253927,1.58704,-0.0799956,4.99972
0.0157428,0.983925,-0.0724937,4.53086
0.00609543,0.380965,-0.0652921,4.08075
-0.00324956,-0.203097,-0.0577906,3.61191
-0.0128923,-0.805769,-0.0505893,3.16183
-0.0222329,-1.38956,-0.0430882,2.69301
-0.0318715,-1.99197,-0.0358872,2.24295
-0.0412081,-2.57551,-0.0286864,1.7929
-0.050843,-3.17768,-0.0211857,1.32411
-0.060476,-3.77975,-0.0139851,0.874071
-0.0698074,-4.36297,-0.00678466,0.424041
-0.0794373,-4.96483,0.000715712,-0.044732
-0.0887657,-5.54785,0.007916,-0.49475
-0.0983926,-6.14954,0.0151162,-0.944762
-0.107718,-6.73239,0.0226163,-1.41352
-0.117342,-7.33391,0.0298164,-1.86352
-0.125793,-7.86209,0.0361442,-2.25901
-0.135415,-8.46346,0.0433441,-2.70901
-0.144736,-9.04601,0.050844,-3.17775
-0.154356,-9.64725,0.0580439,-3.62774
-0.163675,-10.2297,0.0652437,-4.07773
-0.173293,-10.8308,0.0724434,-4.52772
-0.18291,-11.4319,0.0796432,-4.9777
-0.192226,-12.0141,0.0868429,-5.42768
-0.201841,-12.6151,0.0940426,-5.87766
-0.210283,-13.1427,0.10067,-6.29188
-0.219897,-13.7436,0.10787,-6.74186
-0.22921,-14.3256,0.115069,-7.19183
-0.238823,-14.9264,0.122269,-7.64181
-0.235051,-14.6907,0.128627,-8.03918
-0.245273,-15.3296,0.135854,-8.49087
-0.254292,-15.8932,0.142206,-8.88787
-0.264453,-16.5283,0.149428,-9.33923
-0.274286,-17.1429,0.156647,-9.79043
-0.28352,-17.72,0.162992,-10.187
-0.293301,-18.3313,0.170207,-10.6379
-0.295799,-18.4875,0.17569,-10.9806
-0.305824,-19.114,0.182914,-11.4321
-0.316113,-19.7571,0.190136,-11.8835
-0.325195,-20.3247,0.196482,-12.2801
-0.335117,-20.9448,0.203398,-12.7124
-0.344435,-21.5272,0.20974,-13.1088
-0.345864,-21.6165,0.216099,-13.5062
-0.35434,-22.1463,0.222456,-13.9035
-0.354388,-22.1492,0.228833,-14.3021
-0.35341,-22.0881,0.235232,-14.702
-0.356978,-22.3111,0.240465,-15.0291
-0.367733,-22.9833,0.246862,-15.4289
-0.378087,-23.6304,0.25325,-15.8281
-0.387772,-24.2357,0.257886,-16.1179
-0.390378,-24.3987,0.263978,-16.4986
-0.389215,-24.3259,0.269518,-16.8449
-0.387039,-24.19,0.275077,-17.1923
-0.398434,-24.9021,0.281497,-17.5935
-0.402421,-25.1513,0.287623,-17.9765
-0.407507,-25.4692,0.292304,-18.269
-0.413555,-25.8472,0.298732,-18.6707
-0.42438,-26.5238,0.303974,-18.9984
-0.435341,-27.2088,0.309504,-19.344
-0.434799,-27.1749,0.31475,-19.6719
-0.436406,-27.2754,0.320307,-20.0192
-0.439483,-27.4677,0.324996,-20.3123
-0.4442,-27.7625,0.331134,-20.6959
-0.453181,-28.3238,0.336691,-21.0432
-0.464714,-29.0446,0.341933,-21.3708
-0.467917,-29.2448,0.345736,-21.6085
-0.466356,-29.1473,0.350127,-21.8829
-0.478291,-29.8932,0.355674,-22.2296
-0.489435,-30.5897,0.360034,-22.5021
-0.488732,-30.5458,0.365583,-22.8489
-0.490778,-30.6736,0.369095,-23.0684
-0.501783,-31.3614,0.374338,-23.3961
-0.506219,-31.6387,0.379884,-23.7427
-0.505587,-31.5992,0.3834,-23.9625
-0.507943,-31.7465,0.388094,-24.2559
-0.515177,-32.1986,0.392484,-24.5303
-0.52127,-32.5794,0.395998,-24.7499
-0.520124,-32.5077,0.401573,-25.0983
-0.533668,-33.3542,0.405956,-25.3723
-0.545756,-34.1097,0.41032,-25.645
-0.543617,-33.9761,0.41413,-25.8831
-0.550361,-34.3976,0.418508,-26.1568
-0.552456,-34.5285,0.422895,-26.4309
-0.554251,-34.6407,0.425545,-26.5966
-0.554843,-34.6777,0.429377,-26.8361
-0.557775,-34.8609,0.434659,-27.1662
-0.568506,-35.5316,0.438181,-27.3863
-0.581657,-36.3536,0.441681,-27.6051
-0.591578,-36.9736,0.445169,-27.823
-0.590588,-36.9118,0.448972,-28.0608
-0.596094,-37.2559,0.452474,-28.2796
-0.595262,-37.2039,0.45599,-28.4994
-0.609061,-38.0663,0.458612,-28.6633
-0.619312,-38.707,0.461221,-28.8263
-0.622989,-38.9368,0.464706,-29.0441
-0.625371,-39.0857,0.468199,-29.2624
-0.624776,-39.0485,0.471705,-29.4816
-0.630941,-39.4338,0.475209,-29.7005
-0.634816,-39.676,0.477841,-29.8651
-0.642863,-40.1789,0.480465,-30.0291
-0.647353,-40.4596,0.483962,-30.2477
-0.65865,-41.1656,0.487445,-30.4653
-0.658382,-41.1489,0.490069,-30.6293
-0.658462,-41.1539,0.493577,-30.8486
-0.660045,-41.2528,0.495348,-30.9592
-0.661553,-41.3471,0.497996,-31.1247
-0.667057,-41.6911,0.500642,-31.2901
-0.673792,-42.112,0.502408,-31.4005
-0.676416,-42.276,0.50418,-31.5113
-0.677498,-42.3436,0.506833,-31.6771
-0.684685,-42.7928,0.508605,-31.7878
-0.68076,-42.5475,0.50835,-31.7718
-0.687164,-42.9477,0.511005,-31.9378
-0.69271,-43.2943,0.511912,-31.9945
-0.702057,-43.8786,0.512804,-32.0503
-0.702802,-43.9251,0.513704,-32.1065
-0.703801,-43.9876,0.513439,-32.0899
-0.702723,-43.9202,0.513484,-32.0928
-0.702534,-43.9084,0.512666,-32.0416
-0.701772,-43.8607,0.511855,-31.9909
-0.706819,-44.1762,0.511611,-31.9757
-0.707553,-44.2221,0.510802,-31.9251
-0.707383,-44.2115,0.509127,-31.8204
-0.712121,-44.5076,0.507144,-31.6965
-0.718613,-44.9133,0.504579,-31.5362
-0.715152,-44.697,0.501154,-31.3221
-0.724574,-45.2859,0.50003,-31.2519
-0.728292,-45.5183,0.499203,-31.2002
-0.725675,-45.3547,0.497216,-31.076
-0.724026,-45.2516,0.493793,-30.8621
-0.72325,-45.2031,0.492122,-30.7576
-0.725377,-45.336,0.489276,-30.5797
-0.724111,-45.257,0.486735,-30.421
-0.721378,-45.0861,0.483903,-30.2439
-0.721563,-45.0977,0.483118,-30.1949
-0.720241,-45.015,0.479421,-29.9638
-0.713621,-44.6013,0.476036,-29.7523
-0.711237,-44.4523,0.472356,-29.5222
-0.70357,-43.9731,0.469863,-29.3664
-0.695239,-43.4524,0.466215,-29.1384
-0.68308,-42.6925,0.462589,-28.9118
-0.670157,-41.8848,0.456668,-28.5417
-0.658453,-41.1533,0.452208,-28.263
-0.645618,-40.3511,0.447196,-27.9497
-0.62793,-39.2456,0.44104,-27.565
-0.613728,-38.358,0.4349,-27.1812
-0.594081,-37.1301,0.42909,-26.8181
-0.579726,-36.2329,0.423866,-26.4917
-0.563413,-35.2133,0.416043,-26.0027
-0.546942,-34.1839,0.411154,-25.6971
-0.530364,-33.1477,0.404235,-25.2647
-0.514812,-32.1758,0.398202,-24.8876
-0.495872,-30.992,0.390442,-24.4026
-0.465813,-29.1133,0.383024,-23.939
-0.450732,-28.1708,0.376183,-23.5114
-0.431899,-26.9937,0.368482,-23.0301
-0.413246,-25.8279,0.362539,-22.6587
-0.393932,-24.6208,0.35661,-22.2881
-0.378346,-23.6466,0.349813,-21.8633
-0.360777,-22.5485,0.343322,-21.4576
-0.343606,-21.4754,0.337411,-21.0882
-0.326567,-20.4104,0.33063,-20.6644
-0.311319,-19.4574,0.32385,-20.2406
-0.298104,-18.6315,0.317937,-19.871
-0.284488,-17.7805,0.312894,-19.5559
-0.269373,-16.8358,0.306979,-19.1862
-0.253079,-15.8174,0.301067,-18.8167
-0.243807,-15.238,0.29514,-18.4462
-0.231331,-14.4582,0.290082,-18.1301
-0.219338,-13.7086,0.284145,-17.759
-0.212989,-13.3118,0.279935,-17.4959
-0.209762,-13.1102,0.275702,-17.2314
-0.205433,-12.8395,0.27145,-16.9656
-0.208486,-13.0304,0.268035,-16.7522
-0.208139,-13.0087,0.264596,-16.5372
-0.210084,-13.1302,0.262002,-16.3751
-0.211916,-13.2447,0.259383,-16.2114
-0.214514,-13.4071,0.257612,-16.1008
-0.222535,-13.9084,0.25668,-16.0425
-0.234879,-14.68,0.255404,-15.9628
-0.248423,-15.5265,0.256133,-16.0083
-0.264067,-16.5042,0.255945,-15.9966
-0.278472,-17.4045,0.256593,-16.0371
-0.292903,-18.3065,0.258079,-16.1299
-0.306817,-19.1761,0.259235,-16.2022
-0.325762,-20.3601,0.261523,-16.3452
-0.343135,-21.4459,0.262903,-16.4315
-0.367983,-22.9989,0.26598,-16.6237
-0.393624,-24.6015,0.268708,-16.7943
-0.415365,-25.9603,0.271701,-16.9813
-0.440963,-27.5602,0.274651,-17.1657
-0.468487,-29.2804,0.278429,-17.4018
-0.486544,-30.409,0.281889,-17.6181
-0.512463,-32.029,0.284738,-17.7961
-0.540866,-33.8041,0.289292,-18.0808
-0.556307,-34.7692,0.292668,-18.2917
-0.582357,-36.3973,0.29631,-18.5194
-0.598136,-37.3835,0.299646,-18.7279
-0.616367,-38.5229,0.303271,-18.9545
-0.638672,-39.917,0.306575,-19.1609
-0.650893,-40.6808,0.308435,-19.2772
-0.666529,-41.6581,0.312911,-19.5569
-0.685551,-42.8469,0.315329,-19.7081
-0.700137,-43.7586,0.318044,-19.8778
-0.714285,-44.6428,0.320459,-20.0287
-0.723365,-45.2103,0.323185,-20.1991
-0.738677,-46.1673,0.325607,-20.3504
-0.748862,-46.8039,0.328337,-20.5211
-0.754467,-47.1542,0.329912,-20.6195
-0.76004,-47.5025,0.331504,-20.719
-0.76558,-47.8488,0.333412,-20.8383
-0.779231,-48.7019,0.335015,-20.9384
-0.782562,-48.9101,0.336938,-21.0586
-0.791206,-49.4504,0.338568,-21.1605
-0.799664,-49.979,0.340205,-21.2628
-0.800679,-50.0424,0.341292,-21.3307
-0.803881,-50.2426,0.342969,-21.4356
-0.805135,-50.3209,0.343795,-21.4872
-0.806529,-50.4081,0.344939,-21.5587
-0.813581,-50.8488,0.344913,-21.557
-0.811427,-50.7142,0.345785,-21.6116
-0.813074,-50.8171,0.346673,-21.6671
-0.811352,-50.7095,0.347885,-21.7428
-0.812536,-50.7835,0.347937,-21.746
-0.812377,-50.7735,0.348005,-21.7503
-0.810355,-50.6472,0.348093,-21.7558
-0.808595,-50.5372,0.348198,-21.7624
-0.804465,-50.2791,0.347752,-21.7345
-0.801531,-50.0957,0.347896,-21.7435
-0.796867,-49.8042,0.347189,-21.6993
-0.792553,-49.5346,0.346499,-21.6562
-0.787699,-49.2312,0.344954,-21.5596
-0.78316,-48.9475,0.343423,-21.464
-0.780083,-48.7552,0.341903,-21.3689
-0.775197,-48.4498,0.341272,-21.3295
-0.773579,-48.3487,0.338899,-21.1812
-0.773816,-48.3635,0.338273,-21.1421
-0.76776,-47.985,0.335917,-20.9948
-0.758256,-47.391,0.334457,-20.9036
-0.754825,-47.1765,0.332131,-20.7582
-0.748976,-46.811,0.33069,-20.6681
-0.744066,-46.5041,0.328385,-20.524
-0.73797,-46.1231,0.32609,-20.3806
-0.73308,-45.8175,0.324677,-20.2923
-0.727634,-45.4771,0.3224,-20.15
-0.720746,-45.0466,0.320134,-20.0084
-0.710451,-44.4032,0.317014,-19.8134
-0.704436,-44.0272,0.314773,-19.6733
-0.695843,-43.4902,0.310798,-19.4249
-0.687621,-42.9763,0.308579,-19.2862
-0.676351,-42.2719,0.304331,-19.0207
-0.666457,-41.6536,0.301268,-18.8293
-0.6553,-40.9562,0.298221,-18.6388
-0.643813,-40.2383,0.294315,-18.3947
-0.632842,-39.5527,0.29042,-18.1513
-0.622362,-38.8976,0.286236,-17.8897
-0.612347,-38.2717,0.282359,-17.6474
-0.599867,-37.4917,0.276747,-17.2967
-0.591646,-36.9778,0.272008,-17.0005
-0.578209,-36.1381,0.266108,-16.6317
-0.564426,-35.2766,0.261394,-16.3371
-0.55472,-34.67,0.256683,-16.0427
-0.543652,-33.9783,0.251678,-15.7299
-0.529247,-33.0779,0.246987,-15.4367
-0.519234,-32.4521,0.242298,-15.1436
-0.508748,-31.7967,0.236438,-14.7774
-0.499512,-31.2195,0.231751,-14.4845
-0.493544,-30.8465,0.226756,-14.1723
-0.483121,-30.195,0.222065,-13.8791
-0.473116,-29.5698,0.217377,-13.5861
-0.466999,-29.1874,0.212381,-13.2738
-0.459341,-28.7088,0.207682,-12.9801
-0.45022,-28.1388,0.202684,-12.6678
-0.446105,-27.8816,0.197974,-12.3734
-0.439758,-27.4849,0.193832,-12.1145
-0.432211,-27.0132,0.188241,-11.765
-0.433037,-27.0648,0.184073,-11.5046
-0.426494,-26.6559,0.179329,-11.2081
-0.422793,-26.4246,0.17515,-10.9469
-0.420382,-26.2739,0.171259,-10.7037
-0.418033,-26.1271,0.167057,-10.441
-0.416616,-26.0385,0.163717,-10.2323
-0.420488,-26.2805,0.160653,-10.0408
-0.41949,-26.2181,0.156405,-9.77533
-0.422258,-26.3911,0.153885,-9.61783
-0.426952,-26.6845,0.151643,-9.47766
-0.429361,-26.8351,0.149086,-9.31789
-0.434586,-27.1616,0.14651,-9.15688
-0.439578,-27.4736,0.144216,-9.01347
-0.446967,-27.9354,0.142472,-8.9045
-0.451441,-28.2151,0.139841,-8.74008
-0.462399,-28.9,0.139228,-8.70175
-0.470594,-29.4121,0.137422,-8.5889
-0.48223,-30.1394,0.136464,-8.52897
-0.491366,-30.7104,0.134612,-8.41327
-0.503025,-31.4391,0.134484,-8.40527
-0.513389,-32.0868,0.133765,-8.36033
-0.529456,-33.091,0.133588,-8.34927
-0.540218,-33.7636,0.13427,-8.39185
-0.555291,-34.7057,0.134053,-8.37833
-0.570643,-35.6652,0.134686,-8.4179
-0.589211,-36.8257,0.136164,-8.51028
-0.60448,-37.78,0.137623,-8.60141
-0.619189,-38.6993,0.138491,-8.65567
-0.63481,-39.6756,0.140788,-8.79926
-0.653715,-40.8572,0.141315,-8.83217
-0.667516,-41.7198,0.142703,-8.91895
-0.683492,-42.7182,0.144951,-9.05945
-0.701575,-43.8485,0.146307,-9.1442
-0.718702,-44.9189,0.147646,-9.22788
-0.732887,-45.8055,0.149851,-9.3657
-0.748398,-46.7749,0.152047,-9.50297
-0.760808,-47.5505,0.153369,-9.58554
-0.785636,-49.1023,0.156405,-9.77529
-0.799382,-49.9614,0.158566,-9.91038
-0.808069,-50.5043,0.159563,-9.97266
-0.819471,-51.2169,0.161734,-10.1084
-0.83699,-52.3118,0.163894,-10.2434
-0.851306,-53.2066,0.165175,-10.3235
-0.860202,-53.7626,0.166464,-10.404
-0.876453,-54.7783,0.168616,-10.5385
-0.886659,-55.4162,0.169901,-10.6188
-0.90038,-56.2738,0.172056,-10.7535
-0.909927,-56.8704,0.173046,-10.8153
-0.915454,-57.2159,0.17435,-10.8969
-0.920074,-57.5046,0.175672,-10.9795
-0.931106,-58.1941,0.176994,-11.0621
-0.937472,-58.592,0.177155,-11.0722
-0.94634,-59.1463,0.178493,-11.1558
-0.945699,-59.1062,0.178985,-11.1865
-0.949067,-59.3167,0.179492,-11.2182
-0.952469,-59.5293,0.179714,-11.2321
-0.953289,-59.5805,0.179382,-11.2114
-0.953055,-59.5659,0.179943,-11.2465
-0.949832,-59.3645,0.178485,-11.1553
-0.946886,-59.1804,0.177348,-11.0843
-0.944204,-59.0127,0.176232,-11.0145
-0.935947,-58.4967,0.173974,-10.8734
-0.933986,-58.3741,0.172904,-10.8065
-0.928458,-58.0287,0.170685,-10.6678
-0.920663,-57.5415,0.167917,-10.4948
-0.911243,-56.9527,0.164876,-10.3047
-0.901735,-56.3584,0.161287,-10.0804
-0.893559,-55.8475,0.158291,-9.8932
-0.880298,-55.0186,0.154755,-9.67216
-0.86564,-54.1025,0.15095,-9.43439
-0.855474,-53.4671,0.147466,-9.21663
-0.838534,-52.4084,0.142844,-8.92772
-0.824698,-51.5437,0.139419,-8.7137
-0.810953,-50.6846,0.134846,-8.42785
-0.79522,-49.7012,0.129724,-8.10777
-0.772031,-48.2519,0.122596,-7.66226
-0.754164,-47.1352,0.11579,-7.23686
-0.735251,-45.9532,0.109582,-6.84886
-0.716265,-44.7666,0.104273,-6.51708
-0.6987,-43.6687,0.0984118,-6.15074
-0.675756,-42.2347,0.092283,-5.76769
-0.655848,-40.9905,0.0853031,-5.33145
-0.638491,-39.9057,0.078637,-4.91481
-0.615989,-38.4993,0.0708217,-4.42636
-0.594664,-37.1665,0.0630261,-3.93913
-0.574173,-35.8858,0.055547,-3.47169
-0.554174,-34.6359,0.0477817,-2.98636
-0.529121,-33.07,0.0391685,-2.44803
-0.505044,-31.5653,0.030576,-1.911
-0.476943,-29.8089,0.0220124,-1.37577
-0.452872,-28.3045,0.0128925,-0.805779
-0.433465,-27.0915,0.0043505,-0.271906
-0.415323,-25.9577,-0.00331557,0.207223
-0.395525,-24.7203,-0.0118477,0.740479
-0.378184,-23.6365,-0.02038,1.27375
-0.362006,-22.6254,-0.0280418,1.75262
-0.34291,-21.4319,-0.0362717,2.26698
-0.325364,-20.3352,-0.0439269,2.74543
-0.308453,-19.2783,-0.0524567,3.27855
-0.292397,-18.2748,-0.0609901,3.81188
-0.281228,-17.5768,-0.0686647,4.29155
-0.27183,-16.9894,-0.0763573,4.77233
-0.259464,-16.2165,-0.0840587,5.25367
-0.246612,-15.4133,-0.0961393,6.00871
-0.241792,-15.112,-0.103012,6.43822
-0.242834,-15.1771,-0.109047,6.81544
-0.24455,-15.2843,-0.114243,7.14022
-0.244905,-15.3066,-0.119471,7.46693
-0.250616,-15.6635,-0.123864,7.7415
-0.254811,-15.9257,-0.129164,8.07276
-0.262759,-16.4224,-0.133632,8.352
-0.268216,-16.7635,-0.137257,8.57855
-0.280353,-17.5221,-0.140053,8.75328
-0.293943,-18.3714,-0.142892,8.93076
-0.304265,-19.0165,-0.144319,9.01991
-0.325763,-20.3602,-0.145501,9.09384
-0.343681,-21.4801,-0.146728,9.17049
-0.370404,-23.1502,-0.14627,9.14186
-0.391918,-24.4949,-0.145857,9.11607
-0.412516,-25.7822,-0.146358,9.14735
-0.439212,-27.4508,-0.146338,9.14614
-0.465062,-29.0664,-0.144317,9.01983
-0.496306,-31.0191,-0.14235,8.8969
-0.522199,-32.6375,-0.140424,8.77653
-0.54733,-34.2081,-0.137958,8.62238
-0.574726,-35.9204,-0.135228,8.45178
-0.610676,-38.1673,-0.132554,8.28464
-0.639339,-39.9587,-0.128469,8.02929
-0.669847,-41.8655,-0.125865,7.86656
-0.705852,-44.1157,-0.122436,7.65227
-0.737227,-46.0767,-0.119342,7.45884
-0.764788,-47.7992,-0.115969,7.24804
-0.793956,-49.6223,-0.112622,7.03885
-0.823201,-51.4501,-0.110473,6.90454
-0.84405,-52.7531,-0.107153,6.69706
-0.871202,-54.4501,-0.105026,6.5641
-0.900523,-56.2827,-0.100873,6.30458
-0.926755,-57.9222,-0.0987812,6.17383
-0.948515,-59.2822,-0.0955179,5.96987
-0.961997,-60.1248,-0.09311,5.81937
-0.986471,-61.6545,-0.0910127,5.68829
-1.00075,-62.547,-0.0886001,5.53751
-1.01348,-63.3426,-0.0873443,5.45902
-1.03167,-64.4796,-0.0852123,5.32577
-1.04783,-65.4892,-0.0827721,5.17326
-1.05682,-66.051,-0.0823543,5.14715
-1.0653,-66.5813,-0.0816151,5.10094
-1.07273,-67.0457,-0.0811521,5.07201
-1.07247,-67.0292,-0.0812225,5.07641
-1.06922,-66.8261,-0.0815478,5.09674
-1.06865,-66.7906,-0.082712,5.1695
-1.06303,-66.4394,-0.0826568,5.16605
-1.05585,-65.9907,-0.0846025,5.28766
-1.05147,-65.7167,-0.0856387,5.35242
-1.04281,-65.1756,-0.0880775,5.50484
-1.03261,-64.5384,-0.0907734,5.67334
-1.02067,-63.7918,-0.094298,5.89363
-1.00905,-63.0656,-0.0974828,6.09267
-0.997453,-62.3408,-0.101803,6.36271
-0.98147,-61.3419,-0.106079,6.62995
-0.966556,-60.4098,-0.110314,6.89465
-0.945677,-59.1048,-0.116246,7.26535
-0.931549,-58.2218,-0.120973,7.56079
-0.912245,-57.0153,-0.126831,7.92696
-0.895833,-55.9896,-0.132658,8.29114
-0.868211,-54.2632,-0.140176,8.76102
-0.844682,-52.7926,-0.146779,9.17368
-0.817523,-51.0952,-0.154206,9.6379
-0.79269,-49.5431,-0.162168,10.1355
-0.763042,-47.6901,-0.171258,10.7036
-0.734013,-45.8758,-0.179431,11.2144
-0.706774,-44.1734,-0.188442,11.7776
-0.676545,-42.2841,-0.198287,12.3929
-0.64808,-40.505,-0.207225,12.9516
-0.625407,-39.088,-0.21702,13.5637
-0.597725,-37.3578,-0.225912,14.1195
-0.574042,-35.8776,-0.234787,14.6742
-0.542539,-33.9087,-0.246248,15.3905
-0.513649,-32.103,-0.255938,15.9962
-0.487912,-30.4945,-0.26736,16.71
-0.453742,-28.3589,-0.277873,17.3671
-0.422946,-26.4342,-0.29011,18.1319
-0.396719,-24.795,-0.299715,18.7322
-0.370897,-23.181,-0.31018,19.3863
-0.345701,-21.6063,-0.320637,20.0398
-0.324304,-20.269,-0.33052,20.6575
-0.301612,-18.8507,-0.341848,21.3655
-0.282549,-17.6593,-0.352309,22.0193
-0.26552,-16.595,-0.362783,22.6739
-0.246347,-15.3967,-0.372388,23.2743
-0.231586,-14.4741,-0.382007,23.8755
-0.222468,-13.9043,-0.39108,24.4425
-0.211198,-13.1999,-0.400745,25.0466
-0.199871,-12.4919,-0.409559,25.5974
-0.193436,-12.0898,-0.4184,26.15
-0.182386,-11.3991,-0.426388,26.6493
-0.176787,-11.0492,-0.433831,27.1144
-0.177916,-11.1197,-0.441015,27.5634
-0.173804,-10.8627,-0.446477,27.9048
-0.175561,-10.9726,-0.452277,28.2673
-0.175869,-10.9918,-0.456936,28.5585
-0.181825,-11.3641,-0.45989,28.7431
-0.188826,-11.8016,-0.463186,28.9492
-0.198848,-12.428,-0.464481,29.0301
-0.209803,-13.1127,-0.465818,29.1136
-0.222512,-13.907,-0.465754,29.1096
-0.235772,-14.7357,-0.467177,29.1986
-0.253578,-15.8486,-0.464587,29.0367
-0.274956,-17.1847,-0.463497,28.9686
-0.297367,-18.5854,-0.459841,28.7401
-0.321424,-20.089,-0.456538,28.5337
-0.345296,-21.581,-0.452111,28.2569
-0.369334,-23.0834,-0.449775,28.1109
-0.396683,-24.7927,-0.443699,27.7312
-0.423195,-26.4497,-0.439712,27.482
-0.454435,-28.4022,-0.432861,27.0538
-0.482644,-30.1652,-0.428096,26.756
-0.514669,-32.1668,-0.422508,26.4068
-0.549446,-34.3403,-0.416672,26.042
-0.586009,-36.6256,-0.411188,25.6993
-0.610603,-38.1627,-0.404551,25.2844
-0.639854,-39.9909,-0.399991,24.9994
-0.664773,-41.5483,-0.395449,24.7155
-0.689352,-43.0845,-0.391494,24.4684
-0.716554,-44.7846,-0.386117,24.1323
-0.738407,-46.1504,-0.382489,23.9056
-0.759536,-47.471,-0.380313,23.7696
-0.783416,-48.9635,-0.376702,23.5439
-0.81524,-50.9525,-0.373993,23.3746
-0.844388,-52.7742,-0.371006,23.1879
-0.865173,-54.0733,-0.367445,22.9653
-0.892893,-55.8058,-0.364774,22.7984
-0.908548,-56.7842,-0.362963,22.6852
-0.925483,-57.8427,-0.359097,22.4436
-0.949547,-59.3467,-0.356411,22.2757
-0.975392,-60.962,-0.353738,22.1086
-0.997401,-62.3376,-0.351068,21.9417
-1.02101,-63.813,-0.349278,21.8298
-1.03126,-64.4535,-0.347163,21.6977
-1.03957,-64.973,-0.345319,21.5824
-1.05739,-66.0866,-0.343471,21.467
-1.06882,-66.8015,-0.342479,21.4049
-1.08433,-67.7704,-0.340606,21.2879
-1.09066,-68.1663,-0.339576,21.2235
-1.09667,-68.5417,-0.338518,21.1574
-1.09916,-68.6976,-0.339174,21.1984
-1.10464,-69.0397,-0.338933,21.1833
-1.10542,-69.0889,-0.339532,21.2208
-1.10519,-69.0746,-0.340098,21.2561
-1.1008,-68.8003,-0.341496,21.3435
-1.09446,-68.404,-0.343724,21.4828
-1.08825,-68.0159,-0.345915,21.6197
-1.07868,-67.4174,-0.348936,21.8085
-1.07081,-66.9257,-0.351045,21.9403
-1.05792,-66.1199,-0.354854,22.1784
-1.04743,-65.4644,-0.358627,22.4142
-1.03283,-64.5517,-0.364104,22.7565
-1.01831,-63.6444,-0.368668,23.0417
-0.99897,-62.4356,-0.37493,23.4331
-0.979608,-61.2255,-0.382023,23.8764
-0.958146,-59.8841,-0.389371,24.3357
-0.932372,-58.2732,-0.39724,24.8275
-0.909433,-56.8396,-0.404193,25.262
-0.884573,-55.2858,-0.412848,25.803
-0.85752,-53.595,-0.421457,26.3411
-0.832158,-52.0099,-0.431202,26.9501
-0.801377,-50.0861,-0.440599,27.5374
-0.771844,-48.2402,-0.451702,28.2314
-0.737312,-46.082,-0.462755,28.9222
-0.702971,-43.9357,-0.474937,29.6836
-0.669925,-41.8703,-0.485031,30.3145
-0.63558,-39.7238,-0.497705,31.1066
-0.606266,-37.8916,-0.509482,31.8426
-0.581784,-36.3615,-0.519797,32.4873
-0.553254,-34.5784,-0.531536,33.221
-0.524856,-32.8035,-0.542681,33.9176
-0.491976,-30.7485,-0.554368,34.648
-0.462362,-28.8976,-0.564286,35.2679
-0.433027,-27.0642,-0.57623,36.0144
-0.400957,-25.0598,-0.587852,36.7408
-0.379037,-23.6898,-0.597156,37.3222
-0.352645,-22.0403,-0.607895,37.9934
-0.330068,-20.6292,-0.617761,38.61
-0.307955,-19.2472,-0.627054,39.1909
-0.291803,-18.2377,-0.633442,39.5901
-0.276458,-17.2786,-0.640145,40.009
-0.264461,-16.5288,-0.646566,40.4104
-0.253361,-15.835,-0.652439,40.7774
-0.248876,-15.5548,-0.656302,41.0189
-0.241461,-15.0913,-0.659618,41.2261
-0.231552,-14.472,-0.662955,41.4347
-0.223592,-13.9745,-0.66427,41.5169
-0.223307,-13.9567,-0.663304,41.4565
-0.219973,-13.7483,-0.661194,41.3246
-0.221836,-13.8647,-0.657675,41.1047
-0.229012,-14.3133,-0.652456,40.7785
-0.235757,-14.7348,-0.645234,40.3271
-0.250531,-15.6582,-0.637494,39.8434
-0.265168,-16.573,-0.628637,39.2898
-0.280207,-17.5129,-0.619259,38.7037
-0.291556,-18.2223,-0.609051,38.0657
-0.306088,-19.1305,-0.597142,37.3214
-0.32514,-20.3213,-0.584982,36.5614
-0.342769,-21.4231,-0.571422,35.7139
-0.360161,-22.5101,-0.556158,34.7599
-0.381436,-23.8398,-0.54007,33.7544
-0.403493,-25.2183,-0.522853,32.6783
-0.429288,-26.8305,-0.505114,31.5696
-0.447585,-27.974,-0.486536,30.4085
-0.471464,-29.4665,-0.465383,29.0865
-0.492602,-30.7877,-0.443392,27.712
-0.517196,-32.3247,-0.42201,26.3756
-0.539919,-33.7449,-0.400089,25.0056
-0.559659,-34.9787,-0.378189,23.6368
-0.577772,-36.1107,-0.355436,22.2148
-0.597203,-37.3252,-0.331829,20.7393
-0.616766,-38.5479,-0.309115,19.3197
-0.63584,-39.74,-0.287291,17.9557
-0.652118,-40.7574,-0.265477,16.5923
-0.667772,-41.7357,-0.241926,15.1204
-0.681668,-42.6042,-0.218379,13.6487
-0.691568,-43.223,-0.198315,12.3947
-0.704942,-44.0589,-0.178254,11.1409
-0.715756,-44.7347,-0.160806,10.0504
-0.725346,-45.3341,-0.145097,9.06858
-0.734601,-45.9125,-0.132,8.24998
-0.740349,-46.2718,-0.119759,7.48496
-0.745669,-46.6043,-0.111866,6.99161
-0.747089,-46.693,-0.106568,6.66048
-0.745921,-46.6201,-0.105606,6.60038
-0.742835,-46.4272,-0.105486,6.59291
-0.742039,-46.3775,-0.108835,6.80219
-0.737561,-46.0976,-0.113029,7.0643
-0.731576,-45.7235,-0.118366,7.39786
-0.722416,-45.151,-0.122495,7.65591
-0.711983,-44.4989,-0.128335,8.02095
-0.70287,-43.9294,-0.135022,8.4389
-0.691189,-43.1993,-0.141679,8.85493
-0.676786,-42.2991,-0.148599,9.28741
-0.66619,-41.6369,-0.155194,9.69959
-0.649029,-40.5643,-0.163497,10.2186
-0.62787,-39.2419,-0.171758,10.7349
-0.606693,-37.9183,-0.181151,11.3219
-0.582547,-36.4092,-0.191073,11.9421
-0.558445,-34.9028,-0.200958,12.5598
-0.531724,-33.2328,-0.211671,13.2295
-0.508621,-31.7888,-0.222655,13.916
-0.482805,-30.1753,-0.234177,14.6361
-0.45703,-28.5644,-0.24654,15.4087
-0.431249,-26.953,-0.258299,16.1437
-0.405215,-25.3259,-0.268856,16.8035
-0.37836,-23.6475,-0.279681,17.4801
-0.353341,-22.0838,-0.291056,18.191
-0.332058,-20.7536,-0.302419,18.9012
-0.309382,-19.3364,-0.31232,19.52
-0.286589,-17.9118,-0.321907,20.1192
-0.269166,-16.8229,-0.332665,20.7916
-0.247539,-15.4712,-0.342241,21.39
-0.226572,-14.1607,-0.351235,21.9522
-0.209138,-13.0711,-0.358181,22.3863
-0.194857,-12.1786,-0.364557,22.7848
-0.179255,-11.2034,-0.371509,23.2193
-0.166671,-10.4169,-0.377896,23.6185
-0.156125,-9.75782,-0.383124,23.9453
-0.147807,-9.23794,-0.387796,24.2372
-0.145719,-9.10744,-0.390751,24.422
-0.14436,-9.02249,-0.393433,24.5896
-0.143737,-8.98354,-0.395568,24.723
-0.145892,-9.11822,-0.395689,24.7305
-0.147778,-9.23613,-0.397882,24.8676
-0.156678,-9.7924,-0.396625,24.7891
-0.164232,-10.2645,-0.396847,24.8029
-0.170462,-10.6539,-0.398273,24.8921
-0.182369,-11.398,-0.396248,24.7655
-0.198346,-12.3966,-0.394842,24.6776
-0.216155,-13.5097,-0.39291,24.5569
-0.237784,-14.8615,-0.390156,24.3847
-0.261092,-16.3182,-0.39007,24.3794
-0.287697,-17.981,-0.386249,24.1405
-0.312331,-19.5207,-0.383646,23.9779
-0.337085,-21.0678,-0.38196,23.8725
-0.366895,-22.9309,-0.378584,23.6615
-0.391086,-24.4428,-0.376113,23.5071
-0.423355,-26.4597,-0.373393,23.337
-0.453458,-28.3411,-0.37189,23.2431
-0.481459,-30.0912,-0.369549,23.0968
-0.508089,-31.7555,-0.366364,22.8978
-0.534912,-33.432,-0.364078,22.7549
-0.565119,-35.3199,-0.360952,22.5595
-0.592477,-37.0298,-0.359597,22.4748
-0.62809,-39.2556,-0.35654,22.2838
-0.657677,-41.1048,-0.353509,22.0943
-0.679794,-42.4872,-0.350482,21.9051
-0.711089,-44.443,-0.348059,21.7537
-0.739431,-46.2144,-0.345082,21.5676
-0.76211,-47.6319,-0.342109,21.3818
-0.790749,-49.4218,-0.340029,21.2518
-0.819191,-51.1994,-0.337094,21.0683
-0.844873,-52.8045,-0.336216,21.0135
-0.871334,-54.4584,-0.333305,20.8316
-0.887575,-55.4734,-0.330379,20.6487
-0.911842,-56.9901,-0.328332,20.5207
-0.927699,-57.9812,-0.326271,20.3919
-0.947777,-59.2361,-0.324207,20.2629
-0.964598,-60.2874,-0.323007,20.188
-0.974201,-60.8876,-0.321782,20.1114
-0.981892,-61.3683,-0.321402,20.0876
-0.987731,-61.7332,-0.32099,20.0619
-0.990936,-61.9335,-0.321718,20.1074
-0.999737,-62.4835,-0.321253,20.0783
-1.00372,-62.7326,-0.320757,20.0473
-1.00691,-62.9319,-0.321104,20.069
-1.01279,-63.2992,-0.322304,20.144
-1.00837,-63.0234,-0.323761,20.2351
-1.00466,-62.791,-0.326627,20.4142
-1.00122,-62.5765,-0.32946,20.5912
-0.993413,-62.0883,-0.332251,20.7657
-0.981732,-61.3583,-0.336166,21.0104
-0.970693,-60.6683,-0.339737,21.2336
-0.963752,-60.2345,-0.343277,21.4548
-0.949948,-59.3717,-0.347945,21.7465
-0.935675,-58.4797,-0.352267,22.0167
-0.919842,-57.4901,-0.358293,22.3933
-0.903855,-56.4909,-0.363705,22.7316
-0.886893,-55.4308,-0.370525,23.1578
-0.86601,-54.1256,-0.377599,23.5999
-0.841694,-52.6058,-0.385195,24.0747
-0.819877,-51.2423,-0.392752,24.547
-0.793751,-49.6094,-0.401433,25.0896
-0.7696,-48.1,-0.410649,25.6656
-0.743792,-46.487,-0.420999,26.3124
-0.713458,-44.5911,-0.430127,26.883
-0.683522,-42.7201,-0.440384,27.524
-0.656235,-41.0147,-0.450306,28.1441
-0.628562,-39.2851,-0.460494,28.7809
-0.595875,-37.2422,-0.47296,29.56
-0.571379,-35.7112,-0.482212,30.1383
-0.543498,-33.9686,-0.492007,30.7504
-0.511196,-31.9497,-0.502936,31.4335
-0.481618,-30.1012,-0.513837,32.1148
-0.451725,-28.2328,-0.524411,32.7757
-0.423864,-26.4915,-0.536137,33.5085
-0.390621,-24.4138,-0.54928,34.33
-0.361482,-22.5926,-0.562707,35.1692
-0.33565,-20.9781,-0.574382,35.8989
-0.307484,-19.2178,-0.586614,36.6634
-0.283793,-17.7371,-0.598272,37.392
-0.261736,-16.3585,-0.609056,38.066
-0.242139,-15.1337,-0.618978,38.6861
-0.225129,-14.0706,-0.627736,39.2335
-0.212123,-13.2577,-0.634193,39.6371
-0.197776,-12.361,-0.641537,40.0961
-0.184683,-11.5427,-0.647152,40.447
-0.175142,-10.9464,-0.650746,40.6716
-0.166072,-10.3795,-0.655536,40.971
-0.15978,-9.98627,-0.655987,40.9992
-0.15655,-9.7844,-0.656471,41.0295
-0.152062,-9.50387,-0.656111,41.0069
-0.155147,-9.6967,-0.652871,40.8045
-0.160621,-10.0388,-0.647354,40.4597
-0.166665,-10.4165,-0.642751,40.1719
-0.173777,-10.861,-0.635573,39.7233
-0.186269,-11.6418,-0.628446,39.2778
-0.198107,-12.3817,-0.618744,38.6715
-0.215807,-13.4879,-0.608225,38.0141
-0.237903,-14.8689,-0.596023,37.2514
-0.257245,-16.0778,-0.582998,36.4374
-0.282162,-17.6351,-0.568288,35.518
-0.306849,-19.1781,-0.551888,34.493
-0.331935,-20.746,-0.533798,33.3624
-0.362636,-22.6648,-0.514899,32.1812
-0.393735,-24.6085,-0.49693,31.0581
-0.415986,-25.9992,-0.47638,29.7737
-0.440549,-27.5343,-0.454124,28.3827
-0.474873,-29.6796,-0.430183,26.8864
-0.507757,-31.7348,-0.401056,25.066
-0.530918,-33.1824,-0.3737,23.3563
-0.555226,-34.7016,-0.342883,21.4302
-0.581502,-36.3439,-0.312964,19.5603
-0.610016,-38.126,-0.28046,17.5288
-0.641531,-40.0957,-0.252357,15.7723
-0.673534,-42.0959,-0.221974,13.8734
-0.698732,-43.6708,-0.191309,11.9568
-0.718082,-44.8801,-0.16239,10.1494
-0.74845,-46.7781,-0.137864,8.6165
-0.765408,-47.838,-0.11595,7.2469
-0.782409,-48.9006,-0.0978208,6.1138
-0.804733,-50.2958,-0.0820177,5.1261
-0.819863,-51.2414,-0.0705672,4.41045
-0.835418,-52.2136,-0.0634715,3.96697
-0.854289,-53.3931,-0.0610384,3.8149
-0.86265,-53.9157,-0.0617739,3.86087
-0.87605,-54.7531,-0.0642455,4.01534
-0.881199,-55.0749,-0.0696089,4.35056
-0.886279,-55.3924,-0.0746486,4.66554
-0.88983,-55.6144,-0.0779182,4.86989
-0.892805,-55.8003,-0.0814633,5.09146
-0.890543,-55.6589,-0.0838,5.2375
-0.893471,-55.842,-0.086116,5.38225
-0.89145,-55.7156,-0.090448,5.653
-0.884636,-55.2897,-0.0944417,5.90261
-0.873852,-54.6158,-0.0986884,6.16802
-0.863084,-53.9428,-0.104339,6.5212
-0.852525,-53.2828,-0.110253,6.89082
-0.838097,-52.3811,-0.114949,7.18433
-0.823488,-51.468,-0.120476,7.52975
-0.803713,-50.2321,-0.127998,7.99986
-0.785966,-49.1229,-0.134302,8.3939
-0.769606,-48.1004,-0.141743,8.85895
-0.748999,-46.8124,-0.150887,9.43043
-0.722821,-45.1763,-0.158805,9.92533
-0.699193,-43.6995,-0.167852,10.4908
-0.677699,-42.3562,-0.176565,11.0353
-0.653543,-40.8464,-0.18641,11.6506
-0.629175,-39.3234,-0.195044,12.1902
-0.60785,-37.9906,-0.205695,12.856
-0.583221,-36.4513,-0.214568,13.4105
-0.558988,-34.9368,-0.223983,13.9989
-0.535676,-33.4797,-0.234543,14.6589
-0.511193,-31.9496,-0.246824,15.4265
-0.485224,-30.3265,-0.257032,16.0645
-0.458174,-28.6359,-0.268383,16.774
-0.435916,-27.2447,-0.279718,17.4824
-0.414135,-25.8835,-0.289867,18.1167
-0.38816,-24.26,-0.302913,18.9321
-0.364806,-22.8004,-0.314198,19.6373
-0.344602,-21.5376,-0.325477,20.3423
-0.318045,-19.8778,-0.338482,21.1551
-0.294711,-18.4195,-0.34943,21.8394
-0.268089,-16.7556,-0.362406,22.6503
-0.240331,-15.0207,-0.374489,23.4056
-0.220221,-13.7638,-0.386574,24.1608
-0.201275,-12.5797,-0.396912,24.807
-0.180896,-11.306,-0.408695,25.5435
-0.163144,-10.1965,-0.419036,26.1897
-0.14768,-9.23001,-0.427638,26.7274
-0.138216,-8.63851,-0.43626,27.2663
-0.128634,-8.03962,-0.444902,27.8064
-0.12156,-7.59747,-0.452693,28.2933
-0.113128,-7.07051,-0.460502,28.7814
-0.107191,-6.69942,-0.466588,29.1617
-0.106279,-6.64246,-0.472706,29.5441
-0.106657,-6.66609,-0.477985,29.8741
-0.107385,-6.71154,-0.483296,30.206
-0.109944,-6.87152,-0.486896,30.431
-0.115404,-7.21277,-0.489659,30.6037
-0.122838,-7.67739,-0.492462,30.7789
-0.133845,-8.36529,-0.493563,30.8477
-0.143727,-8.98296,-0.494701,30.9188
-0.157147,-9.82171,-0.49501,30.9381
-0.170195,-10.6372,-0.495359,30.9599
-0.190445,-11.9028,-0.494015,30.8759
-0.210069,-13.1293,-0.49359,30.8494
-0.234037,-14.6273,-0.491776,30.736
-0.257236,-16.0772,-0.490582,30.6614
-0.281736,-17.6085,-0.488564,30.5352
-0.309265,-19.329,-0.484852,30.3032
-0.338837,-21.1773,-0.482065,30.1291
-0.366576,-22.911,-0.47845,29.9032
-0.394648,-24.6655,-0.475178,29.6987
-0.433798,-27.1123,-0.4708,29.425
-0.464612,-29.0383,-0.466463,29.1539
-0.493618,-30.8511,-0.462159,28.8849
-0.519492,-32.4683,-0.457307,28.5817
-0.546465,-34.154,-0.453051,28.3157
-0.570116,-35.6323,-0.44881,28.0506
-0.605487,-37.843,-0.44461,27.7881
-0.633382,-39.5864,-0.440731,27.5457
-0.658828,-41.1768,-0.436566,27.2854
-0.690668,-43.1668,-0.433303,27.0814
-0.721308,-45.0817,-0.429493,26.8433
-0.751106,-46.9441,-0.427148,26.6968
-0.768473,-48.0296,-0.424221,26.5138
-0.787408,-49.213,-0.423609,26.4755
-0.813556,-50.8472,-0.421264,26.329
-0.836471,-52.2794,-0.420096,26.256
-0.86121,-53.8256,-0.418638,26.1649
-0.881281,-55.08,-0.418353,26.1471
-0.8963,-56.0188,-0.417755,26.1097
-0.914367,-57.148,-0.416577,26.0361
-0.921131,-57.5707,-0.416814,26.0509
-0.932184,-58.2615,-0.417332,26.0833
-0.940337,-58.7711,-0.417526,26.0954
-0.941953,-58.872,-0.418855,26.1784
-0.946321,-59.1451,-0.418981,26.1863
-0.956556,-59.7847,-0.420267,26.2667
-0.957197,-59.8248,-0.422091,26.3807
-0.961769,-60.1106,-0.424193,26.5121
-0.959605,-59.9753,-0.426257,26.6411
-0.95685,-59.8031,-0.428859,26.8037
-0.946521,-59.1576,-0.433457,27.091
-0.936467,-58.5292,-0.43771,27.3569
-0.928702,-58.0439,-0.442226,27.6391
-0.914399,-57.1499,-0.447565,27.9728
-0.898781,-56.1738,-0.454303,28.3939
-0.884156,-55.2597,-0.45955,28.7219
-0.86387,-53.9919,-0.467364,29.2102
-0.847083,-52.9427,-0.474264,29.6415
-0.824951,-51.5594,-0.48256,30.16
-0.805209,-50.3256,-0.491116,30.6947
-0.77901,-48.6881,-0.500492,31.2808
-0.750714,-46.9196,-0.509813,31.8633
-0.726816,-45.426,-0.518794,32.4246
-0.703895,-43.9934,-0.528038,33.0024
-0.680456,-42.5285,-0.538123,33.6327
-0.65847,-41.1543,-0.548179,34.2612
-0.634703,-39.6689,-0.556457,34.7786
-0.606682,-37.9176,-0.566443,35.4027
-0.575065,-35.9416,-0.575212,35.9507
-0.543561,-33.9725,-0.584237,36.5148
-0.517404,-32.3378,-0.591489,36.968
-0.489391,-30.5869,-0.599582,37.4739
-0.4616,-28.85,-0.607649,37.9781
-0.433113,-27.0696,-0.616563,38.5352
-0.406535,-25.4085,-0.623715,38.9822
-0.37973,-23.7331,-0.630848,39.428
-0.350682,-21.9176,-0.637086,39.8179
-0.322408,-20.1505,-0.642432,40.152
-0.296898,-18.5562,-0.646894,40.4309
-0.278095,-17.3809,-0.649615,40.6009
-0.258724,-16.1703,-0.652339,40.7712
-0.237893,-14.8683,-0.653318,40.8324
-0.218917,-13.6823,-0.654299,40.8937
-0.201712,-12.607,-0.652667,40.7917
-0.183903,-11.4939,-0.651913,40.7446
-0.168379,-10.5237,-0.649426,40.5891
-0.152709,-9.54433,-0.646073,40.3796
-0.143337,-8.95857,-0.640425,40.0266
-0.138823,-8.67641,-0.633636,39.6023
-0.138923,-8.68268,-0.625141,39.0713
-0.13798,-8.62373,-0.614061,38.3788
-0.137786,-8.61162,-0.602143,37.6339
-0.141788,-8.86172,-0.587648,36.728
-0.146629,-9.16433,-0.571745,35.7341
-0.149983,-9.37396,-0.555577,34.7236
-0.15769,-9.85561,-0.536836,33.5523
-0.166623,-10.414,-0.516391,32.2745
-0.180889,-11.3056,-0.492806,30.8004
-0.192993,-12.0621,-0.46809,29.2556
-0.206526,-12.9079,-0.440798,27.5499
-0.224658,-14.0411,-0.411812,25.7383
-0.241926,-15.1204,-0.3823,23.8937
-0.260708,-16.2942,-0.351659,21.9787
-0.279224,-17.4515,-0.320186,20.0116
-0.298689,-18.668,-0.289926,18.1204
-0.319927,-19.9954,-0.261155,16.3222
-0.340489,-21.2805,-0.233591,14.5995
-0.359039,-22.4399,-0.210121,13.1326
-0.377663,-23.6039,-0.190169,11.8855
-0.396402,-24.7751,-0.172285,10.7678
-0.417328,-26.083,-0.158492,9.90576
-0.442086,-27.6304,-0.150271,9.39196
-0.462878,-28.9299,-0.14352,8.97003
-0.477323,-29.8327,-0.142313,8.89459
-0.494999,-30.9374,-0.143439,8.96493
-0.513752,-32.1095,-0.145755,9.10966
-0.529468,-33.0917,-0.15127,9.45436
-0.546031,-34.1269,-0.155354,9.7096
-0.561067,-35.0667,-0.158272,9.89198
-0.571788,-35.7368,-0.160615,10.0384
-0.589415,-36.8385,-0.161799,10.1124
-0.604062,-37.7538,-0.164161,10.2601
-0.615247,-38.4529,-0.167096,10.4435
-0.62484,-39.0525,-0.170326,10.6454
-0.635246,-39.7029,-0.172683,10.7927
-0.637702,-39.8564,-0.17559,10.9744
-0.641328,-40.083,-0.17878,11.1737
-0.64404,-40.2525,-0.18195,11.3719
-0.646751,-40.4219,-0.185676,11.6048
-0.644761,-40.2976,-0.189676,11.8548
-0.643829,-40.2393,-0.194528,12.158
-0.642114,-40.1321,-0.197311,12.3319
-0.639698,-39.9811,-0.202117,12.6323
-0.633666,-39.6041,-0.207767,12.9854
-0.63027,-39.3919,-0.214271,13.3919
-0.623807,-38.9879,-0.219578,13.7236
-0.610353,-38.1471,-0.226892,14.1807
-0.595739,-37.2337,-0.234166,14.6353
-0.580896,-36.306,-0.242276,15.1422
-0.564918,-35.3074,-0.250349,15.6468
-0.553968,-34.623,-0.257526,16.0953
-0.539116,-33.6948,-0.264371,16.5232
-0.527792,-32.987,-0.271493,16.9683
-0.514044,-32.1277,-0.279461,17.4663
-0.499107,-31.1942,-0.289151,18.072
-0.484697,-30.2936,-0.298821,18.6763
-0.467882,-29.2426,-0.308465,19.2791
-0.449071,-28.0669,-0.318955,19.9347
-0.439079,-27.4424,-0.327692,20.4808
-0.42505,-26.5656,-0.336414,21.0259
-0.415864,-25.9915,-0.343382,21.4614
-0.402688,-25.168,-0.352955,22.0597
-0.391696,-24.481,-0.362522,22.6576
-0.376683,-23.5427,-0.372072,23.2545
-0.366568,-22.9105,-0.38162,23.8513
-0.348599,-21.7874,-0.391146,24.4466
-0.338578,-21.1611,-0.399796,24.9872
-0.328591,-20.5369,-0.407568,25.473
-0.3181,-19.8812,-0.416208,26.013
-0.315517,-19.7198,-0.423993,26.4995
-0.304456,-19.0285,-0.431768,26.9855
-0.301084,-18.8178,-0.44043,27.5269
-0.297706,-18.6066,-0.449104,28.069
-0.292576,-18.286,-0.457786,28.6116
-0.29218,-18.2612,-0.465039,29.0649
-0.290842,-18.1777,-0.472878,29.5548
-0.292057,-18.2535,-0.479862,29.9913
-0.290505,-18.1566,-0.486857,30.4286
-0.291516,-18.2197,-0.493869,30.8668
-0.299656,-18.7285,-0.500338,31.2711
-0.30531,-19.0819,-0.505656,31.6035
-0.317076,-19.8172,-0.509259,31.8287
-0.326595,-20.4122,-0.513763,32.1102
-0.337382,-21.0864,-0.519468,32.4667
-0.344139,-21.5087,-0.52489,32.8056
-0.355791,-22.237,-0.527721,32.9826
-0.371598,-23.2249,-0.531758,33.2349
-0.379433,-23.7145,-0.53551,33.4694
-0.390407,-24.4004,-0.537534,33.5959
-0.410266,-25.6416,-0.540769,33.7981
-0.42112,-26.32,-0.542846,33.9279
-0.44232,-27.645,-0.544961,34.06
-0.459143,-28.6965,-0.546527,34.1579
-0.474136,-29.6335,-0.547812,34.2383
-0.493205,-30.8253,-0.549425,34.3391
-0.511493,-31.9683,-0.549013,34.3133
-0.533779,-33.3612,-0.55068,34.4175
-0.550473,-34.4045,-0.549443,34.3402
-0.56572,-35.3575,-0.550262,34.3913
-0.582166,-36.3854,-0.549922,34.3701
-0.605275,-37.8297,-0.549038,34.3149
-0.62749,-39.2181,-0.547877,34.2423
-0.646237,-40.3898,-0.547906,34.2441
-0.661357,-41.3348,-0.545891,34.1182
-0.679805,-42.4878,-0.545934,34.1209
-0.693811,-43.3632,-0.544807,34.0505
-0.714602,-44.6626,-0.543998,33.9999
-0.726474,-45.4046,-0.542883,33.9302
-0.736268,-46.0167,-0.542058,33.8786
-0.74496,-46.56,-0.542094,33.8809
-0.756924,-47.3078,-0.5427,33.9188
-0.768207,-48.0129,-0.54186,33.8662
-0.775938,-48.4961,-0.542751,33.9219
-0.786117,-49.1323,-0.54159,33.8494
-0.789651,-49.3532,-0.542454,33.9034
-0.799578,-49.9736,-0.544188,34.0118
-0.802785,-50.1741,-0.54503,34.0644
-0.807169,-50.448,-0.544685,34.0428
-0.808599,-50.5374,-0.546362,34.1476
-0.811875,-50.7422,-0.547151,34.1969
-0.808184,-50.5115,-0.549655,34.3535
-0.806507,-50.4067,-0.550089,34.3806
-0.80566,-50.3537,-0.550803,34.4252
-0.80149,-50.0931,-0.553235,34.5772
-0.798778,-49.9236,-0.555646,34.7279
-0.796287,-49.7679,-0.557165,34.8228
-0.792844,-49.5528,-0.559236,34.9522
-0.785299,-49.0812,-0.561579,35.0987
-0.779917,-48.7448,-0.564773,35.2983
-0.770195,-48.1372,-0.567064,35.4415
-0.758086,-47.3803,-0.570195,35.6372
-0.744248,-46.5155,-0.573292,35.8308
-0.731931,-45.7457,-0.577231,36.0769
-0.722844,-45.1778,-0.58028,36.2675
-0.708062,-44.2539,-0.584171,36.5107
-0.695675,-43.4797,-0.588911,36.807
-0.681202,-42.5751,-0.593628,37.1018
-0.664114,-41.5071,-0.597444,37.3403
-0.648033,-40.5021,-0.602107,37.6317
-0.626228,-39.1392,-0.607607,37.9755
-0.607329,-37.9581,-0.611336,38.2085
-0.592688,-37.043,-0.61505,38.4406
-0.575988,-35.9992,-0.619618,38.7261
-0.559603,-34.9752,-0.622422,38.9014
-0.539538,-33.7211,-0.625202,39.0751
-0.52113,-32.5706,-0.627088,39.193
-0.499106,-31.1941,-0.629825,39.3641
-0.476713,-29.7946,-0.631091,39.4432
-0.454049,-28.3781,-0.632905,39.5566
-0.431668,-26.9792,-0.633824,39.614
-0.411931,-25.7457,-0.632982,39.5614
-0.391217,-24.4511,-0.632126,39.5079
-0.371233,-23.2021,-0.630387,39.3992
-0.357166,-22.3229,-0.627207,39.2004
-0.3383,-21.1437,-0.621974,38.8734
-0.319199,-19.9499,-0.616735,38.546
-0.300703,-18.7939,-0.609748,38.1093
-0.279865,-17.4915,-0.599561,37.4726
-0.26906,-16.8163,-0.588213,36.7633
-0.255916,-15.9948,-0.572512,35.782
-0.247485,-15.4678,-0.557123,34.8202
-0.241043,-15.0652,-0.539705,33.7316
-0.238228,-14.8893,-0.519695,32.4809
-0.231055,-14.4409,-0.498255,31.1409
-0.230418,-14.4011,-0.473052,29.5658
-0.224447,-14.0279,-0.446994,27.9371
-0.221744,-13.859,-0.416021,26.0013
-0.220202,-13.7626,-0.384771,24.0482
-0.221178,-13.8236,-0.355592,22.2245
-0.223708,-13.9818,-0.327012,20.4383
-0.228054,-14.2533,-0.301078,18.8174
-0.236454,-14.7784,-0.280714,17.5446
-0.242646,-15.1653,-0.265312,16.582
-0.254579,-15.9112,-0.253736,15.8585
-0.265371,-16.5857,-0.245385,15.3365
-0.276494,-17.2809,-0.241726,15.1078
-0.291465,-18.2166,-0.240421,15.0263
-0.306637,-19.1648,-0.242069,15.1293
-0.32113,-20.0706,-0.245493,15.3433
-0.335319,-20.9575,-0.250391,15.6494
-0.351202,-21.9501,-0.25562,15.9763
-0.365832,-22.8645,-0.260578,16.2861
-0.384179,-24.0112,-0.264998,16.5624
-0.397949,-24.8718,-0.268567,16.7854
-0.416969,-26.0606,-0.270995,16.9372
-0.434049,-27.1281,-0.273747,17.1092
-0.450148,-28.1342,-0.275348,17.2092
-0.461539,-28.8462,-0.279003,17.4377
-0.478887,-29.9304,-0.280062,17.5039
-0.496156,-31.0098,-0.282887,17.6804
-0.514765,-32.1728,-0.284563,17.7852
-0.527965,-32.9978,-0.28742,17.9638
-0.540378,-33.7736,-0.289412,18.0882
-0.550012,-34.3758,-0.292849,18.3031
-0.560167,-35.0104,-0.294842,18.4276
-0.571431,-35.7144,-0.29771,18.6069
-0.582882,-36.4301,-0.301457,18.841
-0.587493,-36.7183,-0.305191,19.0744
-0.595192,-37.1995,-0.308623,19.2889
-0.601177,-37.5735,-0.311474,19.4671
-0.604084,-37.7553,-0.315182,19.6989
-0.605804,-37.8628,-0.318876,19.9298
-0.606065,-37.879,-0.324301,20.2688
-0.606011,-37.8757,-0.328836,20.5523
-0.604587,-37.7867,-0.332479,20.7799
-0.606809,-37.9255,-0.33611,21.0069
-0.601728,-37.608,-0.340291,21.2682
-0.600674,-37.5421,-0.343882,21.4926
-0.594807,-37.1754,-0.349195,21.8247
-0.59068,-36.9175,-0.354489,22.1556
-0.586467,-36.6542,-0.359763,22.4852
-0.581336,-36.3335,-0.365019,22.8137
-0.576745,-36.0466,-0.370259,23.1412
-0.570338,-35.6461,-0.375478,23.4674
-0.56628,-35.3925,-0.381557,23.8473
-0.561551,-35.0969,-0.386746,24.1716
-0.555929,-34.7455,-0.39222,24.5138
-0.551744,-34.484,-0.399129,24.9456
-0.543062,-33.9414,-0.405145,25.3215
-0.538588,-33.6617,-0.412898,25.8061
-0.529588,-33.0992,-0.421509,26.3443
-0.522935,-32.6834,-0.428363,26.7727
-0.514826,-32.1766,-0.4352,27.2
-0.507649,-31.7281,-0.4429,27.6813
-0.498121,-31.1326,-0.450584,28.1615
-0.489553,-30.5971,-0.457682,28.6051
-0.481944,-30.1215,-0.465341,29.0838
-0.46706,-29.1912,-0.473849,29.6156
-0.459177,-28.6986,-0.481475,30.0922
-0.452464,-28.279,-0.489397,30.5873
-0.442503,-27.6565,-0.497008,31.063
-0.432609,-27.038,-0.503733,31.4833
-0.41996,-26.2475,-0.512186,32.0116
-0.411873,-25.7421,-0.52006,32.5038
-0.401771,-25.1107,-0.527626,32.9766
-0.392614,-24.5384,-0.533439,33.34
-0.386728,-24.1705,-0.542172,33.8857
-0.37518,-23.4488,-0.548846,34.3029
-0.368186,-23.0116,-0.558142,34.8839
-0.360151,-22.5094,-0.565994,35.3746
-0.347974,-21.7484,-0.573534,35.8459
-0.336222,-21.0139,-0.581941,36.3713
-0.325705,-20.3565,-0.588022,36.7514
-0.318189,-19.8868,-0.594677,37.1673
-0.312946,-19.5591,-0.601637,37.6023
-0.308406,-19.2753,-0.605686,37.8554
-0.306324,-19.1453,-0.61092,38.1825
-0.303624,-18.9765,-0.614119,38.3824
-0.299511,-18.7195,-0.617622,38.6014
-0.298123,-18.6327,-0.620837,38.8023
-0.294966,-18.4354,-0.622611,38.9132
-0.288133,-18.0083,-0.624957,39.0598
-0.285284,-17.8302,-0.627613,39.2258
-0.286797,-17.9248,-0.626494,39.1559
-0.287302,-17.9564,-0.627435,39.2147
-0.287106,-17.9442,-0.626341,39.1463
-0.297334,-18.5833,-0.624708,39.0442
-0.300065,-18.754,-0.622216,38.8885
-0.306094,-19.1309,-0.617701,38.6063
-0.311234,-19.4521,-0.613505,38.344
-0.320133,-20.0083,-0.608461,38.0288
-0.325954,-20.3721,-0.602265,37.6416
-0.336085,-21.0053,-0.592901,37.0563
-0.3391,-21.1938,-0.585289,36.5806
-0.353296,-22.081,-0.574791,35.9244
-0.361045,-22.5653,-0.564608,35.288
-0.369305,-23.0816,-0.553566,34.5979
-0.38392,-23.995,-0.539636,33.7273
-0.394102,-24.6314,-0.52515,32.8219
-0.410251,-25.6407,-0.508948,31.8092
-0.420189,-26.2618,-0.493629,30.8518
-0.431489,-26.9681,-0.473091,29.5682
-0.446128,-27.883,-0.453146,28.3217
-0.455504,-28.469,-0.43264,27.04
-0.470878,-29.4299,-0.408664,25.5415
-0.483907,-30.2442,-0.384703,24.0439
-0.494369,-30.8981,-0.36075,22.5469
-0.503851,-31.4907,-0.335055,20.9409
-0.513604,-32.1003,-0.311982,19.4989
-0.52124,-32.5775,-0.287738,17.9836
-0.534433,-33.4021,-0.261188,16.3243
-0.541316,-33.8322,-0.238125,14.8828
-0.552621,-34.5388,-0.215944,13.4965
-0.563484,-35.2178,-0.195511,12.2194
-0.572806,-35.8004,-0.179442,11.2152
-0.582939,-36.4337,-0.166868,10.4293
-0.590073,-36.8796,-0.159524,9.97026
-0.594936,-37.1835,-0.155661,9.7288
-0.59967,-37.4794,-0.156151,9.75942
-0.608071,-38.0044,-0.16013,10.0081
-0.610648,-38.1655,-0.164969,10.3106
-0.613211,-38.3257,-0.172417,10.776
-0.619163,-38.6977,-0.178116,11.1323
-0.62087,-38.8044,-0.182931,11.4332
-0.622278,-38.8924,-0.188034,11.7521
-0.622815,-38.9259,-0.193698,12.1061
-0.622489,-38.9056,-0.199348,12.4592
-0.623086,-38.9428,-0.204988,12.8118
-0.615539,-38.4712,-0.212348,13.2717
-0.615287,-38.4554,-0.217952,13.622
-0.604618,-37.7886,-0.226444,14.1527
-0.597874,-37.3671,-0.23287,14.5544
-0.586756,-36.6722,-0.239267,14.9542
-0.576433,-36.0271,-0.246509,15.4068
-0.564538,-35.2836,-0.254598,15.9124
-0.553963,-34.6227,-0.262093,16.3808
-0.539161,-33.6976,-0.270128,16.883
-0.524424,-32.7765,-0.279006,17.4379
-0.510864,-31.929,-0.288735,18.046
-0.497791,-31.112,-0.297873,18.6171
-0.484309,-30.2693,-0.30669,19.1681
-0.466422,-29.1513,-0.316351,19.772
-0.446001,-27.8751,-0.325409,20.338
-0.426368,-26.648,-0.33501,20.9381
-0.413006,-25.8129,-0.344025,21.5016
-0.396343,-24.7714,-0.35185,21.9906
-0.386102,-24.1314,-0.35967,22.4794
-0.372409,-23.2756,-0.366905,22.9316
-0.35543,-22.2144,-0.375567,23.4729
-0.339939,-21.2462,-0.384518,24.0324
-0.323199,-20.2,-0.393155,24.5722
-0.311099,-19.4437,-0.402088,25.1305
-0.297921,-18.6201,-0.409843,25.6152
-0.286913,-17.932,-0.415849,25.9906
-0.273691,-17.1057,-0.424769,26.548
-0.265505,-16.594,-0.432821,27.0513
-0.25493,-15.9331,-0.439699,27.4812
-0.248187,-15.5117,-0.447759,27.985
-0.241548,-15.0967,-0.455531,28.4707
-0.234134,-14.6334,-0.461859,28.8662
-0.228732,-14.2958,-0.46877,29.2981
-0.226027,-14.1267,-0.475996,29.7497
-0.220992,-13.812,-0.481483,30.0927
-0.220474,-13.7796,-0.486686,30.4179
-0.21697,-13.5606,-0.493071,30.8169
-0.219062,-13.6914,-0.497431,31.0895
-0.221862,-13.8664,-0.502987,31.4367
-0.225291,-14.0807,-0.507692,31.7307
-0.233141,-14.5713,-0.512128,32.008
-0.240839,-15.0524,-0.516015,32.251
-0.248766,-15.5479,-0.51993,32.4956
-0.261514,-16.3446,-0.52126,32.5788
-0.271952,-16.997,-0.524061,32.7538
-0.289207,-18.0754,-0.525456,32.841
-0.305714,-19.1071,-0.526886,32.9304
-0.323255,-20.2034,-0.528353,33.022
-0.343813,-21.4883,-0.529859,33.1162
-0.361467,-22.5917,-0.529348,33.0843
-0.382519,-23.9075,-0.529171,33.0732
-0.405096,-25.3185,-0.52903,33.0644
-0.430526,-26.9079,-0.52893,33.0581
-0.452023,-28.2514,-0.52711,32.9444
-0.469288,-29.3305,-0.526179,32.8862
-0.491169,-30.6981,-0.524099,32.7562
-0.516069,-32.2543,-0.521474,32.5922
-0.547368,-34.2105,-0.520638,32.5399
-0.571911,-35.7444,-0.518953,32.4346
-0.592115,-37.0072,-0.517279,32.3299
-0.615173,-38.4483,-0.515622,32.2264
-0.637455,-39.8409,-0.51398,32.1237
-0.656383,-41.0239,-0.51409,32.1306
-0.681965,-42.6228,-0.511605,31.9753
-0.709553,-44.347,-0.510891,31.9307
-0.737309,-46.0818,-0.509326,31.8329
-0.750729,-46.9206,-0.508621,31.7888
-0.765018,-47.8136,-0.507908,31.7442
-0.778969,-48.6855,-0.507184,31.699
-0.792598,-49.5374,-0.506451,31.6532
-0.803887,-50.243,-0.506877,31.6798
-0.828028,-51.7518,-0.506147,31.6342
-0.848431,-53.0269,-0.507174,31.6984
-0.860834,-53.8021,-0.507318,31.7074
-0.87295,-54.5594,-0.50745,31.7157
-0.892062,-55.7539,-0.508464,31.779
-0.907018,-56.6886,-0.509475,31.8422
-0.909595,-56.8497,-0.511629,31.9768
-0.915778,-57.2361,-0.513462,32.0914
-0.926549,-57.9093,-0.515287,32.2055
-0.931502,-58.2189,-0.517966,32.3729
-0.941935,-58.8709,-0.519765,32.4853
-0.946567,-59.1604,-0.521845,32.6153
-0.949425,-59.339,-0.524474,32.7796
-0.947981,-59.2488,-0.527946,32.9966
-0.94356,-58.9725,-0.531683,33.2302
-0.938059,-58.6287,-0.535083,33.4427
-0.933863,-58.3665,-0.539326,33.7079
-0.931737,-58.2336,-0.543545,33.9716
-0.927215,-57.9509,-0.547163,34.1977
-0.919298,-57.4561,-0.551318,34.4574
-0.910146,-56.8841,-0.557486,34.8429
-0.902353,-56.397,-0.562452,35.1533
-0.890658,-55.6661,-0.567384,35.4615
-0.880449,-55.028,-0.574333,35.8958
-0.867244,-54.2028,-0.580075,36.2547
-0.854684,-53.4178,-0.586088,36.6305
-0.840701,-52.5438,-0.591771,36.9857
-0.829392,-51.837,-0.596857,37.3036
-0.811364,-50.7103,-0.602478,37.6549
-0.795622,-49.7264,-0.607497,37.9686
-0.78002,-48.7513,-0.613935,38.371
-0.763351,-47.7094,-0.618902,38.6814
-0.744504,-46.5315,-0.625285,39.0803
-0.724665,-45.2916,-0.631941,39.4963
-0.70301,-43.9381,-0.636519,39.7824
-0.681419,-42.5887,-0.641367,40.0854
-0.667986,-41.7491,-0.646782,40.4239
-0.648294,-40.5183,-0.651605,40.7253
-0.628764,-39.2978,-0.656406,41.0254
-0.606242,-37.8901,-0.660009,41.2506
-0.581122,-36.3201,-0.664758,41.5474
-0.560426,-35.0266,-0.668621,41.7888
-0.538698,-33.6686,-0.671295,41.9559
-0.515119,-32.195,-0.674251,42.1407
-0.490019,-30.6262,-0.675441,42.2151
-0.466138,-29.1336,-0.674568,42.1605
-0.441384,-27.5865,-0.673979,42.1237
-0.422112,-26.382,-0.670768,41.923
-0.399702,-24.9814,-0.666674,41.6671
-0.37892,-23.6825,-0.661399,41.3375
-0.359428,-22.4642,-0.654674,40.9171
-0.335684,-20.9803,-0.647059,40.4412
-0.311105,-19.4441,-0.635941,39.7463
-0.285646,-17.8529,-0.625385,39.0865
-0.266241,-16.6401,-0.611635,38.2272
-0.241704,-15.1065,-0.595258,37.2036
-0.223795,-13.9872,-0.574526,35.9078
-0.209033,-13.0645,-0.553803,34.6127
-0.194687,-12.1679,-0.531346,33.2091
-0.177248,-11.078,-0.503658,31.4786
-0.162677,-10.1673,-0.476855,29.8034
-0.152534,-9.53337,-0.448899,28.0562
-0.140541,-8.78383,-0.424744,26.5465
-0.13265,-8.29064,-0.403225,25.2015
-0.121712,-7.60701,-0.383462,23.9664
-0.113407,-7.08793,-0.365458,22.8411
-0.107071,-6.69193,-0.35009,21.8806
-0.106385,-6.64907,-0.337373,21.0858
-0.104327,-6.52046,-0.3273,20.4562
-0.101595,-6.34966,-0.323359,20.2099
-0.0984736,-6.1546,-0.321183,20.0739
-0.0944459,-5.90287,-0.323389,20.2118
-0.0964817,-6.03011,-0.329992,20.6245
-0.0958499,-5.99062,-0.338663,21.1664
-0.098548,-6.15925,-0.347061,21.6913
-0.10188,-6.3675,-0.35636,22.2725
-0.107506,-6.71912,-0.363944,22.7465
-0.111913,-6.99456,-0.371553,23.222
-0.117203,-7.32517,-0.379187,23.6992
-0.12623,-7.88935,-0.385981,24.1238
-0.136818,-8.55114,-0.393109,24.5693
-0.146861,-9.17884,-0.399968,24.998
-0.158994,-9.93711,-0.405989,25.3743
-0.173405,-10.8378,-0.411175,25.6984
-0.188868,-11.8042,-0.416397,26.0248
-0.204748,-12.7967,-0.421083,26.3177
-0.221306,-13.8316,-0.423757,26.4848
-0.238308,-14.8942,-0.426464,26.654
-0.255403,-15.9627,-0.427457,26.716
-0.273202,-17.0752,-0.42878,26.7987
-0.294291,-18.3932,-0.428965,26.8103
-0.311277,-19.4548,-0.426558,26.6598
-0.334253,-20.8908,-0.425358,26.5849
-0.355366,-22.2104,-0.42127,26.3294
-0.37707,-23.5669,-0.41721,26.0756
-0.393524,-24.5952,-0.413463,25.8415
-0.414881,-25.93,-0.406823,25.4264
-0.439767,-27.4855,-0.400513,25.0321
-0.46394,-28.9963,-0.39393,24.6206
-0.491511,-30.7194,-0.386507,24.1567
-0.514204,-32.1377,-0.380275,23.7672
-0.533428,-33.3393,-0.373752,23.3595
-0.549937,-34.371,-0.366658,22.9162
-0.569101,-35.5688,-0.359273,22.4545
-0.597482,-37.3426,-0.35309,22.0681
-0.613384,-38.3365,-0.347478,21.7174
-0.640114,-40.0071,-0.34219,21.3869
-0.656483,-41.0302,-0.335727,20.983
-0.677013,-42.3133,-0.331317,20.7073
-0.695933,-43.4958,-0.326613,20.4133
-0.716761,-44.7975,-0.322215,20.1385
-0.728733,-45.5458,-0.318676,19.9173
-0.736607,-46.0379,-0.317435,19.8397
-0.750098,-46.8811,-0.314739,19.6712
-0.756551,-47.2844,-0.313464,19.5915
-0.770481,-48.155,-0.312483,19.5302
-0.787482,-49.2177,-0.313252,19.5783
-0.796605,-49.7878,-0.314578,19.6611
-0.808425,-50.5266,-0.317067,19.8167
-0.814076,-50.8797,-0.320409,20.0255
-0.81993,-51.2457,-0.32373,20.2332
-0.821906,-51.3691,-0.326725,20.4203
-0.826885,-51.6803,-0.330874,20.6797
-0.826823,-51.6764,-0.334996,20.9372
-0.827207,-51.7004,-0.339091,21.1932
-0.823941,-51.4963,-0.342853,21.4283
-0.823898,-51.4936,-0.347764,21.7353
-0.820184,-51.2615,-0.352646,22.0404
-0.812403,-50.7752,-0.357489,22.3431
-0.806861,-50.4288,-0.363176,22.6985
-0.798172,-49.8858,-0.369401,23.0876
-0.79139,-49.4619,-0.3759,23.4938
-0.782643,-48.9152,-0.383243,23.9527
-0.770528,-48.158,-0.390551,24.4095
-0.757253,-47.3283,-0.398697,24.9186
-0.743409,-46.4631,-0.405935,25.3709
-0.731099,-45.6937,-0.414017,25.8761
-0.720793,-45.0495,-0.422077,26.3798
-0.704245,-44.0153,-0.430101,26.8813
-0.684099,-42.7562,-0.439831,27.4894
-0.665385,-41.5866,-0.450401,28.1501
-0.640433,-40.0271,-0.459179,28.6987
-0.617154,-38.5721,-0.469663,29.3539
-0.594261,-37.1413,-0.480985,30.0615
-0.565582,-35.3489,-0.490516,30.6572
-0.542739,-33.9212,-0.50089,31.3056
-0.516729,-32.2956,-0.51123,31.9519
-0.490569,-30.6606,-0.520668,32.5417
-0.466553,-29.1596,-0.528335,33.0209
-0.447521,-27.9701,-0.536865,33.5541
-0.423008,-26.438,-0.544499,34.0312
-0.399099,-24.9437,-0.550369,34.3981
-0.372561,-23.285,-0.553593,34.5996
-0.350307,-21.8942,-0.558551,34.9094
-0.327295,-20.4559,-0.560306,35.0191
-0.2987,-18.6688,-0.561737,35.1085
-0.275192,-17.1995,-0.560538,35.0336
-0.248414,-15.5259,-0.556702,34.7939
-0.229335,-14.3334,-0.551123,34.4452
-0.207884,-12.9928,-0.544091,34.0057
-0.193319,-12.0824,-0.533275,33.3297
-0.178952,-11.1845,-0.521597,32.5998
-0.16439,-10.2744,-0.506438,31.6524
-0.151427,-9.46421,-0.4881,30.5063
-0.145225,-9.07658,-0.468615,29.2885
-0.13531,-8.45689,-0.444784,27.799
-0.130294,-8.14336,-0.420407,26.2754
-0.128195,-8.01222,-0.396631,24.7894
-0.128328,-8.02051,-0.372014,23.2509
-0.132072,-8.2545,-0.34948,21.8425
-0.139299,-8.7062,-0.328433,20.5271
-0.144017,-9.00108,-0.307422,19.2139
-0.152742,-9.54638,-0.289369,18.0856
-0.168525,-10.5328,-0.271942,16.9964
-0.181457,-11.3411,-0.259222,16.2014
-0.194585,-12.1615,-0.249733,15.6083
-0.209113,-13.0695,-0.243201,15.2001
-0.228166,-14.2603,-0.240781,15.0488
-0.248939,-15.5587,-0.241326,15.0829
-0.269936,-16.871,-0.244236,15.2647
-0.288248,-18.0155,-0.249225,15.5766
-0.306375,-19.1484,-0.254819,15.9262
-0.324654,-20.2909,-0.260745,16.2966
-0.346815,-21.6759,-0.264664,16.5415
-0.368398,-23.0249,-0.26717,16.6981
-0.38972,-24.3575,-0.270281,16.8926
-0.411035,-25.6897,-0.27285,17.0531
-0.43326,-27.0787,-0.272828,17.0517
-0.453246,-28.3279,-0.275144,17.1965
-0.483227,-30.2017,-0.276059,17.2537
-0.504758,-31.5474,-0.277568,17.348
-0.533627,-33.3517,-0.279416,17.4635
-0.555231,-34.7019,-0.281281,17.5801
-0.580105,-36.2566,-0.281999,17.6249
-0.598819,-37.4262,-0.282151,17.6344
-0.616916,-38.5573,-0.283181,17.6988
-0.639659,-39.9787,-0.283355,17.7097
-0.665662,-41.6039,-0.284999,17.8125
-0.687738,-42.9836,-0.286084,17.8803
-0.698851,-43.6782,-0.287156,17.9473
-0.723639,-45.2274,-0.289122,18.0701
-0.733506,-45.8441,-0.290772,18.1732
-0.745489,-46.5931,-0.293585,18.349
-0.761179,-47.5737,-0.294652,18.4158
-0.773743,-48.3589,-0.297458,18.5911
-0.781257,-48.8285,-0.300245,18.7653
-0.788625,-49.2891,-0.303015,18.9384
-0.79324,-49.5775,-0.306334,19.1459
-0.796066,-49.7541,-0.309929,19.3705
-0.804471,-50.2794,-0.313512,19.5945
-0.808868,-50.5543,-0.317077,19.8173
-0.816722,-51.0451,-0.320631,20.0394
-0.817974,-51.1234,-0.324159,20.26
-0.821385,-51.3366,-0.328543,20.5339
-0.823025,-51.439,-0.332906,20.8066
-0.823563,-51.4727,-0.337247,21.0779
-0.827424,-51.714,-0.341574,21.3484
-0.829207,-51.8254,-0.345884,21.6177
-0.831916,-51.9948,-0.351054,21.9409
-0.825576,-51.5985,-0.357064,22.3165
-0.822227,-51.3892,-0.362177,22.6361
-0.818272,-51.142,-0.368139,23.0087
-0.812826,-50.8016,-0.374076,23.3797
-0.806546,-50.4091,-0.379986,23.7491
-0.800927,-50.0579,-0.386747,24.1717
-0.79531,-49.7069,-0.392613,24.5383
-0.783053,-48.9408,-0.400491,25.0307
-0.774866,-48.4291,-0.408046,25.5029
-0.761834,-47.6146,-0.416443,26.0277
-0.747349,-46.7093,-0.424807,26.5505
-0.727989,-45.4993,-0.434003,27.1252
-0.714131,-44.6332,-0.443173,27.6983
-0.697359,-43.5849,-0.452612,28.2882
-0.681306,-42.5817,-0.461723,28.8577
-0.664194,-41.5121,-0.472554,29.5346
-0.651221,-40.7013,-0.481623,30.1014
-0.634998,-39.6874,-0.491841,30.7401
-0.61768,-38.605,-0.501736,31.3585
-0.599322,-37.4576,-0.511604,31.9753
-0.57823,-36.1394,-0.523191,32.6994
-0.560561,-35.0351,-0.534186,33.3866
-0.53979,-33.7369,-0.54573,34.1081
-0.518936,-32.4335,-0.557253,34.8283
-0.496216,-31.0135,-0.56905,35.5656
-0.47351,-29.5944,-0.579652,36.2282
-0.449611,-28.1007,-0.590527,36.9079
-0.430438,-26.9024,-0.601963,37.6227
-0.410186,-25.6366,-0.612513,38.282
-0.387747,-24.2342,-0.623344,38.959
-0.369916,-23.1198,-0.632995,39.5622
-0.34546,-21.5912,-0.643801,40.2376
-0.325335,-20.3334,-0.653424,40.839
-0.304179,-19.0112,-0.663339,41.4587
-0.284573,-17.7858,-0.672076,42.0047
-0.266474,-16.6546,-0.680239,42.5149
-0.247193,-15.4496,-0.687227,42.9517
-0.230532,-14.4082,-0.692773,43.2983
-0.213204,-13.3252,-0.698019,43.6262
-0.20193,-12.6206,-0.701834,43.8646
-0.186276,-11.6422,-0.704478,44.0298
-0.178379,-11.1487,-0.705695,44.106
-0.168884,-10.5553,-0.705755,44.1097
-0.158743,-9.92143,-0.703507,43.9692
-0.151519,-9.46996,-0.699528,43.7205
-0.144495,-9.03095,-0.694391,43.3994
-0.145801,-9.11257,-0.687843,42.9902
-0.143963,-8.99769,-0.677828,42.3643
-0.142383,-8.89897,-0.666664,41.6665
-0.145126,-9.07036,-0.653211,40.8257
-0.152308,-9.51925,-0.638053,39.8783
-0.159056,-9.94103,-0.619142,38.6964
-0.164521,-10.2825,-0.598815,37.426
-0.173169,-10.8231,-0.577651,36.1032
-0.178438,-11.1523,-0.552154,34.5096
-0.185397,-11.5873,-0.523765,32.7353
-0.194929,-12.1831,-0.496579,31.0362
-0.205741,-12.8588,-0.468554,29.2846
-0.223293,-13.9558,-0.436212,27.2633
-0.239152,-14.947,-0.407397,25.4623
-0.252855,-15.8034,-0.379184,23.699
-0.265385,-16.5865,-0.35217,22.0106
-0.281124,-17.5702,-0.326932,20.4333
-0.298792,-18.6745,-0.306961,19.1851
-0.317465,-19.8416,-0.290512,18.157
-0.334476,-20.9047,-0.275833,17.2396
-0.354302,-22.1439,-0.266422,16.6514
-0.37531,-23.4569,-0.259658,16.2286
-0.392881,-24.5551,-0.256977,16.0611
-0.416157,-26.0098,-0.257249,16.0781
-0.439029,-27.4393,-0.260169,16.2606
-0.460109,-28.7568,-0.263114,16.4446
-0.476877,-29.8048,-0.266943,16.6839
-0.502923,-31.4327,-0.270807,16.9255
-0.518884,-32.4302,-0.273806,17.1129
-0.536637,-33.5398,-0.276817,17.3011
-0.556926,-34.8079,-0.279847,17.4904
-0.577303,-36.0814,-0.281447,17.5904
-0.592856,-37.0535,-0.284497,17.7811
-0.611054,-38.1909,-0.287558,17.9724
-0.623921,-38.9951,-0.290616,18.1635
-0.634631,-39.6644,-0.293666,18.3541
-0.64648,-40.405,-0.296711,18.5445
-0.659125,-41.1953,-0.299756,18.7348
-0.673359,-42.0849,-0.302803,18.9252
-0.685077,-42.8173,-0.307018,19.1886
-0.690863,-43.1789,-0.310045,19.3778
-0.702065,-43.879,-0.31394,19.6213
-0.706788,-44.1742,-0.317819,19.8637
-0.711118,-44.4449,-0.321681,20.105
-0.713625,-44.6016,-0.325824,20.364
-0.711745,-44.4841,-0.331385,20.7116
-0.708843,-44.3027,-0.335172,20.9483
-0.704436,-44.0272,-0.338929,21.1831
-0.697688,-43.6055,-0.343827,21.4892
-0.686339,-42.8962,-0.348382,21.7739
-0.680506,-42.5316,-0.353784,22.1115
-0.676722,-42.2951,-0.357721,22.3576
-0.666734,-41.6709,-0.362199,22.6374
-0.65372,-40.8575,-0.368385,23.0241
-0.643898,-40.2437,-0.373099,23.3187
-0.63162,-39.4763,-0.378355,23.6472
-0.618422,-38.6513,-0.384451,24.0282
-0.602892,-37.6807,-0.389941,24.3713
-0.590049,-36.8781,-0.396851,24.8032
-0.574823,-35.9264,-0.40403,25.2519
-0.560231,-35.0144,-0.410886,25.6804
-0.544456,-34.0285,-0.418889,26.1806
-0.52722,-32.9512,-0.42569,26.6056
-0.512757,-32.0473,-0.432768,27.048
-0.495409,-30.9631,-0.442137,27.6336
-0.479296,-29.956,-0.450914,28.1821
-0.463239,-28.9525,-0.459371,28.7107
-0.4437,-27.7313,-0.4681,29.2562
-0.426134,-26.6333,-0.476509,29.7818
-0.410103,-25.6314,-0.486075,30.3797
-0.392045,-24.5028,-0.493577,30.8485
-0.374685,-23.4178,-0.502234,31.3896
-0.354198,-22.1374,-0.511739,31.9837
-0.341212,-21.3257,-0.520941,32.5588
-0.327206,-20.4504,-0.529565,33.0978
-0.306711,-19.1695,-0.538741,33.6713
-0.286692,-17.9183,-0.547327,34.2079
-0.272362,-17.0226,-0.558531,34.9082
-0.256367,-16.023,-0.566812,35.4258
-0.241208,-15.0755,-0.575389,35.9618
-0.228003,-14.2502,-0.583094,36.4434
-0.215493,-13.4683,-0.590802,36.9251
-0.203932,-12.7457,-0.59734,37.3337
-0.195063,-12.1914,-0.605061,37.8163
-0.19045,-11.9031,-0.61018,38.1363
-0.183618,-11.4761,-0.614438,38.4024
-0.178409,-11.1506,-0.619282,38.7052
-0.176201,-11.0126,-0.623573,38.9733
-0.174557,-10.9098,-0.626137,39.1336
-0.175241,-10.9526,-0.628725,39.2953
-0.172565,-10.7853,-0.630455,39.4035
-0.170189,-10.6368,-0.632204,39.5128
-0.17644,-11.0275,-0.631943,39.4964
-0.186067,-11.6292,-0.630274,39.3922
-0.191688,-11.9805,-0.627757,39.2348
-0.204009,-12.7506,-0.624405,39.0253
-0.216055,-13.5034,-0.620215,38.7634
-0.232778,-14.5486,-0.615195,38.4497
-0.249923,-15.6202,-0.607598,37.9748
-0.266053,-16.6283,-0.600035,37.5022
-0.28325,-17.7031,-0.591635,36.9772
-0.300888,-18.8055,-0.581524,36.3452
-0.320438,-20.0274,-0.571449,35.7155
-0.346751,-21.6719,-0.558805,34.9253
-0.368771,-23.0482,-0.546197,34.1373
-0.388162,-24.2601,-0.532745,33.2965
-0.416111,-26.007,-0.517592,32.3495
-0.436241,-27.2651,-0.501591,31.3495
-0.464355,-29.0222,-0.480401,30.025
-0.48547,-30.3419,-0.460977,28.8111
-0.504625,-31.5391,-0.440126,27.5079
-0.530941,-33.1838,-0.415519,25.9699
-0.552136,-34.5085,-0.39529,24.7056
-0.571702,-35.7314,-0.371587,23.2242
-0.59172,-36.9825,-0.347023,21.6889
-0.618897,-38.681,-0.325106,20.3191
-0.640365,-40.0228,-0.304947,19.0592
-0.662526,-41.4079,-0.285103,17.8189
-0.684468,-42.7793,-0.269336,16.8335
-0.697432,-43.5895,-0.254434,15.9021
-0.711179,-44.4487,-0.238651,14.9157
-0.725129,-45.3206,-0.227526,14.2204
-0.746781,-46.6738,-0.219606,13.7254
-0.757725,-47.3578,-0.21429,13.3931
-0.767808,-47.988,-0.211878,13.2424
-0.775283,-48.4552,-0.210892,13.1807
-0.780026,-48.7516,-0.212498,13.2812
-0.785048,-49.0655,-0.216128,13.508
-0.794401,-49.65,-0.22032,13.77
-0.803502,-50.2189,-0.225374,14.0859
-0.804222,-50.2639,-0.230703,14.419
-0.8033,-50.2063,-0.234829,14.6768
-0.80958,-50.5987,-0.239817,14.9886
-0.807533,-50.4708,-0.245076,15.3173
-0.810368,-50.648,-0.25002,15.6263
-0.807966,-50.4979,-0.25611,16.0068
-0.807228,-50.4518,-0.261879,16.3674
-0.801379,-50.0862,-0.267044,16.6902
-0.793872,-49.617,-0.272748,17.0468
-0.785036,-49.0648,-0.279591,17.4744
-0.77175,-48.2344,-0.286966,17.9354
-0.760542,-47.5339,-0.295482,18.4676
-0.75072,-46.92,-0.302796,18.9247
-0.734119,-45.8824,-0.310367,19.398
-0.718301,-44.8938,-0.320222,20.0139
-0.703441,-43.9651,-0.329473,20.5921
-0.684544,-42.784,-0.339561,21.2225
-0.66816,-41.76,-0.348448,21.778
-0.646022,-40.3764,-0.357594,22.3496
-0.625686,-39.1054,-0.365531,22.8457
-0.603617,-37.726,-0.373731,23.3582
-0.57725,-36.0781,-0.383635,23.9772
-0.556842,-34.8026,-0.391463,24.4665
-0.534704,-33.419,-0.400437,25.0273
-0.511665,-31.9791,-0.40851,25.5318
-0.486897,-30.4311,-0.417998,26.1249
-0.467421,-29.2138,-0.426897,26.6811
-0.442548,-27.6593,-0.434897,27.1811
-0.421529,-26.3455,-0.442878,27.6799
-0.401883,-25.1177,-0.45142,28.2138
-0.382912,-23.932,-0.461125,28.8203
-0.366326,-22.8953,-0.469077,29.3173
-0.346859,-21.6787,-0.47702,29.8138
-0.327187,-20.4492,-0.485823,30.364
-0.31085,-19.4281,-0.494626,30.9141
-0.29037,-18.1481,-0.503117,31.4448
-0.277876,-17.3672,-0.51017,31.8856
-0.26138,-16.3363,-0.518091,32.3807
-0.244617,-15.2886,-0.526008,32.8755
-0.235696,-14.731,-0.533939,33.3712
-0.225266,-14.0791,-0.541009,33.813
-0.222076,-13.8798,-0.548105,34.2566
-0.211557,-13.2223,-0.556084,34.7552
-0.207696,-12.981,-0.561467,35.0917
-0.198327,-12.3954,-0.568603,35.5377
-0.193857,-12.1161,-0.57576,35.985
-0.188519,-11.7824,-0.581188,36.3243
-0.182398,-11.3999,-0.587503,36.7189
-0.183631,-11.4769,-0.592098,37.0061
-0.181805,-11.3628,-0.597588,37.3492
-0.180766,-11.2979,-0.602224,37.639
-0.178773,-11.1733,-0.60688,37.93
-0.178738,-11.1712,-0.609811,38.1132
-0.182933,-11.4333,-0.612771,38.2982
-0.19148,-11.9675,-0.614023,38.3764
-0.197475,-12.3422,-0.615302,38.4564
-0.20138,-12.5862,-0.614857,38.4286
-0.209695,-13.1059,-0.61357,38.3482
-0.217548,-13.5967,-0.610867,38.1792
-0.230196,-14.3872,-0.605281,37.83
-0.233811,-14.6132,-0.600581,37.5363
-0.247661,-15.4788,-0.595042,37.1901
-0.262647,-16.4155,-0.587792,36.737
-0.274062,-17.1289,-0.579992,36.2495
-0.289642,-18.1026,-0.57018,35.6363
-0.310052,-19.3783,-0.557792,34.862
-0.323174,-20.1984,-0.546297,34.1436
-0.337512,-21.0945,-0.535996,33.4997
-0.357658,-22.3536,-0.521937,32.6211
-0.379629,-23.7268,-0.508787,31.7992
-0.398057,-24.8785,-0.495093,30.9433
-0.420343,-26.2714,-0.475898,29.7436
-0.440559,-27.5349,-0.457602,28.6001
-0.456441,-28.5275,-0.438747,27.4217
-0.472616,-29.5385,-0.418736,26.171
-0.489027,-30.5642,-0.398737,24.921
-0.508613,-31.7883,-0.37906,23.6912
-0.533788,-33.3617,-0.359114,22.4446
-0.555055,-34.691,-0.337743,21.1089
-0.567078,-35.4424,-0.318689,19.9181
-0.590005,-36.8753,-0.298786,18.6741
-0.600124,-37.5078,-0.28179,17.6119
-0.607336,-37.9585,-0.266227,16.6392
-0.6225,-38.9063,-0.253587,15.8492
-0.634171,-39.6357,-0.242386,15.1491
-0.643472,-40.217,-0.235839,14.74
-0.651022,-40.6888,-0.232471,14.5294
-0.660982,-41.3114,-0.232884,14.5552
-0.671532,-41.9707,-0.235611,14.7257
-0.676493,-42.2808,-0.240365,15.0228
-0.679915,-42.4947,-0.245973,15.3733
-0.684786,-42.7991,-0.251266,15.7041
-0.690457,-43.1536,-0.257721,16.1075
-0.695101,-43.4438,-0.262117,16.3823
-0.69765,-43.6031,-0.267668,16.7292
-0.696411,-43.5257,-0.273195,17.0747
-0.693902,-43.3689,-0.278394,17.3996
-0.692519,-43.2825,-0.284744,17.7965
-0.692163,-43.2602,-0.291952,18.247
-0.690693,-43.1683,-0.299718,18.7323
-0.6858,-42.8625,-0.306886,19.1804
-0.68032,-42.52,-0.314903,19.6814
-0.673939,-42.1212,-0.322023,20.1264
-0.667332,-41.7082,-0.329691,20.6057
-0.66018,-41.2612,-0.337638,21.1023
-0.64985,-40.6156,-0.346428,21.6518
-0.637656,-39.8535,-0.35519,22.1994
-0.630046,-39.3779,-0.363933,22.7458
-0.618991,-38.687,-0.372352,23.272
-0.6081,-38.0062,-0.38105,23.8156
-0.594459,-37.1537,-0.390595,24.4122
-0.583067,-36.4417,-0.399247,24.9529
-0.568367,-35.5229,-0.408747,25.5467
-0.55073,-34.4206,-0.419091,26.1932
-0.534627,-33.4142,-0.428538,26.7836
-0.522631,-32.6644,-0.436225,27.264
-0.506735,-31.671,-0.443587,27.7242
-0.494408,-30.9005,-0.451234,28.2021
-0.481973,-30.1233,-0.458866,28.6791
-0.465994,-29.1246,-0.465603,29.1002
-0.456205,-28.5128,-0.472332,29.5207
-0.440992,-27.562,-0.479043,29.9402
-0.427563,-26.7227,-0.484865,30.3041
-0.415288,-25.9555,-0.4933,30.8313
-0.402819,-25.1762,-0.499983,31.2489
-0.39254,-24.5338,-0.507535,31.721
-0.377938,-23.6211,-0.515378,32.2111
-0.36413,-22.7582,-0.52204,32.6275
-0.354854,-22.1784,-0.528705,33.0441
-0.347021,-21.6888,-0.533628,33.3517
-0.335086,-20.9428,-0.541166,33.8229
-0.324927,-20.3079,-0.54696,34.185
-0.312768,-19.548,-0.553622,34.6014
-0.303313,-18.9571,-0.558541,34.9088
-0.295311,-18.4569,-0.56464,35.29
-0.289224,-18.0765,-0.569576,35.5985
-0.278897,-17.4311,-0.57451,35.9068
-0.26861,-16.7881,-0.57857,36.1606
-0.262434,-16.4021,-0.583511,36.4694
-0.252601,-15.7875,-0.58788,36.7425
-0.245112,-15.3195,-0.591953,36.9971
-0.243917,-15.2448,-0.596047,37.2529
-0.240273,-15.017,-0.59928,37.455
-0.238122,-14.8826,-0.601956,37.6222
-0.237103,-14.8189,-0.603473,37.7171
-0.238362,-14.8976,-0.605012,37.8133
-0.240581,-15.0363,-0.606872,37.9295
-0.244335,-15.271,-0.606709,37.9193
-0.246105,-15.3816,-0.607435,37.9647
-0.252921,-15.8076,-0.606744,37.9215
-0.26138,-16.3362,-0.604906,37.8066
-0.265668,-16.6042,-0.603958,37.7474
-0.276376,-17.2735,-0.602467,37.6542
-0.286291,-17.8932,-0.600702,37.5438
-0.300396,-18.7748,-0.597524,37.3452
-0.312709,-19.5443,-0.594947,37.1842
-0.325305,-20.3316,-0.591824,36.989
-0.344909,-21.5568,-0.587569,36.723
-0.359582,-22.4739,-0.581892,36.3682
-0.371361,-23.2101,-0.576804,36.0503
-0.390521,-24.4075,-0.571179,35.6987
-0.405646,-25.3529,-0.563527,35.2205
-0.419059,-26.1912,-0.556192,34.762
-0.437192,-27.3245,-0.549455,34.3409
-0.456619,-28.5387,-0.540425,33.7766
-0.471545,-29.4716,-0.529367,33.0854
-0.48501,-30.3131,-0.516874,32.3046
-0.49743,-31.0894,-0.504389,31.5243
-0.509973,-31.8733,-0.489866,30.6166
-0.528785,-33.0491,-0.474792,29.6745
-0.539304,-33.7065,-0.460592,28.787
-0.556723,-34.7952,-0.445237,27.8273
-0.572899,-35.8062,-0.428448,26.778
-0.585318,-36.5823,-0.412536,25.7835
-0.5964,-37.275,-0.396324,24.7703
-0.603068,-37.6918,-0.37953,23.7206
-0.615671,-38.4794,-0.362742,22.6714
-0.622277,-38.8923,-0.345643,21.6027
-0.62788,-39.2425,-0.330577,20.6611
-0.63715,-39.8218,-0.313765,19.6103
-0.643211,-40.2007,-0.299562,18.7226
-0.64821,-40.5131,-0.284475,17.7797
-0.654288,-40.893,-0.271698,16.9811
-0.655239,-40.9524,-0.260075,16.2547
-0.655383,-40.9615,-0.251051,15.6907
-0.658207,-41.1379,-0.243759,15.2349
-0.65607,-41.0043,-0.239935,14.996
-0.659304,-41.2065,-0.237849,14.8656
-0.659539,-41.2212,-0.236621,14.7888
-0.658088,-41.1305,-0.238564,14.9102
-0.656207,-41.0129,-0.244279,15.2674
-0.657649,-41.1031,-0.249987,15.6242
-0.653813,-40.8633,-0.25742,16.0887
-0.64467,-40.2919,-0.265695,16.6059
-0.638884,-39.9302,-0.273075,17.0672
-0.629639,-39.3524,-0.282175,17.6359
-0.625156,-39.0723,-0.290388,18.1493
-0.617391,-38.5869,-0.29858,18.6612
-0.609125,-38.0703,-0.307624,19.2265
-0.600338,-37.5211,-0.317522,19.8451
-0.593059,-37.0662,-0.326532,20.4083
-0.58318,-36.4488,-0.335523,20.9702
-0.569912,-35.6195,-0.345363,21.5852
-0.55803,-34.8769,-0.353736,22.1085
-0.544021,-34.0013,-0.361785,22.6116
-0.52882,-33.0513,-0.370681,23.1676
-0.513659,-32.1037,-0.378682,23.6676
-0.498778,-31.1736,-0.386663,24.1665
-0.487066,-30.4417,-0.392886,24.5554
-0.474047,-29.628,-0.399966,24.9979
-0.462403,-28.9002,-0.407335,25.4585
-0.45115,-28.1968,-0.413525,25.8453
-0.437359,-27.3349,-0.4197,26.2312
-0.424066,-26.5041,-0.424991,26.5619
-0.412709,-25.7943,-0.431147,26.9467
-0.403187,-25.1992,-0.436728,27.2955
-0.388425,-24.2766,-0.44287,27.6794
-0.37591,-23.4944,-0.448128,28.008
-0.365617,-22.8511,-0.453682,28.3551
-0.356854,-22.3034,-0.458064,28.629
-0.3446,-21.5375,-0.464182,29.0114
-0.334512,-20.907,-0.4703,29.3937
-0.326771,-20.4232,-0.475847,29.7405
-0.31549,-19.7181,-0.481963,30.1227
-0.314465,-19.6541,-0.486651,30.4157
-0.309899,-19.3687,-0.492796,30.7997
-0.302752,-18.922,-0.498943,31.1839
-0.295814,-18.4884,-0.505393,31.587
-0.292563,-18.2852,-0.511555,31.9722
-0.285838,-17.8649,-0.51802,32.3762
-0.283662,-17.7289,-0.524197,32.7623
-0.276257,-17.266,-0.53242,33.2763
-0.27688,-17.305,-0.536871,33.5544
-0.275666,-17.2291,-0.544826,34.0516
-0.2764,-17.275,-0.551353,34.4595
-0.274085,-17.1303,-0.557016,34.8135
-0.274688,-17.168,-0.563266,35.2042
-0.277773,-17.3608,-0.568091,35.5057
-0.278026,-17.3766,-0.574373,35.8983
-0.281651,-17.6032,-0.578354,36.1471
-0.281297,-17.5811,-0.583787,36.4867
-0.280028,-17.5017,-0.587779,36.7362
-0.277932,-17.3708,-0.591773,36.9858
-0.283149,-17.6968,-0.595486,37.2179
-0.290995,-18.1872,-0.598651,37.4157
-0.301047,-18.8154,-0.601542,37.5964
-0.311495,-19.4685,-0.603013,37.6883
-0.321191,-20.0744,-0.605382,37.8364
-0.330669,-20.6668,-0.605726,37.8578
-0.335964,-20.9977,-0.606379,37.8987
-0.342182,-21.3864,-0.607916,37.9947
-0.352477,-22.0298,-0.606855,37.9284
-0.366979,-22.9362,-0.606395,37.8997
-0.383443,-23.9652,-0.604521,37.7826
-0.388439,-24.2774,-0.604393,37.7746
-0.400523,-25.0327,-0.601666,37.6041
-0.408909,-25.5568,-0.598646,37.4154
-0.417274,-26.0796,-0.595061,37.1913
-0.429986,-26.8741,-0.591494,36.9684
-0.440432,-27.527,-0.587065,36.6915
-0.450177,-28.1361,-0.580025,36.2516
-0.465117,-29.0698,-0.574752,35.922
-0.473889,-29.6181,-0.569483,35.5927
-0.48989,-30.6181,-0.563063,35.1914
-0.495944,-30.9965,-0.556937,34.8086
-0.505631,-31.602,-0.550817,34.4261
-0.514076,-32.1297,-0.542953,33.9346
-0.51992,-32.495,-0.534214,33.3884
-0.527905,-32.9941,-0.525474,32.8421
-0.533613,-33.3508,-0.514985,32.1866
-0.540312,-33.7695,-0.503623,31.4764
-0.542709,-33.9193,-0.490507,30.6567
-0.547958,-34.2474,-0.475642,29.7276
-0.553349,-34.5843,-0.459903,28.7439
-0.558249,-34.8906,-0.443287,27.7054
-0.561845,-35.1153,-0.424921,26.5576
-0.566489,-35.4055,-0.405678,25.3549
-0.564035,-35.2522,-0.386416,24.151
-0.563475,-35.2172,-0.368014,23.0009
-0.563542,-35.2213,-0.350773,21.9233
-0.563087,-35.1929,-0.334092,20.8808
-0.561809,-35.1131,-0.318269,19.8918
-0.553968,-34.623,-0.304164,19.0103
-0.546787,-34.1742,-0.293526,18.3454
-0.542565,-33.9103,-0.284615,17.7884
-0.537407,-33.5879,-0.279177,17.4486
-0.535682,-33.4801,-0.278394,17.3996
-0.533735,-33.3584,-0.279918,17.4949
-0.53103,-33.1894,-0.285797,17.8623
-0.524904,-32.8065,-0.294277,18.3923
-0.521684,-32.6053,-0.302174,18.8858
-0.516607,-32.2879,-0.313249,19.5781
-0.511135,-31.9459,-0.322567,20.1604
-0.506791,-31.6745,-0.331877,20.7423
-0.498815,-31.1759,-0.341472,21.342
-0.493206,-30.8254,-0.350757,21.9223
-0.491305,-30.7065,-0.360042,22.5027
-0.480997,-30.0623,-0.369608,23.1005
-0.474336,-29.646,-0.378862,23.6789
-0.465611,-29.1007,-0.388976,24.311
-0.461283,-28.8302,-0.397642,24.8526
-0.455938,-28.4961,-0.406877,25.4298
-0.450168,-28.1355,-0.415533,25.9708
-0.441718,-27.6074,-0.423876,26.4922
-0.435365,-27.2103,-0.433386,27.0866
-0.42951,-26.8444,-0.44172,27.6075
-0.419763,-26.2352,-0.449167,28.073
-0.414507,-25.9067,-0.457785,28.6116
-0.408818,-25.5511,-0.464355,29.0222
-0.403928,-25.2455,-0.472097,29.5061
-0.400623,-25.0389,-0.479543,29.9714
-0.395628,-24.7267,-0.48467,30.2919
-0.388777,-24.2986,-0.492411,30.7757
-0.381533,-23.8458,-0.498102,31.1314
-0.375991,-23.4994,-0.504092,31.5057
-0.370034,-23.1271,-0.508033,31.752
-0.367794,-22.9871,-0.513154,32.0721
-0.366718,-22.9199,-0.51711,32.3193
-0.358066,-22.3791,-0.522229,32.6393
-0.356423,-22.2765,-0.526484,32.9053
-0.353586,-22.0991,-0.52957,33.0982
-0.351987,-21.9992,-0.53296,33.31
-0.351894,-21.9934,-0.536362,33.5226
-0.353731,-22.1082,-0.538603,33.6627
-0.352542,-22.0339,-0.542022,33.8764
-0.355125,-22.1953,-0.545456,34.091
-0.358962,-22.4351,-0.546286,34.1429
-0.357385,-22.3366,-0.549436,34.3397
-0.3596,-22.475,-0.552898,34.5561
-0.359598,-22.4749,-0.555494,34.7184
-0.362437,-22.6523,-0.558101,34.8813
-0.364817,-22.8011,-0.561289,35.0806
-0.364429,-22.7768,-0.564782,35.2989
-0.367772,-22.9858,-0.566538,35.4086
-0.366314,-22.8946,-0.569166,35.5729
-0.368685,-23.0428,-0.572673,35.7921
-0.370619,-23.1637,-0.575315,35.9572
-0.376205,-23.5128,-0.577098,36.0686
-0.381822,-23.8638,-0.578594,36.1621
-0.385139,-24.0712,-0.580396,36.2747
-0.385395,-24.0872,-0.582196,36.3873
-0.388856,-24.3035,-0.583131,36.4457
-0.389836,-24.3647,-0.58494,36.5587
-0.395385,-24.7116,-0.585886,36.6179
-0.39636,-24.7725,-0.585956,36.6223
-0.404325,-25.2703,-0.586916,36.6823
-0.408413,-25.5258,-0.58701,36.6882
-0.409701,-25.6063,-0.585359,36.5849
-0.410651,-25.6657,-0.584578,36.5361
-0.413599,-25.8499,-0.582927,36.4329
-0.420816,-26.301,-0.581289,36.3306
-0.427111,-26.6944,-0.577916,36.1197
-0.431116,-26.9447,-0.575418,35.9636
-0.437592,-27.3495,-0.571182,35.6989
-0.445888,-27.868,-0.567256,35.4535
-0.450965,-28.1853,-0.562162,35.1351
-0.457588,-28.5992,-0.555333,34.7083
-0.463062,-28.9414,-0.548506,34.2816
-0.471268,-29.4542,-0.540816,33.801
-0.481206,-30.0754,-0.532267,33.2667
-0.484065,-30.2541,-0.52284,32.6775
-0.494147,-30.8842,-0.512857,32.0535
-0.498256,-31.141,-0.501699,31.3562
-0.504594,-31.5371,-0.490545,30.6591
-0.511256,-31.9535,-0.478524,29.9077
-0.515648,-32.228,-0.46593,29.1206
-0.522783,-32.6739,-0.451294,28.2059
-0.527958,-32.9974,-0.436661,27.2913
-0.532639,-33.2899,-0.420281,26.2676
-0.53574,-33.4837,-0.402451,25.1532
-0.540534,-33.7834,-0.381706,23.8566
-0.546015,-34.1259,-0.361833,22.6146
-0.550158,-34.3849,-0.342258,21.3911
-0.553319,-34.5825,-0.323252,20.2033
-0.55725,-34.8281,-0.302799,18.925
-0.556721,-34.7951,-0.287268,17.9543
-0.561225,-35.0766,-0.271738,16.9836
-0.563239,-35.2024,-0.257372,16.0858
-0.564378,-35.2736,-0.245317,15.3323
-0.569294,-35.5809,-0.237924,14.8702
-0.570283,-35.6427,-0.232841,14.5525
-0.573022,-35.8139,-0.230672,14.417
-0.573062,-35.8164,-0.234302,14.6439
-0.5766,-36.0375,-0.238803,14.9252
-0.578315,-36.1447,-0.247091,15.4432
-0.580828,-36.3017,-0.255377,15.9611
-0.577164,-36.0727,-0.265093,16.5683
-0.572531,-35.7832,-0.274219,17.1387
-0.571049,-35.6906,-0.282165,17.6353
-0.569652,-35.6032,-0.290404,18.1502
-0.563684,-35.2302,-0.298324,18.6452
-0.561805,-35.1128,-0.305662,19.1039
-0.560075,-35.0047,-0.31474,19.6713
-0.559271,-34.9544,-0.32177,20.1107
-0.555611,-34.7257,-0.329962,20.6226
-0.548656,-34.291,-0.338711,21.1694
-0.546625,-34.164,-0.346882,21.6801
-0.540926,-33.8079,-0.355041,22.1901
-0.533736,-33.3585,-0.363185,22.6991
-0.528617,-33.0386,-0.371892,23.2432
-0.523722,-32.7326,-0.380017,23.7511
-0.519038,-32.4399,-0.388136,24.2585
-0.516301,-32.2688,-0.394207,24.638
-0.5064,-31.65,-0.403178,25.1986
-0.498953,-31.1846,-0.410391,25.6494
-0.491846,-30.7404,-0.417592,26.0995
-0.480409,-30.0256,-0.426521,26.6575
-0.467681,-29.2301,-0.433385,27.0866
-0.460121,-28.7576,-0.441416,27.5885
-0.451656,-28.2285,-0.448566,28.0354
-0.443495,-27.7184,-0.454838,28.4274
-0.433005,-27.0628,-0.461972,28.8732
-0.423449,-26.4656,-0.468225,29.2641
-0.415408,-25.963,-0.475347,29.7092
-0.406734,-25.4209,-0.480419,30.0262
-0.400118,-25.0074,-0.485789,30.3618
-0.389352,-24.3345,-0.492023,30.7514
-0.381578,-23.8486,-0.498253,31.1408
-0.37698,-23.5612,-0.503615,31.4759
-0.371029,-23.1893,-0.508979,31.8112
-0.362925,-22.6828,-0.515213,32.2008
-0.357679,-22.3549,-0.520578,32.5361
-0.349086,-21.8179,-0.525937,32.8711
-0.344293,-21.5183,-0.532173,33.2608
-0.340782,-21.2989,-0.537543,33.5964
-0.337027,-21.0642,-0.543793,33.987
-0.33159,-20.7244,-0.549169,34.3231
-0.325477,-20.3423,-0.555418,34.7136
-0.324201,-20.2626,-0.561979,35.1237
-0.32257,-20.1606,-0.568246,35.5154
-0.318365,-19.8978,-0.574518,35.9074
-0.316285,-19.7678,-0.579924,36.2452
-0.313071,-19.5669,-0.586205,36.6378
-0.316338,-19.7711,-0.592507,37.0317
-0.310924,-19.4328,-0.598806,37.4253
-0.310642,-19.4151,-0.604542,37.7839
-0.308553,-19.2846,-0.609983,38.124
-0.312299,-19.5187,-0.615442,38.4651
-0.316109,-19.7568,-0.620045,38.7528
-0.317952,-19.872,-0.624659,39.0412
-0.31967,-19.9794,-0.62871,39.2944
-0.32097,-20.0606,-0.633342,39.5839
-0.325365,-20.3353,-0.63799,39.8744
-0.322239,-20.14,-0.642935,40.1835
-0.330523,-20.6577,-0.644987,40.3117
-0.33142,-20.7138,-0.648789,40.5493
-0.339509,-21.2193,-0.650294,40.6434
-0.339636,-21.2272,-0.652374,40.7734
-0.343497,-21.4686,-0.652716,40.7947
-0.346639,-21.6649,-0.654239,40.8899
-0.349001,-21.8125,-0.653722,40.8576
-0.358809,-22.4255,-0.652354,40.7721
-0.36352,-22.72,-0.650423,40.6514
-0.368292,-23.0182,-0.6482,40.5125
-0.373708,-23.3568,-0.64454,40.2838
-0.378609,-23.663,-0.640587,40.0367
-0.383604,-23.9752,-0.636068,39.7542
-0.38666,-24.1662,-0.630377,39.3986
-0.390189,-24.3868,-0.623246,38.9529
-0.392967,-24.5604,-0.614943,38.4339
-0.394488,-24.6555,-0.606939,37.9337
-0.398845,-24.9278,-0.596022,37.2513
-0.401867,-25.1167,-0.584535,36.5335
-0.405907,-25.3692,-0.570135,35.6334
-0.410371,-25.6482,-0.556041,34.7526
-0.41142,-25.7137,-0.539899,33.7437
-0.415043,-25.9402,-0.522314,32.6447
-0.415624,-25.9765,-0.503854,31.4909
-0.418216,-26.1385,-0.484222,30.2639
-0.417483,-26.0927,-0.463139,28.9462
-0.419989,-26.2493,-0.441184,27.574
-0.422081,-26.3801,-0.420675,26.2922
-0.426982,-26.6864,-0.401342,25.0839
-0.42674,-26.6712,-0.38113,23.8206
-0.425106,-26.5691,-0.3641,22.7562
-0.427872,-26.742,-0.34737,21.7106
-0.427924,-26.7452,-0.337614,21.1009
-0.430013,-26.8758,-0.329603,20.6002
-0.431709,-26.9818,-0.325653,20.3533
-0.430709,-26.9193,-0.326357,20.3973
-0.434122,-27.1326,-0.331427,20.7142
-0.439405,-27.4628,-0.339122,21.1952
-0.443262,-27.7039,-0.346821,21.6763
-0.44465,-27.7906,-0.355962,22.2476
-0.443935,-27.7459,-0.365397,22.8373
-0.446741,-27.9213,-0.373963,23.3727
-0.445051,-27.8157,-0.38252,23.9075
-0.446936,-27.9335,-0.390203,24.3877
-0.452555,-28.2847,-0.397894,24.8684
-0.453287,-28.3304,-0.406454,25.4034
-0.455723,-28.4827,-0.415017,25.9386
-0.456589,-28.5368,-0.423277,26.4548
-0.455378,-28.4611,-0.431831,26.9894
-0.455968,-28.498,-0.440382,27.5239
-0.457697,-28.6061,-0.447186,27.9491
-0.459967,-28.7479,-0.455738,28.4836
-0.462119,-28.8825,-0.46167,28.8544
-0.459895,-28.7435,-0.468464,29.279
-0.460401,-28.7751,-0.47613,29.7581
-0.460006,-28.7504,-0.482917,30.1823
-0.45997,-28.7481,-0.490003,30.6252
-0.45844,-28.6525,-0.495908,30.9943
-0.461678,-28.8549,-0.500945,31.3091
-0.462178,-28.8861,-0.505981,31.6238
-0.462948,-28.9343,-0.511016,31.9385
-0.462519,-28.9075,-0.516051,32.2532
-0.462064,-28.879,-0.520207,32.5129
-0.462844,-28.9277,-0.524363,32.7727
-0.463295,-28.956,-0.528518,33.0324
-0.462849,-28.928,-0.532096,33.256
-0.461591,-28.8495,-0.536242,33.5151
-0.464182,-29.0114,-0.540392,33.7745
-0.463738,-28.9836,-0.543665,33.979
-0.464228,-29.0142,-0.54781,34.2381
-0.467306,-29.2066,-0.550515,34.4072
-0.473177,-29.5736,-0.553803,34.6127
-0.474443,-29.6527,-0.55709,34.8181
-0.476272,-29.767,-0.562424,35.1515
-0.477134,-29.8209,-0.565711,35.3569
-0.480609,-30.038,-0.569001,35.5625
-0.483993,-30.2496,-0.574041,35.8776
-0.486333,-30.3958,-0.57851,36.1569
-0.490639,-30.6649,-0.582685,36.4178
-0.495357,-30.9598,-0.585993,36.6245
-0.500213,-31.2633,-0.589607,36.8504
-0.49847,-31.1544,-0.594656,37.166
-0.50296,-31.435,-0.597392,37.337
-0.502074,-31.3796,-0.601568,37.598
-0.504718,-31.5449,-0.60692,37.9325
-0.511878,-31.9924,-0.609365,38.0853
-0.506271,-31.6419,-0.612665,38.2915
-0.510831,-31.9269,-0.616271,38.5169
-0.507934,-31.7459,-0.620439,38.7775
-0.509539,-31.8462,-0.623163,38.9477
-0.511976,-31.9985,-0.625585,39.0991
-0.51263,-32.0394,-0.628307,39.2692
-0.512376,-32.0235,-0.631596,39.4748
-0.511301,-31.9563,-0.634309,39.6443
-0.511148,-31.9468,-0.637016,39.8135
-0.509299,-31.8312,-0.639416,39.9635
-0.51107,-31.9419,-0.640372,40.0232
-0.509304,-31.8315,-0.642769,40.1731
-0.506416,-31.651,-0.644583,40.2865
-0.503711,-31.482,-0.645516,40.3447
-0.498565,-31.1603,-0.647008,40.438
-0.495417,-30.9636,-0.647048,40.4405
-0.488062,-30.5038,-0.648818,40.5511
-0.48655,-30.4094,-0.646796,40.4248
-0.481331,-30.0832,-0.646814,40.4259
-0.473621,-29.6013,-0.644208,40.263
-0.464374,-29.0234,-0.642161,40.1351
-0.444654,-27.7909,-0.63167,39.4794
-0.437937,-27.3711,-0.627276,39.2048
-0.424197,-26.5123,-0.621987,38.8742
-0.417406,-26.0879,-0.614644,38.4153
-0.407127,-25.4454,-0.606714,37.9197
-0.400178,-25.0111,-0.597034,37.3146
-0.389706,-24.3566,-0.585601,36.6001
-0.377792,-23.612,-0.572408,35.7755
-0.368654,-23.0409,-0.558038,34.8774
-0.358336,-22.396,-0.543087,33.943
-0.346611,-21.6632,-0.525504,32.844
-0.333637,-20.8523,-0.507035,31.6897
-0.322006,-20.1253,-0.486814,30.4259
-0.309861,-19.3663,-0.466582,29.1614
-0.29989,-18.7432,-0.446345,27.8966
-0.289368,-18.0855,-0.425233,26.5771
-0.28321,-17.7006,-0.406739,25.4212
-0.276682,-17.2926,-0.389119,24.3199
-0.266857,-16.6785,-0.37411,23.3818
-0.260877,-16.3048,-0.359104,22.444
-0.256806,-16.0504,-0.346723,21.6702
-0.253676,-15.8547,-0.338711,21.1694
-0.251474,-15.7171,-0.333327,20.8329
-0.247541,-15.4713,-0.330566,20.6604
-0.246577,-15.4111,-0.330436,20.6523
-0.247272,-15.4545,-0.333809,20.8631
-0.245839,-15.365,-0.340679,21.2924
-0.248205,-15.5128,-0.349309,21.8318
-0.250405,-15.6503,-0.358827,22.4267
-0.257971,-16.1232,-0.369243,23.0777
-0.261948,-16.3718,-0.378803,23.6752
-0.26688,-16.68,-0.386934,24.1834
-0.272767,-17.0479,-0.394781,24.6738
-0.280144,-17.509,-0.402647,25.1654
-0.292126,-18.2579,-0.408795,25.5497
-0.299559,-18.7224,-0.41583,25.9894
-0.310193,-19.387,-0.423188,26.4493
-0.319506,-19.9691,-0.429389,26.8368
-0.337484,-21.0927,-0.434756,27.1722
-0.347707,-21.7317,-0.441884,27.6178
-0.36099,-22.5619,-0.446716,27.9197
-0.376969,-23.5606,-0.451274,28.2046
-0.391733,-24.4833,-0.454106,28.3816
-0.411496,-25.7185,-0.458716,28.6698
-0.42927,-26.8294,-0.461907,28.8692
-0.449271,-28.0794,-0.4657,29.1062
-0.464653,-29.0408,-0.46689,29.1806
-0.481554,-30.0971,-0.468397,29.2748
-0.501356,-31.3347,-0.469626,29.3516
-0.525068,-32.8168,-0.471189,29.4493
-0.548967,-34.3104,-0.470739,29.4212
-0.560589,-35.0368,-0.469411,29.3382
-0.58297,-36.4356,-0.471026,29.4391
-0.598088,-37.3805,-0.469728,29.358
-0.617976,-38.6235,-0.46962,29.3512
-0.639447,-39.9654,-0.468358,29.2724
-0.659846,-41.2404,-0.468283,29.2677
-0.672252,-42.0157,-0.468775,29.2984
-0.683167,-42.6979,-0.46956,29.3475
-0.690299,-43.1437,-0.470898,29.4311
-0.708716,-44.2947,-0.472549,29.5343
-0.724133,-45.2583,-0.473903,29.619
-0.73297,-45.8107,-0.476415,29.776
-0.741367,-46.3354,-0.478614,29.9133
-0.758362,-47.3976,-0.482866,30.1791
-0.776209,-48.5131,-0.485381,30.3363
-0.792049,-49.5031,-0.489347,30.5842
-0.807055,-50.441,-0.493617,30.8511
-0.811678,-50.7299,-0.496991,31.0619
-0.823339,-51.4587,-0.500933,31.3083
-0.828564,-51.7853,-0.505156,31.5722
-0.83901,-52.4381,-0.508499,31.7812
-0.843695,-52.7309,-0.512396,32.0247
-0.850434,-53.1521,-0.516578,32.2862
-0.864352,-54.022,-0.520767,32.5479
-0.870558,-54.4099,-0.524641,32.7901
-0.876412,-54.7757,-0.528801,33.0501
-0.879027,-54.9392,-0.532939,33.3087
-0.879433,-54.9646,-0.537926,33.6204
-0.880891,-55.0557,-0.542018,33.8761
-0.882819,-55.1762,-0.54579,34.1119
-0.890132,-55.6332,-0.550731,34.4207
-0.894662,-55.9164,-0.556537,34.7835
-0.899421,-56.2138,-0.560586,35.0366
-0.897503,-56.0939,-0.566357,35.3973
-0.901661,-56.3538,-0.571246,35.7029
-0.906398,-56.6499,-0.576703,36.0439
-0.908436,-56.7773,-0.581575,36.3484
-0.91,-56.875,-0.587306,36.7066
-0.904087,-56.5055,-0.593882,37.1176
-0.899455,-56.2159,-0.599561,37.4725
-0.894637,-55.9148,-0.606089,37.8805
-0.892504,-55.7815,-0.611728,38.233
-0.886853,-55.4283,-0.618218,38.6386
-0.887993,-55.4996,-0.624703,39.0439
-0.888616,-55.5385,-0.631184,39.449
-0.882594,-55.1621,-0.638518,39.9074
-0.878105,-54.8816,-0.645838,40.3649
-0.868685,-54.2928,-0.653132,40.8208
-0.859476,-53.7172,-0.660405,41.2753
-0.847844,-52.9903,-0.66765,41.7281
-0.838854,-52.4284,-0.674878,42.1798
-0.831166,-51.9479,-0.68209,42.6306
-0.823316,-51.4572,-0.68959,43.0993
-0.812647,-50.7904,-0.69677,43.5481
-0.800747,-50.0467,-0.703057,43.941
-0.785936,-49.121,-0.710193,44.3871
-0.772058,-48.2536,-0.716437,44.7773
-0.758483,-47.4052,-0.723535,45.2209
-0.745481,-46.5926,-0.729173,45.5733
-0.731279,-45.7049,-0.732749,45.7968
-0.718552,-44.9095,-0.737186,46.0741
-0.703405,-43.9628,-0.740735,46.2959
-0.687421,-42.9638,-0.742521,46.4076
-0.669185,-41.8241,-0.743714,46.4822
-0.65254,-40.7837,-0.74459,46.5369
-0.634832,-39.677,-0.742831,46.4269
-0.616116,-38.5073,-0.740482,46.2801
-0.595192,-37.1995,-0.736945,46.0591
-0.574117,-35.8823,-0.730772,45.6733
-0.553815,-34.6135,-0.722267,45.1417
-0.532504,-33.2815,-0.713445,44.5903
-0.513149,-32.0718,-0.701124,43.8203
-0.491537,-30.7211,-0.687342,42.9589
-0.472469,-29.5293,-0.671505,41.9691
-0.450294,-28.1434,-0.65391,40.8694
-0.426287,-26.643,-0.63311,39.5693
-0.403113,-25.1946,-0.609379,38.0862
-0.382474,-23.9046,-0.586814,36.6759
-0.360755,-22.5472,-0.561324,35.0827
-0.339754,-21.2346,-0.536999,33.5624
-0.313911,-19.6195,-0.514103,32.1314
-0.291857,-18.2411,-0.493245,30.8278
-0.270494,-16.9059,-0.4747,29.6688
-0.249787,-15.6117,-0.459942,28.7464
-0.228832,-14.302,-0.448368,28.023
-0.208558,-13.0348,-0.440581,27.5363
-0.186893,-11.6808,-0.435978,27.2486
-0.165901,-10.3688,-0.436906,27.3067
-0.145838,-9.11487,-0.441326,27.5829
-0.130684,-8.16775,-0.448948,28.0592
-0.116749,-7.29678,-0.460371,28.7732
-0.0996532,-6.22832,-0.473242,29.5777
-0.0882781,-5.51738,-0.488177,30.5111
-0.0762319,-4.76449,-0.503125,31.4453
-0.0661989,-4.13743,-0.518666,32.4166
-0.0554219,-3.46387,-0.534524,33.4078
-0.0485955,-3.03722,-0.549534,34.3459
-0.0409141,-2.55713,-0.56369,35.2307
-0.0359529,-2.24706,-0.576701,36.0438
-0.0335322,-2.09577,-0.590041,36.8776
-0.0300798,-1.87999,-0.599915,37.4947
-0.0283076,-1.76922,-0.609816,38.1135
-0.0284221,-1.77638,-0.617699,38.6062
-0.0280376,-1.75235,-0.623291,38.9557
-0.0329974,-2.06233,-0.628048,39.253
-0.0348991,-2.18119,-0.631086,39.4429
-0.0438245,-2.73903,-0.631547,39.4717
-0.0521976,-3.26235,-0.629999,39.3749
-0.064407,-4.02544,-0.62792,39.245
-0.0776787,-4.85492,-0.621521,38.8451
-0.0922973,-5.76858,-0.613419,38.3387
-0.106166,-6.63538,-0.604482,37.7801
-0.121067,-7.56668,-0.592962,37.0601
-0.139643,-8.72769,-0.578868,36.1792
-0.159388,-9.96175,-0.563943,35.2464
-0.180831,-11.3019,-0.545571,34.0982
-0.201313,-12.5821,-0.525493,32.8433
-0.2235,-13.9688,-0.50458,31.5363
-0.243561,-15.2226,-0.481079,30.0675
-0.264848,-16.553,-0.454992,28.437
-0.298353,-18.647,-0.426345,26.6466
-0.330125,-20.6328,-0.399493,24.9683
-0.350661,-21.9163,-0.370041,23.1275
-0.3722,-23.2625,-0.338863,21.1789
-0.402253,-25.1408,-0.306851,19.1782
-0.426138,-26.6336,-0.274862,17.1789
-0.454923,-28.4327,-0.244648,15.2905
-0.4826,-30.1625,-0.216205,13.5128
-0.508923,-31.8077,-0.193017,12.0635
-0.534544,-33.409,-0.172464,10.779
-0.558915,-34.9322,-0.156588,9.78673
-0.582682,-36.4176,-0.145657,9.10356
-0.60559,-37.8494,-0.139097,8.69356
-0.627384,-39.2115,-0.136905,8.55657
-0.648702,-40.5439,-0.139079,8.69244
-0.669285,-41.8303,-0.1433,8.95626
-0.688868,-43.0543,-0.148966,9.3104
-0.708088,-44.2555,-0.153759,9.60997
-0.726376,-45.3985,-0.157678,9.85487
-0.735061,-45.9413,-0.163618,10.2261
-0.749079,-46.8174,-0.167503,10.469
-0.76529,-47.8306,-0.171385,10.7115
-0.779226,-48.7016,-0.176431,11.0269
-0.784268,-49.0167,-0.181148,11.3217
-0.798016,-49.876,-0.186733,11.6708
-0.806325,-50.3953,-0.192601,12.0376
-0.802782,-50.1739,-0.198998,12.4373
-0.802761,-50.1725,-0.205361,12.8351
-0.801437,-50.0898,-0.21199,13.2494
-0.800034,-50.0021,-0.218287,13.6429
-0.80205,-50.1281,-0.22486,14.0538
-0.798296,-49.8935,-0.231972,14.4983
-0.796872,-49.8045,-0.239058,14.9411
-0.790678,-49.4174,-0.246407,15.4004
-0.784319,-49.02,-0.254294,15.8934
-0.778338,-48.6461,-0.263325,16.4578
-0.770057,-48.1286,-0.272024,17.0015
-0.760171,-47.5107,-0.280115,17.5072
-0.746437,-46.6523,-0.288735,18.0459
-0.733987,-45.8742,-0.298492,18.6557
-0.72038,-45.0238,-0.308212,19.2633
-0.7115,-44.4688,-0.315863,19.7414
-0.696393,-43.5245,-0.326396,20.3997
-0.684007,-42.7505,-0.336601,21.0376
-0.670134,-41.8834,-0.347078,21.6924
-0.656877,-41.0548,-0.356358,22.2723
-0.638982,-39.9364,-0.367647,22.9779
-0.619831,-38.7394,-0.378028,23.6268
-0.602388,-37.6492,-0.389828,24.3642
-0.58508,-36.5675,-0.400154,25.0096
-0.56736,-35.46,-0.4122,25.7625
-0.556185,-34.7615,-0.422492,26.4057
-0.542255,-33.8909,-0.43334,27.0837
-0.5289,-33.0563,-0.443602,27.7251
-0.516093,-32.2558,-0.453852,28.3658
-0.503232,-31.452,-0.464665,29.0416
-0.48882,-30.5512,-0.475766,29.7354
-0.474964,-29.6852,-0.485984,30.374
-0.459028,-28.6893,-0.497059,31.0662
-0.44344,-27.715,-0.506375,31.6485
-0.424105,-26.5066,-0.517117,32.3198
-0.411053,-25.6908,-0.525536,32.846
-0.398789,-24.9243,-0.534824,33.4265
-0.384943,-24.059,-0.544981,34.0613
-0.371248,-23.203,-0.554262,34.6414
-0.358028,-22.3768,-0.562668,35.1668
-0.347597,-21.7248,-0.57108,35.6925
-0.329009,-20.5631,-0.578605,36.1628
-0.314588,-19.6618,-0.586127,36.633
-0.301508,-18.8443,-0.592476,37.0297
-0.288874,-18.0546,-0.6,37.5
-0.279783,-17.4864,-0.605787,37.8617
-0.270654,-16.9159,-0.61071,38.1694
-0.260609,-16.2881,-0.615638,38.4774
-0.249987,-15.6242,-0.622316,38.8947
-0.237899,-14.8687,-0.626374,39.1484
-0.224506,-14.0316,-0.632175,39.5109
-0.216192,-13.512,-0.638284,39.8928
-0.206929,-12.933,-0.642353,40.1471
-0.195347,-12.2092,-0.648167,40.5104
-0.189659,-11.8537,-0.652249,40.7655
-0.182929,-11.4331,-0.65634,41.0213
-0.18015,-11.2594,-0.661325,41.3328
-0.174685,-10.9178,-0.666321,41.6451
-0.17369,-10.8556,-0.669592,41.8495
-0.172623,-10.7889,-0.672882,42.0551
-0.174105,-10.8816,-0.674749,42.1718
-0.175726,-10.9829,-0.676339,42.2712
-0.178318,-11.1448,-0.67795,42.3719
-0.183033,-11.4396,-0.676969,42.3106
-0.188352,-11.772,-0.676888,42.3055
-0.193327,-12.0829,-0.675386,42.2116
-0.198848,-12.428,-0.673607,42.1004
-0.204931,-12.8082,-0.670104,41.8815
-0.215372,-13.4607,-0.665759,41.6099
-0.234313,-14.6446,-0.658273,41.1421
-0.245092,-15.3183,-0.650515,40.6572
-0.25447,-15.9044,-0.642777,40.1736
-0.268956,-16.8098,-0.631008,39.438
-0.276709,-17.2943,-0.590187,36.8867
-0.29977,-18.7356,-0.57122,35.7012
-0.314206,-19.6379,-0.549959,34.3724
-0.335615,-20.9759,-0.529306,33.0816
-0.359917,-22.4948,-0.504636,31.5398
-0.388377,-24.2736,-0.381153,23.8221
-0.39878,-24.9237,-0.363226,22.7017
-0.427439,-26.7149,-0.341281,21.3301
-0.454937,-28.4335,-0.322563,20.1602
-0.481331,-30.0832,-0.305922,19.1201
-0.507549,-31.7218,-0.292499,18.2812
-0.532771,-33.2982,-0.282889,17.6806
-0.548616,-34.2885,-0.278215,17.3884
-0.572071,-35.7544,-0.275605,17.2253
-0.594954,-37.1846,-0.277074,17.3171
-0.617007,-38.5629,-0.2806,17.5375
-0.638273,-39.892,-0.28471,17.7944
-0.657918,-41.1199,-0.291745,18.234
-0.677724,-42.3578,-0.29617,18.5106
-0.695683,-43.4802,-0.301171,18.8232
-0.713301,-44.5813,-0.305603,19.1002
-0.730309,-45.6443,-0.309736,19.3585
-0.745575,-46.5984,-0.314165,19.6353
-0.755697,-47.2311,-0.318578,19.9112
-0.769064,-48.0665,-0.32356,20.2225
-0.77239,-48.2744,-0.328811,20.5507
-0.771999,-48.2499,-0.334899,20.9312
-0.776463,-48.5289,-0.340665,21.2916
-0.786984,-49.1865,-0.345855,21.6159
-0.789307,-49.3317,-0.351891,21.9932
-0.795187,-49.6992,-0.357912,22.3695
-0.798341,-49.8963,-0.364485,22.7803
-0.793909,-49.6193,-0.371324,23.2078
-0.788337,-49.271,-0.378999,23.6875
-0.784884,-49.0552,-0.386645,24.1653
-0.778784,-48.674,-0.39426,24.6412
-0.771292,-48.2058,-0.401538,25.0961
-0.768052,-48.0032,-0.409967,25.6229
-0.760075,-47.5047,-0.417492,26.0932
-0.751963,-46.9977,-0.426732,26.6708
-0.73787,-46.1169,-0.43593,27.2456
-0.732332,-45.7707,-0.444238,27.7649
-0.723877,-45.2423,-0.453392,28.337
-0.712947,-44.5592,-0.462516,28.9073
-0.70518,-44.0738,-0.470748,29.4218
-0.696352,-43.522,-0.47953,29.9706
-0.687676,-42.9797,-0.487719,30.4824
-0.681472,-42.592,-0.496766,31.0479
-0.671808,-41.988,-0.506667,31.6667
-0.663166,-41.4479,-0.514805,32.1753
-0.656414,-41.0259,-0.522059,32.6287
-0.650582,-40.6614,-0.531922,33.2451
-0.64442,-40.2762,-0.540331,33.7707
-0.638275,-39.8922,-0.549303,34.3314
-0.634477,-39.6548,-0.5574,34.8375
-0.627099,-39.1937,-0.566358,35.3974
-0.621792,-38.862,-0.575312,35.957
-0.617916,-38.6198,-0.582516,36.4072
-0.61486,-38.4288,-0.590593,36.912
-0.612252,-38.2657,-0.59867,37.4169
-0.606576,-37.911,-0.605869,37.8668
-0.604386,-37.7741,-0.613943,38.3714
-0.59998,-37.4988,-0.620567,38.7854
-0.601357,-37.5848,-0.627776,39.236
-0.60296,-37.685,-0.634995,39.6872
-0.605064,-37.8165,-0.640481,40.03
-0.605658,-37.8536,-0.647144,40.4465
-0.607719,-37.9824,-0.652644,40.7903
-0.610016,-38.126,-0.658153,41.1346
