-0.90232 1.99035
-0.90193 1.98983
-0.90153 1.98932
-0.90113 1.98880
-0.90073 1.98828
-0.90034 1.98776
-0.89994 1.98724
-0.89954 1.98673
-0.89914 1.98621
-0.89875 1.98569
-0.89835 1.98517
-0.89795 1.98465
-0.89756 1.98413
-0.89716 1.98362
-0.89676 1.98310
-0.89637 1.98258
-0.89597 1.98206
-0.89557 1.98154
-0.89518 1.98102
-0.89478 1.98050
-0.89438 1.97998
-0.89399 1.97946
-0.89359 1.97894
-0.89320 1.97842
-0.89280 1.97790
-0.89240 1.97738
-0.89201 1.97686
-0.89161 1.97634
-0.89121 1.97581
-0.89082 1.97529
-0.89042 1.97477
-0.89003 1.97425
-0.88963 1.97373
-0.88924 1.97321
-0.88884 1.97269
-0.88844 1.97216
-0.88805 1.97164
-0.88765 1.97112
-0.88726 1.97060
-0.88686 1.97007
-0.88647 1.96955
-0.88607 1.96903
-0.88568 1.96850
-0.88528 1.96798
-0.88489 1.96746
-0.88449 1.96693
-0.88411 1.96645
-0.88382 1.96619
-0.88352 1.96594
-0.88323 1.96568
-0.88294 1.96542
-0.88265 1.96517
-0.88235 1.96491
-0.88206 1.96465
-0.88177 1.96439
-0.88147 1.96413
-0.88118 1.96388
-0.88089 1.96362
-0.88059 1.96336
-0.88030 1.96310
-0.88001 1.96285
-0.87972 1.96259
-0.87942 1.96233
-0.87913 1.96207
-0.87884 1.96181
-0.87855 1.96155
-0.87825 1.96130
-0.87796 1.96104
-0.87767 1.96078
-0.87738 1.96052
-0.87708 1.96026
-0.87679 1.96000
-0.87650 1.95974
-0.87621 1.95948
-0.87591 1.95923
-0.87562 1.95897
-0.87533 1.95871
-0.87504 1.95845
-0.87474 1.95819
-0.87445 1.95793
-0.87416 1.95767
-0.87387 1.95741
-0.87358 1.95715
-0.87328 1.95689
-0.87299 1.95663
-0.87270 1.95637
-0.87241 1.95611
-0.87212 1.95585
-0.87182 1.95559
-0.87153 1.95533
-0.87124 1.95507
-0.87095 1.95481
-0.87066 1.95455
-0.87034 1.95421
-0.86994 1.95368
-0.86955 1.95315
-0.86916 1.95262
-0.86877 1.95209
-0.86837 1.95156
-0.86798 1.95103
-0.86759 1.95050
-0.86720 1.94998
-0.86680 1.94945
-0.86641 1.94892
-0.86602 1.94839
-0.86563 1.94786
-0.86524 1.94733
-0.86484 1.94679
-0.86445 1.94626
-0.86406 1.94573
-0.86367 1.94520
-0.86328 1.94467
-0.86288 1.94414
-0.86249 1.94361
-0.86210 1.94308
-0.86171 1.94255
-0.86132 1.94201
-0.86093 1.94148
-0.86053 1.94095
-0.86014 1.94042
-0.85975 1.93989
-0.85936 1.93935
-0.85897 1.93882
-0.85858 1.93829
-0.85819 1.93775
-0.85779 1.93722
-0.85740 1.93669
-0.85701 1.93616
-0.85662 1.93562
-0.85623 1.93509
-0.85584 1.93455
-0.85545 1.93402
-0.85506 1.93349
-0.85467 1.93295
-0.85427 1.93242
-0.85388 1.93188
-0.85349 1.93135
-0.85310 1.93081
-0.85271 1.93028
-0.85232 1.92974
-0.85198 1.92933
-0.85169 1.92906
-0.85140 1.92880
-0.85111 1.92853
-0.85082 1.92827
-0.85053 1.92800
-0.85024 1.92774
-0.84995 1.92747
-0.84966 1.92720
-0.84937 1.92694
-0.84908 1.92667
-0.84879 1.92641
-0.84850 1.92614
-0.84822 1.92587
-0.84793 1.92561
-0.84764 1.92534
-0.84735 1.92507
-0.84706 1.92481
-0.84677 1.92454
-0.84648 1.92427
-0.84619 1.92401
-0.84590 1.92374
-0.84562 1.92347
-0.84533 1.92321
-0.84504 1.92294
-0.84475 1.92267
-0.84446 1.92241
-0.84417 1.92214
-0.84388 1.92187
-0.84360 1.92160
-0.84331 1.92134
-0.84302 1.92107
-0.84273 1.92080
-0.84244 1.92053
-0.84215 1.92026
-0.84186 1.92000
-0.84158 1.91973
-0.84129 1.91946
-0.84100 1.91919
-0.84071 1.91892
-0.84042 1.91866
-0.84013 1.91839
-0.83985 1.91812
-0.83956 1.91785
-0.83927 1.91758
-0.83898 1.91731
-0.83869 1.91704
-0.83838 1.91669
-0.83804 1.91629
-0.83770 1.91589
-0.83736 1.91548
-0.83702 1.91508
-0.83669 1.91467
-0.83635 1.91427
-0.83601 1.91386
-0.83567 1.91346
-0.83533 1.91305
-0.83500 1.91264
-0.83466 1.91224
-0.83432 1.91183
-0.83398 1.91143
-0.83364 1.91102
-0.83331 1.91061
-0.83297 1.91021
-0.83263 1.90980
-0.83229 1.90940
-0.83196 1.90899
-0.83162 1.90858
-0.83128 1.90818
-0.83094 1.90777
-0.83061 1.90736
-0.83027 1.90696
-0.82993 1.90655
-0.82959 1.90614
-0.82926 1.90573
-0.82892 1.90533
-0.82858 1.90492
-0.82824 1.90451
-0.82791 1.90410
-0.82757 1.90370
-0.82723 1.90329
-0.82690 1.90288
-0.82656 1.90247
-0.82622 1.90206
-0.82588 1.90165
-0.82555 1.90125
-0.82521 1.90084
-0.82487 1.90043
-0.82454 1.90002
-0.82420 1.89961
-0.82386 1.89920
-0.82353 1.89879
-0.82319 1.89838
-0.82285 1.89797
-0.82252 1.89756
-0.82218 1.89715
-0.82184 1.89674
-0.82151 1.89634
-0.82117 1.89593
-0.82083 1.89552
-0.82050 1.89511
-0.82016 1.89469
-0.81982 1.89428
-0.81949 1.89387
-0.81915 1.89346
-0.81882 1.89305
-0.81848 1.89264
-0.81814 1.89223
-0.81781 1.89182
-0.81747 1.89141
-0.81714 1.89100
-0.81680 1.89059
-0.81646 1.89017
-0.81613 1.88976
-0.81579 1.88935
-0.81546 1.88894
-0.81512 1.88853
-0.81478 1.88812
-0.81445 1.88770
-0.81411 1.88729
-0.81378 1.88688
-0.81344 1.88647
-0.81310 1.88605
-0.81277 1.88564
-0.81243 1.88523
-0.81210 1.88482
-0.81176 1.88440
-0.81143 1.88399
-0.81109 1.88358
-0.81076 1.88316
-0.81042 1.88275
-0.81008 1.88234
-0.80975 1.88192
-0.80941 1.88151
-0.80908 1.88110
-0.80874 1.88068
-0.80841 1.88027
-0.80807 1.87985
-0.80774 1.87944
-0.80740 1.87902
-0.80707 1.87861
-0.80678 1.87832
-0.80649 1.87804
-0.80621 1.87776
-0.80592 1.87749
-0.80564 1.87721
-0.80535 1.87693
-0.80507 1.87665
-0.80478 1.87638
-0.80450 1.87610
-0.80421 1.87582
-0.80393 1.87554
-0.80365 1.87526
-0.80336 1.87499
-0.80308 1.87471
-0.80279 1.87443
-0.80251 1.87415
-0.80222 1.87387
-0.80194 1.87359
-0.80165 1.87332
-0.80137 1.87304
-0.80109 1.87276
-0.80080 1.87248
-0.80052 1.87220
-0.80023 1.87192
-0.79995 1.87164
-0.79966 1.87136
-0.79938 1.87109
-0.79910 1.87081
-0.79881 1.87053
-0.79853 1.87025
-0.79824 1.86997
-0.79796 1.86969
-0.79768 1.86941
-0.79739 1.86913
-0.79711 1.86885
-0.79682 1.86857
-0.79654 1.86829
-0.79626 1.86801
-0.79597 1.86773
-0.79569 1.86745
-0.79540 1.86717
-0.79512 1.86689
-0.79484 1.86661
-0.79455 1.86633
-0.79427 1.86605
-0.79398 1.86577
-0.79370 1.86549
-0.79342 1.86520
-0.79313 1.86492
-0.79285 1.86464
-0.79257 1.86436
-0.79228 1.86408
-0.79200 1.86380
-0.79172 1.86352
-0.79143 1.86324
-0.79115 1.86296
-0.79087 1.86267
-0.79058 1.86239
-0.79030 1.86211
-0.79001 1.86183
-0.78973 1.86155
-0.78945 1.86127
-0.78916 1.86098
-0.78888 1.86070
-0.78860 1.86042
-0.78831 1.86014
-0.78803 1.85986
-0.78775 1.85957
-0.78747 1.85929
-0.78718 1.85901
-0.78690 1.85873
-0.78662 1.85844
-0.78633 1.85816
-0.78605 1.85788
-0.78577 1.85759
-0.78548 1.85731
-0.78520 1.85703
-0.78492 1.85675
-0.78463 1.85646
-0.78435 1.85618
-0.78407 1.85590
-0.78379 1.85561
-0.78350 1.85533
-0.78322 1.85505
-0.78294 1.85476
-0.78265 1.85448
-0.78237 1.85419
-0.78209 1.85391
-0.78181 1.85363
-0.78152 1.85334
-0.78124 1.85306
-0.78096 1.85277
-0.78068 1.85249
-0.78039 1.85221
-0.78011 1.85192
-0.77983 1.85164
-0.77955 1.85135
-0.77926 1.85107
-0.77898 1.85078
-0.77870 1.85050
-0.77842 1.85021
-0.77813 1.84993
-0.77785 1.84964
-0.77757 1.84936
-0.77729 1.84907
-0.77700 1.84879
-0.77672 1.84850
-0.77644 1.84822
-0.77616 1.84793
-0.77588 1.84765
-0.77559 1.84736
-0.77531 1.84707
-0.77503 1.84679
-0.77475 1.84650
-0.77446 1.84622
-0.77418 1.84593
-0.77390 1.84565
-0.77362 1.84536
-0.77334 1.84507
-0.77305 1.84479
-0.77277 1.84450
-0.77249 1.84421
-0.77221 1.84393
-0.77193 1.84364
-0.77164 1.84335
-0.77136 1.84307
-0.77108 1.84278
-0.77080 1.84249
-0.77052 1.84221
-0.77024 1.84192
-0.76995 1.84163
-0.76967 1.84134
-0.76939 1.84106
-0.76911 1.84077
-0.76883 1.84048
-0.76855 1.84020
-0.76826 1.83991
-0.76798 1.83962
-0.76770 1.83933
-0.76742 1.83904
-0.76710 1.83866
-0.76672 1.83809
-0.76634 1.83753
-0.76596 1.83696
-0.76558 1.83639
-0.76520 1.83582
-0.76482 1.83526
-0.76444 1.83469
-0.76406 1.83412
-0.76368 1.83355
-0.76329 1.83298
-0.76291 1.83242
-0.76253 1.83185
-0.76215 1.83128
-0.76177 1.83071
-0.76139 1.83014
-0.76101 1.82957
-0.76063 1.82900
-0.76025 1.82843
-0.75987 1.82786
-0.75949 1.82729
-0.75911 1.82672
-0.75873 1.82615
-0.75834 1.82558
-0.75796 1.82501
-0.75758 1.82444
-0.75720 1.82387
-0.75682 1.82330
-0.75644 1.82273
-0.75606 1.82216
-0.75568 1.82159
-0.75530 1.82102
-0.75492 1.82045
-0.75454 1.81987
-0.75416 1.81930
-0.75378 1.81873
-0.75340 1.81816
-0.75302 1.81758
-0.75264 1.81701
-0.75225 1.81644
-0.75187 1.81587
-0.75149 1.81529
-0.75111 1.81472
-0.75073 1.81415
-0.75035 1.81357
-0.74997 1.81300
-0.74959 1.81242
-0.74926 1.81199
-0.74898 1.81170
-0.74870 1.81140
-0.74842 1.81111
-0.74814 1.81082
-0.74786 1.81052
-0.74758 1.81023
-0.74730 1.80994
-0.74702 1.80964
-0.74674 1.80935
-0.74646 1.80906
-0.74618 1.80876
-0.74590 1.80847
-0.74562 1.80818
-0.74534 1.80788
-0.74506 1.80759
-0.74478 1.80729
-0.74450 1.80700
-0.74422 1.80671
-0.74394 1.80641
-0.74366 1.80612
-0.74338 1.80582
-0.74310 1.80553
-0.74282 1.80523
-0.74254 1.80494
-0.74226 1.80464
-0.74198 1.80435
-0.74170 1.80405
-0.74142 1.80376
-0.74114 1.80346
-0.74086 1.80317
-0.74058 1.80287
-0.74030 1.80258
-0.74002 1.80228
-0.73974 1.80199
-0.73946 1.80169
-0.73918 1.80139
-0.73890 1.80110
-0.73862 1.80080
-0.73834 1.80051
-0.73806 1.80021
-0.73778 1.79991
-0.73750 1.79962
-0.73723 1.79932
-0.73695 1.79903
-0.73667 1.79873
-0.73639 1.79843
-0.73609 1.79808
-0.73577 1.79768
-0.73546 1.79729
-0.73515 1.79690
-0.73483 1.79651
-0.73452 1.79612
-0.73421 1.79573
-0.73390 1.79534
-0.73358 1.79495
-0.73327 1.79455
-0.73296 1.79416
-0.73265 1.79377
-0.73233 1.79338
-0.73202 1.79299
-0.73171 1.79259
-0.73140 1.79220
-0.73108 1.79181
-0.73077 1.79142
-0.73046 1.79102
-0.73015 1.79063
-0.72983 1.79024
-0.72952 1.78985
-0.72921 1.78945
-0.72890 1.78906
-0.72858 1.78867
-0.72827 1.78827
-0.72796 1.78788
-0.72765 1.78749
-0.72733 1.78709
-0.72702 1.78670
-0.72671 1.78630
-0.72640 1.78591
-0.72609 1.78552
-0.72577 1.78512
-0.72546 1.78473
-0.72515 1.78433
-0.72484 1.78394
-0.72452 1.78354
-0.72421 1.78315
-0.72390 1.78275
-0.72359 1.78236
-0.72328 1.78197
-0.72296 1.78157
-0.72265 1.78117
-0.72234 1.78078
-0.72203 1.78038
-0.72172 1.77999
-0.72140 1.77959
-0.72109 1.77920
-0.72078 1.77880
-0.72047 1.77841
-0.72016 1.77801
-0.71984 1.77761
-0.71953 1.77722
-0.71922 1.77682
-0.71891 1.77642
-0.71860 1.77603
-0.71828 1.77563
-0.71797 1.77523
-0.71766 1.77484
-0.71735 1.77444
-0.71704 1.77404
-0.71672 1.77365
-0.71641 1.77325
-0.71610 1.77285
-0.71579 1.77245
-0.71548 1.77206
-0.71517 1.77166
-0.71485 1.77126
-0.71454 1.77086
-0.71423 1.77047
-0.71392 1.77007
-0.71361 1.76967
-0.71330 1.76927
-0.71298 1.76887
-0.71267 1.76847
-0.71236 1.76808
-0.71205 1.76768
-0.71174 1.76728
-0.71143 1.76688
-0.71111 1.76648
-0.71080 1.76608
-0.71049 1.76568
-0.71018 1.76528
-0.70987 1.76488
-0.70956 1.76448
-0.70925 1.76408
-0.70893 1.76368
-0.70862 1.76328
-0.70831 1.76288
-0.70800 1.76248
-0.70769 1.76208
-0.70738 1.76168
-0.70707 1.76128
-0.70675 1.76088
-0.70644 1.76048
-0.70613 1.76008
-0.70582 1.75968
-0.70551 1.75928
-0.70520 1.75888
-0.70489 1.75848
-0.70457 1.75808
-0.70426 1.75767
-0.70395 1.75727
-0.70364 1.75687
-0.70333 1.75647
-0.70302 1.75607
-0.70271 1.75567
-0.70240 1.75526
-0.70208 1.75486
-0.70177 1.75446
-0.70146 1.75406
-0.70115 1.75366
-0.70084 1.75325
-0.70053 1.75285
-0.70022 1.75245
-0.69991 1.75204
-0.69959 1.75164
-0.69928 1.75124
-0.69897 1.75084
-0.69866 1.75043
-0.69835 1.75003
-0.69804 1.74963
-0.69773 1.74922
-0.69742 1.74882
-0.69711 1.74841
-0.69679 1.74801
-0.69648 1.74761
-0.69617 1.74720
-0.69586 1.74680
-0.69555 1.74639
-0.69524 1.74599
-0.69493 1.74559
-0.69462 1.74518
-0.69431 1.74478
-0.69400 1.74437
-0.69368 1.74397
-0.69337 1.74356
-0.69306 1.74316
-0.69275 1.74275
-0.69244 1.74235
-0.69217 1.74205
-0.69189 1.74174
-0.69161 1.74143
-0.69134 1.74112
-0.69106 1.74081
-0.69078 1.74050
-0.69050 1.74019
-0.69023 1.73988
-0.68995 1.73957
-0.68967 1.73926
-0.68940 1.73895
-0.68912 1.73864
-0.68884 1.73833
-0.68856 1.73802
-0.68829 1.73771
-0.68801 1.73740
-0.68773 1.73709
-0.68746 1.73678
-0.68718 1.73647
-0.68690 1.73615
-0.68663 1.73584
-0.68635 1.73553
-0.68607 1.73522
-0.68579 1.73491
-0.68552 1.73460
-0.68524 1.73429
-0.68496 1.73398
-0.68469 1.73367
-0.68441 1.73335
-0.68413 1.73304
-0.68386 1.73273
-0.68358 1.73242
-0.68330 1.73211
-0.68303 1.73179
-0.68275 1.73148
-0.68247 1.73117
-0.68220 1.73086
-0.68192 1.73055
-0.68164 1.73023
-0.68137 1.72992
-0.68109 1.72961
-0.68081 1.72930
-0.68054 1.72898
-0.68026 1.72867
-0.67998 1.72836
-0.67970 1.72805
-0.67943 1.72773
-0.67915 1.72742
-0.67887 1.72711
-0.67860 1.72679
-0.67832 1.72648
-0.67805 1.72617
-0.67777 1.72585
-0.67749 1.72554
-0.67722 1.72523
-0.67694 1.72491
-0.67666 1.72460
-0.67639 1.72428
-0.67611 1.72397
-0.67583 1.72366
-0.67556 1.72334
-0.67528 1.72303
-0.67500 1.72271
-0.67473 1.72240
-0.67445 1.72208
-0.67417 1.72177
-0.67390 1.72146
-0.67362 1.72114
-0.67334 1.72083
-0.67307 1.72051
-0.67279 1.72020
-0.67251 1.71988
-0.67224 1.71957
-0.67196 1.71925
-0.67169 1.71894
-0.67141 1.71862
-0.67113 1.71830
-0.67086 1.71799
-0.67058 1.71767
-0.67030 1.71736
-0.67003 1.71704
-0.66975 1.71673
-0.66948 1.71641
-0.66920 1.71609
-0.66892 1.71578
-0.66865 1.71546
-0.66837 1.71515
-0.66809 1.71483
-0.66782 1.71451
-0.66754 1.71420
-0.66727 1.71388
-0.66699 1.71356
-0.66671 1.71325
-0.66644 1.71293
-0.66616 1.71261
-0.66588 1.71229
-0.66561 1.71198
-0.66533 1.71166
-0.66506 1.71134
-0.66478 1.71103
-0.66450 1.71071
-0.66423 1.71039
-0.66395 1.71007
-0.66368 1.70976
-0.66340 1.70944
-0.66312 1.70912
-0.66285 1.70880
-0.66257 1.70848
-0.66229 1.70817
-0.66202 1.70785
-0.66174 1.70753
-0.66147 1.70721
-0.66119 1.70689
-0.66091 1.70657
-0.66064 1.70626
-0.66036 1.70594
-0.66009 1.70562
-0.65981 1.70530
-0.65953 1.70498
-0.65926 1.70466
-0.65898 1.70434
-0.65871 1.70402
-0.65843 1.70370
-0.65815 1.70338
-0.65788 1.70307
-0.65760 1.70275
-0.65733 1.70243
-0.65705 1.70211
-0.65678 1.70179
-0.65650 1.70147
-0.65622 1.70115
-0.65595 1.70083
-0.65567 1.70051
-0.65540 1.70019
-0.65512 1.69987
-0.65484 1.69955
-0.65457 1.69923
-0.65429 1.69890
-0.65402 1.69858
-0.65374 1.69826
-0.65347 1.69794
-0.65319 1.69762
-0.65291 1.69730
-0.65264 1.69698
-0.65236 1.69666
-0.65209 1.69634
-0.65181 1.69602
-0.65154 1.69570
-0.65126 1.69537
-0.65098 1.69505
-0.65071 1.69473
-0.65043 1.69441
-0.65016 1.69409
-0.64988 1.69377
-0.64961 1.69344
-0.64933 1.69312
-0.64905 1.69280
-0.64878 1.69248
-0.64850 1.69215
-0.64823 1.69183
-0.64795 1.69151
-0.64768 1.69119
-0.64740 1.69086
-0.64712 1.69054
-0.64685 1.69022
-0.64657 1.68990
-0.64630 1.68957
-0.64602 1.68925
-0.64575 1.68893
-0.64547 1.68860
-0.64520 1.68828
-0.64492 1.68796
-0.64464 1.68763
-0.64437 1.68731
-0.64409 1.68699
-0.64382 1.68666
-0.64354 1.68634
-0.64327 1.68602
-0.64299 1.68569
-0.64272 1.68537
-0.64244 1.68504
-0.64217 1.68472
-0.64189 1.68439
-0.64161 1.68407
-0.64134 1.68375
-0.64106 1.68342
-0.64079 1.68310
-0.64051 1.68277
-0.64024 1.68245
-0.63996 1.68212
-0.63969 1.68180
-0.63941 1.68147
-0.63914 1.68115
-0.63886 1.68082
-0.63858 1.68050
-0.63831 1.68017
-0.63803 1.67985
-0.63776 1.67952
-0.63748 1.67919
-0.63721 1.67887
-0.63693 1.67854
-0.63666 1.67822
-0.63638 1.67789
-0.63611 1.67756
-0.63583 1.67724
-0.63556 1.67691
-0.63528 1.67659
-0.63500 1.67626
-0.63473 1.67593
-0.63445 1.67561
-0.63418 1.67528
-0.63390 1.67495
-0.63363 1.67463
-0.63335 1.67430
-0.63308 1.67397
-0.63280 1.67364
-0.63253 1.67332
-0.63225 1.67299
-0.63198 1.67266
-0.63170 1.67234
-0.63143 1.67201
-0.63115 1.67168
-0.63088 1.67135
-0.63060 1.67102
-0.63033 1.67070
-0.63005 1.67037
-0.62978 1.67004
-0.62950 1.66971
-0.62922 1.66938
-0.62895 1.66906
-0.62867 1.66873
-0.62840 1.66840
-0.62812 1.66807
-0.62785 1.66774
-0.62754 1.66733
-0.62724 1.66690
-0.62693 1.66647
-0.62662 1.66605
-0.62631 1.66562
-0.62600 1.66519
-0.62569 1.66476
-0.62538 1.66433
-0.62507 1.66390
-0.62476 1.66347
-0.62445 1.66304
-0.62414 1.66262
-0.62384 1.66219
-0.62353 1.66176
-0.62322 1.66133
-0.62291 1.66090
-0.62260 1.66047
-0.62229 1.66004
-0.62198 1.65961
-0.62167 1.65918
-0.62136 1.65875
-0.62105 1.65832
-0.62074 1.65789
-0.62043 1.65746
-0.62013 1.65703
-0.61982 1.65660
-0.61951 1.65617
-0.61920 1.65573
-0.61889 1.65530
-0.61858 1.65487
-0.61827 1.65444
-0.61796 1.65401
-0.61765 1.65358
-0.61734 1.65315
-0.61703 1.65272
-0.61672 1.65228
-0.61641 1.65185
-0.61611 1.65142
-0.61580 1.65099
-0.61549 1.65055
-0.61518 1.65012
-0.61487 1.64969
-0.61456 1.64926
-0.61425 1.64882
-0.61394 1.64839
-0.61363 1.64796
-0.61332 1.64752
-0.61301 1.64709
-0.61270 1.64666
-0.61239 1.64622
-0.61209 1.64579
-0.61178 1.64536
-0.61147 1.64492
-0.61116 1.64449
-0.61085 1.64405
-0.61054 1.64362
-0.61023 1.64319
-0.60992 1.64275
-0.60961 1.64232
-0.60930 1.64188
-0.60899 1.64145
-0.60868 1.64101
-0.60837 1.64058
-0.60806 1.64014
-0.60775 1.63971
-0.60744 1.63927
-0.60714 1.63884
-0.60683 1.63840
-0.60652 1.63796
-0.60621 1.63753
-0.60590 1.63709
-0.60559 1.63666
-0.60528 1.63622
-0.60497 1.63578
-0.60466 1.63535
-0.60435 1.63491
-0.60404 1.63447
-0.60373 1.63404
-0.60342 1.63360
-0.60311 1.63316
-0.60280 1.63272
-0.60249 1.63229
-0.60218 1.63185
-0.60187 1.63141
-0.60156 1.63097
-0.60126 1.63054
-0.60095 1.63010
-0.60064 1.62966
-0.60033 1.62922
-0.60002 1.62878
-0.59971 1.62834
-0.59940 1.62791
-0.59909 1.62747
-0.59878 1.62703
-0.59847 1.62659
-0.59816 1.62615
-0.59785 1.62571
-0.59754 1.62527
-0.59723 1.62483
-0.59692 1.62439
-0.59661 1.62395
-0.59630 1.62351
-0.59599 1.62307
-0.59568 1.62263
-0.59537 1.62219
-0.59506 1.62175
-0.59475 1.62131
-0.59444 1.62087
-0.59413 1.62043
-0.59382 1.61999
-0.59351 1.61955
-0.59320 1.61911
-0.59289 1.61867
-0.59258 1.61822
-0.59227 1.61778
-0.59196 1.61734
-0.59165 1.61690
-0.59135 1.61646
-0.59104 1.61602
-0.59073 1.61557
-0.59042 1.61513
-0.59011 1.61469
-0.58980 1.61425
-0.58949 1.61380
-0.58918 1.61336
-0.58887 1.61292
-0.58856 1.61248
-0.58825 1.61203
-0.58794 1.61159
-0.58763 1.61115
-0.58732 1.61070
-0.58701 1.61026
-0.58670 1.60982
-0.58639 1.60937
-0.58608 1.60893
-0.58577 1.60848
-0.58546 1.60804
-0.58515 1.60759
-0.58484 1.60715
-0.58453 1.60671
-0.58423 1.60629
-0.58395 1.60595
-0.58368 1.60560
-0.58340 1.60526
-0.58313 1.60492
-0.58285 1.60457
-0.58257 1.60423
-0.58230 1.60389
-0.58202 1.60354
-0.58175 1.60320
-0.58147 1.60286
-0.58120 1.60251
-0.58092 1.60217
-0.58065 1.60182
-0.58037 1.60148
-0.58010 1.60113
-0.57982 1.60079
-0.57955 1.60044
-0.57927 1.60010
-0.57900 1.59975
-0.57872 1.59941
-0.57845 1.59906
-0.57817 1.59872
-0.57789 1.59837
-0.57762 1.59803
-0.57734 1.59768
-0.57707 1.59734
-0.57679 1.59699
-0.57652 1.59665
-0.57624 1.59630
-0.57597 1.59595
-0.57569 1.59561
-0.57542 1.59526
-0.57514 1.59492
-0.57487 1.59457
-0.57459 1.59422
-0.57432 1.59388
-0.57404 1.59353
-0.57376 1.59318
-0.57349 1.59284
-0.57321 1.59249
-0.57294 1.59214
-0.57266 1.59180
-0.57239 1.59145
-0.57211 1.59110
-0.57184 1.59075
-0.57156 1.59041
-0.57129 1.59006
-0.57101 1.58971
-0.57074 1.58936
-0.57046 1.58902
-0.57018 1.58867
-0.56991 1.58832
-0.56963 1.58797
-0.56936 1.58762
-0.56908 1.58728
-0.56881 1.58693
-0.56853 1.58658
-0.56826 1.58623
-0.56798 1.58588
-0.56771 1.58553
-0.56743 1.58518
-0.56716 1.58484
-0.56688 1.58449
-0.56660 1.58414
-0.56633 1.58379
-0.56605 1.58344
-0.56578 1.58309
-0.56550 1.58274
-0.56523 1.58239
-0.56495 1.58204
-0.56468 1.58169
-0.56440 1.58134
-0.56413 1.58099
-0.56385 1.58064
-0.56357 1.58029
-0.56330 1.57994
-0.56302 1.57959
-0.56275 1.57924
-0.56247 1.57889
-0.56220 1.57854
-0.56192 1.57819
-0.56165 1.57784
-0.56137 1.57749
-0.56110 1.57714
-0.56082 1.57679
-0.56054 1.57643
-0.56027 1.57608
-0.55999 1.57573
-0.55972 1.57538
-0.55944 1.57503
-0.55917 1.57468
-0.55889 1.57432
-0.55862 1.57397
-0.55834 1.57362
-0.55806 1.57327
-0.55779 1.57292
-0.55751 1.57256
-0.55724 1.57221
-0.55696 1.57186
-0.55669 1.57151
-0.55641 1.57115
-0.55614 1.57080
-0.55586 1.57045
-0.55558 1.57010
-0.55531 1.56974
-0.55503 1.56939
-0.55476 1.56904
-0.55448 1.56868
-0.55421 1.56833
-0.55393 1.56798
-0.55365 1.56762
-0.55338 1.56727
-0.55310 1.56692
-0.55283 1.56656
-0.55255 1.56621
-0.55228 1.56585
-0.55200 1.56550
-0.55173 1.56515
-0.55145 1.56479
-0.55117 1.56444
-0.55090 1.56408
-0.55062 1.56373
-0.55035 1.56337
-0.55007 1.56302
-0.54980 1.56266
-0.54952 1.56231
-0.54924 1.56195
-0.54897 1.56160
-0.54869 1.56124
-0.54842 1.56089
-0.54814 1.56053
-0.54787 1.56018
-0.54759 1.55982
-0.54731 1.55946
-0.54704 1.55911
-0.54676 1.55875
-0.54649 1.55840
-0.54621 1.55804
-0.54593 1.55768
-0.54566 1.55733
-0.54538 1.55697
-0.54511 1.55661
-0.54483 1.55626
-0.54456 1.55590
-0.54428 1.55554
-0.54400 1.55519
-0.54373 1.55483
-0.54345 1.55447
-0.54318 1.55412
-0.54290 1.55376
-0.54262 1.55340
-0.54235 1.55304
-0.54207 1.55268
-0.54180 1.55233
-0.54152 1.55197
-0.54125 1.55161
-0.54097 1.55125
-0.54069 1.55090
-0.54042 1.55054
-0.54014 1.55018
-0.53987 1.54982
-0.53959 1.54946
-0.53931 1.54910
-0.53904 1.54874
-0.53876 1.54839
-0.53849 1.54803
-0.53821 1.54767
-0.53793 1.54731
-0.53766 1.54695
-0.53738 1.54659
-0.53711 1.54623
-0.53683 1.54587
-0.53655 1.54551
-0.53628 1.54515
-0.53600 1.54479
-0.53573 1.54443
-0.53545 1.54407
-0.53517 1.54371
-0.53490 1.54335
-0.53462 1.54299
-0.53435 1.54263
-0.53407 1.54227
-0.53379 1.54191
-0.53352 1.54155
-0.53324 1.54119
-0.53296 1.54083
-0.53269 1.54047
-0.53241 1.54010
-0.53214 1.53974
-0.53186 1.53938
-0.53158 1.53902
-0.53131 1.53866
-0.53103 1.53830
-0.53076 1.53793
-0.53048 1.53757
-0.53020 1.53721
-0.52993 1.53685
-0.52965 1.53649
-0.52937 1.53612
-0.52910 1.53576
-0.52882 1.53540
-0.52855 1.53504
-0.52827 1.53467
-0.52799 1.53431
-0.52772 1.53395
-0.52744 1.53359
-0.52716 1.53322
-0.52689 1.53286
-0.52661 1.53250
-0.52633 1.53213
-0.52606 1.53177
-0.52578 1.53141
-0.52551 1.53104
-0.52523 1.53068
-0.52495 1.53031
-0.52468 1.52995
-0.52440 1.52959
-0.52412 1.52922
-0.52385 1.52886
-0.52357 1.52849
-0.52329 1.52813
-0.52302 1.52776
-0.52274 1.52740
-0.52246 1.52704
-0.52219 1.52667
-0.52191 1.52631
-0.52164 1.52594
-0.52136 1.52558
-0.52108 1.52521
-0.52081 1.52484
-0.52053 1.52448
-0.52025 1.52411
-0.51998 1.52375
-0.51970 1.52338
-0.51942 1.52302
-0.51915 1.52265
-0.51887 1.52228
-0.51859 1.52192
-0.51832 1.52155
-0.51804 1.52119
-0.51776 1.52082
-0.51749 1.52045
-0.51721 1.52009
-0.51693 1.51972
-0.51666 1.51935
-0.51638 1.51898
-0.51610 1.51862
-0.51583 1.51825
-0.51555 1.51788
-0.51527 1.51752
-0.51500 1.51715
-0.51472 1.51678
-0.51444 1.51641
-0.51417 1.51604
-0.51389 1.51568
-0.51361 1.51531
-0.51333 1.51494
-0.51306 1.51457
-0.51278 1.51420
-0.51250 1.51383
-0.51223 1.51347
-0.51195 1.51310
-0.51167 1.51273
-0.51140 1.51236
-0.51112 1.51199
-0.51084 1.51162
-0.51057 1.51125
-0.51029 1.51088
-0.51001 1.51051
-0.50974 1.51014
-0.50946 1.50977
-0.50918 1.50940
-0.50890 1.50903
-0.50863 1.50866
-0.50835 1.50829
-0.50807 1.50792
-0.50780 1.50755
-0.50752 1.50718
-0.50724 1.50681
-0.50696 1.50644
-0.50669 1.50607
-0.50641 1.50570
-0.50613 1.50533
-0.50586 1.50496
-0.50558 1.50459
-0.50530 1.50422
-0.50502 1.50385
-0.50475 1.50347
-0.50447 1.50310
-0.50419 1.50273
-0.50392 1.50236
-0.50364 1.50199
-0.50336 1.50162
-0.50308 1.50124
-0.50281 1.50087
-0.50253 1.50050
-0.50225 1.50013
-0.50197 1.49975
-0.50170 1.49938
-0.50142 1.49901
-0.50114 1.49864
-0.50087 1.49826
-0.50059 1.49789
-0.50031 1.49752
-0.50003 1.49714
-0.49976 1.49677
-0.49948 1.49640
-0.49920 1.49602
-0.49892 1.49565
-0.49865 1.49528
-0.49837 1.49490
-0.49809 1.49453
-0.49781 1.49415
-0.49754 1.49378
-0.49726 1.49341
-0.49698 1.49303
-0.49670 1.49266
-0.49643 1.49228
-0.49615 1.49191
-0.49587 1.49153
-0.49559 1.49116
-0.49531 1.49078
-0.49504 1.49041
-0.49476 1.49003
-0.49448 1.48966
-0.49420 1.48928
-0.49393 1.48891
-0.49365 1.48853
-0.49337 1.48815
-0.49309 1.48778
-0.49282 1.48740
-0.49254 1.48703
-0.49226 1.48665
-0.49198 1.48627
-0.49170 1.48590
-0.49143 1.48552
-0.49115 1.48514
-0.49087 1.48477
-0.49059 1.48439
-0.49031 1.48401
-0.49004 1.48364
-0.48976 1.48326
-0.48948 1.48288
-0.48920 1.48250
-0.48892 1.48213
-0.48865 1.48175
-0.48837 1.48137
-0.48809 1.48099
-0.48781 1.48062
-0.48753 1.48024
-0.48726 1.47986
-0.48698 1.47948
-0.48670 1.47910
-0.48642 1.47872
-0.48614 1.47835
-0.48587 1.47797
-0.48559 1.47759
-0.48531 1.47721
-0.48503 1.47683
-0.48475 1.47645
-0.48447 1.47607
-0.48420 1.47569
-0.48392 1.47531
-0.48364 1.47493
-0.48336 1.47455
-0.48308 1.47417
-0.48281 1.47379
-0.48253 1.47341
-0.48225 1.47303
-0.48197 1.47265
-0.48169 1.47227
-0.48141 1.47189
-0.48113 1.47151
-0.48086 1.47113
-0.48058 1.47075
-0.48030 1.47037
-0.48002 1.46999
-0.47974 1.46961
-0.47946 1.46922
-0.47919 1.46884
-0.47891 1.46846
-0.47863 1.46808
-0.47835 1.46770
-0.47807 1.46732
-0.47779 1.46693
-0.47751 1.46655
-0.47723 1.46617
-0.47696 1.46579
-0.47668 1.46541
-0.47640 1.46502
-0.47612 1.46464
-0.47584 1.46426
-0.47556 1.46387
-0.47528 1.46349
-0.47500 1.46311
-0.47473 1.46273
-0.47445 1.46234
-0.47417 1.46196
-0.47389 1.46158
-0.47361 1.46119
-0.47333 1.46081
-0.47305 1.46042
-0.47277 1.46004
-0.47249 1.45966
-0.47222 1.45927
-0.47194 1.45889
-0.47166 1.45850
-0.47138 1.45812
-0.47110 1.45773
-0.47082 1.45735
-0.47054 1.45696
-0.47026 1.45658
-0.46998 1.45619
-0.46970 1.45581
-0.46943 1.45542
-0.46915 1.45504
-0.46887 1.45465
-0.46859 1.45427
-0.46831 1.45388
-0.46803 1.45349
-0.46775 1.45311
-0.46747 1.45272
-0.46719 1.45234
-0.46691 1.45195
-0.46663 1.45156
-0.46635 1.45118
-0.46607 1.45079
-0.46579 1.45040
-0.46551 1.45002
-0.46524 1.44963
-0.46496 1.44924
-0.46468 1.44885
-0.46440 1.44847
-0.46412 1.44808
-0.46384 1.44769
-0.46356 1.44730
-0.46328 1.44692
-0.46300 1.44653
-0.46272 1.44614
-0.46244 1.44575
-0.46216 1.44536
-0.46188 1.44498
-0.46160 1.44459
-0.46132 1.44420
-0.46104 1.44381
-0.46076 1.44342
-0.46048 1.44303
-0.46020 1.44264
-0.45992 1.44225
-0.45964 1.44186
-0.45936 1.44147
-0.45908 1.44108
-0.45880 1.44070
-0.45852 1.44031
-0.45824 1.43992
-0.45796 1.43953
-0.45768 1.43913
-0.45740 1.43874
-0.45712 1.43835
-0.45684 1.43796
-0.45656 1.43757
-0.45628 1.43718
-0.45600 1.43679
-0.45572 1.43640
-0.45544 1.43601
-0.45516 1.43562
-0.45488 1.43523
-0.45460 1.43483
-0.45437 1.43458
-0.45414 1.43435
-0.45392 1.43412
-0.45369 1.43390
-0.45347 1.43367
-0.45325 1.43344
-0.45302 1.43322
-0.45280 1.43299
-0.45257 1.43276
-0.45235 1.43253
-0.45213 1.43231
-0.45190 1.43208
-0.45168 1.43185
-0.45145 1.43163
-0.45123 1.43140
-0.45101 1.43117
-0.45078 1.43094
-0.45056 1.43071
-0.45033 1.43049
-0.45011 1.43026
-0.44988 1.43003
-0.44966 1.42980
-0.44944 1.42958
-0.44921 1.42935
-0.44899 1.42912
-0.44876 1.42889
-0.44854 1.42866
-0.44832 1.42843
-0.44809 1.42821
-0.44787 1.42798
-0.44764 1.42775
-0.44742 1.42752
-0.44719 1.42729
-0.44697 1.42706
-0.44675 1.42683
-0.44652 1.42661
-0.44630 1.42638
-0.44607 1.42615
-0.44585 1.42592
-0.44563 1.42569
-0.44540 1.42546
-0.44518 1.42523
-0.44495 1.42500
-0.44473 1.42477
-0.44450 1.42454
-0.44428 1.42431
-0.44405 1.42408
-0.44383 1.42385
-0.44361 1.42362
-0.44338 1.42339
-0.44316 1.42316
-0.44293 1.42293
-0.44271 1.42270
-0.44248 1.42247
-0.44226 1.42224
-0.44204 1.42201
-0.44181 1.42178
-0.44159 1.42155
-0.44136 1.42132
-0.44114 1.42109
-0.44091 1.42086
-0.44069 1.42063
-0.44046 1.42040
-0.44024 1.42017
-0.44002 1.41994
-0.43979 1.41971
-0.43957 1.41948
-0.43934 1.41925
-0.43912 1.41901
-0.43889 1.41878
-0.43867 1.41855
-0.43844 1.41832
-0.43822 1.41809
-0.43800 1.41786
-0.43777 1.41763
-0.43755 1.41740
-0.43732 1.41716
-0.43710 1.41693
-0.43687 1.41670
-0.43665 1.41647
-0.43642 1.41624
-0.43620 1.41600
-0.43597 1.41577
-0.43575 1.41554
-0.43552 1.41531
-0.43530 1.41508
-0.43508 1.41484
-0.43485 1.41461
-0.43463 1.41438
-0.43440 1.41415
-0.43418 1.41391
-0.43395 1.41368
-0.43373 1.41345
-0.43350 1.41320
-0.43322 1.41280
-0.43293 1.41240
-0.43265 1.41200
-0.43237 1.41160
-0.43209 1.41120
-0.43181 1.41080
-0.43153 1.41040
-0.43125 1.41000
-0.43097 1.40960
-0.43068 1.40919
-0.43040 1.40879
-0.43012 1.40839
-0.42984 1.40799
-0.42956 1.40759
-0.42928 1.40719
-0.42900 1.40679
-0.42871 1.40639
-0.42843 1.40598
-0.42815 1.40558
-0.42787 1.40518
-0.42759 1.40478
-0.42731 1.40438
-0.42702 1.40397
-0.42674 1.40357
-0.42646 1.40317
-0.42618 1.40276
-0.42590 1.40236
-0.42562 1.40196
-0.42533 1.40156
-0.42505 1.40115
-0.42477 1.40075
-0.42449 1.40034
-0.42421 1.39994
-0.42392 1.39954
-0.42364 1.39913
-0.42336 1.39873
-0.42308 1.39833
-0.42280 1.39792
-0.42251 1.39752
-0.42223 1.39711
-0.42195 1.39671
-0.42167 1.39630
-0.42138 1.39590
-0.42110 1.39549
-0.42082 1.39509
-0.42054 1.39468
-0.42027 1.39432
-0.42004 1.39408
-0.41982 1.39384
-0.41959 1.39361
-0.41937 1.39337
-0.41914 1.39313
-0.41892 1.39289
-0.41869 1.39266
-0.41847 1.39242
-0.41824 1.39218
-0.41802 1.39194
-0.41779 1.39171
-0.41757 1.39147
-0.41734 1.39123
-0.41712 1.39099
-0.41689 1.39075
-0.41666 1.39052
-0.41644 1.39028
-0.41621 1.39004
-0.41599 1.38980
-0.41576 1.38956
-0.41554 1.38932
-0.41531 1.38909
-0.41509 1.38885
-0.41486 1.38861
-0.41464 1.38837
-0.41441 1.38813
-0.41418 1.38789
-0.41396 1.38765
-0.41373 1.38741
-0.41351 1.38717
-0.41328 1.38693
-0.41306 1.38670
-0.41283 1.38646
-0.41261 1.38622
-0.41238 1.38598
-0.41215 1.38574
-0.41193 1.38550
-0.41170 1.38526
-0.41148 1.38502
-0.41125 1.38478
-0.41103 1.38454
-0.41080 1.38430
-0.41058 1.38406
-0.41035 1.38382
-0.41012 1.38358
-0.40990 1.38334
-0.40967 1.38310
-0.40945 1.38286
-0.40922 1.38262
-0.40900 1.38238
-0.40877 1.38213
-0.40854 1.38189
-0.40832 1.38165
-0.40809 1.38141
-0.40787 1.38117
-0.40764 1.38093
-0.40742 1.38069
-0.40719 1.38045
-0.40696 1.38021
-0.40674 1.37997
-0.40651 1.37972
-0.40629 1.37948
-0.40606 1.37924
-0.40583 1.37900
-0.40561 1.37876
-0.40538 1.37852
-0.40516 1.37827
-0.40493 1.37803
-0.40470 1.37779
-0.40448 1.37755
-0.40425 1.37731
-0.40403 1.37706
-0.40380 1.37682
-0.40358 1.37658
-0.40335 1.37634
-0.40312 1.37609
-0.40290 1.37585
-0.40267 1.37561
-0.40245 1.37537
-0.40222 1.37512
-0.40199 1.37488
-0.40177 1.37464
-0.40154 1.37439
-0.40131 1.37415
-0.40109 1.37391
-0.40086 1.37366
-0.40064 1.37342
-0.40041 1.37318
-0.40018 1.37293
-0.39996 1.37269
-0.39973 1.37245
-0.39951 1.37220
-0.39928 1.37196
-0.39902 1.37162
-0.39874 1.37121
-0.39845 1.37079
-0.39817 1.37038
-0.39789 1.36996
-0.39760 1.36955
-0.39732 1.36914
-0.39704 1.36872
-0.39675 1.36830
-0.39647 1.36789
-0.39618 1.36747
-0.39590 1.36706
-0.39562 1.36664
-0.39533 1.36623
-0.39505 1.36581
-0.39476 1.36539
-0.39448 1.36498
-0.39420 1.36456
-0.39391 1.36415
-0.39363 1.36373
-0.39334 1.36331
-0.39306 1.36289
-0.39277 1.36248
-0.39249 1.36206
-0.39221 1.36164
-0.39192 1.36123
-0.39164 1.36081
-0.39135 1.36039
-0.39107 1.35997
-0.39078 1.35955
-0.39050 1.35914
-0.39021 1.35872
-0.38993 1.35830
-0.38964 1.35788
-0.38936 1.35746
-0.38907 1.35704
-0.38879 1.35662
-0.38851 1.35621
-0.38822 1.35579
-0.38794 1.35537
-0.38765 1.35495
-0.38737 1.35453
-0.38708 1.35411
-0.38680 1.35369
-0.38651 1.35327
-0.38623 1.35285
-0.38594 1.35243
-0.38570 1.35213
-0.38547 1.35188
-0.38524 1.35163
-0.38502 1.35138
-0.38479 1.35113
-0.38456 1.35088
-0.38433 1.35064
-0.38411 1.35039
-0.38388 1.35014
-0.38365 1.34989
-0.38343 1.34964
-0.38320 1.34939
-0.38297 1.34914
-0.38275 1.34889
-0.38252 1.34864
-0.38229 1.34839
-0.38206 1.34814
-0.38184 1.34789
-0.38161 1.34764
-0.38138 1.34740
-0.38116 1.34715
-0.38093 1.34690
-0.38070 1.34665
-0.38047 1.34640
-0.38025 1.34615
-0.38002 1.34590
-0.37979 1.34564
-0.37956 1.34539
-0.37934 1.34514
-0.37911 1.34489
-0.37888 1.34464
-0.37866 1.34439
-0.37843 1.34414
-0.37820 1.34389
-0.37797 1.34364
-0.37775 1.34339
-0.37752 1.34314
-0.37729 1.34289
-0.37706 1.34264
-0.37684 1.34238
-0.37661 1.34213
-0.37638 1.34188
-0.37615 1.34163
-0.37593 1.34138
-0.37570 1.34113
-0.37547 1.34088
-0.37524 1.34062
-0.37502 1.34037
-0.37479 1.34012
-0.37456 1.33987
-0.37433 1.33962
-0.37411 1.33936
-0.37388 1.33911
-0.37365 1.33886
-0.37342 1.33861
-0.37320 1.33835
-0.37297 1.33810
-0.37274 1.33785
-0.37251 1.33760
-0.37229 1.33734
-0.37206 1.33709
-0.37183 1.33684
-0.37160 1.33658
-0.37138 1.33633
-0.37115 1.33608
-0.37092 1.33583
-0.37069 1.33557
-0.37047 1.33532
-0.37024 1.33506
-0.37001 1.33481
-0.36978 1.33456
-0.36955 1.33430
-0.36933 1.33405
-0.36910 1.33380
-0.36887 1.33354
-0.36864 1.33329
-0.36841 1.33303
-0.36819 1.33278
-0.36796 1.33253
-0.36773 1.33227
-0.36750 1.33202
-0.36728 1.33176
-0.36705 1.33151
-0.36682 1.33125
-0.36659 1.33100
-0.36636 1.33074
-0.36614 1.33049
-0.36591 1.33023
-0.36568 1.32998
-0.36545 1.32972
-0.36522 1.32947
-0.36500 1.32921
-0.36477 1.32896
-0.36454 1.32870
-0.36437 1.32862
-0.36420 1.32854
-0.36403 1.32846
-0.36386 1.32838
-0.36369 1.32830
-0.36352 1.32821
-0.36335 1.32813
-0.36318 1.32805
-0.36301 1.32797
-0.36284 1.32789
-0.36268 1.32781
-0.36251 1.32773
-0.36234 1.32764
-0.36217 1.32756
-0.36200 1.32748
-0.36183 1.32740
-0.36166 1.32732
-0.36149 1.32723
-0.36132 1.32715
-0.36115 1.32707
-0.36098 1.32699
-0.36081 1.32690
-0.36064 1.32682
-0.36047 1.32674
-0.36030 1.32666
-0.36013 1.32658
-0.35996 1.32649
-0.35979 1.32641
-0.35962 1.32633
-0.35945 1.32624
-0.35928 1.32616
-0.35911 1.32608
-0.35894 1.32600
-0.35877 1.32591
-0.35860 1.32583
-0.35843 1.32575
-0.35826 1.32566
-0.35809 1.32558
-0.35792 1.32550
-0.35775 1.32542
-0.35758 1.32533
-0.35741 1.32525
-0.35724 1.32517
-0.35707 1.32508
-0.35690 1.32500
-0.35673 1.32492
-0.35656 1.32482
-0.35636 1.32465
-0.35616 1.32448
-0.35596 1.32431
-0.35576 1.32413
-0.35556 1.32396
-0.35537 1.32379
-0.35517 1.32362
-0.35497 1.32345
-0.35477 1.32328
-0.35457 1.32311
-0.35437 1.32294
-0.35417 1.32276
-0.35397 1.32259
-0.35377 1.32242
-0.35357 1.32225
-0.35337 1.32208
-0.35317 1.32191
-0.35297 1.32173
-0.35277 1.32156
-0.35257 1.32139
-0.35237 1.32122
-0.35218 1.32105
-0.35198 1.32087
-0.35178 1.32070
-0.35158 1.32053
-0.35138 1.32036
-0.35118 1.32019
-0.35098 1.32001
-0.35078 1.31984
-0.35058 1.31967
-0.35038 1.31950
-0.35018 1.31932
-0.34998 1.31915
-0.34978 1.31898
-0.34958 1.31880
-0.34938 1.31863
-0.34918 1.31846
-0.34898 1.31828
-0.34878 1.31811
-0.34858 1.31794
-0.34838 1.31777
-0.34818 1.31759
-0.34798 1.31742
-0.34778 1.31725
-0.34758 1.31707
-0.34739 1.31690
-0.34719 1.31672
-0.34699 1.31655
-0.34679 1.31638
-0.34659 1.31620
-0.34639 1.31603
-0.34619 1.31586
-0.34599 1.31568
-0.34579 1.31551
-0.34559 1.31533
-0.34539 1.31516
-0.34519 1.31499
-0.34499 1.31481
-0.34479 1.31464
-0.34459 1.31446
-0.34439 1.31429
-0.34419 1.31411
-0.34399 1.31394
-0.34379 1.31376
-0.34359 1.31359
-0.34339 1.31341
-0.34319 1.31324
-0.34299 1.31306
-0.34279 1.31289
-0.34259 1.31272
-0.34239 1.31254
-0.34219 1.31236
-0.34199 1.31219
-0.34179 1.31201
-0.34159 1.31184
-0.34139 1.31166
-0.34119 1.31149
-0.34099 1.31131
-0.34079 1.31114
-0.34059 1.31096
-0.34039 1.31079
-0.34019 1.31061
-0.33999 1.31043
-0.33979 1.31026
-0.33959 1.31008
-0.33939 1.30991
-0.33919 1.30973
-0.33899 1.30955
-0.33879 1.30938
-0.33859 1.30920
-0.33839 1.30903
-0.33819 1.30885
-0.33799 1.30867
-0.33779 1.30850
-0.33759 1.30832
-0.33739 1.30814
-0.33719 1.30797
-0.33699 1.30779
-0.33678 1.30761
-0.33658 1.30744
-0.33638 1.30726
-0.33618 1.30708
-0.33598 1.30691
-0.33578 1.30673
-0.33558 1.30655
-0.33538 1.30637
-0.33518 1.30620
-0.33498 1.30602
-0.33478 1.30584
-0.33458 1.30567
-0.33438 1.30549
-0.33418 1.30531
-0.33398 1.30513
-0.33378 1.30495
-0.33358 1.30478
-0.33338 1.30460
-0.33318 1.30442
-0.33298 1.30424
-0.33278 1.30407
-0.33258 1.30389
-0.33238 1.30371
-0.33217 1.30353
-0.33197 1.30335
-0.33177 1.30317
-0.33157 1.30300
-0.33137 1.30282
-0.33117 1.30264
-0.33097 1.30246
-0.33077 1.30228
-0.33057 1.30210
-0.33037 1.30192
-0.33017 1.30175
-0.32997 1.30157
-0.32977 1.30139
-0.32957 1.30121
-0.32937 1.30103
-0.32917 1.30085
-0.32896 1.30067
-0.32876 1.30049
-0.32856 1.30031
-0.32836 1.30013
-0.32816 1.29995
-0.32796 1.29977
-0.32776 1.29960
-0.32756 1.29942
-0.32736 1.29924
-0.32716 1.29906
-0.32696 1.29888
-0.32676 1.29870
-0.32655 1.29852
-0.32635 1.29834
-0.32615 1.29816
-0.32595 1.29798
-0.32575 1.29780
-0.32555 1.29762
-0.32535 1.29744
-0.32515 1.29726
-0.32495 1.29708
-0.32475 1.29689
-0.32455 1.29671
-0.32434 1.29653
-0.32414 1.29635
-0.32394 1.29617
-0.32374 1.29599
-0.32354 1.29581
-0.32334 1.29563
-0.32314 1.29545
-0.32294 1.29527
-0.32274 1.29509
-0.32253 1.29491
-0.32233 1.29472
-0.32213 1.29454
-0.32193 1.29436
-0.32173 1.29418
-0.32153 1.29400
-0.32133 1.29382
-0.32113 1.29364
-0.32093 1.29345
-0.32072 1.29327
-0.32052 1.29309
-0.32032 1.29291
-0.32012 1.29273
-0.31992 1.29254
-0.31972 1.29236
-0.31952 1.29218
-0.31932 1.29200
-0.31911 1.29182
-0.31893 1.29170
-0.31876 1.29161
-0.31859 1.29151
-0.31842 1.29142
-0.31825 1.29132
-0.31807 1.29123
-0.31790 1.29114
-0.31773 1.29104
-0.31756 1.29095
-0.31739 1.29085
-0.31721 1.29076
-0.31704 1.29067
-0.31687 1.29057
-0.31670 1.29048
-0.31652 1.29038
-0.31635 1.29029
-0.31618 1.29019
-0.31601 1.29010
-0.31584 1.29000
-0.31566 1.28991
-0.31549 1.28982
-0.31532 1.28972
-0.31515 1.28963
-0.31497 1.28953
-0.31480 1.28944
-0.31463 1.28934
-0.31446 1.28925
-0.31428 1.28915
-0.31411 1.28906
-0.31394 1.28896
-0.31377 1.28887
-0.31359 1.28877
-0.31342 1.28867
-0.31325 1.28858
-0.31308 1.28848
-0.31290 1.28839
-0.31273 1.28829
-0.31256 1.28820
-0.31239 1.28810
-0.31221 1.28801
-0.31204 1.28791
-0.31187 1.28781
-0.31170 1.28772
-0.31152 1.28762
-0.31135 1.28753
-0.31118 1.28743
-0.31101 1.28733
-0.31080 1.28713
-0.31059 1.28692
-0.31038 1.28670
-0.31016 1.28649
-0.30995 1.28627
-0.30974 1.28606
-0.30953 1.28584
-0.30932 1.28563
-0.30911 1.28541
-0.30889 1.28520
-0.30868 1.28498
-0.30847 1.28477
-0.30826 1.28455
-0.30805 1.28434
-0.30784 1.28412
-0.30762 1.28391
-0.30741 1.28369
-0.30720 1.28348
-0.30699 1.28326
-0.30678 1.28304
-0.30656 1.28283
-0.30635 1.28261
-0.30614 1.28240
-0.30593 1.28218
-0.30572 1.28196
-0.30550 1.28175
-0.30529 1.28153
-0.30508 1.28132
-0.30487 1.28110
-0.30466 1.28088
-0.30444 1.28067
-0.30423 1.28045
-0.30402 1.28023
-0.30381 1.28002
-0.30360 1.27980
-0.30338 1.27958
-0.30317 1.27937
-0.30296 1.27915
-0.30275 1.27893
-0.30254 1.27871
-0.30232 1.27850
-0.30211 1.27828
-0.30190 1.27806
-0.30169 1.27784
-0.30148 1.27763
-0.30126 1.27741
-0.30105 1.27719
-0.30084 1.27697
-0.30063 1.27676
-0.30041 1.27654
-0.30020 1.27632
-0.29999 1.27610
-0.29978 1.27588
-0.29957 1.27567
-0.29935 1.27545
-0.29914 1.27523
-0.29893 1.27501
-0.29872 1.27479
-0.29850 1.27457
-0.29829 1.27436
-0.29808 1.27414
-0.29787 1.27392
-0.29765 1.27370
-0.29744 1.27348
-0.29723 1.27326
-0.29702 1.27304
-0.29680 1.27282
-0.29659 1.27261
-0.29638 1.27239
-0.29617 1.27217
-0.29595 1.27195
-0.29574 1.27173
-0.29553 1.27151
-0.29532 1.27129
-0.29510 1.27107
-0.29489 1.27085
-0.29468 1.27063
-0.29447 1.27041
-0.29425 1.27019
-0.29404 1.26997
-0.29383 1.26975
-0.29362 1.26953
-0.29340 1.26931
-0.29319 1.26909
-0.29298 1.26887
-0.29276 1.26865
-0.29255 1.26843
-0.29234 1.26821
-0.29213 1.26799
-0.29191 1.26777
-0.29170 1.26755
-0.29149 1.26732
-0.29128 1.26710
-0.29106 1.26688
-0.29085 1.26666
-0.29064 1.26644
-0.29042 1.26622
-0.29021 1.26600
-0.29000 1.26578
-0.28978 1.26556
-0.28957 1.26533
-0.28936 1.26511
-0.28915 1.26489
-0.28893 1.26467
-0.28872 1.26445
-0.28851 1.26423
-0.28829 1.26400
-0.28808 1.26378
-0.28787 1.26356
-0.28765 1.26334
-0.28744 1.26312
-0.28723 1.26289
-0.28702 1.26267
-0.28680 1.26245
-0.28659 1.26223
-0.28638 1.26200
-0.28616 1.26178
-0.28595 1.26156
-0.28574 1.26134
-0.28552 1.26111
-0.28531 1.26089
-0.28510 1.26067
-0.28488 1.26044
-0.28467 1.26022
-0.28446 1.26000
-0.28424 1.25977
-0.28403 1.25955
-0.28382 1.25933
-0.28360 1.25910
-0.28339 1.25888
-0.28318 1.25866
-0.28296 1.25843
-0.28275 1.25821
-0.28254 1.25799
-0.28232 1.25776
-0.28211 1.25754
-0.28190 1.25731
-0.28168 1.25709
-0.28147 1.25687
-0.28126 1.25664
-0.28106 1.25646
-0.28088 1.25635
-0.28071 1.25625
-0.28053 1.25615
-0.28036 1.25604
-0.28018 1.25594
-0.28001 1.25583
-0.27984 1.25573
-0.27966 1.25562
-0.27949 1.25552
-0.27931 1.25541
-0.27914 1.25531
-0.27896 1.25520
-0.27879 1.25510
-0.27862 1.25500
-0.27844 1.25489
-0.27827 1.25479
-0.27809 1.25468
-0.27792 1.25458
-0.27774 1.25447
-0.27757 1.25436
-0.27739 1.25426
-0.27722 1.25415
-0.27705 1.25405
-0.27687 1.25394
-0.27670 1.25384
-0.27652 1.25373
-0.27635 1.25363
-0.27617 1.25352
-0.27600 1.25342
-0.27582 1.25331
-0.27565 1.25320
-0.27547 1.25310
-0.27530 1.25299
-0.27512 1.25289
-0.27495 1.25278
-0.27477 1.25267
-0.27460 1.25257
-0.27443 1.25246
-0.27425 1.25236
-0.27408 1.25225
-0.27390 1.25214
-0.27373 1.25204
-0.27355 1.25193
-0.27338 1.25182
-0.27320 1.25172
-0.27303 1.25161
-0.27285 1.25150
-0.27268 1.25140
-0.27250 1.25129
-0.27233 1.25118
-0.27215 1.25108
-0.27198 1.25097
-0.27180 1.25086
-0.27163 1.25075
-0.27145 1.25065
-0.27128 1.25054
-0.27110 1.25043
-0.27093 1.25033
-0.27075 1.25022
-0.27058 1.25011
-0.27040 1.25000
-0.27023 1.24990
-0.27005 1.24979
-0.26988 1.24968
-0.26970 1.24957
-0.26953 1.24947
-0.26935 1.24936
-0.26918 1.24925
-0.26900 1.24914
-0.26883 1.24903
-0.26865 1.24893
-0.26848 1.24882
-0.26830 1.24871
-0.26813 1.24860
-0.26795 1.24849
-0.26777 1.24839
-0.26760 1.24828
-0.26742 1.24817
-0.26725 1.24806
-0.26707 1.24795
-0.26690 1.24784
-0.26672 1.24773
-0.26655 1.24763
-0.26637 1.24752
-0.26620 1.24741
-0.26602 1.24730
-0.26585 1.24719
-0.26567 1.24708
-0.26549 1.24697
-0.26532 1.24686
-0.26514 1.24675
-0.26497 1.24665
-0.26479 1.24654
-0.26462 1.24643
-0.26444 1.24632
-0.26427 1.24621
-0.26409 1.24610
-0.26392 1.24599
-0.26374 1.24588
-0.26356 1.24577
-0.26339 1.24566
-0.26321 1.24555
-0.26304 1.24544
-0.26286 1.24533
-0.26269 1.24522
-0.26251 1.24511
-0.26233 1.24500
-0.26216 1.24489
-0.26198 1.24478
-0.26181 1.24467
-0.26163 1.24456
-0.26146 1.24445
-0.26128 1.24434
-0.26110 1.24423
-0.26093 1.24412
-0.26075 1.24401
-0.26058 1.24390
-0.26040 1.24379
-0.26022 1.24368
-0.26005 1.24357
-0.25987 1.24346
-0.25970 1.24335
-0.25952 1.24323
-0.25934 1.24312
-0.25917 1.24301
-0.25899 1.24290
-0.25882 1.24279
-0.25864 1.24268
-0.25846 1.24257
-0.25829 1.24246
-0.25811 1.24235
-0.25794 1.24223
-0.25776 1.24212
-0.25758 1.24201
-0.25741 1.24190
-0.25723 1.24179
-0.25706 1.24168
-0.25688 1.24157
-0.25670 1.24145
-0.25653 1.24134
-0.25635 1.24123
-0.25617 1.24112
-0.25600 1.24101
-0.25582 1.24089
-0.25565 1.24078
-0.25547 1.24067
-0.25529 1.24056
-0.25512 1.24045
-0.25494 1.24033
-0.25476 1.24022
-0.25459 1.24011
-0.25441 1.24000
-0.25424 1.23988
-0.25406 1.23977
-0.25388 1.23966
-0.25371 1.23955
-0.25353 1.23943
-0.25335 1.23932
-0.25318 1.23921
-0.25300 1.23909
-0.25282 1.23898
-0.25265 1.23887
-0.25247 1.23876
-0.25229 1.23864
-0.25212 1.23853
-0.25194 1.23842
-0.25176 1.23830
-0.25159 1.23819
-0.25141 1.23808
-0.25123 1.23796
-0.25106 1.23785
-0.25088 1.23774
-0.25070 1.23762
-0.25053 1.23751
-0.25035 1.23739
-0.25017 1.23728
-0.25000 1.23717
-0.24982 1.23705
-0.24964 1.23694
-0.24947 1.23683
-0.24929 1.23671
-0.24911 1.23660
-0.24894 1.23648
-0.24876 1.23637
-0.24858 1.23625
-0.24841 1.23614
-0.24823 1.23603
-0.24805 1.23591
-0.24788 1.23580
-0.24770 1.23568
-0.24752 1.23557
-0.24735 1.23545
-0.24717 1.23534
-0.24699 1.23522
-0.24681 1.23511
-0.24664 1.23499
-0.24646 1.23488
-0.24628 1.23476
-0.24611 1.23465
-0.24593 1.23453
-0.24575 1.23442
-0.24558 1.23430
-0.24540 1.23419
-0.24522 1.23407
-0.24504 1.23396
-0.24487 1.23384
-0.24469 1.23373
-0.24451 1.23361
-0.24434 1.23350
-0.24416 1.23338
-0.24398 1.23326
-0.24380 1.23315
-0.24363 1.23303
-0.24345 1.23292
-0.24327 1.23280
-0.24309 1.23268
-0.24292 1.23257
-0.24274 1.23245
-0.24256 1.23234
-0.24239 1.23222
-0.24221 1.23210
-0.24203 1.23199
-0.24185 1.23187
-0.24168 1.23175
-0.24150 1.23164
-0.24132 1.23152
-0.24114 1.23141
-0.24097 1.23129
-0.24079 1.23117
-0.24061 1.23105
-0.24043 1.23094
-0.24026 1.23082
-0.24008 1.23070
-0.23990 1.23058
-0.23968 1.23034
-0.23946 1.23010
-0.23925 1.22986
-0.23903 1.22962
-0.23882 1.22938
-0.23860 1.22914
-0.23838 1.22891
-0.23817 1.22867
-0.23795 1.22843
-0.23773 1.22819
-0.23752 1.22795
-0.23730 1.22771
-0.23708 1.22747
-0.23687 1.22723
-0.23665 1.22699
-0.23643 1.22675
-0.23622 1.22651
-0.23600 1.22627
-0.23578 1.22603
-0.23557 1.22579
-0.23535 1.22555
-0.23513 1.22531
-0.23492 1.22507
-0.23470 1.22483
-0.23448 1.22459
-0.23427 1.22435
-0.23405 1.22411
-0.23383 1.22387
-0.23362 1.22363
-0.23340 1.22339
-0.23318 1.22315
-0.23297 1.22291
-0.23275 1.22267
-0.23253 1.22243
-0.23232 1.22219
-0.23210 1.22195
-0.23188 1.22171
-0.23166 1.22146
-0.23145 1.22122
-0.23123 1.22098
-0.23101 1.22074
-0.23080 1.22050
-0.23058 1.22026
-0.23036 1.22002
-0.23015 1.21977
-0.22993 1.21953
-0.22971 1.21929
-0.22949 1.21905
-0.22928 1.21881
-0.22906 1.21856
-0.22884 1.21832
-0.22862 1.21808
-0.22841 1.21784
-0.22819 1.21760
-0.22797 1.21735
-0.22776 1.21711
-0.22754 1.21687
-0.22732 1.21662
-0.22710 1.21638
-0.22689 1.21614
-0.22667 1.21590
-0.22645 1.21565
-0.22623 1.21541
-0.22602 1.21517
-0.22580 1.21492
-0.22558 1.21468
-0.22536 1.21444
-0.22515 1.21419
-0.22493 1.21395
-0.22471 1.21371
-0.22449 1.21346
-0.22428 1.21322
-0.22406 1.21297
-0.22384 1.21273
-0.22362 1.21249
-0.22341 1.21224
-0.22319 1.21200
-0.22297 1.21175
-0.22275 1.21151
-0.22254 1.21126
-0.22232 1.21102
-0.22210 1.21077
-0.22188 1.21053
-0.22166 1.21029
-0.22145 1.21004
-0.22123 1.20980
-0.22101 1.20955
-0.22079 1.20931
-0.22057 1.20906
-0.22036 1.20881
-0.22014 1.20857
-0.21992 1.20832
-0.21970 1.20808
-0.21948 1.20783
-0.21927 1.20759
-0.21905 1.20734
-0.21883 1.20710
-0.21861 1.20685
-0.21839 1.20660
-0.21818 1.20636
-0.21796 1.20611
-0.21774 1.20587
-0.21752 1.20562
-0.21730 1.20537
-0.21709 1.20513
-0.21687 1.20488
-0.21665 1.20463
-0.21643 1.20439
-0.21621 1.20414
-0.21599 1.20389
-0.21578 1.20365
-0.21556 1.20340
-0.21534 1.20315
-0.21512 1.20290
-0.21490 1.20266
-0.21468 1.20241
-0.21447 1.20216
-0.21425 1.20191
-0.21403 1.20167
-0.21381 1.20142
-0.21359 1.20117
-0.21337 1.20092
-0.21315 1.20068
-0.21294 1.20043
-0.21272 1.20018
-0.21250 1.19993
-0.21228 1.19968
-0.21206 1.19943
-0.21184 1.19919
-0.21162 1.19894
-0.21141 1.19869
-0.21119 1.19844
-0.21097 1.19819
-0.21075 1.19794
-0.21053 1.19769
-0.21031 1.19744
-0.21009 1.19720
-0.20987 1.19695
-0.20966 1.19670
-0.20944 1.19645
-0.20924 1.19627
-0.20906 1.19614
-0.20888 1.19601
-0.20870 1.19589
-0.20852 1.19576
-0.20834 1.19564
-0.20816 1.19551
-0.20798 1.19538
-0.20780 1.19526
-0.20762 1.19513
-0.20744 1.19501
-0.20726 1.19488
-0.20709 1.19475
-0.20691 1.19463
-0.20673 1.19450
-0.20655 1.19437
-0.20637 1.19425
-0.20619 1.19412
-0.20601 1.19399
-0.20583 1.19387
-0.20565 1.19374
-0.20547 1.19361
-0.20529 1.19348
-0.20511 1.19336
-0.20493 1.19323
-0.20475 1.19310
-0.20457 1.19298
-0.20439 1.19285
-0.20421 1.19272
-0.20403 1.19259
-0.20385 1.19247
-0.20367 1.19234
-0.20349 1.19221
-0.20331 1.19208
-0.20313 1.19196
-0.20295 1.19183
-0.20277 1.19170
-0.20259 1.19157
-0.20241 1.19144
-0.20223 1.19132
-0.20205 1.19119
-0.20187 1.19106
-0.20169 1.19093
-0.20151 1.19080
-0.20133 1.19067
-0.20115 1.19055
-0.20097 1.19042
-0.20079 1.19029
-0.20061 1.19016
-0.20043 1.19003
-0.20025 1.18990
-0.20007 1.18977
-0.19989 1.18965
-0.19971 1.18952
-0.19953 1.18939
-0.19935 1.18926
-0.19917 1.18913
-0.19899 1.18900
-0.19881 1.18887
-0.19863 1.18874
-0.19845 1.18861
-0.19827 1.18848
-0.19809 1.18835
-0.19791 1.18822
-0.19773 1.18810
-0.19755 1.18797
-0.19737 1.18784
-0.19718 1.18771
-0.19700 1.18758
-0.19682 1.18745
-0.19664 1.18732
-0.19646 1.18719
-0.19628 1.18706
-0.19610 1.18693
-0.19592 1.18680
-0.19574 1.18667
-0.19556 1.18654
-0.19538 1.18641
-0.19520 1.18628
-0.19502 1.18615
-0.19484 1.18602
-0.19466 1.18588
-0.19448 1.18575
-0.19430 1.18562
-0.19412 1.18549
-0.19393 1.18536
-0.19375 1.18523
-0.19357 1.18510
-0.19339 1.18497
-0.19321 1.18484
-0.19303 1.18471
-0.19285 1.18458
-0.19267 1.18445
-0.19249 1.18431
-0.19231 1.18418
-0.19213 1.18405
-0.19195 1.18392
-0.19177 1.18379
-0.19158 1.18366
-0.19140 1.18353
-0.19122 1.18339
-0.19104 1.18326
-0.19086 1.18313
-0.19068 1.18300
-0.19050 1.18287
-0.19032 1.18274
-0.19014 1.18260
-0.18996 1.18247
-0.18977 1.18234
-0.18959 1.18221
-0.18941 1.18207
-0.18923 1.18194
-0.18905 1.18181
-0.18887 1.18168
-0.18869 1.18155
-0.18851 1.18141
-0.18833 1.18128
-0.18814 1.18115
-0.18796 1.18101
-0.18778 1.18088
-0.18760 1.18075
-0.18742 1.18062
-0.18724 1.18048
-0.18706 1.18035
-0.18688 1.18022
-0.18669 1.18008
-0.18651 1.17995
-0.18633 1.17982
-0.18615 1.17968
-0.18597 1.17955
-0.18579 1.17942
-0.18561 1.17928
-0.18542 1.17915
-0.18524 1.17902
-0.18506 1.17888
-0.18488 1.17875
-0.18470 1.17862
-0.18452 1.17848
-0.18434 1.17835
-0.18415 1.17821
-0.18397 1.17808
