-0.97454 2.30154
-0.97447 2.30130
-0.97441 2.30105
-0.97434 2.30080
-0.97427 2.30055
-0.97421 2.30030
-0.97414 2.30005
-0.97408 2.29981
-0.97401 2.29956
-0.97395 2.29931
-0.97388 2.29906
-0.97381 2.29881
-0.97375 2.29856
-0.97368 2.29832
-0.97362 2.29807
-0.97355 2.29782
-0.97349 2.29757
-0.97342 2.29732
-0.97335 2.29707
-0.97329 2.29683
-0.97322 2.29658
-0.97315 2.29633
-0.97309 2.29608
-0.97302 2.29583
-0.97296 2.29558
-0.97289 2.29533
-0.97282 2.29509
-0.97276 2.29484
-0.97269 2.29459
-0.97262 2.29434
-0.97256 2.29409
-0.97249 2.29384
-0.97242 2.29359
-0.97236 2.29335
-0.97229 2.29310
-0.97222 2.29285
-0.97216 2.29260
-0.97209 2.29235
-0.97202 2.29210
-0.97196 2.29185
-0.97189 2.29160
-0.97182 2.29136
-0.97176 2.29111
-0.97169 2.29086
-0.97162 2.29061
-0.97156 2.29036
-0.97149 2.29011
-0.97142 2.28986
-0.97136 2.28961
-0.97129 2.28937
-0.97122 2.28912
-0.97115 2.28887
-0.97109 2.28862
-0.97102 2.28837
-0.97095 2.28812
-0.97089 2.28787
-0.97082 2.28762
-0.97075 2.28738
-0.97068 2.28713
-0.97062 2.28688
-0.97055 2.28663
-0.97048 2.28638
-0.97041 2.28613
-0.97035 2.28588
-0.97028 2.28563
-0.97021 2.28538
-0.97014 2.28513
-0.97008 2.28489
-0.97001 2.28464
-0.96994 2.28439
-0.96987 2.28414
-0.96980 2.28389
-0.96974 2.28364
-0.96967 2.28339
-0.96960 2.28314
-0.96953 2.28289
-0.96947 2.28264
-0.96940 2.28240
-0.96933 2.28215
-0.96926 2.28190
-0.96919 2.28165
-0.96912 2.28140
-0.96906 2.28115
-0.96899 2.28090
-0.96892 2.28065
-0.96885 2.28040
-0.96878 2.28015
-0.96872 2.27990
-0.96865 2.27965
-0.96858 2.27941
-0.96851 2.27916
-0.96844 2.27891
-0.96837 2.27866
-0.96830 2.27841
-0.96824 2.27816
-0.96817 2.27791
-0.96810 2.27766
-0.96803 2.27741
-0.96796 2.27716
-0.96789 2.27691
-0.96782 2.27666
-0.96776 2.27641
-0.96769 2.27616
-0.96762 2.27591
-0.96755 2.27567
-0.96748 2.27542
-0.96741 2.27517
-0.96734 2.27492
-0.96727 2.27467
-0.96720 2.27442
-0.96714 2.27417
-0.96707 2.27392
-0.96700 2.27367
-0.96693 2.27342
-0.96686 2.27317
-0.96679 2.27292
-0.96672 2.27267
-0.96665 2.27242
-0.96658 2.27217
-0.96651 2.27192
-0.96644 2.27167
-0.96637 2.27142
-0.96630 2.27117
-0.96624 2.27092
-0.96617 2.27067
-0.96610 2.27042
-0.96603 2.27018
-0.96596 2.26993
-0.96589 2.26968
-0.96582 2.26943
-0.96575 2.26918
-0.96568 2.26893
-0.96561 2.26868
-0.96554 2.26843
-0.96547 2.26818
-0.96540 2.26793
-0.96533 2.26768
-0.96526 2.26743
-0.96519 2.26718
-0.96516 2.26693
-0.96514 2.26668
-0.96512 2.26643
-0.96510 2.26617
-0.96508 2.26592
-0.96506 2.26567
-0.96504 2.26542
-0.96502 2.26517
-0.96500 2.26492
-0.96498 2.26467
-0.96496 2.26442
-0.96494 2.26417
-0.96492 2.26391
-0.96490 2.26366
-0.96488 2.26341
-0.96486 2.26316
-0.96484 2.26291
-0.96482 2.26266
-0.96480 2.26241
-0.96478 2.26216
-0.96476 2.26190
-0.96474 2.26165
-0.96472 2.26140
-0.96470 2.26115
-0.96468 2.26090
-0.96466 2.26065
-0.96464 2.26040
-0.96462 2.26015
-0.96460 2.25989
-0.96458 2.25964
-0.96456 2.25939
-0.96454 2.25914
-0.96451 2.25889
-0.96449 2.25864
-0.96447 2.25839
-0.96445 2.25813
-0.96443 2.25788
-0.96441 2.25763
-0.96439 2.25738
-0.96437 2.25713
-0.96434 2.25688
-0.96432 2.25662
-0.96430 2.25637
-0.96428 2.25612
-0.96426 2.25587
-0.96424 2.25562
-0.96421 2.25537
-0.96419 2.25511
-0.96417 2.25486
-0.96415 2.25461
-0.96413 2.25436
-0.96410 2.25411
-0.96408 2.25386
-0.96406 2.25360
-0.96404 2.25335
-0.96402 2.25310
-0.96399 2.25285
-0.96397 2.25260
-0.96395 2.25235
-0.96393 2.25209
-0.96390 2.25184
-0.96388 2.25159
-0.96386 2.25134
-0.96383 2.25109
-0.96381 2.25083
-0.96379 2.25058
-0.96377 2.25033
-0.96374 2.25008
-0.96372 2.24983
-0.96370 2.24957
-0.96367 2.24932
-0.96365 2.24907
-0.96363 2.24882
-0.96360 2.24857
-0.96358 2.24831
-0.96356 2.24806
-0.96353 2.24781
-0.96351 2.24756
-0.96349 2.24731
-0.96346 2.24705
-0.96344 2.24680
-0.96342 2.24655
-0.96339 2.24630
-0.96337 2.24605
-0.96334 2.24579
-0.96332 2.24554
-0.96330 2.24529
-0.96327 2.24504
-0.96325 2.24478
-0.96322 2.24453
-0.96320 2.24428
-0.96317 2.24403
-0.96315 2.24378
-0.96313 2.24352
-0.96310 2.24327
-0.96308 2.24302
-0.96305 2.24277
-0.96303 2.24251
-0.96300 2.24226
-0.96298 2.24201
-0.96295 2.24176
-0.96293 2.24150
-0.96290 2.24125
-0.96288 2.24100
-0.96285 2.24075
-0.96283 2.24049
-0.96280 2.24024
-0.96278 2.23999
-0.96275 2.23974
-0.96273 2.23948
-0.96270 2.23923
-0.96268 2.23898
-0.96265 2.23873
-0.96263 2.23847
-0.96260 2.23822
-0.96257 2.23797
-0.96255 2.23772
-0.96252 2.23746
-0.96250 2.23721
-0.96247 2.23696
-0.96245 2.23671
-0.96242 2.23645
-0.96239 2.23620
-0.96237 2.23595
-0.96234 2.23569
-0.96232 2.23544
-0.96229 2.23519
-0.96226 2.23494
-0.96224 2.23468
-0.96221 2.23443
-0.96218 2.23418
-0.96216 2.23392
-0.96213 2.23367
-0.96210 2.23342
-0.96208 2.23317
-0.96205 2.23291
-0.96202 2.23266
-0.96200 2.23241
-0.96197 2.23215
-0.96194 2.23190
-0.96192 2.23165
-0.96189 2.23140
-0.96186 2.23114
-0.96183 2.23089
-0.96181 2.23064
-0.96178 2.23038
-0.96175 2.23013
-0.96173 2.22988
-0.96170 2.22962
-0.96167 2.22937
-0.96164 2.22912
-0.96162 2.22886
-0.96159 2.22861
-0.96156 2.22836
-0.96153 2.22811
-0.96150 2.22785
-0.96148 2.22760
-0.96145 2.22735
-0.96142 2.22709
-0.96139 2.22684
-0.96137 2.22659
-0.96134 2.22633
-0.96131 2.22608
-0.96128 2.22583
-0.96125 2.22557
-0.96122 2.22532
-0.96120 2.22507
-0.96117 2.22481
-0.96114 2.22456
-0.96111 2.22431
-0.96108 2.22405
-0.96105 2.22380
-0.96102 2.22354
-0.96100 2.22329
-0.96097 2.22304
-0.96094 2.22278
-0.96091 2.22253
-0.96088 2.22228
-0.96085 2.22202
-0.96082 2.22177
-0.96079 2.22152
-0.96076 2.22126
-0.96074 2.22101
-0.96071 2.22076
-0.96068 2.22050
-0.96065 2.22025
-0.96062 2.21999
-0.96059 2.21974
-0.96056 2.21949
-0.96053 2.21923
-0.96050 2.21898
-0.96047 2.21873
-0.96044 2.21847
-0.96041 2.21822
-0.96038 2.21796
-0.96035 2.21771
-0.96032 2.21746
-0.96029 2.21720
-0.96026 2.21695
-0.96023 2.21670
-0.96020 2.21644
-0.96017 2.21619
-0.96014 2.21593
-0.96011 2.21568
-0.96008 2.21543
-0.96005 2.21517
-0.96002 2.21492
-0.95999 2.21466
-0.95996 2.21441
-0.95993 2.21416
-0.95990 2.21390
-0.95987 2.21365
-0.95984 2.21339
-0.95980 2.21314
-0.95977 2.21289
-0.95974 2.21263
-0.95971 2.21238
-0.95968 2.21212
-0.95965 2.21187
-0.95962 2.21161
-0.95959 2.21136
-0.95956 2.21111
-0.95953 2.21085
-0.95949 2.21060
-0.95946 2.21034
-0.95943 2.21009
-0.95940 2.20984
-0.95937 2.20958
-0.95934 2.20933
-0.95930 2.20907
-0.95927 2.20882
-0.95924 2.20856
-0.95935 2.20830
-0.95951 2.20804
-0.95967 2.20778
-0.95983 2.20752
-0.95998 2.20726
-0.96014 2.20700
-0.96030 2.20674
-0.96046 2.20647
-0.96062 2.20621
-0.96077 2.20595
-0.96093 2.20569
-0.96109 2.20543
-0.96125 2.20516
-0.96140 2.20490
-0.96156 2.20464
-0.96172 2.20438
-0.96187 2.20412
-0.96203 2.20385
-0.96218 2.20359
-0.96234 2.20333
-0.96250 2.20307
-0.96265 2.20280
-0.96281 2.20254
-0.96296 2.20228
-0.96312 2.20201
-0.96327 2.20175
-0.96343 2.20149
-0.96358 2.20123
-0.96374 2.20096
-0.96389 2.20070
-0.96404 2.20044
-0.96420 2.20017
-0.96435 2.19991
-0.96451 2.19965
-0.96466 2.19938
-0.96481 2.19912
-0.96497 2.19885
-0.96512 2.19859
-0.96527 2.19833
-0.96542 2.19806
-0.96558 2.19780
-0.96573 2.19753
-0.96588 2.19727
-0.96603 2.19701
-0.96619 2.19674
-0.96634 2.19648
-0.96644 2.19622
-0.96645 2.19596
-0.96646 2.19570
-0.96647 2.19544
-0.96649 2.19518
-0.96650 2.19493
-0.96651 2.19467
-0.96652 2.19441
-0.96653 2.19415
-0.96654 2.19389
-0.96655 2.19364
-0.96656 2.19338
-0.96657 2.19312
-0.96657 2.19286
-0.96658 2.19260
-0.96659 2.19235
-0.96660 2.19209
-0.96661 2.19183
-0.96662 2.19157
-0.96663 2.19131
-0.96664 2.19106
-0.96665 2.19080
-0.96666 2.19054
-0.96667 2.19028
-0.96668 2.19002
-0.96669 2.18976
-0.96669 2.18951
-0.96670 2.18925
-0.96671 2.18899
-0.96672 2.18873
-0.96673 2.18847
-0.96674 2.18821
-0.96674 2.18796
-0.96675 2.18770
-0.96676 2.18744
-0.96677 2.18718
-0.96678 2.18692
-0.96679 2.18666
-0.96679 2.18641
-0.96680 2.18615
-0.96681 2.18589
-0.96682 2.18563
-0.96682 2.18537
-0.96683 2.18511
-0.96684 2.18485
-0.96685 2.18459
-0.96685 2.18434
-0.96686 2.18408
-0.96687 2.18382
-0.96687 2.18356
-0.96688 2.18330
-0.96689 2.18304
-0.96690 2.18278
-0.96690 2.18252
-0.96691 2.18227
-0.96692 2.18201
-0.96692 2.18175
-0.96693 2.18149
-0.96693 2.18123
-0.96694 2.18097
-0.96695 2.18071
-0.96695 2.18045
-0.96696 2.18019
-0.96697 2.17993
-0.96697 2.17967
-0.96698 2.17942
-0.96698 2.17916
-0.96699 2.17890
-0.96699 2.17864
-0.96700 2.17838
-0.96701 2.17812
-0.96701 2.17786
-0.96702 2.17760
-0.96702 2.17734
-0.96703 2.17708
-0.96703 2.17682
-0.96704 2.17656
-0.96704 2.17630
-0.96705 2.17604
-0.96705 2.17578
-0.96706 2.17553
-0.96706 2.17527
-0.96707 2.17501
-0.96707 2.17475
-0.96708 2.17449
-0.96708 2.17423
-0.96709 2.17397
-0.96709 2.17371
-0.96709 2.17345
-0.96710 2.17319
-0.96710 2.17293
-0.96711 2.17267
-0.96711 2.17241
-0.96711 2.17215
-0.96712 2.17189
-0.96712 2.17163
-0.96713 2.17137
-0.96713 2.17111
-0.96713 2.17085
-0.96714 2.17059
-0.96714 2.17033
-0.96714 2.17007
-0.96715 2.16981
-0.96715 2.16955
-0.96715 2.16929
-0.96716 2.16903
-0.96716 2.16877
-0.96716 2.16851
-0.96716 2.16825
-0.96717 2.16799
-0.96717 2.16773
-0.96717 2.16747
-0.96718 2.16721
-0.96718 2.16695
-0.96718 2.16669
-0.96718 2.16643
-0.96719 2.16617
-0.96719 2.16591
-0.96719 2.16565
-0.96719 2.16539
-0.96719 2.16513
-0.96720 2.16487
-0.96720 2.16461
-0.96720 2.16435
-0.96720 2.16408
-0.96720 2.16382
-0.96720 2.16356
-0.96721 2.16330
-0.96721 2.16304
-0.96721 2.16278
-0.96721 2.16252
-0.96721 2.16226
-0.96721 2.16200
-0.96721 2.16174
-0.96722 2.16148
-0.96722 2.16122
-0.96722 2.16096
-0.96722 2.16070
-0.96722 2.16044
-0.96722 2.16017
-0.96722 2.15991
-0.96722 2.15965
-0.96722 2.15939
-0.96722 2.15913
-0.96722 2.15887
-0.96722 2.15861
-0.96722 2.15835
-0.96722 2.15809
-0.96722 2.15783
-0.96722 2.15756
-0.96722 2.15730
-0.96722 2.15704
-0.96722 2.15678
-0.96722 2.15652
-0.96722 2.15626
-0.96722 2.15600
-0.96722 2.15574
-0.96722 2.15548
-0.96722 2.15521
-0.96722 2.15495
-0.96722 2.15469
-0.96722 2.15443
-0.96722 2.15417
-0.96722 2.15391
-0.96722 2.15365
-0.96721 2.15338
-0.96721 2.15312
-0.96721 2.15286
-0.96721 2.15260
-0.96721 2.15234
-0.96721 2.15208
-0.96721 2.15182
-0.96721 2.15155
-0.96720 2.15129
-0.96720 2.15103
-0.96720 2.15077
-0.96720 2.15051
-0.96720 2.15025
-0.96719 2.14998
-0.96719 2.14972
-0.96719 2.14946
-0.96719 2.14920
-0.96719 2.14894
-0.96718 2.14867
-0.96718 2.14841
-0.96718 2.14815
-0.96718 2.14789
-0.96717 2.14763
-0.96717 2.14737
-0.96717 2.14710
-0.96717 2.14684
-0.96716 2.14658
-0.96716 2.14632
-0.96716 2.14606
-0.96716 2.14579
-0.96715 2.14553
-0.96715 2.14527
-0.96715 2.14501
-0.96714 2.14474
-0.96714 2.14448
-0.96714 2.14422
-0.96713 2.14396
-0.96713 2.14370
-0.96713 2.14343
-0.96712 2.14317
-0.96712 2.14291
-0.96711 2.14265
-0.96711 2.14238
-0.96711 2.14212
-0.96710 2.14186
-0.96710 2.14160
-0.96709 2.14133
-0.96709 2.14107
-0.96709 2.14081
-0.96708 2.14055
-0.96708 2.14028
-0.96707 2.14002
-0.96707 2.13976
-0.96706 2.13950
-0.96706 2.13923
-0.96705 2.13897
-0.96705 2.13871
-0.96704 2.13844
-0.96704 2.13818
-0.96703 2.13792
-0.96703 2.13766
-0.96702 2.13739
-0.96702 2.13713
-0.96701 2.13687
-0.96701 2.13660
-0.96700 2.13634
-0.96700 2.13608
-0.96697 2.13582
-0.96687 2.13556
-0.96678 2.13530
-0.96669 2.13505
-0.96659 2.13479
-0.96650 2.13453
-0.96641 2.13428
-0.96631 2.13402
-0.96622 2.13376
-0.96612 2.13351
-0.96603 2.13325
-0.96594 2.13299
-0.96584 2.13274
-0.96575 2.13248
-0.96566 2.13222
-0.96556 2.13197
-0.96547 2.13171
-0.96537 2.13145
-0.96528 2.13120
-0.96519 2.13094
-0.96509 2.13068
-0.96500 2.13043
-0.96490 2.13017
-0.96481 2.12991
-0.96472 2.12966
-0.96462 2.12940
-0.96453 2.12914
-0.96443 2.12888
-0.96434 2.12863
-0.96425 2.12837
-0.96415 2.12811
-0.96406 2.12786
-0.96396 2.12760
-0.96387 2.12734
-0.96377 2.12709
-0.96368 2.12683
-0.96359 2.12657
-0.96349 2.12631
-0.96340 2.12606
-0.96330 2.12580
-0.96321 2.12554
-0.96311 2.12529
-0.96302 2.12503
-0.96293 2.12477
-0.96283 2.12451
-0.96274 2.12426
-0.96264 2.12400
-0.96262 2.12374
-0.96262 2.12347
-0.96261 2.12321
-0.96260 2.12295
-0.96259 2.12268
-0.96259 2.12242
-0.96258 2.12215
-0.96257 2.12189
-0.96256 2.12163
-0.96255 2.12136
-0.96255 2.12110
-0.96254 2.12083
-0.96253 2.12057
-0.96252 2.12031
-0.96251 2.12004
-0.96250 2.11978
-0.96250 2.11951
-0.96249 2.11925
-0.96248 2.11899
-0.96247 2.11872
-0.96246 2.11846
-0.96245 2.11819
-0.96244 2.11793
-0.96243 2.11766
-0.96243 2.11740
-0.96242 2.11714
-0.96241 2.11687
-0.96240 2.11661
-0.96239 2.11634
-0.96238 2.11608
-0.96237 2.11581
-0.96236 2.11555
-0.96235 2.11528
-0.96234 2.11502
-0.96233 2.11476
-0.96232 2.11449
-0.96231 2.11423
-0.96230 2.11396
-0.96229 2.11370
-0.96228 2.11343
-0.96227 2.11317
-0.96226 2.11290
-0.96225 2.11264
-0.96224 2.11237
-0.96223 2.11211
-0.96222 2.11184
-0.96221 2.11158
-0.96220 2.11131
-0.96219 2.11105
-0.96218 2.11078
-0.96217 2.11052
-0.96216 2.11025
-0.96215 2.10999
-0.96214 2.10972
-0.96213 2.10946
-0.96212 2.10919
-0.96211 2.10893
-0.96209 2.10866
-0.96208 2.10840
-0.96207 2.10813
-0.96206 2.10787
-0.96205 2.10760
-0.96204 2.10734
-0.96203 2.10707
-0.96202 2.10681
-0.96200 2.10654
-0.96199 2.10628
-0.96198 2.10601
-0.96197 2.10575
-0.96196 2.10548
-0.96195 2.10522
-0.96193 2.10495
-0.96192 2.10469
-0.96191 2.10442
-0.96190 2.10415
-0.96189 2.10389
-0.96187 2.10362
-0.96186 2.10336
-0.96185 2.10309
-0.96184 2.10283
-0.96182 2.10256
-0.96181 2.10230
-0.96180 2.10203
-0.96179 2.10176
-0.96177 2.10150
-0.96176 2.10123
-0.96175 2.10097
-0.96173 2.10070
-0.96172 2.10043
-0.96171 2.10017
-0.96170 2.09990
-0.96168 2.09964
-0.96167 2.09937
-0.96166 2.09911
-0.96164 2.09884
-0.96163 2.09857
-0.96162 2.09831
-0.96160 2.09804
-0.96159 2.09777
-0.96157 2.09751
-0.96156 2.09724
-0.96155 2.09698
-0.96153 2.09671
-0.96152 2.09644
-0.96151 2.09618
-0.96149 2.09591
-0.96148 2.09565
-0.96146 2.09538
-0.96145 2.09511
-0.96143 2.09485
-0.96142 2.09458
-0.96141 2.09431
-0.96139 2.09405
-0.96138 2.09378
-0.96136 2.09351
-0.96135 2.09325
-0.96133 2.09298
-0.96132 2.09271
-0.96130 2.09245
-0.96129 2.09218
-0.96127 2.09191
-0.96126 2.09165
-0.96124 2.09138
-0.96123 2.09111
-0.96121 2.09085
-0.96120 2.09058
-0.96118 2.09031
-0.96117 2.09005
-0.96115 2.08978
-0.96114 2.08951
-0.96112 2.08925
-0.96111 2.08898
-0.96109 2.08871
-0.96107 2.08845
-0.96106 2.08818
-0.96104 2.08791
-0.96103 2.08765
-0.96101 2.08738
-0.96100 2.08711
-0.96098 2.08684
-0.96096 2.08658
-0.96095 2.08631
-0.96093 2.08604
-0.96091 2.08578
-0.96090 2.08551
-0.96088 2.08524
-0.96086 2.08497
-0.96085 2.08471
-0.96083 2.08444
-0.96081 2.08417
-0.96080 2.08390
-0.96078 2.08364
-0.96076 2.08337
-0.96075 2.08310
-0.96073 2.08283
-0.96071 2.08257
-0.96070 2.08230
-0.96068 2.08203
-0.96066 2.08176
-0.96064 2.08150
-0.96063 2.08123
-0.96061 2.08096
-0.96059 2.08069
-0.96058 2.08043
-0.96056 2.08016
-0.96054 2.07989
-0.96052 2.07962
-0.96050 2.07936
-0.96049 2.07909
-0.96047 2.07882
-0.96045 2.07855
-0.96043 2.07828
-0.96041 2.07802
-0.96040 2.07775
-0.96038 2.07748
-0.96036 2.07721
-0.96034 2.07694
-0.96032 2.07668
-0.96031 2.07641
-0.96029 2.07614
-0.96027 2.07587
-0.96025 2.07560
-0.96023 2.07534
-0.96021 2.07507
-0.96019 2.07480
-0.96017 2.07453
-0.96016 2.07426
-0.96014 2.07399
-0.96012 2.07373
-0.96010 2.07346
-0.96008 2.07319
-0.96006 2.07292
-0.96004 2.07265
-0.96002 2.07238
-0.96000 2.07212
-0.95998 2.07185
-0.95996 2.07158
-0.95994 2.07131
-0.95992 2.07104
-0.95991 2.07077
-0.95989 2.07050
-0.95987 2.07024
-0.95985 2.06997
-0.95983 2.06970
-0.95981 2.06943
-0.95979 2.06916
-0.95977 2.06889
-0.95975 2.06862
-0.95973 2.06835
-0.95971 2.06808
-0.95969 2.06782
-0.95966 2.06755
-0.95964 2.06728
-0.95962 2.06701
-0.95960 2.06674
-0.95958 2.06647
-0.95956 2.06620
-0.95954 2.06593
-0.95952 2.06566
-0.95950 2.06539
-0.95948 2.06513
-0.95946 2.06486
-0.95944 2.06459
-0.95942 2.06432
-0.95940 2.06405
-0.95937 2.06378
-0.95935 2.06351
-0.95933 2.06324
-0.95931 2.06297
-0.95929 2.06270
-0.95927 2.06243
-0.95925 2.06216
-0.95916 2.06190
-0.95905 2.06164
-0.95895 2.06138
-0.95885 2.06112
-0.95874 2.06086
-0.95864 2.06059
-0.95854 2.06033
-0.95843 2.06007
-0.95833 2.05981
-0.95823 2.05955
-0.95812 2.05929
-0.95802 2.05903
-0.95791 2.05877
-0.95781 2.05850
-0.95771 2.05824
-0.95760 2.05798
-0.95750 2.05772
-0.95740 2.05746
-0.95729 2.05720
-0.95719 2.05693
-0.95709 2.05667
-0.95698 2.05641
-0.95688 2.05615
-0.95677 2.05589
-0.95667 2.05563
-0.95657 2.05536
-0.95646 2.05510
-0.95636 2.05484
-0.95626 2.05458
-0.95615 2.05432
-0.95605 2.05406
-0.95594 2.05379
-0.95584 2.05353
-0.95574 2.05327
-0.95563 2.05301
-0.95553 2.05275
-0.95542 2.05249
-0.95532 2.05222
-0.95522 2.05196
-0.95511 2.05170
-0.95501 2.05144
-0.95490 2.05118
-0.95480 2.05091
-0.95470 2.05065
-0.95459 2.05039
-0.95449 2.05013
-0.95442 2.04986
-0.95439 2.04959
-0.95437 2.04932
-0.95435 2.04905
-0.95432 2.04878
-0.95430 2.04851
-0.95428 2.04824
-0.95425 2.04797
-0.95423 2.04770
-0.95421 2.04743
-0.95418 2.04716
-0.95416 2.04689
-0.95413 2.04662
-0.95411 2.04635
-0.95409 2.04608
-0.95406 2.04580
-0.95404 2.04553
-0.95401 2.04526
-0.95399 2.04499
-0.95397 2.04472
-0.95394 2.04445
-0.95392 2.04418
-0.95389 2.04391
-0.95387 2.04364
-0.95384 2.04337
-0.95382 2.04310
-0.95379 2.04283
-0.95377 2.04255
-0.95375 2.04228
-0.95372 2.04201
-0.95370 2.04174
-0.95367 2.04147
-0.95365 2.04120
-0.95362 2.04093
-0.95360 2.04066
-0.95357 2.04039
-0.95354 2.04011
-0.95352 2.03984
-0.95349 2.03957
-0.95347 2.03930
-0.95344 2.03903
-0.95342 2.03876
-0.95339 2.03849
-0.95337 2.03822
-0.95334 2.03794
-0.95332 2.03767
-0.95329 2.03740
-0.95326 2.03713
-0.95324 2.03686
-0.95321 2.03659
-0.95319 2.03631
-0.95316 2.03604
-0.95313 2.03577
-0.95311 2.03550
-0.95308 2.03523
-0.95305 2.03496
-0.95303 2.03468
-0.95300 2.03441
-0.95298 2.03414
-0.95295 2.03387
-0.95292 2.03360
-0.95290 2.03333
-0.95287 2.03305
-0.95284 2.03278
-0.95282 2.03251
-0.95279 2.03224
-0.95276 2.03197
-0.95274 2.03169
-0.95271 2.03142
-0.95268 2.03115
-0.95265 2.03088
-0.95263 2.03061
-0.95260 2.03033
-0.95257 2.03006
-0.95254 2.02979
-0.95252 2.02952
-0.95249 2.02924
-0.95246 2.02897
-0.95243 2.02870
-0.95241 2.02843
-0.95238 2.02815
-0.95235 2.02788
-0.95232 2.02761
-0.95230 2.02734
-0.95227 2.02706
-0.95224 2.02679
-0.95221 2.02652
-0.95218 2.02625
-0.95216 2.02597
-0.95213 2.02570
-0.95210 2.02543
-0.95207 2.02516
-0.95204 2.02488
-0.95201 2.02461
-0.95199 2.02434
-0.95196 2.02407
-0.95193 2.02379
-0.95190 2.02352
-0.95187 2.02325
-0.95184 2.02297
-0.95181 2.02270
-0.95179 2.02243
-0.95176 2.02216
-0.95173 2.02188
-0.95170 2.02161
-0.95167 2.02134
-0.95164 2.02106
-0.95161 2.02079
-0.95158 2.02052
-0.95155 2.02024
-0.95152 2.01997
-0.95149 2.01970
-0.95146 2.01942
-0.95144 2.01915
-0.95141 2.01888
-0.95138 2.01860
-0.95135 2.01833
-0.95132 2.01806
-0.95129 2.01778
-0.95126 2.01751
-0.95123 2.01724
-0.95120 2.01696
-0.95117 2.01669
-0.95114 2.01642
-0.95111 2.01614
-0.95108 2.01587
-0.95105 2.01560
-0.95102 2.01532
-0.95099 2.01505
-0.95096 2.01477
-0.95093 2.01450
-0.95090 2.01423
-0.95086 2.01395
-0.95083 2.01368
-0.95080 2.01341
-0.95077 2.01313
-0.95074 2.01286
-0.95071 2.01258
-0.95068 2.01231
-0.95065 2.01204
-0.95062 2.01176
-0.95059 2.01149
-0.95056 2.01121
-0.95053 2.01094
-0.95049 2.01067
-0.95046 2.01039
-0.95043 2.01012
-0.95040 2.00984
-0.95037 2.00957
-0.95034 2.00929
-0.95031 2.00902
-0.95027 2.00875
-0.95024 2.00847
-0.95021 2.00820
-0.95018 2.00792
-0.95015 2.00765
-0.95012 2.00737
-0.95008 2.00710
-0.95005 2.00682
-0.95002 2.00655
-0.94999 2.00628
-0.94996 2.00600
-0.94992 2.00573
-0.94989 2.00545
-0.94986 2.00518
-0.94983 2.00490
-0.94979 2.00463
-0.94976 2.00435
-0.94973 2.00408
-0.94970 2.00380
-0.94966 2.00353
-0.94963 2.00325
-0.94960 2.00298
-0.94957 2.00270
-0.94953 2.00243
-0.94950 2.00215
-0.94947 2.00188
-0.94944 2.00160
-0.94940 2.00133
-0.94937 2.00105
-0.94934 2.00078
-0.94930 2.00050
-0.94927 2.00023
-0.94924 1.99995
-0.94920 1.99968
-0.94917 1.99940
-0.94914 1.99913
-0.94910 1.99885
-0.94907 1.99858
-0.94904 1.99830
-0.94900 1.99803
-0.94897 1.99775
-0.94893 1.99748
-0.94890 1.99720
-0.94887 1.99692
-0.94883 1.99665
-0.94880 1.99637
-0.94877 1.99610
-0.94873 1.99582
-0.94870 1.99555
-0.94866 1.99527
-0.94863 1.99499
-0.94859 1.99472
-0.94856 1.99444
-0.94853 1.99417
-0.94849 1.99389
-0.94846 1.99362
-0.94842 1.99334
-0.94839 1.99306
-0.94835 1.99279
-0.94832 1.99251
-0.94828 1.99224
-0.94825 1.99196
-0.94821 1.99168
-0.94818 1.99141
-0.94814 1.99113
-0.94811 1.99086
-0.94807 1.99058
-0.94804 1.99030
-0.94800 1.99003
-0.94797 1.98975
-0.94793 1.98947
-0.94790 1.98920
-0.94786 1.98892
-0.94783 1.98865
-0.94779 1.98837
-0.94776 1.98809
-0.94772 1.98782
-0.94768 1.98754
-0.94765 1.98726
-0.94761 1.98699
-0.94758 1.98671
-0.94759 1.98643
-0.94766 1.98614
-0.94774 1.98585
-0.94782 1.98555
-0.94790 1.98526
-0.94798 1.98497
-0.94805 1.98468
-0.94813 1.98439
-0.94821 1.98409
-0.94829 1.98380
-0.94836 1.98351
-0.94844 1.98322
-0.94852 1.98293
-0.94859 1.98263
-0.94867 1.98234
-0.94875 1.98205
-0.94882 1.98176
-0.94890 1.98146
-0.94897 1.98117
-0.94905 1.98088
-0.94913 1.98058
-0.94920 1.98029
-0.94928 1.98000
-0.94935 1.97971
-0.94943 1.97941
-0.94950 1.97912
-0.94958 1.97883
-0.94966 1.97853
-0.94973 1.97824
-0.94980 1.97795
-0.94988 1.97765
-0.94995 1.97736
-0.95003 1.97706
-0.95010 1.97677
-0.95018 1.97648
-0.95025 1.97618
-0.95033 1.97589
-0.95040 1.97560
-0.95047 1.97530
-0.95055 1.97501
-0.95062 1.97471
-0.95069 1.97442
-0.95077 1.97412
-0.95084 1.97383
-0.95091 1.97353
-0.95099 1.97324
-0.95106 1.97295
-0.95104 1.97266
-0.95102 1.97238
-0.95100 1.97210
-0.95098 1.97182
-0.95096 1.97154
-0.95093 1.97126
-0.95091 1.97098
-0.95089 1.97070
-0.95087 1.97041
-0.95085 1.97013
-0.95083 1.96985
-0.95081 1.96957
-0.95078 1.96929
-0.95076 1.96901
-0.95074 1.96872
-0.95072 1.96844
-0.95070 1.96816
-0.95068 1.96788
-0.95065 1.96760
-0.95063 1.96732
-0.95061 1.96703
-0.95059 1.96675
-0.95056 1.96647
-0.95054 1.96619
-0.95052 1.96591
-0.95050 1.96562
-0.95047 1.96534
-0.95045 1.96506
-0.95043 1.96478
-0.95041 1.96450
-0.95038 1.96421
-0.95036 1.96393
-0.95034 1.96365
-0.95032 1.96337
-0.95029 1.96309
-0.95027 1.96280
-0.95025 1.96252
-0.95022 1.96224
-0.95020 1.96196
-0.95018 1.96167
-0.95015 1.96139
-0.95013 1.96111
-0.95011 1.96083
-0.95008 1.96054
-0.95006 1.96026
-0.95004 1.95998
-0.95001 1.95970
-0.94999 1.95941
-0.94996 1.95913
-0.94994 1.95885
-0.94992 1.95856
-0.94989 1.95828
-0.94987 1.95800
-0.94984 1.95772
-0.94982 1.95743
-0.94980 1.95715
-0.94977 1.95687
-0.94975 1.95658
-0.94972 1.95630
-0.94970 1.95602
-0.94967 1.95573
-0.94965 1.95545
-0.94962 1.95517
-0.94960 1.95489
-0.94957 1.95460
-0.94955 1.95432
-0.94952 1.95404
-0.94950 1.95375
-0.94947 1.95347
-0.94945 1.95319
-0.94942 1.95290
-0.94940 1.95262
-0.94937 1.95233
-0.94935 1.95205
-0.94932 1.95177
-0.94930 1.95148
-0.94927 1.95120
-0.94925 1.95092
-0.94922 1.95063
-0.94920 1.95035
-0.94917 1.95007
-0.94914 1.94978
-0.94912 1.94950
-0.94909 1.94921
-0.94907 1.94893
-0.94904 1.94865
-0.94901 1.94836
-0.94899 1.94808
-0.94896 1.94779
-0.94894 1.94751
-0.94891 1.94723
-0.94888 1.94694
-0.94887 1.94665
-0.94893 1.94636
-0.94900 1.94606
-0.94906 1.94576
-0.94913 1.94546
-0.94919 1.94516
-0.94926 1.94486
-0.94932 1.94456
-0.94938 1.94426
-0.94945 1.94396
-0.94951 1.94366
-0.94958 1.94336
-0.94964 1.94306
-0.94970 1.94276
-0.94977 1.94246
-0.94983 1.94216
-0.94989 1.94186
-0.94995 1.94156
-0.95002 1.94126
-0.95008 1.94096
-0.95014 1.94066
-0.95020 1.94036
-0.95027 1.94006
-0.95033 1.93976
-0.95039 1.93946
-0.95045 1.93916
-0.95051 1.93886
-0.95058 1.93856
-0.95064 1.93826
-0.95070 1.93796
-0.95076 1.93766
-0.95082 1.93735
-0.95088 1.93705
-0.95094 1.93675
-0.95100 1.93645
-0.95106 1.93615
-0.95113 1.93585
-0.95119 1.93555
-0.95125 1.93525
-0.95131 1.93494
-0.95137 1.93464
-0.95143 1.93434
-0.95149 1.93404
-0.95155 1.93374
-0.95161 1.93344
-0.95167 1.93313
-0.95173 1.93283
-0.95172 1.93254
-0.95169 1.93225
-0.95166 1.93197
-0.95163 1.93168
-0.95160 1.93139
-0.95156 1.93111
-0.95153 1.93082
-0.95150 1.93054
-0.95147 1.93025
-0.95144 1.92996
-0.95141 1.92968
-0.95138 1.92939
-0.95135 1.92910
-0.95132 1.92881
-0.95129 1.92853
-0.95125 1.92824
-0.95122 1.92795
-0.95119 1.92767
-0.95116 1.92738
-0.95113 1.92709
-0.95110 1.92681
-0.95107 1.92652
-0.95103 1.92623
-0.95100 1.92595
-0.95097 1.92566
-0.95094 1.92537
-0.95091 1.92508
-0.95088 1.92480
-0.95084 1.92451
-0.95081 1.92422
-0.95078 1.92393
-0.95075 1.92365
-0.95071 1.92336
-0.95068 1.92307
-0.95065 1.92278
-0.95062 1.92250
-0.95058 1.92221
-0.95055 1.92192
-0.95052 1.92163
-0.95049 1.92135
-0.95045 1.92106
-0.95042 1.92077
-0.95039 1.92048
-0.95036 1.92019
-0.95032 1.91991
-0.95029 1.91962
-0.95026 1.91933
-0.95022 1.91904
-0.95019 1.91876
-0.95016 1.91847
-0.95012 1.91818
-0.95009 1.91789
-0.95006 1.91760
-0.95002 1.91731
-0.94999 1.91703
-0.94996 1.91674
-0.94992 1.91645
-0.94989 1.91616
-0.94986 1.91587
-0.94982 1.91558
-0.94979 1.91530
-0.94975 1.91501
-0.94972 1.91472
-0.94969 1.91443
-0.94965 1.91414
-0.94962 1.91385
-0.94958 1.91356
-0.94955 1.91328
-0.94952 1.91299
-0.94948 1.91270
-0.94945 1.91241
-0.94941 1.91212
-0.94938 1.91183
-0.94934 1.91154
-0.94931 1.91125
-0.94927 1.91097
-0.94924 1.91068
-0.94920 1.91039
-0.94917 1.91010
-0.94913 1.90981
-0.94910 1.90952
-0.94906 1.90923
-0.94903 1.90894
-0.94899 1.90865
-0.94896 1.90836
-0.94892 1.90807
-0.94889 1.90778
-0.94885 1.90749
-0.94882 1.90721
-0.94878 1.90692
-0.94875 1.90663
-0.94871 1.90634
-0.94868 1.90605
-0.94856 1.90577
-0.94844 1.90550
-0.94831 1.90523
-0.94819 1.90495
-0.94807 1.90468
-0.94794 1.90441
-0.94782 1.90414
-0.94770 1.90386
-0.94757 1.90359
-0.94745 1.90332
-0.94733 1.90304
-0.94720 1.90277
-0.94708 1.90250
-0.94696 1.90223
-0.94683 1.90195
-0.94671 1.90168
-0.94659 1.90141
-0.94646 1.90113
-0.94634 1.90086
-0.94622 1.90059
-0.94609 1.90031
-0.94597 1.90004
-0.94585 1.89977
-0.94572 1.89949
-0.94560 1.89922
-0.94547 1.89895
-0.94535 1.89867
-0.94523 1.89840
-0.94510 1.89813
-0.94498 1.89785
-0.94486 1.89758
-0.94473 1.89731
-0.94461 1.89703
-0.94449 1.89676
-0.94436 1.89648
-0.94424 1.89621
-0.94411 1.89594
-0.94399 1.89566
-0.94387 1.89539
-0.94374 1.89512
-0.94362 1.89484
-0.94350 1.89457
-0.94337 1.89429
-0.94325 1.89402
-0.94313 1.89375
-0.94300 1.89347
-0.94297 1.89318
-0.94302 1.89287
-0.94307 1.89257
-0.94312 1.89226
-0.94316 1.89195
-0.94321 1.89164
-0.94326 1.89133
-0.94331 1.89103
-0.94336 1.89072
-0.94341 1.89041
-0.94346 1.89010
-0.94350 1.88979
-0.94355 1.88949
-0.94360 1.88918
-0.94365 1.88887
-0.94370 1.88856
-0.94374 1.88825
-0.94379 1.88794
-0.94384 1.88763
-0.94389 1.88732
-0.94393 1.88702
-0.94398 1.88671
-0.94403 1.88640
-0.94407 1.88609
-0.94412 1.88578
-0.94417 1.88547
-0.94422 1.88516
-0.94426 1.88485
-0.94431 1.88454
-0.94435 1.88423
-0.94440 1.88392
-0.94445 1.88361
-0.94449 1.88330
-0.94454 1.88299
-0.94458 1.88268
-0.94463 1.88237
-0.94467 1.88206
-0.94472 1.88175
-0.94477 1.88144
-0.94481 1.88113
-0.94486 1.88082
-0.94490 1.88051
-0.94495 1.88020
-0.94499 1.87989
-0.94503 1.87958
-0.94508 1.87927
-0.94512 1.87896
-0.94517 1.87865
-0.94521 1.87834
-0.94526 1.87802
-0.94530 1.87771
-0.94534 1.87740
-0.94539 1.87709
-0.94543 1.87678
-0.94548 1.87647
-0.94552 1.87616
-0.94556 1.87585
-0.94560 1.87553
-0.94565 1.87522
-0.94569 1.87491
-0.94573 1.87460
-0.94578 1.87429
-0.94582 1.87397
-0.94586 1.87366
-0.94590 1.87335
-0.94595 1.87304
-0.94599 1.87273
-0.94603 1.87241
-0.94607 1.87210
-0.94611 1.87179
-0.94616 1.87148
-0.94620 1.87116
-0.94624 1.87085
-0.94628 1.87054
-0.94632 1.87023
-0.94636 1.86991
-0.94640 1.86960
-0.94645 1.86929
-0.94649 1.86897
-0.94653 1.86866
-0.94657 1.86835
-0.94661 1.86803
-0.94665 1.86772
-0.94669 1.86741
-0.94673 1.86709
-0.94677 1.86678
-0.94681 1.86647
-0.94685 1.86615
-0.94689 1.86584
-0.94693 1.86552
-0.94697 1.86521
-0.94701 1.86490
-0.94705 1.86458
-0.94703 1.86428
-0.94698 1.86399
-0.94694 1.86369
-0.94689 1.86340
-0.94685 1.86310
-0.94680 1.86280
-0.94676 1.86251
-0.94672 1.86221
-0.94667 1.86192
-0.94663 1.86162
-0.94658 1.86133
-0.94653 1.86103
-0.94649 1.86074
-0.94644 1.86044
-0.94640 1.86014
-0.94635 1.85985
-0.94631 1.85955
-0.94626 1.85926
-0.94622 1.85896
-0.94617 1.85867
-0.94613 1.85837
-0.94608 1.85807
-0.94604 1.85778
-0.94599 1.85748
-0.94594 1.85718
-0.94590 1.85689
-0.94585 1.85659
-0.94581 1.85630
-0.94576 1.85600
-0.94571 1.85570
-0.94567 1.85541
-0.94562 1.85511
-0.94558 1.85481
-0.94553 1.85452
-0.94548 1.85422
-0.94544 1.85393
-0.94539 1.85363
-0.94534 1.85333
-0.94530 1.85304
-0.94525 1.85274
-0.94520 1.85244
-0.94516 1.85215
-0.94511 1.85185
-0.94506 1.85155
-0.94502 1.85125
-0.94497 1.85096
-0.94492 1.85066
-0.94488 1.85036
-0.94483 1.85007
-0.94478 1.84977
-0.94473 1.84947
-0.94469 1.84918
-0.94464 1.84888
-0.94459 1.84858
-0.94454 1.84828
-0.94450 1.84799
-0.94445 1.84769
-0.94440 1.84739
-0.94435 1.84709
-0.94431 1.84680
-0.94426 1.84650
-0.94421 1.84620
-0.94416 1.84590
-0.94412 1.84561
-0.94407 1.84531
-0.94402 1.84501
-0.94397 1.84471
-0.94392 1.84442
-0.94388 1.84412
-0.94383 1.84382
-0.94378 1.84352
-0.94373 1.84322
-0.94368 1.84293
-0.94363 1.84263
-0.94359 1.84233
-0.94354 1.84203
-0.94349 1.84173
-0.94344 1.84144
-0.94339 1.84114
-0.94334 1.84084
-0.94329 1.84054
-0.94324 1.84024
-0.94320 1.83994
-0.94315 1.83965
-0.94310 1.83935
-0.94305 1.83905
-0.94300 1.83875
-0.94295 1.83845
-0.94290 1.83815
-0.94285 1.83786
-0.94280 1.83756
-0.94275 1.83726
-0.94270 1.83696
-0.94273 1.83664
-0.94276 1.83632
-0.94279 1.83600
-0.94282 1.83569
-0.94285 1.83537
-0.94289 1.83505
-0.94292 1.83473
-0.94295 1.83441
-0.94298 1.83409
-0.94301 1.83377
-0.94304 1.83345
-0.94307 1.83313
-0.94310 1.83281
-0.94313 1.83249
-0.94316 1.83217
-0.94320 1.83185
-0.94323 1.83153
-0.94326 1.83121
-0.94329 1.83089
-0.94332 1.83057
-0.94335 1.83025
-0.94338 1.82993
-0.94341 1.82961
-0.94344 1.82929
-0.94347 1.82897
-0.94349 1.82865
-0.94352 1.82833
-0.94355 1.82801
-0.94358 1.82769
-0.94361 1.82736
-0.94364 1.82704
-0.94367 1.82672
-0.94370 1.82640
-0.94373 1.82608
-0.94376 1.82576
-0.94378 1.82544
-0.94381 1.82512
-0.94384 1.82479
-0.94387 1.82447
-0.94390 1.82415
-0.94392 1.82383
-0.94395 1.82351
-0.94398 1.82319
-0.94401 1.82286
-0.94404 1.82254
-0.94406 1.82222
-0.94401 1.82192
-0.94388 1.82164
-0.94375 1.82136
-0.94361 1.82108
-0.94348 1.82080
-0.94335 1.82052
-0.94321 1.82024
-0.94308 1.81996
-0.94295 1.81968
-0.94281 1.81940
-0.94268 1.81912
-0.94255 1.81884
-0.94241 1.81856
-0.94228 1.81827
-0.94215 1.81799
-0.94201 1.81771
-0.94188 1.81743
-0.94175 1.81715
-0.94161 1.81687
-0.94148 1.81659
-0.94135 1.81631
-0.94121 1.81603
-0.94108 1.81575
-0.94095 1.81547
-0.94081 1.81519
-0.94068 1.81491
-0.94054 1.81463
-0.94041 1.81435
-0.94028 1.81407
-0.94014 1.81378
-0.94001 1.81350
-0.93988 1.81322
-0.93974 1.81294
-0.93961 1.81266
-0.93948 1.81238
-0.93934 1.81210
-0.93921 1.81182
-0.93907 1.81154
-0.93894 1.81125
-0.93881 1.81097
-0.93867 1.81069
-0.93854 1.81041
-0.93841 1.81013
-0.93827 1.80985
-0.93814 1.80957
-0.93800 1.80929
-0.93788 1.80900
-0.93786 1.80869
-0.93785 1.80838
-0.93783 1.80806
-0.93782 1.80775
-0.93780 1.80744
-0.93779 1.80712
-0.93777 1.80681
-0.93776 1.80650
-0.93774 1.80618
-0.93773 1.80587
-0.93771 1.80556
-0.93770 1.80524
-0.93768 1.80493
-0.93767 1.80462
-0.93765 1.80430
-0.93764 1.80399
-0.93762 1.80367
-0.93760 1.80336
-0.93759 1.80305
-0.93757 1.80273
-0.93756 1.80242
-0.93754 1.80210
-0.93752 1.80179
-0.93751 1.80147
-0.93749 1.80116
-0.93747 1.80085
-0.93746 1.80053
-0.93744 1.80022
-0.93742 1.79990
-0.93741 1.79959
-0.93739 1.79927
-0.93737 1.79896
-0.93736 1.79864
-0.93734 1.79833
-0.93732 1.79801
-0.93730 1.79770
-0.93729 1.79738
-0.93727 1.79707
-0.93725 1.79675
-0.93723 1.79644
-0.93722 1.79612
-0.93720 1.79581
-0.93718 1.79549
-0.93716 1.79518
-0.93714 1.79486
-0.93713 1.79455
-0.93711 1.79423
-0.93709 1.79391
-0.93707 1.79360
-0.93705 1.79328
-0.93704 1.79297
-0.93702 1.79265
-0.93700 1.79234
-0.93698 1.79202
-0.93696 1.79170
-0.93694 1.79139
-0.93692 1.79107
-0.93690 1.79076
-0.93689 1.79044
-0.93687 1.79012
-0.93685 1.78981
-0.93683 1.78949
-0.93681 1.78917
-0.93679 1.78886
-0.93677 1.78854
-0.93675 1.78822
-0.93673 1.78791
-0.93671 1.78759
-0.93669 1.78727
-0.93667 1.78696
-0.93665 1.78664
-0.93663 1.78632
-0.93661 1.78601
-0.93659 1.78569
-0.93657 1.78537
-0.93655 1.78505
-0.93653 1.78474
-0.93651 1.78442
-0.93649 1.78410
-0.93647 1.78379
-0.93645 1.78347
-0.93643 1.78315
-0.93641 1.78283
-0.93639 1.78252
-0.93636 1.78220
-0.93634 1.78188
-0.93632 1.78156
-0.93630 1.78124
-0.93628 1.78093
-0.93626 1.78061
-0.93624 1.78029
-0.93622 1.77997
-0.93619 1.77965
-0.93617 1.77934
-0.93615 1.77902
-0.93613 1.77870
-0.93611 1.77838
-0.93608 1.77806
-0.93606 1.77774
-0.93604 1.77742
-0.93602 1.77711
-0.93600 1.77679
-0.93597 1.77647
-0.93595 1.77615
-0.93593 1.77583
-0.93591 1.77551
-0.93588 1.77519
-0.93586 1.77487
-0.93584 1.77456
-0.93582 1.77424
-0.93579 1.77392
-0.93577 1.77360
-0.93575 1.77328
-0.93572 1.77296
-0.93570 1.77264
-0.93568 1.77232
-0.93565 1.77200
-0.93563 1.77168
-0.93561 1.77136
-0.93558 1.77104
-0.93556 1.77072
-0.93554 1.77040
-0.93551 1.77008
-0.93549 1.76976
-0.93546 1.76944
-0.93544 1.76912
-0.93542 1.76880
-0.93539 1.76848
-0.93537 1.76816
-0.93534 1.76784
-0.93532 1.76752
-0.93529 1.76720
-0.93527 1.76688
-0.93524 1.76656
-0.93522 1.76624
-0.93520 1.76592
-0.93517 1.76560
-0.93515 1.76528
-0.93512 1.76496
-0.93510 1.76464
-0.93507 1.76431
-0.93505 1.76399
-0.93502 1.76367
-0.93499 1.76335
-0.93497 1.76303
-0.93494 1.76271
-0.93492 1.76239
-0.93489 1.76207
-0.93487 1.76175
-0.93484 1.76142
-0.93481 1.76110
-0.93479 1.76078
-0.93476 1.76046
-0.93474 1.76014
-0.93471 1.75982
-0.93468 1.75949
-0.93466 1.75917
-0.93463 1.75885
-0.93461 1.75853
-0.93458 1.75821
-0.93455 1.75788
-0.93453 1.75756
-0.93450 1.75724
-0.93447 1.75692
-0.93444 1.75660
-0.93442 1.75627
-0.93439 1.75595
-0.93436 1.75563
-0.93434 1.75531
-0.93431 1.75498
-0.93428 1.75466
-0.93425 1.75434
-0.93423 1.75402
-0.93420 1.75369
-0.93417 1.75337
-0.93414 1.75305
-0.93412 1.75272
-0.93409 1.75240
-0.93406 1.75208
-0.93403 1.75175
-0.93400 1.75143
-0.93398 1.75111
-0.93395 1.75078
-0.93392 1.75046
-0.93389 1.75014
-0.93388 1.74981
-0.93389 1.74947
-0.93390 1.74914
-0.93390 1.74880
-0.93391 1.74847
-0.93392 1.74813
-0.93393 1.74779
-0.93394 1.74746
-0.93395 1.74712
-0.93395 1.74678
-0.93396 1.74645
-0.93397 1.74611
-0.93398 1.74577
-0.93399 1.74544
-0.93399 1.74510
-0.93400 1.74476
-0.93401 1.74443
-0.93401 1.74409
-0.93402 1.74375
-0.93403 1.74342
-0.93404 1.74308
-0.93404 1.74274
-0.93405 1.74240
-0.93406 1.74207
-0.93406 1.74173
-0.93407 1.74139
-0.93407 1.74105
-0.93408 1.74072
-0.93409 1.74038
-0.93409 1.74004
-0.93410 1.73970
-0.93410 1.73936
-0.93411 1.73903
-0.93412 1.73869
-0.93412 1.73835
-0.93413 1.73801
-0.93413 1.73767
-0.93414 1.73733
-0.93414 1.73699
-0.93415 1.73666
-0.93415 1.73632
-0.93416 1.73598
-0.93416 1.73564
-0.93417 1.73530
-0.93417 1.73496
-0.93418 1.73462
-0.93418 1.73428
-0.93418 1.73394
-0.93419 1.73360
-0.93419 1.73326
-0.93420 1.73292
-0.93420 1.73258
-0.93420 1.73224
-0.93421 1.73190
-0.93421 1.73156
-0.93421 1.73122
-0.93422 1.73088
-0.93422 1.73054
-0.93422 1.73020
-0.93423 1.72986
-0.93423 1.72952
-0.93423 1.72918
-0.93424 1.72884
-0.93424 1.72850
-0.93424 1.72816
-0.93424 1.72782
-0.93425 1.72748
-0.93425 1.72714
-0.93425 1.72680
-0.93425 1.72646
-0.93425 1.72611
-0.93426 1.72577
-0.93426 1.72543
-0.93426 1.72509
-0.93426 1.72475
-0.93426 1.72441
-0.93426 1.72407
-0.93426 1.72372
-0.93427 1.72338
-0.93427 1.72304
-0.93427 1.72270
-0.93427 1.72236
-0.93427 1.72201
-0.93427 1.72167
-0.93427 1.72133
-0.93427 1.72099
-0.93427 1.72064
-0.93427 1.72030
-0.93427 1.71996
-0.93427 1.71962
-0.93427 1.71927
-0.93427 1.71893
-0.93427 1.71859
-0.93427 1.71824
-0.93427 1.71790
-0.93427 1.71756
-0.93427 1.71721
-0.93427 1.71687
-0.93427 1.71653
-0.93427 1.71618
-0.93426 1.71584
-0.93426 1.71550
-0.93426 1.71515
-0.93426 1.71481
-0.93426 1.71446
-0.93426 1.71412
-0.93426 1.71378
-0.93425 1.71343
-0.93425 1.71309
-0.93425 1.71274
-0.93425 1.71240
-0.93425 1.71205
-0.93424 1.71171
-0.93424 1.71136
-0.93424 1.71102
-0.93424 1.71067
-0.93423 1.71033
-0.93423 1.70998
-0.93423 1.70964
-0.93423 1.70929
-0.93422 1.70895
-0.93422 1.70860
-0.93422 1.70826
-0.93421 1.70791
-0.93421 1.70757
-0.93421 1.70722
-0.93420 1.70687
-0.93420 1.70653
-0.93420 1.70618
-0.93419 1.70584
-0.93419 1.70549
-0.93418 1.70514
-0.93418 1.70480
-0.93417 1.70445
-0.93417 1.70410
-0.93417 1.70376
-0.93416 1.70341
-0.93416 1.70306
-0.93415 1.70272
-0.93412 1.70238
-0.93397 1.70209
-0.93382 1.70180
-0.93368 1.70151
-0.93353 1.70121
-0.93338 1.70092
-0.93324 1.70063
-0.93309 1.70034
-0.93294 1.70005
-0.93280 1.69975
-0.93265 1.69946
-0.93250 1.69917
-0.93236 1.69888
-0.93221 1.69858
-0.93206 1.69829
-0.93192 1.69800
-0.93177 1.69771
-0.93162 1.69741
-0.93148 1.69712
-0.93133 1.69683
-0.93118 1.69654
-0.93104 1.69624
-0.93089 1.69595
-0.93074 1.69566
-0.93060 1.69537
-0.93045 1.69507
-0.93030 1.69478
-0.93015 1.69449
-0.93001 1.69419
-0.92986 1.69390
-0.92971 1.69361
-0.92957 1.69332
-0.92942 1.69302
-0.92927 1.69273
-0.92913 1.69244
-0.92898 1.69214
-0.92883 1.69185
-0.92868 1.69156
-0.92854 1.69126
-0.92839 1.69097
-0.92824 1.69068
-0.92810 1.69038
-0.92795 1.69009
-0.92780 1.68980
-0.92765 1.68950
-0.92751 1.68921
-0.92736 1.68891
-0.92733 1.68858
-0.92732 1.68823
-0.92731 1.68788
-0.92730 1.68753
-0.92730 1.68718
-0.92729 1.68683
-0.92728 1.68648
-0.92727 1.68613
-0.92727 1.68578
-0.92726 1.68543
-0.92725 1.68509
-0.92724 1.68474
-0.92724 1.68439
-0.92723 1.68404
-0.92722 1.68369
-0.92721 1.68334
-0.92720 1.68299
-0.92719 1.68264
-0.92718 1.68229
-0.92718 1.68194
-0.92717 1.68159
-0.92716 1.68124
-0.92715 1.68088
-0.92714 1.68053
-0.92713 1.68018
-0.92712 1.67983
-0.92711 1.67948
-0.92710 1.67913
-0.92709 1.67878
-0.92708 1.67843
-0.92707 1.67808
-0.92706 1.67773
-0.92705 1.67737
-0.92704 1.67702
-0.92703 1.67667
-0.92702 1.67632
-0.92701 1.67597
-0.92700 1.67562
-0.92699 1.67526
-0.92698 1.67491
-0.92697 1.67456
-0.92696 1.67421
-0.92695 1.67386
-0.92694 1.67350
-0.92693 1.67315
-0.92691 1.67280
-0.92690 1.67245
-0.92689 1.67209
-0.92688 1.67174
-0.92687 1.67139
-0.92686 1.67104
-0.92684 1.67068
-0.92683 1.67033
-0.92682 1.66998
-0.92681 1.66962
-0.92680 1.66927
-0.92678 1.66892
-0.92677 1.66856
-0.92676 1.66821
-0.92675 1.66786
-0.92673 1.66750
-0.92672 1.66715
-0.92671 1.66679
-0.92669 1.66644
-0.92668 1.66609
-0.92667 1.66573
-0.92665 1.66538
-0.92664 1.66502
-0.92663 1.66467
-0.92661 1.66431
-0.92660 1.66396
-0.92659 1.66361
-0.92657 1.66325
-0.92656 1.66290
-0.92654 1.66254
-0.92653 1.66219
-0.92652 1.66183
-0.92650 1.66147
-0.92649 1.66112
-0.92647 1.66076
-0.92646 1.66041
-0.92644 1.66005
-0.92643 1.65970
-0.92641 1.65934
-0.92640 1.65899
-0.92638 1.65863
-0.92637 1.65827
-0.92635 1.65792
-0.92634 1.65756
-0.92632 1.65721
-0.92631 1.65685
-0.92629 1.65649
-0.92627 1.65614
-0.92626 1.65578
-0.92624 1.65542
-0.92623 1.65507
-0.92621 1.65471
-0.92619 1.65435
-0.92618 1.65399
-0.92616 1.65364
-0.92614 1.65328
-0.92613 1.65292
-0.92611 1.65257
-0.92609 1.65221
-0.92608 1.65185
-0.92606 1.65149
-0.92604 1.65114
-0.92602 1.65078
-0.92601 1.65042
-0.92599 1.65006
-0.92597 1.64970
-0.92595 1.64935
-0.92594 1.64899
-0.92592 1.64863
-0.92590 1.64827
-0.92588 1.64791
-0.92586 1.64755
-0.92585 1.64719
-0.92583 1.64684
-0.92581 1.64648
-0.92579 1.64612
-0.92577 1.64576
-0.92575 1.64540
-0.92573 1.64504
-0.92571 1.64468
-0.92570 1.64432
-0.92568 1.64396
-0.92566 1.64360
-0.92564 1.64324
-0.92562 1.64288
-0.92560 1.64252
-0.92558 1.64216
-0.92556 1.64180
-0.92554 1.64144
-0.92552 1.64108
-0.92550 1.64072
-0.92548 1.64036
-0.92546 1.64000
-0.92544 1.63964
-0.92542 1.63928
-0.92540 1.63892
-0.92538 1.63856
-0.92536 1.63820
-0.92534 1.63784
-0.92531 1.63747
-0.92529 1.63711
-0.92527 1.63675
-0.92525 1.63639
-0.92523 1.63603
-0.92521 1.63567
-0.92519 1.63531
-0.92517 1.63494
-0.92514 1.63458
-0.92512 1.63422
-0.92510 1.63386
-0.92508 1.63350
-0.92506 1.63313
-0.92503 1.63277
-0.92501 1.63241
-0.92499 1.63205
-0.92497 1.63168
-0.92494 1.63132
-0.92492 1.63096
-0.92490 1.63060
-0.92488 1.63023
-0.92485 1.62987
-0.92483 1.62951
-0.92481 1.62914
-0.92478 1.62878
-0.92476 1.62842
-0.92474 1.62805
-0.92471 1.62769
-0.92469 1.62733
-0.92467 1.62696
-0.92464 1.62660
-0.92462 1.62623
-0.92459 1.62587
-0.92457 1.62551
-0.92455 1.62514
-0.92452 1.62478
-0.92450 1.62441
-0.92447 1.62405
-0.92445 1.62368
-0.92442 1.62332
-0.92440 1.62296
-0.92437 1.62259
-0.92435 1.62223
-0.92432 1.62186
-0.92430 1.62150
-0.92427 1.62113
-0.92425 1.62077
-0.92422 1.62040
-0.92420 1.62003
-0.92417 1.61967
-0.92415 1.61930
-0.92412 1.61894
-0.92409 1.61857
-0.92407 1.61821
-0.92404 1.61784
-0.92402 1.61747
-0.92399 1.61711
-0.92396 1.61674
-0.92394 1.61637
-0.92391 1.61601
-0.92388 1.61564
-0.92386 1.61527
-0.92383 1.61491
-0.92380 1.61454
-0.92378 1.61417
-0.92375 1.61381
-0.92372 1.61344
-0.92369 1.61307
-0.92367 1.61271
-0.92364 1.61234
-0.92361 1.61197
-0.92358 1.61160
-0.92356 1.61124
-0.92353 1.61087
-0.92350 1.61050
-0.92347 1.61013
-0.92344 1.60976
-0.92342 1.60940
-0.92339 1.60903
-0.92336 1.60866
-0.92333 1.60829
-0.92330 1.60792
-0.92327 1.60755
-0.92324 1.60718
-0.92321 1.60682
-0.92319 1.60645
-0.92316 1.60608
-0.92313 1.60571
-0.92315 1.60531
-0.92318 1.60491
-0.92321 1.60451
-0.92325 1.60411
-0.92328 1.60370
-0.92332 1.60330
-0.92335 1.60290
-0.92338 1.60250
-0.92342 1.60209
-0.92345 1.60169
-0.92348 1.60128
-0.92351 1.60088
-0.92355 1.60048
-0.92358 1.60007
-0.92361 1.59967
-0.92364 1.59926
-0.92367 1.59886
-0.92371 1.59845
-0.92374 1.59805
-0.92377 1.59764
-0.92380 1.59724
-0.92383 1.59683
-0.92386 1.59643
-0.92389 1.59602
-0.92392 1.59562
-0.92395 1.59521
-0.92398 1.59480
-0.92401 1.59440
-0.92404 1.59399
-0.92407 1.59358
-0.92410 1.59318
-0.92413 1.59277
-0.92416 1.59236
-0.92419 1.59196
-0.92422 1.59155
-0.92425 1.59114
-0.92428 1.59073
-0.92431 1.59033
-0.92433 1.58992
-0.92436 1.58951
-0.92439 1.58910
-0.92442 1.58869
-0.92445 1.58828
-0.92447 1.58788
-0.92450 1.58747
-0.92453 1.58706
-0.92455 1.58665
-0.92458 1.58624
-0.92461 1.58583
-0.92463 1.58542
-0.92466 1.58501
-0.92469 1.58460
-0.92471 1.58419
-0.92474 1.58378
-0.92476 1.58337
-0.92479 1.58296
-0.92482 1.58255
-0.92484 1.58214
-0.92487 1.58172
-0.92489 1.58131
-0.92492 1.58090
-0.92494 1.58049
-0.92497 1.58008
-0.92499 1.57967
-0.92501 1.57925
-0.92504 1.57884
-0.92506 1.57843
-0.92509 1.57802
-0.92511 1.57760
-0.92513 1.57719
-0.92516 1.57678
-0.92518 1.57636
-0.92520 1.57595
-0.92522 1.57554
-0.92525 1.57512
-0.92527 1.57471
-0.92529 1.57430
-0.92531 1.57388
-0.92534 1.57347
-0.92536 1.57305
-0.92538 1.57264
-0.92540 1.57222
-0.92542 1.57181
-0.92544 1.57139
-0.92546 1.57098
-0.92548 1.57056
-0.92551 1.57015
-0.92553 1.56973
-0.92555 1.56932
-0.92557 1.56890
-0.92559 1.56848
-0.92561 1.56807
-0.92563 1.56765
-0.92559 1.56727
-0.92555 1.56689
-0.92551 1.56651
-0.92547 1.56613
-0.92542 1.56575
-0.92538 1.56537
-0.92534 1.56498
-0.92530 1.56460
-0.92526 1.56422
-0.92522 1.56384
-0.92518 1.56346
-0.92513 1.56308
-0.92509 1.56270
-0.92505 1.56231
-0.92501 1.56193
-0.92496 1.56155
-0.92492 1.56117
-0.92488 1.56079
-0.92484 1.56041
-0.92479 1.56002
-0.92475 1.55964
-0.92471 1.55926
-0.92467 1.55888
-0.92462 1.55849
-0.92458 1.55811
-0.92454 1.55773
-0.92449 1.55734
-0.92445 1.55696
-0.92441 1.55658
-0.92436 1.55620
-0.92432 1.55581
-0.92427 1.55543
-0.92423 1.55505
-0.92419 1.55466
-0.92414 1.55428
-0.92410 1.55389
-0.92405 1.55351
-0.92401 1.55313
-0.92396 1.55274
-0.92392 1.55236
-0.92388 1.55197
-0.92383 1.55159
-0.92379 1.55120
-0.92374 1.55082
-0.92370 1.55044
-0.92365 1.55005
-0.92361 1.54967
-0.92356 1.54928
-0.92351 1.54890
-0.92347 1.54851
-0.92342 1.54812
-0.92338 1.54774
-0.92333 1.54735
-0.92329 1.54697
-0.92324 1.54658
-0.92319 1.54620
-0.92315 1.54581
-0.92310 1.54542
-0.92305 1.54504
-0.92301 1.54465
-0.92296 1.54427
-0.92291 1.54388
-0.92287 1.54349
-0.92282 1.54311
-0.92277 1.54272
-0.92273 1.54233
-0.92268 1.54195
-0.92263 1.54156
-0.92258 1.54117
-0.92254 1.54078
-0.92249 1.54040
-0.92244 1.54001
-0.92239 1.53962
-0.92235 1.53923
-0.92230 1.53885
-0.92225 1.53846
-0.92220 1.53807
-0.92215 1.53768
-0.92211 1.53729
-0.92206 1.53691
-0.92201 1.53652
-0.92196 1.53613
-0.92191 1.53574
-0.92186 1.53535
-0.92181 1.53496
-0.92176 1.53457
-0.92171 1.53419
-0.92167 1.53380
-0.92162 1.53341
-0.92157 1.53302
-0.92152 1.53263
-0.92147 1.53224
-0.92142 1.53185
-0.92137 1.53146
-0.92132 1.53107
-0.92127 1.53068
-0.92122 1.53029
-0.92117 1.52990
-0.92112 1.52951
-0.92107 1.52912
-0.92102 1.52873
-0.92097 1.52834
-0.92092 1.52795
-0.92086 1.52756
-0.92081 1.52717
-0.92076 1.52677
-0.92071 1.52638
-0.92066 1.52599
-0.92061 1.52560
-0.92056 1.52521
-0.92051 1.52482
-0.92045 1.52443
-0.92040 1.52403
-0.92035 1.52364
-0.92030 1.52325
-0.92025 1.52286
-0.92020 1.52247
-0.92014 1.52207
-0.92009 1.52168
-0.92004 1.52129
-0.91999 1.52090
-0.91993 1.52050
-0.91988 1.52011
-0.91983 1.51972
-0.91978 1.51933
-0.91972 1.51893
-0.91967 1.51854
-0.91962 1.51815
-0.91956 1.51775
-0.91951 1.51736
-0.91946 1.51697
-0.91940 1.51657
-0.91935 1.51618
-0.91930 1.51578
-0.91924 1.51539
-0.91919 1.51500
-0.91913 1.51460
-0.91908 1.51421
-0.91903 1.51381
-0.91897 1.51342
-0.91892 1.51302
-0.91886 1.51263
-0.91881 1.51223
-0.91875 1.51184
-0.91870 1.51144
-0.91864 1.51105
-0.91859 1.51065
-0.91853 1.51026
-0.91848 1.50986
-0.91842 1.50947
-0.91837 1.50907
-0.91831 1.50867
-0.91826 1.50828
-0.91820 1.50788
-0.91815 1.50749
-0.91809 1.50709
-0.91803 1.50669
-0.91798 1.50630
-0.91792 1.50590
-0.91787 1.50550
-0.91781 1.50511
-0.91775 1.50471
-0.91770 1.50431
-0.91764 1.50392
-0.91758 1.50352
-0.91753 1.50312
-0.91747 1.50272
-0.91741 1.50233
-0.91736 1.50193
-0.91730 1.50153
-0.91724 1.50113
-0.91718 1.50073
-0.91713 1.50034
-0.91707 1.49994
-0.91701 1.49954
-0.91695 1.49914
-0.91690 1.49874
-0.91684 1.49834
-0.91678 1.49794
-0.91672 1.49755
-0.91666 1.49715
-0.91661 1.49675
-0.91655 1.49635
-0.91649 1.49595
-0.91643 1.49555
-0.91637 1.49515
-0.91631 1.49475
-0.91625 1.49435
-0.91619 1.49395
-0.91614 1.49355
-0.91608 1.49315
-0.91602 1.49275
-0.91596 1.49235
-0.91590 1.49195
-0.91584 1.49155
-0.91578 1.49115
-0.91572 1.49075
-0.91566 1.49035
-0.91560 1.48995
-0.91554 1.48954
-0.91548 1.48914
-0.91542 1.48874
-0.91536 1.48834
-0.91530 1.48794
-0.91524 1.48754
-0.91518 1.48714
-0.91512 1.48673
-0.91505 1.48633
-0.91499 1.48593
-0.91493 1.48553
-0.91487 1.48512
-0.91481 1.48472
-0.91475 1.48432
-0.91469 1.48392
-0.91463 1.48351
-0.91456 1.48311
-0.91450 1.48271
-0.91444 1.48230
-0.91438 1.48190
-0.91432 1.48150
-0.91425 1.48109
-0.91419 1.48069
-0.91413 1.48029
-0.91407 1.47988
-0.91400 1.47948
-0.91394 1.47908
-0.91388 1.47867
-0.91382 1.47827
-0.91375 1.47786
-0.91369 1.47746
-0.91363 1.47705
-0.91356 1.47665
-0.91350 1.47624
-0.91344 1.47584
-0.91337 1.47543
-0.91331 1.47503
-0.91325 1.47462
-0.91318 1.47422
-0.91312 1.47381
-0.91305 1.47341
-0.91299 1.47300
-0.91293 1.47260
-0.91286 1.47219
-0.91280 1.47178
-0.91273 1.47138
-0.91267 1.47097
-0.91260 1.47056
-0.91254 1.47016
-0.91247 1.46975
-0.91241 1.46934
-0.91234 1.46894
-0.91228 1.46853
-0.91221 1.46812
-0.91215 1.46772
-0.91208 1.46731
-0.91202 1.46690
-0.91195 1.46649
-0.91189 1.46609
-0.91182 1.46568
-0.91175 1.46527
-0.91169 1.46486
-0.91162 1.46445
-0.91156 1.46405
-0.91149 1.46364
-0.91142 1.46323
-0.91136 1.46282
-0.91129 1.46241
-0.91122 1.46200
-0.91116 1.46159
-0.91109 1.46118
-0.91102 1.46077
-0.91095 1.46037
-0.91089 1.45996
-0.91082 1.45955
-0.91075 1.45914
-0.91069 1.45873
-0.91062 1.45832
-0.91055 1.45791
-0.91048 1.45750
-0.91041 1.45709
-0.91035 1.45668
-0.91028 1.45627
-0.91021 1.45585
-0.91014 1.45544
-0.91007 1.45503
-0.91000 1.45462
-0.90994 1.45421
-0.90987 1.45380
-0.90980 1.45339
-0.90973 1.45298
-0.90966 1.45257
-0.90959 1.45215
-0.90952 1.45174
-0.90945 1.45133
-0.90938 1.45092
-0.90931 1.45051
-0.90924 1.45009
-0.90917 1.44968
-0.90910 1.44927
-0.90903 1.44886
-0.90896 1.44844
-0.90889 1.44803
-0.90882 1.44762
-0.90875 1.44720
-0.90868 1.44679
-0.90861 1.44638
-0.90854 1.44596
-0.90847 1.44555
-0.90840 1.44514
-0.90833 1.44472
-0.90826 1.44431
-0.90819 1.44389
-0.90812 1.44348
-0.90804 1.44307
-0.90797 1.44265
-0.90790 1.44224
-0.90783 1.44182
-0.90776 1.44141
-0.90769 1.44099
-0.90761 1.44058
-0.90754 1.44016
-0.90747 1.43975
-0.90740 1.43933
-0.90733 1.43892
-0.91201 1.43430
-0.91193 1.43388
-0.91186 1.43346
-0.91178 1.43304
-0.91171 1.43262
-0.91163 1.43220
-0.91156 1.43178
-0.91148 1.43136
-0.91141 1.43095
-0.91133 1.43053
-0.91125 1.43011
-0.91118 1.42969
-0.91110 1.42927
-0.91103 1.42885
-0.91095 1.42843
-0.91087 1.42801
-0.91080 1.42759
-0.91072 1.42717
-0.91064 1.42675
-0.91057 1.42633
-0.91049 1.42591
-0.91041 1.42548
-0.91034 1.42506
-0.91026 1.42464
-0.91018 1.42422
-0.91010 1.42380
-0.91003 1.42338
-0.90995 1.42296
-0.90987 1.42254
-0.90979 1.42211
-0.90971 1.42169
-0.90964 1.42127
-0.90956 1.42085
-0.90948 1.42042
-0.90940 1.42000
-0.90932 1.41958
-0.90924 1.41916
-0.90917 1.41873
-0.90909 1.41831
-0.90901 1.41789
-0.90893 1.41747
-0.90885 1.41704
-0.90877 1.41662
-0.90869 1.41619
-0.90861 1.41577
-0.90853 1.41535
-0.90845 1.41492
-0.90837 1.41450
-0.90829 1.41408
-0.90821 1.41365
-0.90813 1.41323
-0.90805 1.41280
-0.90797 1.41238
-0.90789 1.41195
-0.90781 1.41153
-0.90773 1.41110
-0.90765 1.41068
-0.90757 1.41025
-0.90749 1.40983
-0.90741 1.40940
-0.90733 1.40897
-0.90725 1.40855
-0.90717 1.40812
-0.90709 1.40770
-0.90700 1.40727
-0.90692 1.40684
-0.90684 1.40642
-0.90676 1.40599
-0.90668 1.40556
-0.90660 1.40514
-0.90651 1.40471
-0.90643 1.40428
-0.90635 1.40386
-0.90627 1.40343
-0.90618 1.40300
-0.90610 1.40257
-0.90602 1.40214
-0.90594 1.40172
-0.90585 1.40129
-0.90577 1.40086
-0.90569 1.40043
-0.90560 1.40000
-0.90552 1.39957
-0.90544 1.39915
-0.90535 1.39872
-0.90527 1.39829
-0.90519 1.39786
-0.90510 1.39743
-0.90502 1.39700
-0.90494 1.39657
-0.90485 1.39614
-0.90477 1.39571
-0.90468 1.39528
-0.90460 1.39485
-0.90451 1.39442
-0.90443 1.39399
-0.90435 1.39356
-0.90426 1.39313
-0.90418 1.39270
-0.90409 1.39227
-0.90401 1.39184
-0.90392 1.39141
-0.90384 1.39097
-0.90375 1.39054
-0.90366 1.39011
-0.90358 1.38968
-0.90349 1.38925
-0.90341 1.38882
-0.90332 1.38838
-0.90324 1.38795
-0.90315 1.38752
-0.90306 1.38709
-0.90298 1.38665
-0.90289 1.38622
-0.90280 1.38579
-0.90272 1.38536
-0.90263 1.38492
-0.90254 1.38449
-0.90246 1.38406
-0.90237 1.38362
-0.90228 1.38319
-0.90220 1.38276
-0.90211 1.38232
-0.90202 1.38189
-0.90193 1.38145
-0.90185 1.38102
-0.90176 1.38058
-0.90167 1.38015
-0.90158 1.37972
-0.90149 1.37928
-0.90141 1.37885
-0.90132 1.37841
-0.90123 1.37797
-0.90114 1.37754
-0.90105 1.37710
-0.90096 1.37667
-0.90087 1.37623
-0.90079 1.37580
-0.90070 1.37536
-0.90061 1.37492
-0.90056 1.37444
-0.90052 1.37396
-0.90047 1.37347
-0.90043 1.37298
-0.90039 1.37250
-0.90035 1.37201
-0.90030 1.37152
-0.90026 1.37103
-0.90022 1.37055
-0.90017 1.37006
-0.90013 1.36957
-0.90008 1.36908
-0.90004 1.36859
-0.90000 1.36810
-0.89995 1.36761
-0.89991 1.36713
-0.89986 1.36664
-0.89982 1.36615
-0.89977 1.36566
-0.89973 1.36517
-0.89968 1.36468
-0.89963 1.36418
-0.89959 1.36369
-0.89954 1.36320
-0.89950 1.36271
-0.89945 1.36222
-0.89940 1.36173
-0.89936 1.36124
-0.89931 1.36074
-0.89926 1.36025
-0.89921 1.35976
-0.89917 1.35927
-0.89912 1.35877
-0.89907 1.35828
-0.89902 1.35779
-0.89898 1.35729
-0.89893 1.35680
-0.89888 1.35630
-0.89883 1.35581
-0.89878 1.35532
-0.89873 1.35482
-0.89868 1.35433
-0.89863 1.35383
-0.89859 1.35334
-0.89854 1.35284
-0.89849 1.35234
-0.89844 1.35185
-0.89839 1.35135
-0.89834 1.35085
-0.89828 1.35036
-0.89823 1.34986
-0.89818 1.34936
-0.89813 1.34887
-0.89808 1.34837
-0.89803 1.34787
-0.89798 1.34737
-0.89793 1.34688
-0.89787 1.34638
-0.89782 1.34588
-0.89777 1.34538
-0.89772 1.34488
-0.89767 1.34438
-0.89761 1.34388
-0.89756 1.34338
-0.89751 1.34288
-0.89745 1.34238
-0.89740 1.34188
-0.89735 1.34138
-0.89729 1.34088
-0.89724 1.34038
-0.89718 1.33988
-0.89713 1.33937
-0.89708 1.33887
-0.89702 1.33837
-0.89697 1.33787
-0.89691 1.33737
-0.89686 1.33686
-0.89680 1.33636
-0.89675 1.33586
-0.89669 1.33535
-0.89663 1.33485
-0.89658 1.33435
-0.89652 1.33384
-0.89647 1.33334
-0.89641 1.33283
-0.89635 1.33233
-0.89630 1.33182
-0.89624 1.33132
-0.89618 1.33081
-0.89612 1.33031
-0.89607 1.32980
-0.89601 1.32930
-0.89595 1.32879
-0.89585 1.32834
-0.89575 1.32789
-0.89564 1.32743
-0.89554 1.32698
-0.89544 1.32653
-0.89534 1.32607
-0.89524 1.32562
-0.89513 1.32517
-0.89503 1.32471
-0.89493 1.32426
-0.89483 1.32380
-0.89472 1.32335
-0.89462 1.32290
-0.89452 1.32244
-0.89441 1.32199
-0.89431 1.32153
-0.89421 1.32108
-0.89410 1.32062
-0.89400 1.32017
-0.89390 1.31971
-0.89379 1.31925
-0.89369 1.31880
-0.89358 1.31834
-0.89348 1.31789
-0.89338 1.31743
-0.89327 1.31697
-0.89317 1.31652
-0.89306 1.31606
-0.89296 1.31560
-0.89285 1.31515
-0.89275 1.31469
-0.89264 1.31423
-0.89254 1.31377
-0.89243 1.31332
-0.89233 1.31286
-0.89222 1.31240
-0.89212 1.31194
-0.89201 1.31148
-0.89190 1.31103
-0.89180 1.31057
-0.89169 1.31011
-0.89159 1.30965
-0.89148 1.30919
-0.89137 1.30873
-0.89127 1.30827
-0.89116 1.30781
-0.89111 1.30728
-0.89108 1.30671
-0.89106 1.30614
-0.89104 1.30557
-0.89102 1.30500
-0.89099 1.30442
-0.89097 1.30385
-0.89095 1.30328
-0.89092 1.30271
-0.89090 1.30213
-0.89087 1.30156
-0.89085 1.30098
-0.89082 1.30041
-0.89080 1.29984
-0.89077 1.29926
-0.89074 1.29868
-0.89072 1.29811
-0.89069 1.29753
-0.89067 1.29696
-0.89064 1.29638
-0.89061 1.29580
-0.89058 1.29522
-0.89056 1.29465
-0.89053 1.29407
-0.89050 1.29349
-0.89047 1.29291
-0.89044 1.29233
-0.89041 1.29175
-0.89038 1.29117
-0.89035 1.29059
-0.89032 1.29001
-0.89029 1.28943
-0.89026 1.28885
-0.89023 1.28826
-0.89020 1.28768
-0.89017 1.28710
-0.89014 1.28652
-0.89011 1.28593
-0.89007 1.28535
-0.89004 1.28477
-0.89001 1.28418
-0.88998 1.28360
-0.88994 1.28301
-0.88991 1.28243
-0.88988 1.28184
-0.88984 1.28125
-0.88979 1.28069
-0.88968 1.28022
-0.88956 1.27975
-0.88945 1.27928
-0.88933 1.27881
-0.88922 1.27834
-0.88910 1.27787
-0.88899 1.27740
-0.88887 1.27693
-0.88876 1.27645
-0.88864 1.27598
-0.88852 1.27551
-0.88841 1.27504
-0.88829 1.27456
-0.88818 1.27409
-0.88806 1.27362
-0.88794 1.27315
-0.88783 1.27267
-0.88771 1.27220
-0.88759 1.27173
-0.88748 1.27125
-0.88736 1.27078
-0.88724 1.27030
-0.88713 1.26983
-0.88701 1.26936
-0.88689 1.26888
-0.88677 1.26841
-0.88666 1.26793
-0.88654 1.26746
-0.88642 1.26698
-0.88630 1.26651
-0.88618 1.26603
-0.88607 1.26555
-0.88595 1.26508
-0.88583 1.26460
-0.88571 1.26413
-0.88559 1.26365
-0.88547 1.26317
-0.88535 1.26270
-0.88523 1.26222
-0.88512 1.26174
-0.88500 1.26126
-0.88488 1.26079
-0.88476 1.26031
-0.88464 1.25983
-0.88452 1.25935
-0.88440 1.25887
-0.88440 1.25820
-0.88444 1.25748
-0.88447 1.25676
-0.88451 1.25604
-0.88454 1.25532
-0.88457 1.25460
-0.88461 1.25388
-0.88464 1.25316
-0.88467 1.25244
-0.88470 1.25171
-0.88473 1.25099
-0.88476 1.25026
-0.88479 1.24954
-0.88482 1.24881
-0.88485 1.24809
-0.88487 1.24736
-0.88490 1.24663
-0.88493 1.24590
-0.88495 1.24517
-0.88498 1.24444
-0.88500 1.24371
-0.88503 1.24298
-0.88505 1.24224
-0.88508 1.24151
-0.88510 1.24078
-0.88512 1.24004
-0.88514 1.23931
-0.88517 1.23857
-0.88519 1.23783
-0.88521 1.23710
-0.88523 1.23636
-0.88525 1.23562
-0.88527 1.23488
-0.88528 1.23414
-0.88530 1.23340
-0.88532 1.23266
-0.88534 1.23191
-0.88535 1.23117
-0.88537 1.23043
-0.88539 1.22968
-0.88540 1.22894
-0.88542 1.22819
-0.88543 1.22744
-0.88544 1.22670
-0.88546 1.22595
-0.88547 1.22520
-0.88542 1.22455
-0.88529 1.22406
-0.88516 1.22357
-0.88503 1.22307
-0.88490 1.22258
-0.88476 1.22208
-0.88463 1.22159
-0.88450 1.22109
-0.88437 1.22060
-0.88424 1.22010
-0.88410 1.21961
-0.88397 1.21911
-0.88384 1.21862
-0.88371 1.21812
-0.88357 1.21762
-0.88344 1.21713
-0.88331 1.21663
-0.88318 1.21613
-0.88304 1.21564
-0.88291 1.21514
-0.88278 1.21464
-0.88264 1.21414
-0.88251 1.21365
-0.88237 1.21315
-0.88224 1.21265
-0.88211 1.21215
-0.88197 1.21165
-0.88184 1.21115
-0.88170 1.21065
-0.88157 1.21016
-0.88143 1.20966
-0.88130 1.20916
-0.88116 1.20866
-0.88103 1.20816
-0.88089 1.20766
-0.88076 1.20716
-0.88062 1.20665
-0.88049 1.20615
-0.88035 1.20565
-0.88022 1.20515
-0.88008 1.20465
-0.87994 1.20415
-0.87981 1.20365
-0.87967 1.20314
-0.87953 1.20264
-0.87940 1.20214
-0.88240 1.19547
