torque_1 torque_2
-0.0466252 -0.38368
-0.0581752 -0.37288
-0.0693752 -0.36238
-0.0805752 -0.35188
-0.0921252 -0.34108
-0.103325 -0.33058
-0.114875 -0.31978
-0.126075 -0.30928
-0.137275 -0.29848
-0.148825 -0.28798
-0.160025 -0.27718
-0.171575 -0.26668
-0.182775 -0.25588
-0.193975 -0.24538
-0.205525 -0.23458
-0.216725 -0.22408
-0.228275 -0.21328
-0.239475 -0.20278
-0.250675 -0.19198
-0.262225 -0.18148
-0.273425 -0.17068
-0.284625 -0.15988
-0.296175 -0.14938
-0.307375 -0.13858
-0.318575 -0.12808
-0.330125 -0.11728
-0.341325 -0.10648
-0.352525 -0.09598
-0.364075 -0.08518
-0.375275 -0.07438
-0.386475 -0.06388
-0.398025 -0.05308
-0.409225 -0.04228
-0.420425 -0.03148
-0.431975 -0.02068
-0.443175 -0.00988
-0.454725 0.00122
-0.465925 0.01202
-0.477125 0.02282
-0.488675 0.03362
-0.499875 0.04442
-0.510408 0.0543478
-0.521608 0.0651478
-0.532808 0.0759478
-0.54334 0.0858756
-0.55454 0.0969756
-0.562396 0.106903
-0.576272 0.117703
-0.577151 0.127631
-0.574891 0.137559
-0.60717 0.147787
-0.617352 0.157714
-0.628902 0.168514
-0.622948 0.17757
-0.647232 0.186926
-0.646134 0.196853
-0.666929 0.205909
-0.658504 0.215837
-0.686626 0.225192
-0.684161 0.234248
-0.686348 0.243303
-0.688681 0.251787
-0.70401 0.260842
-0.723496 0.27077
-0.730335 0.280126
-0.735344 0.288309
-0.747997 0.297364
-0.750184 0.30672
-0.75621 0.315776
-0.768864 0.324831
-0.777011 0.333314
-0.786176 0.34207
-0.801301 0.350253
-0.806977 0.359309
-0.817596 0.36662
-0.822254 0.374803
-0.83389 0.382987
-0.827209 0.389426
-0.84844 0.395564
-0.840451 0.402876
-0.839585 0.409314
-0.849186 0.4143
-0.844977 0.42132
-0.86141 0.428631
-0.861562 0.435942
-0.872181 0.443253
-0.874804 0.449692
-0.888911 0.457003
-0.888046 0.463442
-0.883836 0.469009
-0.904195 0.473703
-0.901003 0.478689
-0.913947 0.488326
-0.916571 0.494764
-0.92966 0.501203
-0.923997 0.508514
-0.933598 0.514372
-0.953521 0.523137
-0.949166 0.529576
-0.958767 0.536014
-0.954558 0.541581
-0.964159 0.54802
-0.978557 0.553887
-0.978709 0.561198
-0.983453 0.566764
-0.988257 0.574076
-0.99088 0.580514
-1.00179 0.586081
-1.00209 0.59252
-1.01401 0.599259
-1.01329 0.604526
-1.01106 0.610092
-1.01964 0.615659
-1.02227 0.622098
-1.03129 0.625048
-1.03254 0.630614
-1.0308 0.635309
-1.04171 0.640576
-1.04579 0.64527
-1.04603 0.649964
-1.04327 0.653787
-1.03354 0.657609
-1.04837 0.660559
-1.0569 0.664381
-1.05356 0.664714
-1.04383 0.668537
-1.0538 0.669742
-1.05032 0.673855
-1.05135 0.673026
-1.0499 0.675976
-1.05057 0.678053
-1.03982 0.681003
-1.05131 0.683081
-1.04951 0.686031
-1.05737 0.688981
-1.0536 0.691931
-1.05427 0.694009
-1.04832 0.696087
-1.05632 0.698164
-1.05394 0.697926
-1.04116 0.699131
-1.04116 0.700337
-1.04227 0.699798
-1.03181 0.701003
-1.0433 0.703081
-1.03947 0.704287
-1.03599 0.705792
-1.03251 0.706998
-1.02329 0.705587
-1.02475 0.705048
-1.02238 0.704509
-1.01482 0.702226
-1.01527 0.701114
-1.00838 0.699703
-1.00635 0.699164
-0.993652 0.697753
-0.992641 0.698387
-0.991921 0.696976
-0.987216 0.696437
-0.98417 0.695026
-0.981791 0.694487
-0.971417 0.693076
-0.971859 0.691364
-0.959159 0.689953
-0.956113 0.688542
-0.958532 0.687131
-0.948303 0.684548
-0.951071 0.683137
-0.937354 0.680853
-0.935411 0.677698
-0.927859 0.675114
-0.922427 0.671959
-0.915542 0.670548
-0.91046 0.667392
-0.909535 0.665109
-0.90861 0.662826
-0.896551 0.65967
-0.890102 0.655342
-0.877111 0.648698
-0.875519 0.645542
-0.870087 0.642387
-0.869162 0.640103
-0.859224 0.636076
-0.862138 0.633792
-0.8522 0.629764
-0.850258 0.626609
-0.856515 0.625198
-0.845123 0.622914
-0.840709 0.620631
-0.836646 0.618348
-0.830923 0.616937
-0.827818 0.613781
-0.826893 0.611498
-0.81934 0.609214
-0.811583 0.606059
-0.816472 0.603776
-0.814094 0.603237
-0.815554 0.602698
-0.820008 0.603031
-0.81414 0.602492
-0.819757 0.602826
-0.808424 0.602287
-0.812878 0.60262
-0.80701 0.602081
-0.802306 0.601542
-0.802603 0.601303
-0.798916 0.601637
-0.798863 0.601098
-0.806951 0.600559
-0.80559 0.600892
-0.799055 0.599481
-0.796676 0.599242
-0.790809 0.598703
-0.795408 0.598164
-0.799861 0.598498
-0.782569 0.598831
-0.795018 0.600037
-0.794674 0.601242
-0.786481 0.600403
-0.794423 0.600737
-0.787247 0.60107
-0.785536 0.601103
-0.783158 0.600564
-0.782814 0.60147
-0.777964 0.601803
-0.777621 0.602709
-0.791087 0.604787
-0.791761 0.606864
-0.801739 0.608642
-0.788603 0.609848
-0.789277 0.611626
-0.77928 0.612831
-0.792746 0.614909
-0.795892 0.615814
-0.797584 0.618764
-0.807561 0.620842
-0.802275 0.623492
-0.801641 0.626442
-0.816125 0.629392
-0.81296 0.63147
-0.811163 0.63412
-0.82085 0.637942
-0.819053 0.640892
-0.831066 0.644714
-0.840753 0.648237
-0.838606 0.651187
-0.832011 0.655009
-0.831232 0.658831
-0.843245 0.662353
-0.85046 0.667048
-0.856659 0.67087
-0.856546 0.675564
-0.863762 0.680259
-0.856005 0.684081
-0.870198 0.688476
-0.869419 0.692298
-0.869657 0.696992
-0.876522 0.701687
-0.87676 0.706381
-0.894297 0.711948
-0.888721 0.716642
-0.892447 0.721337
-0.902657 0.726603
-0.909872 0.731298
-0.908802 0.736864
-0.913546 0.742431
-0.918582 0.746253
-0.92065 0.75182
-0.926703 0.756514
-0.931447 0.762081
-0.936192 0.767648
-0.944075 0.773214
-0.941987 0.777909
-0.94804 0.782603
-0.950459 0.78817
-0.953835 0.792864
-0.957562 0.797559
-0.968121 0.803126
-0.971848 0.806948
-0.966939 0.812814
-0.974155 0.817209
-0.976805 0.823639
-0.977188 0.821637
-0.977076 0.827494
-0.985309 0.829853
-0.988686 0.834829
-0.988574 0.83777
-0.991284 0.841592
-0.991171 0.848894
-0.993881 0.848637
-0.999729 0.852159
-1.00659 0.856853
-1.00727 0.857759
-0.996835 0.861281
-0.995038 0.864813
-1.00321 0.866881
-1.00557 0.870403
-1.0029 0.871318
-1.01108 0.874259
-1.00346 0.876909
-1.01062 0.878987
-1.00717 0.882509
-1.0058 0.882842
-0.998133 0.882876
-0.995113 0.884081
-1.00611 0.888185
-1.00396 0.888509
-1.0008 0.89204
-1.00845 0.89062
-0.997434 0.890081
-0.994705 0.889824
-0.988837 0.886959
-0.981602 0.884376
-0.98373 0.884709
-0.971697 0.882998
-0.970277 0.880714
-0.964555 0.878131
-0.95732 0.87672
-0.957062 0.877916
-0.943199 0.872726
-0.940907 0.871305
-0.947482 0.867859
-0.933414 0.864703
-0.928564 0.864737
-0.933831 0.86507
-0.921798 0.864231
-0.925234 0.863692
-0.904189 0.861409
-0.909892 0.858826
-0.909839 0.858287
-0.895771 0.856003
-0.895514 0.854292
-0.884122 0.852009
-0.880812 0.847981
-0.883026 0.845398
-0.86547 0.843114
-0.864399 0.841703
-0.863124 0.83912
-0.85836 0.836837
-0.850458 0.834553
-0.857178 0.833142
-0.853432 0.831431
-0.843725 0.830892
-0.834514 0.829481
-0.840071 0.82807
-0.839814 0.826659
-0.830108 0.82582
-0.834357 0.824981
-0.83061 0.82327
-0.833696 0.822131
-0.813669 0.82042
-0.825186 0.817837
-0.818619 0.816998
-0.826357 0.815859
-0.820139 0.81502
-0.81741 0.814181
-0.820206 0.815087
-0.821838 0.815992
-0.816784 0.814853
-0.800912 0.814014
-0.813011 0.81492
-0.814644 0.815826
-0.824417 0.816731
-0.816746 0.817637
-0.818523 0.81767
-0.823295 0.818276
-0.821293 0.820053
-0.823943 0.821831
-0.820923 0.822737
-0.821247 0.824514
-0.821571 0.826292
-0.826343 0.827198
-0.831173 0.829848
-0.82452 0.831626
-0.832839 0.834276
-0.830692 0.836926
-0.831684 0.839576
-0.833025 0.842226
-0.841345 0.844876
-0.840215 0.848398
-0.839521 0.849303
-0.842984 0.851081
-0.845634 0.852859
-0.842615 0.853764
-0.841485 0.857287
-0.838321 0.859064
-0.842801 0.861714
-0.850975 0.865237
-0.863801 0.868759
-0.853368 0.872281
-0.854359 0.874931
-0.859045 0.878753
-0.862858 0.880531
-0.856349 0.881437
-0.858359 0.884959
-0.864497 0.886737
-0.863368 0.890259
-0.862384 0.892909
-0.870558 0.896731
-0.865734 0.899381
-0.869402 0.902031
-0.87525 0.905553
-0.870777 0.908203
-0.863773 0.910281
-0.875436 0.913803
-0.880267 0.916453
-0.887133 0.923755
-0.879838 0.922926
-0.884523 0.926448
-0.891389 0.930842
-0.892381 0.933492
-0.895758 0.941094
-0.900588 0.939964
-0.904983 0.947266
-0.906642 0.947281
-0.908651 0.955437
-0.921999 0.953126
-0.926044 0.958092
-0.924273 0.964213
-0.943436 0.966553
-0.927856 0.970929
-0.937715 0.97327
-0.945248 0.977646
-0.956271 0.981159
-0.954355 0.984953
-0.968721 0.995144
-0.971457 0.999811
-0.971662 1.00331
-0.981231 1.00683
-0.993125 1.01237
-0.999205 1.01296
-1.00877 1.01618
-1.00686 1.02027
-1.01294 1.02784
-1.02948 1.03571
-1.02859 1.03718
-1.03184 1.04214
-1.04839 1.04914
-1.04851 1.05148
-1.07087 1.05557
-1.06619 1.06256
-1.07809 1.06142
-1.0862 1.06958
-1.08647 1.07425
-1.09008 1.07717
-1.10031 1.07981
-1.12703 1.08768
-1.13413 1.08857
-1.12945 1.09556
-1.14004 1.10023
-1.16444 1.1052
-1.14246 1.10899
-1.1713 1.11221
-1.1691 1.11426
-1.16689 1.12038
-1.19027 1.12448
-1.18559 1.1274
-1.20446 1.12917
-1.2056 1.13355
-1.20203 1.1359
-1.20214 1.13969
-1.21971 1.14117
-1.22811 1.14235
-1.22591 1.1447
-1.22617 1.14646
-1.23772 1.14648
-1.25077 1.14853
-1.2474 1.15088
-1.26293 1.15061
-1.26305 1.15353
-1.2623 1.15501
-1.27036 1.15764
-1.27577 1.15797
-1.28432 1.1577
-1.29287 1.15656
-1.28267 1.16008
-1.28671 1.16069
-1.29526 1.16101
-1.29335 1.16191
-1.29739 1.15932
-1.30493 1.16138
-1.31595 1.16054
-1.30953 1.15795
-1.30674 1.15623
-1.3166 1.15829
-1.3093 1.15541
-1.32032 1.15312
-1.31884 1.15169
-1.31524 1.14911
-1.31725 1.14797
-1.31345 1.14364
-1.31895 1.1425
-1.31296 1.1373
-1.31744 1.13442
-1.30564 1.12922
-1.32189 1.12546
-1.30806 1.11939
-1.30454 1.11476
-1.30699 1.10956
-1.30929 1.10493
-1.29545 1.10002
-1.30488 1.09685
-1.28552 1.08903
-1.28694 1.08208
-1.2779 1.07688
-1.27003 1.07226
-1.26593 1.06414
-1.26387 1.05982
-1.25978 1.05083
-1.24521 1.04301
-1.23879 1.03519
-1.23469 1.02679
-1.22856 1.01577
-1.22345 1.00447
-1.21034 0.994605
-1.19839 0.985626
-1.19023 0.97432
-1.17159 0.959226
-1.1611 0.947048
-1.15395 0.935742
-1.14477 0.920366
-1.12512 0.907889
-1.11593 0.896583
-1.11271 0.881207
-1.09655 0.869311
-1.08634 0.855679
-1.07483 0.845246
-1.06594 0.831324
-1.03611 0.820018
-1.02388 0.805796
-1.01164 0.791874
-0.995913 0.778242
-0.980187 0.765192
-0.980743 0.754468
-0.973012 0.740537
-0.947633 0.728059
-0.931907 0.714709
-0.91967 0.701931
-0.906065 0.688581
-0.900806 0.676103
-0.873827 0.65752
-0.859846 0.6401
-0.854586 0.631111
-0.840982 0.620087
-0.826709 0.602085
-0.805459 0.59077
-0.781679 0.57364
-0.748799 0.546626
-0.698707 0.525426
-0.695046 0.506842
-0.68121 0.493783
-0.680689 0.482759
-0.664091 0.472898
-0.648451 0.45664
-0.622695 0.451431
-0.602026 0.435755
-0.58973 0.426194
-0.585924 0.414879
-0.567813 0.40589
-0.562409 0.398064
-0.550171 0.39489
-0.541073 0.38532
-0.53029 0.380401
-0.520174 0.373157
-0.51099 0.367376
-0.507039 0.364201
-0.487765 0.351724
-0.47044 0.342735
-0.447386 0.336653
-0.444598 0.330281
-0.450242 0.331768
-0.444487 0.326268
-0.447369 0.326292
-0.442922 0.328351
-0.444059 0.323442
-0.437492 0.32492
-0.446856 0.326398
-0.448284 0.328748
-0.448634 0.329653
-0.446573 0.337818
-0.45114 0.341622
-0.458383 0.340774
-0.460828 0.345168
-0.467284 0.351007
-0.477289 0.355974
-0.48142 0.365311
-0.489244 0.369696
-0.503259 0.378151
-0.504978 0.38429
-0.513034 0.397107
-0.539901 0.405563
-0.545981 0.416935
-0.540953 0.423937
-0.5559 0.436763
-0.585761 0.44609
-0.595911 0.461242
-0.606061 0.471742
-0.615861 0.482242
-0.626011 0.492742
-0.636161 0.503242
-0.646311 0.513742
-0.656111 0.52337
-0.666261 0.532998
-0.676411 0.542626
-0.686561 0.553126
-0.696361 0.562753
-0.706511 0.572381
-0.716661 0.582881
-0.726811 0.595416
-0.736611 0.603009
-0.746761 0.612937
-0.756911 0.623437
-0.766711 0.633937
-0.776861 0.643564
-0.787011 0.6561
-0.797161 0.663692
-0.806961 0.674492
-0.817111 0.685574
-0.827261 0.69462
-0.837411 0.70512
-0.847211 0.717655
-0.857361 0.725548
-0.867511 0.735176
-0.877311 0.745676
-0.887461 0.757629
-0.897611 0.765803
-0.907761 0.776603
-0.917561 0.786231
-0.927711 0.796731
-0.937861 0.807531
-0.947661 0.818031
-0.957811 0.828531
-0.967961 0.838459
-0.978111 0.848959
-0.987911 0.863239
-0.998061 0.868514
-1.00821 0.880468
-1.00769 0.888933
-1.02714 0.895081
-1.03729 0.909361
-1.04608 0.9155
-1.05623 0.925427
-1.06638 0.934183
-1.07551 0.94382
-1.08531 0.948505
-1.09444 0.956389
-1.10125 0.965153
-1.10073 0.973909
-1.12251 0.98122
-1.10722 0.986487
-1.14042 0.992344
-1.14955 1.00081
-1.15869 1.00492
-1.15584 1.01251
-1.17079 1.01983
-1.17643 1.02684
-1.16943 1.02833
-1.20161 1.0368
-1.19112 1.04149
-1.19923 1.04414
-1.21979 1.04942
-1.22442 1.05207
-1.24047 1.05646
-1.22279 1.05881
-1.23571 1.06117
-1.24594 1.06033
-1.24752 1.0592
-1.25673 1.05836
-1.25249 1.05316
-1.24674 1.05029
-1.25529 1.04829
-1.24823 1.04571
-1.26326 1.04196
-1.26832 1.03763
-1.26969 1.02981
-1.27708 1.02345
-1.27147 1.01883
-1.279 1.00782
-1.27572 1
-1.27505 0.987251
-1.27808 0.974783
-1.28206 0.962605
-1.27724 0.947811
-1.27541 0.934761
-1.26957 0.919966
-1.27021 0.9043
-1.26635 0.890959
-1.26879 0.872094
-1.25591 0.850622
-1.24455 0.830594
-1.2401 0.814055
-1.23324 0.796644
-1.23665 0.779524
-1.22639 0.760659
-1.21778 0.741803
-1.20883 0.725264
-1.1979 0.711342
-1.18095 0.692768
-1.16517 0.678274
-1.15599 0.659409
-1.15546 0.644614
-1.13247 0.627494
-1.1209 0.612127
-1.10991 0.599368
-1.10523 0.588063
-1.07913 0.570942
-1.07038 0.55354
-1.04951 0.54427
-1.03692 0.535581
-1.01538 0.527192
-1.00076 0.517631
-0.979507 0.507198
-0.969391 0.499681
-0.951716 0.48227
-0.947329 0.478824
-0.928927 0.472751
-0.924976 0.464353
-0.896544 0.457127
-0.877851 0.448729
-0.872592 0.450516
-0.853463 0.442409
-0.847477 0.439253
-0.832855 0.437833
-0.827596 0.440783
-0.81152 0.444596
-0.78992 0.445801
-0.769833 0.445553
-0.752739 0.448203
-0.743991 0.452026
-0.737219 0.457301
-0.721929 0.459951
-0.71632 0.466681
-0.705477 0.466142
-0.69324 0.467048
-0.671349 0.469707
-0.661584 0.467424
-0.648996 0.46484
-0.627456 0.464883
-0.617195 0.460855
-0.618127 0.461761
-0.612722 0.457733
-0.599118 0.457194
-0.594876 0.454039
-0.578364 0.4532
-0.574122 0.45237
-0.560082 0.449214
-0.548076 0.450129
-0.547178 0.446974
-0.538661 0.442937
-0.536455 0.440363
-0.532445 0.437207
-0.521457 0.436959
-0.520849 0.435548
-0.519165 0.43152
-0.518994 0.427192
-0.511495 0.423164
-0.505013 0.420009
-0.503243 0.42325
-0.510281 0.416314
-0.50851 0.414903
-0.509588 0.419016
-0.515522 0.414698
-0.518926 0.414159
-0.51855 0.415364
-0.517507 0.415698
-0.530941 0.417776
-0.53295 0.420726
-0.533592 0.422803
-0.543246 0.429533
-0.555577 0.43132
-0.560725 0.43427
-0.568113 0.440709
-0.576314 0.447148
-0.578555 0.454459
-0.598445 0.462642
-0.602866 0.470826
-0.629588 0.479881
-0.628049 0.488937
-0.629854 0.498864
-0.659047 0.507048
-0.668847 0.517848
-0.678997 0.528648
-0.68778 0.538576
-0.69758 0.549676
-0.70773 0.560476
-0.71753 0.571276
-0.72768 0.581203
-0.73748 0.595783
-0.748297 0.606583
-0.758447 0.616811
-0.768247 0.620914
-0.778047 0.630542
-0.798169 0.641342
-0.798665 0.652424
-0.808465 0.663505
-0.818265 0.670807
-0.828065 0.678981
-0.837865 0.690644
-0.847665 0.702898
-0.857465 0.710781
-0.867265 0.718955
-0.877065 0.722187
-0.886865 0.736466
-0.896665 0.74465
-0.906465 0.749626
-0.916265 0.763905
-0.926065 0.768009
-0.935865 0.777937
-0.945665 0.79367
-0.954447 0.79632
-0.96323 0.805376
-0.97303 0.815876
-0.981812 0.824631
-0.981291 0.833687
-0.98673 0.842442
-1.00714 0.853524
-1.01592 0.860835
-1.0061 0.871916
-1.03349 0.881544
-1.02614 0.887983
-1.03971 0.892087
-1.02989 0.906376
-1.06557 0.912805
-1.07333 0.918072
-1.05667 0.927709
-1.07272 0.928905
-1.0863 0.93389
-1.07692 0.937413
-1.08119 0.949376
-1.09724 0.953189
-1.10399 0.961081
-1.10725 0.964603
-1.10367 0.968426
-1.11638 0.970494
-1.12109 0.973444
-1.12784 0.981037
-1.13255 0.982533
-1.1313 0.987509
-1.12569 0.989587
-1.13041 0.991364
-1.1434 0.993442
-1.13881 0.994348
-1.14498 0.994972
-1.14867 0.998503
-1.15237 1.00028
-1.15257 1.00061
-1.15176 1.00065
-1.14761 1.0004
-1.15159 1.00306
-1.15877 1.00396
-1.15694 1.0043
-1.1586 1.00231
-1.15445 1.00234
-1.1516 1.005
-1.15021 0.998063
-1.14402 0.995779
-1.15047 0.999883
-1.14661 0.995564
-1.14521 1.00113
-1.13452 0.997966
-1.12964 0.999753
-1.12926 0.996016
-1.12932 0.991698
-1.12545 0.992903
-1.12174 0.992937
-1.10784 0.992098
-1.0997 0.990968
-1.09962 0.988376
-1.10215 0.985792
-1.08906 0.984953
-1.08011 0.98207
-1.07735 0.982103
-1.07843 0.982137
-1.07049 0.980126
-1.05436 0.97667
-1.04439 0.973214
-1.03305 0.968587
-1.02904 0.964259
-1.01189 0.959931
-1.00918 0.954431
-0.995871 0.950103
-0.977991 0.943159
-0.970928 0.936214
-0.966568 0.931587
-0.951073 0.926387
-0.940171 0.919442
-0.92177 0.910753
-0.912235 0.904681
-0.89988 0.899181
-0.890346 0.893109
-0.879444 0.886164
-0.876742 0.880964
-0.876307 0.87402
-0.854997 0.86882
-0.846771 0.861576
-0.831509 0.852887
-0.826335 0.848559
-0.822993 0.845103
-0.819419 0.838159
-0.807063 0.832959
-0.798546 0.827759
-0.801019 0.824303
-0.79948 0.819103
-0.791981 0.814476
-0.770612 0.807531
-0.755263 0.801459
-0.751194 0.795387
-0.743113 0.78757
-0.727705 0.779753
-0.732708 0.77717
-0.736547 0.774587
-0.731751 0.773748
-0.737626 0.772909
-0.737336 0.77207
-0.725912 0.770359
-0.714284 0.767776
-0.715361 0.767809
-0.726034 0.766398
-0.720946 0.766722
-0.712575 0.769081
-0.715774 0.768242
-0.721649 0.76217
-0.707113 0.769181
-0.707173 0.768342
-0.712612 0.77012
-0.716393 0.77277
-0.721541 0.776292
-0.721833 0.779242
-0.722474 0.781892
-0.720295 0.785414
-0.73024 0.788064
-0.725734 0.791587
-0.736697 0.795409
-0.734868 0.798931
-0.733706 0.803326
-0.737836 0.805976
-0.742634 0.809498
-0.7488 0.814192
-0.746621 0.817714
-0.741302 0.821237
-0.749939 0.824759
-0.753284 0.830326
-0.759449 0.83472
-0.752763 0.83737
-0.762418 0.841764
-0.757767 0.846159
-0.773236 0.850853
-0.759282 0.855248
-0.773734 0.85877
-0.772717 0.862292
-0.77772 0.866987
-0.768708 0.869637
-0.777345 0.873159
-0.780689 0.878426
-0.778859 0.882248
-0.783658 0.88577
-0.802471 0.891037
-0.803489 0.896303
-0.801223 0.902742
-0.807039 0.907137
-0.800412 0.911531
-0.807886 0.915353
-0.811231 0.919748
-0.818414 0.925014
-0.819723 0.928837
-0.827924 0.934976
-0.833595 0.940542
-0.82595 0.944064
-0.832784 0.949331
-0.828483 0.954026
-0.837787 0.95842
-0.841482 0.963987
-0.851659 0.970126
-0.858406 0.978009
-0.866257 0.984448
-0.874458 0.990587
-0.874313 0.996153
-0.874519 1.00142
-0.880334 1.00757
-0.881558 1.01138
-0.886937 1.01869
-0.895138 1.02483
-0.896011 1.03127
-0.907701 1.03741
-0.909942 1.04385
-0.914304 1.05029
-0.929337 1.0573
-0.931373 1.06374
-0.938411 1.069
-0.943791 1.07631
-0.949521 1.08333
-0.945596 1.08976
-0.971096 1.09708
-0.956706 1.10787
-0.956621 1.10965
-0.971304 1.11522
-0.980522 1.12136
-0.98692 1.13158
-0.983636 1.13249
-0.992505 1.14328
-0.999252 1.14652
-1.00114 1.15529
-1.01036 1.15881
-1.01472 1.1606
-1.02627 1.17169
-1.02865 1.17464
-1.02706 1.18078
-1.02595 1.17966
-1.0293 1.18755
-1.03982 1.19137
-1.04419 1.19082
-1.04207 1.19843
-1.04294 1.19731
-1.05245 1.1988
-1.05579 1.2064
-1.05265 1.20702
-1.05847 1.20444
-1.05969 1.20972
-1.05504 1.21121
-1.07467 1.20921
-1.06659 1.21681
-1.05961 1.2151
-1.06877 1.2163
-1.07944 1.21546
-1.07247 1.21637
-1.07616 1.2167
-1.07849 1.21644
-1.07282 1.21329
-1.07898 1.21332
-1.0768 1.21075
-1.07811 1.20555
-1.07876 1.20065
-1.08006 1.19806
-1.08137 1.19316
-1.07954 1.18855
-1.08085 1.18306
-1.07219 1.1767
-1.07946 1.17238
-1.06725 1.16137
-1.0817 1.15472
-1.06586 1.14923
-1.07894 1.1423
-1.06229 1.13129
-1.07086 1.12173
-1.06665 1.10985
-1.06191 1.09826
-1.05668 1.08609
-1.05877 1.07159
-1.04656 1.05825
-1.04831 1.04114
-1.0504 1.02723
-1.03834 1.00866
-1.03005 0.981659
-1.03389 0.958151
-1.01878 0.932018
-1.01535 0.903568
-1.00605 0.875409
-1.0027 0.844042
-0.983429 0.815011
-0.979069 0.787433
-0.960753 0.759564
-0.961249 0.734303
-0.951365 0.709633
-0.936538 0.686416
-0.925696 0.664363
-0.920172 0.644635
-0.90933 0.620537
-0.900463 0.600809
-0.888108 0.580209
-0.870578 0.558155
-0.856914 0.542498
-0.851827 0.522189
-0.835024 0.506522
-0.826594 0.48534
-0.815606 0.470846
-0.810228 0.455479
-0.802379 0.44302
-0.795897 0.428816
-0.794881 0.418683
-0.784706 0.407096
-0.768194 0.393764
-0.769648 0.38712
-0.754735 0.370881
-0.742816 0.363364
-0.731914 0.357592
-0.724706 0.353564
-0.719328 0.349827
-0.711247 0.338531
-0.703398 0.342063
-0.694532 0.338035
-0.679037 0.334298
-0.678166 0.334631
-0.672352 0.333211
-0.675174 0.337033
-0.671396 0.336785
-0.679392 0.342924
-0.649446 0.346164
-0.669218 0.351431
-0.669278 0.358161
-0.648636 0.363727
-0.655179 0.373355
-0.654889 0.380957
-0.6455 0.392629
-0.638233 0.404883
-0.641868 0.412766
-0.640415 0.423566
-0.63059 0.432622
-0.629137 0.444866
-0.624341 0.454794
-0.624051 0.465303
-0.623094 0.477848
-0.622804 0.484859
-0.621351 0.494496
-0.621643 0.504424
-0.614084 0.513189
-0.625047 0.52079
-0.62781 0.531
-0.616763 0.537439
-0.621852 0.543877
-0.621476 0.552061
-0.629763 0.562279
-0.630055 0.566392
-0.637179 0.574576
-0.634332 0.581014
-0.626337 0.590351
-0.631135 0.593592
-0.635934 0.59974
-0.643408 0.608505
-0.649223 0.614653
-0.658383 0.62022
-0.651406 0.624914
-0.657571 0.629609
-0.669202 0.634303
-0.663243 0.63987
-0.670076 0.645437
-0.673771 0.651003
-0.689908 0.65657
-0.690781 0.663009
-0.691654 0.668576
-0.712647 0.67327
-0.707706 0.679709
-0.715411 0.686148
-0.726751 0.690842
-0.719688 0.701933
-0.733354 0.705755
-0.74324 0.709287
-0.74862 0.720677
-0.747371 0.725372
-0.761764 0.728031
-0.776447 0.735051
-0.779356 0.74149
-0.784795 0.747348
-0.803984 0.756113
-0.805875 0.764887
-0.810151 0.767546
-0.830359 0.778927
-0.818148 0.780714
-0.847659 0.788898
-0.842632 0.798835
-0.854553 0.811089
-0.859496 0.816946
-0.859934 0.823676
-0.890462 0.836511
-0.880287 0.842359
-0.901512 0.85752
-0.905438 0.859298
-0.911545 0.869226
-0.930589 0.877109
-0.939021 0.890816
-0.947454 0.89492
-0.955886 0.903976
-0.9492 0.912731
-0.972751 0.924113
-0.956761 0.934622
-0.988598 0.941633
-0.998048 0.952142
-0.994851 0.960898
-1.00561 0.965011
-1.02233 0.972894
-1.03076 0.981077
-1.01477 0.984318
-1.028 0.995109
-1.05504 0.99835
-1.04283 1.00479
-1.04443 1.01325
-1.05417 1.01649
-1.05961 1.02497
-1.07284 1.02936
-1.07924 1.02911
-1.08214 1.03468
-1.10482 1.03791
-1.09494 1.04115
-1.09102 1.04381
-1.1009 1.04589
-1.10628 1.04709
-1.10817 1.05236
-1.12184 1.05328
-1.11341 1.05216
-1.12228 1.05306
-1.11632 1.05252
-1.13347 1.05373
-1.12402 1.0529
-1.12635 1.05062
-1.12519 1.04862
-1.13202 1.04837
-1.12839 1.04637
-1.12737 1.04322
-1.13449 1.04064
-1.13202 1.04011
-1.1313 1.03521
-1.13261 1.03205
-1.12592 1.02541
-1.1297 1.02225
-1.11822 1.01735
-1.11996 1.01128
-1.11924 1.00551
-1.11502 0.999442
-1.11328 0.99367
-1.11255 0.987026
-1.10485 0.981253
-1.10761 0.975481
-1.10936 0.966511
-1.09628 0.95725
-1.09381 0.94857
-1.07491 0.936983
-1.07482 0.932964
-1.08384 0.923994
-1.06596 0.915605
-1.0645 0.908961
-1.0504 0.900572
-1.04357 0.88695
-1.04328 0.880305
-1.03398 0.870172
-1.0254 0.8644
-1.0334 0.858337
-1.02512 0.846177
-1.00898 0.836044
-1.00448 0.822422
-0.9943 0.812289
-0.989504 0.8039
-0.975695 0.793194
-0.962031 0.783061
-0.962032 0.7735
-0.943861 0.76104
-0.939501 0.749163
-0.918133 0.739029
-0.907958 0.729187
-0.911447 0.722242
-0.896039 0.707166
-0.892696 0.701394
-0.878887 0.69475
-0.875195 0.690722
-0.866328 0.683787
-0.843651 0.671618
-0.853537 0.6673
-0.825336 0.652214
-0.811963 0.646151
-0.803533 0.638344
-0.776785 0.624431
-0.78013 0.616042
-0.765739 0.608526
-0.75382 0.601009
-0.744371 0.59262
-0.729981 0.585976
-0.720764 0.581076
-0.714369 0.575303
-0.699978 0.56895
-0.697944 0.565503
-0.68428 0.562348
-0.67992 0.555413
-0.679921 0.557781
-0.673525 0.548229
-0.663205 0.549144
-0.658845 0.544535
-0.665823 0.542551
-0.654049 0.546664
-0.645909 0.546126
-0.642421 0.540935
-0.641114 0.539524
-0.640243 0.538985
-0.627101 0.537574
-0.610384 0.530057
-0.618381 0.535633
-0.611549 0.534803
-0.604718 0.531648
-0.613732 0.531981
-0.61475 0.527663
-0.607483 0.531203
-0.601378 0.530955
-0.597599 0.530998
-0.596146 0.530459
-0.595857 0.53022
-0.588589 0.529681
-0.593823 0.530887
-0.588591 0.532092
-0.59586 0.535342
-0.594117 0.536548
-0.599206 0.538626
-0.591647 0.540131
-0.595719 0.541337
-0.596446 0.54167
-0.591214 0.543176
-0.592959 0.544381
-0.598048 0.546759
-0.594996 0.548837
-0.601103 0.551787
-0.603866 0.554164
-0.600319 0.557114
-0.598139 0.561237
-0.591598 0.563314
-0.600176 0.565392
-0.605992 0.570387
-0.617622 0.575081
-0.613117 0.579203
-0.614426 0.583026
-0.626057 0.58802
-0.622423 0.593587
-0.637252 0.600326
-0.64394 0.606764
-0.648302 0.613203
-0.649321 0.61847
-0.659147 0.624909
-0.656677 0.630176
-0.669993 0.636314
-0.678861 0.643626
-0.677931 0.651509
-0.686799 0.65852
-0.693196 0.666703
-0.716543 0.675459
-0.715962 0.683342
-0.730005 0.692398
-0.738728 0.699409
-0.731983 0.707592
-0.740415 0.71722
-0.769926 0.726276
-0.779026 0.735903
-0.786441 0.744659
-0.795541 0.754587
-0.804991 0.765087
-0.794816 0.775014
-0.822523 0.784642
-0.831973 0.79457
-0.841073 0.804198
-0.850523 0.814998
-0.859973 0.827833
-0.869073 0.834553
-0.878523 0.845353
-0.887623 0.860214
-0.897073 0.864909
-0.906523 0.87599
-0.915623 0.884464
-0.925073 0.894392
-0.934173 0.90402
-0.943623 0.913948
-0.953073 0.925029
-0.962173 0.938155
-0.971623 0.947211
-0.980723 0.95335
-0.990173 0.96415
-0.976509 0.965937
-0.99157 0.979926
-0.995496 0.985492
-1.02254 0.986407
-1.03062 1.00011
-1.02393 1.00538
-1.04612 1.0092
-1.02911 1.01564
-1.03885 1.01859
-1.06801 1.02444
-1.07542 1.02565
-1.0667 1.02656
-1.06446 1.02835
-1.05836 1.02576
-1.0724 1.02668
-1.08563 1.02788
-1.10482 1.02793
-1.08528 1.02855
-1.09764 1.01871
-1.11232 1.01381
-1.10805 1.00745
-1.11241 0.99644
-1.11677 0.987761
-1.11832 0.977627
-1.12965 0.96604
-1.12087 0.954744
-1.12422 0.944029
-1.12407 0.934477
-1.13085 0.918239
-1.11936 0.898511
-1.13114 0.879655
-1.12759 0.859927
-1.12789 0.838455
-1.12919 0.823089
-1.11983 0.803361
-1.11664 0.787994
-1.11446 0.772627
-1.1144 0.754935
-1.12065 0.739568
-1.11149 0.725664
-1.10742 0.708844
-1.11353 0.699301
-1.10699 0.687724
-1.10722 0.675564
-1.11594 0.663977
-1.09792 0.65647
-1.08818 0.644311
-1.10722 0.638257
-1.09414 0.63074
-1.08542 0.625559
-1.09167 0.622122
-1.08499 0.619848
-1.09292 0.62397
-1.08173 0.626048
-1.08697 0.627553
-1.09205 0.626151
-1.07752 0.633181
-1.07781 0.633524
-1.08057 0.641426
-1.07505 0.644676
-1.06982 0.644146
-1.06546 0.641581
-1.04345 0.640751
-1.0404 0.639059
-1.03807 0.640564
-1.02324 0.640326
-1.01743 0.643576
-1.0106 0.645953
-1.00173 0.646587
-0.992574 0.647511
-0.982254 0.651342
-0.979929 0.654592
-0.954199 0.65319
-0.945333 0.651498
-0.93036 0.644281
-0.913148 0.645214
-0.892361 0.639742
-0.874918 0.638922
-0.868813 0.629379
-0.863871 0.623907
-0.846428 0.621633
-0.840469 0.61209
-0.82099 0.606037
-0.798749 0.595913
-0.778834 0.593648
-0.773893 0.588176
-0.759211 0.571946
-0.736971 0.571126
-0.73232 0.563909
-0.725924 0.556701
-0.717494 0.552974
-0.699614 0.547501
-0.688712 0.546681
-0.693365 0.539764
-0.688569 0.544177
-0.692059 0.545392
-0.691419 0.543118
-0.678191 0.546668
-0.682408 0.548174
-0.672669 0.547935
-0.681392 0.554683
-0.684446 0.556189
-0.679213 0.562055
-0.674417 0.557464
-0.68314 0.567111
-0.680379 0.568035
-0.677618 0.572166
-0.685846 0.575089
-0.688926 0.575676
-0.6875 0.584122
-0.696746 0.584718
-0.700844 0.592574
-0.698314 0.595496
-0.698923 0.605687
-0.705347 0.60482
-0.708342 0.611813
-0.717964 0.62055
-0.720609 0.628705
-0.730435 0.635398
-0.737586 0.640355
-0.745087 0.64822
-0.756599 0.655503
-0.76375 0.661042
-0.773286 0.668026
-0.775495 0.675309
-0.778053 0.682592
-0.781424 0.689876
-0.783633 0.697159
-0.809305 0.705314
-0.826341 0.714042
-0.813781 0.721326
-0.818024 0.730353
-0.846835 0.738509
-0.838782 0.746664
-0.861633 0.755692
-0.8639 0.76472
-0.877447 0.773748
-0.862066 0.781031
-0.88643 0.791513
-0.897651 0.799087
-0.908059 0.812766
-0.915792 0.81627
-0.923874 0.829077
-0.931607 0.832281
-0.940357 0.841609
-0.936809 0.849764
-0.956171 0.858792
-0.965271 0.86782
-0.974021 0.87772
-0.963496 0.885876
-0.989836 0.894903
-0.996551 0.903059
-1.00463 0.912087
-1.00655 0.921114
-0.996026 0.930142
-1.00507 0.938298
-1.03525 0.946453
-1.04298 0.955481
-1.03457 0.963346
-1.05676 0.97122
-1.05184 0.980829
-1.06952 0.984914
-1.04731 0.992198
-1.05917 1.00006
-1.08115 1.00502
-1.07091 1.00999
-1.08359 1.0164
-1.08827 1.02484
-1.08399 1.0266
-1.09245 1.03361
-1.0812 1.03769
-1.08733 1.04352
-1.09832 1.04819
-1.08818 1.04908
-1.08768 1.05288
-1.08233 1.05493
-1.08532 1.05523
-1.0884 1.05816
-1.08387 1.05931
-1.08064 1.05667
-1.07741 1.05664
-1.06982 1.05255
-1.06804 1.04991
-1.06525 1.04669
-1.06245 1.04376
-1.05021 1.04519
-1.0544 1.04343
-1.04462 1.03904
-1.0443 1.03553
-1.02421 1.03377
-1.02185 1.02851
-1.00467 1.01686
-0.996349 1.01538
-0.984688 1.01013
-0.988146 1.00284
-0.974304 1.00079
-0.967876 0.995533
-0.96799 0.985626
-0.955166 0.986766
-0.942487 0.976859
-0.933588 0.972185
-0.925707 0.964603
-0.91579 0.957603
-0.903402 0.951476
-0.899009 0.94622
-0.894181 0.943881
-0.879321 0.938626
-0.870422 0.932498
-0.86603 0.927242
-0.857131 0.921114
-0.849249 0.915859
-0.843839 0.910031
-0.836975 0.905648
-0.841886 0.900392
-0.82223 0.896009
-0.815366 0.891626
-0.808793 0.885798
-0.809924 0.882287
-0.808875 0.877903
-0.808553 0.872357
-0.800235 0.87467
-0.792063 0.871159
-0.786217 0.867648
-0.783714 0.867053
-0.774524 0.86267
-0.780017 0.860903
-0.779695 0.859437
-0.775884 0.85767
-0.775416 0.856776
-0.775094 0.855309
-0.776807 0.855287
-0.775031 0.855264
-0.768748 0.85467
-0.771479 0.85552
-0.775577 0.857242
-0.770312 0.85752
-0.779875 0.859242
-0.783623 0.861264
-0.780394 0.862987
-0.788648 0.865581
-0.788908 0.867603
-0.786696 0.870198
-0.780995 0.873092
-0.787882 0.874214
-0.794973 0.876509
-0.793574 0.878803
-0.796159 0.879926
-0.799121 0.883964
-0.797722 0.886259
-0.805832 0.889126
-0.812283 0.893164
-0.807599 0.896331
-0.817539 0.90007
-0.819834 0.903237
-0.818289 0.906403
-0.82887 0.908698
-0.829506 0.912437
-0.837265 0.915603
-0.839559 0.91877
-0.838015 0.921937
-0.837984 0.925103
-0.839928 0.92797
-0.842222 0.931137
-0.856959 0.934303
-0.847479 0.938342
-0.855238 0.941509
-0.848229 0.944376
-0.867472 0.948414
-0.870434 0.952453
-0.861971 0.957364
-0.870748 0.961403
-0.864757 0.965442
-0.873534 0.969481
-0.873502 0.972648
-0.876464 0.976387
-0.878759 0.979553
-0.877214 0.98272
-0.885033 0.987631
-0.889303 0.990798
-0.890289 0.994837
-0.899066 0.998876
-0.895546 1.00204
-0.900834 1.00608
-0.897981 1.00925
-0.900275 1.01241
-0.90222 1.01558
-0.905532 1.01962
-0.914309 1.02366
-0.910788 1.02683
-0.910261 1.03086
-0.912556 1.03403
-0.907668 1.03633
-0.911271 1.03862
-0.919175 1.04091
-0.912166 1.04408
-0.915419 1.04638
-0.916696 1.04867
-0.912825 1.05096
-0.913084 1.05529
-0.9175 1.05468
-0.911799 1.05728
-0.912726 1.05957
-0.916474 1.06099
-0.910423 1.06329
-0.915189 1.06558
-0.910592 1.06613
-0.91434 1.06755
-0.901457 1.06928
-0.914509 1.06983
-0.904096 1.07038
-0.910171 1.0718
-0.91008 1.07322
-0.904524 1.07464
-0.895421 1.07462
-0.902658 1.07604
-0.907364 1.07659
-0.901809 1.07801
-0.893722 1.07886
-0.898924 1.07854
-0.903631 1.07909
-0.904994 1.08195
-0.892546 1.0755
-0.881117 1.07458
-0.877973 1.07279
-0.877823 1.07216
-0.876715 1.07211
-0.887382 1.07119
-0.884238 1.0694
-0.880454 1.06935
-0.875857 1.0693
-0.882017 1.0675
-0.880909 1.06745
-0.870146 1.0674
-0.872527 1.06735
-0.880722 1.0673
-0.873654 1.06843
-0.886356 1.06925
-0.883589 1.07007
-0.878992 1.07002
-0.885734 1.07171
-0.889132 1.07254
-0.89253 1.07366
-0.897613 1.07623
-0.905372 1.07879
-0.91633 1.0831
-0.908825 1.08654
-0.911437 1.09028
-0.914399 1.09372
-0.92085 1.09716
-0.928319 1.1006
-0.939131 1.10578
-0.936946 1.11039
-0.951246 1.11558
-0.950429 1.12076
-0.95877 1.12681
-0.971762 1.13317
-0.970449 1.13923
-0.99856 1.14528
-0.996289 1.15251
-1.01364 1.15856
-1.01835 1.16549
-1.01224 1.17417
-1.03541 1.17878
-1.04346 1.18948
-1.05151 1.19438
-1.05956 1.20538
-1.06726 1.2065
-1.07531 1.21314
-1.08336 1.2253
-1.09141 1.23049
-1.09946 1.23626
-1.10716 1.23737
-1.11521 1.24228
-1.12326 1.25356
-1.13131 1.26079
-1.13936 1.26685
-1.14741 1.26563
-1.15511 1.27403
-1.16316 1.27688
-1.17121 1.28382
-1.17926 1.28726
-1.18731 1.29071
-1.19536 1.29269
-1.20306 1.29556
-1.18799 1.29871
-1.2148 1.3007
-1.22415 1.2992
-1.21956 1.3041
-1.21612 1.30492
-1.23705 1.3043
-1.22548 1.30163
-1.22699 1.30246
-1.23649 1.29893
-1.25762 1.29364
-1.25959 1.28891
-1.25377 1.28273
-1.24775 1.27538
-1.27115 1.26541
-1.26847 1.25806
-1.25931 1.25072
-1.26956 1.23872
-1.26171 1.22788
-1.2633 1.21326
-1.26222 1.19632
-1.26382 1.182
-1.25808 1.1636
-1.25968 1.14666
-1.26092 1.12885
-1.25467 1.10492
-1.2562 1.08449
-1.25344 1.05359
-1.23817 1.02473
-1.23534 0.999942
-1.23519 0.959742
-1.21754 0.933498
-1.22102 0.900266
-1.20482 0.870824
-1.19784 0.843707
-1.19478 0.818626
-1.18091 0.790637
-1.16753 0.763811
-1.15816 0.741637
-1.14028 0.717137
-1.13338 0.691764
-1.1123 0.66145
-1.1072 0.637531
-1.10074 0.612159
-1.09216 0.586205
-1.08672 0.560542
-1.06564 0.534298
-1.05918 0.504855
-1.04507 0.477739
-1.03547 0.454983
-1.0232 0.427285
-1.01389 0.399587
-1.00161 0.377703
-0.984019 0.352913
-0.973402 0.335681
-0.968977 0.319322
-0.959378 0.302381
-0.942451 0.291837
-0.938812 0.276059
-0.929213 0.269003
-0.910251 0.25497
-0.894546 0.245007
-0.887069 0.24115
-0.876452 0.234385
-0.864818 0.223259
-0.863882 0.219701
-0.865621 0.215553
-0.859161 0.211114
-0.851597 0.208711
-0.839527 0.206016
-0.833648 0.205357
-0.825067 0.204407
-0.819188 0.20462
-0.810607 0.206587
-0.802025 0.207672
-0.802397 0.210501
-0.798322 0.217401
-0.782122 0.222848
-0.783862 0.232664
-0.780805 0.236948
-0.769402 0.249953
-0.761838 0.256853
-0.751803 0.265498
-0.753193 0.274442
-0.736325 0.28454
-0.732918 0.290568
-0.72986 0.296596
-0.726367 0.30554
-0.723832 0.310696
-0.719321 0.31934
-0.711466 0.326822
-0.708931 0.332568
-0.686248 0.339177
-0.68037 0.345205
-0.682777 0.349761
-0.683381 0.353716
-0.672705 0.360289
-0.672291 0.365116
-0.658212 0.369944
-0.654455 0.374772
-0.645755 0.3796
-0.640894 0.3853
-0.638445 0.391009
-0.632216 0.394383
-0.621626 0.400664
-0.613362 0.402003
-0.613298 0.406831
-0.605616 0.40817
-0.59459 0.415324
-0.600718 0.416663
-0.603502 0.4212
-0.600676 0.422257
-0.598809 0.426794
-0.599121 0.428133
-0.584607 0.4286
-0.583902 0.429648
-0.574098 0.430114
-0.580226 0.431753
-0.572689 0.431348
-0.576346 0.431814
-0.571048 0.436061
-0.572379 0.434201
-0.570221 0.432642
-0.571551 0.43369
-0.562851 0.432413
-0.560025 0.42939
-0.560338 0.43102
-0.560651 0.428298
-0.564308 0.426148
-0.569477 0.423998
-0.559323 0.420976
-0.561671 0.419998
-0.560531 0.41872
-0.564246 0.418314
-0.575898 0.417337
-0.56778 0.416059
-0.573181 0.417398
-0.580908 0.418737
-0.584187 0.421248
-0.599909 0.427239
-0.589029 0.423926
-0.602425 0.426437
-0.603234 0.42952
-0.618956 0.431731
-0.629735 0.435987
-0.637171 0.43907
-0.630711 0.443898
-0.640183 0.449026
-0.65198 0.453853
-0.667266 0.458981
-0.673598 0.463809
-0.680598 0.469509
-0.687598 0.475509
-0.694598 0.48179
-0.701948 0.486037
-0.708948 0.491164
-0.715948 0.496864
-0.723966 0.502864
-0.731316 0.508564
-0.739334 0.514564
-0.746334 0.520264
-0.753334 0.525964
-0.760684 0.531092
-0.767684 0.536792
-0.774684 0.542792
-0.781684 0.54762
-0.789034 0.55362
-0.796034 0.55932
-0.803034 0.56532
-0.810384 0.570729
-0.817384 0.576148
-0.824384 0.580976
-0.831384 0.586103
-0.838734 0.591803
-0.845734 0.597503
-0.852734 0.603203
-0.859734 0.608903
-0.866734 0.614603
-0.873734 0.621757
-0.880734 0.625131
-0.887734 0.630831
-0.894734 0.636531
-0.901734 0.642231
-0.908734 0.647931
-0.902419 0.651887
-0.908401 0.656714
-0.907406 0.661542
-0.916877 0.66637
-0.938996 0.67207
-0.944978 0.676898
-0.928864 0.681726
-0.956943 0.686553
-0.962925 0.691381
-0.957278 0.696209
-0.97489 0.705689
-0.979855 0.70412
-0.987205 0.711274
-0.987372 0.713776
-0.996844 0.720639
-0.986545 0.721687
-1.01215 0.727387
-1.01712 0.733377
-1.02412 0.735298
-1.02428 0.740426
-1.02096 0.744381
-1.03974 0.749209
-1.03293 0.754037
-1.03475 0.75712
-1.03492 0.761948
-1.05021 0.765031
-1.06549 0.769859
-1.07627 0.773814
-1.08226 0.782722
-1.0721 0.782026
-1.0746 0.786853
-1.09715 0.789064
-1.09049 0.794474
-1.10409 0.794359
-1.10309 0.80094
-1.11736 0.80635
-1.11549 0.810014
-1.09734 0.811644
-1.11757 0.811239
-1.12254 0.810542
-1.1323 0.817705
-1.13311 0.815264
-1.12775 0.817476
-1.12239 0.820559
-1.12183 0.822198
-1.15137 0.823537
-1.12871 0.824876
-1.13513 0.826214
-1.15768 0.828726
-1.13605 0.830064
-1.1591 0.832276
-1.15505 0.835068
-1.14867 0.835253
-1.1471 0.836592
-1.17663 0.838803
-1.15645 0.840442
-1.15938 0.844689
-1.16265 0.844574
-1.16907 0.844759
-1.17302 0.847842
-1.17144 0.848309
-1.18033 0.849948
-1.17629 0.852159
-1.17922 0.859022
-1.1963 0.856881
-1.18644 0.859092
-1.19184 0.861885
-1.18881 0.862942
-1.20352 0.868933
-1.1858 0.863876
-1.20051 0.865514
-1.20277 0.865981
-1.19872 0.868201
-1.20063 0.868959
-1.20356 0.87117
-1.21594 0.872809
-1.20506 0.873276
-1.21032 0.875787
-1.20677 0.876253
-1.21347 0.87702
-1.20957 0.878359
-1.20945 0.877381
-1.21485 0.87872
-1.21574 0.878314
-1.2135 0.879081
-1.21788 0.878676
-1.21043 0.87827
-1.20449 0.877564
-1.20437 0.875987
-1.19625 0.874409
-1.20407 0.872831
-1.19362 0.871253
-1.19742 0.871711
-1.18445 0.864609
-1.18927 0.864194
-1.18856 0.85622
-1.17559 0.85377
-1.17241 0.852783
-1.1624 0.844809
-1.16091 0.843231
-1.15774 0.839909
-1.15805 0.836587
-1.1524 0.833846
-1.13885 0.827326
-1.13814 0.823131
-1.12813 0.819237
-1.11807 0.813298
-1.10631 0.805614
-1.10008 0.799676
-1.09496 0.791992
-1.08277 0.786926
-1.07552 0.780414
-1.05316 0.773603
-1.05937 0.767664
-1.04558 0.758237
-1.03136 0.751426
-1.03118 0.742298
-1.01448 0.736359
-1.01523 0.73042
-0.992721 0.724481
-0.992103 0.71767
-0.982821 0.709414
-0.97354 0.700859
-0.952424 0.692303
-0.944596 0.682003
-0.945636 0.67462
-0.938826 0.665192
-0.919891 0.656637
-0.913081 0.647509
-0.892315 0.633429
-0.89315 0.630398
-0.884886 0.622714
-0.876622 0.615331
-0.877662 0.607648
-0.862507 0.597348
-0.84741 0.589964
-0.841472 0.576757
-0.838733 0.576342
-0.838114 0.569831
-0.830868 0.563892
-0.809811 0.551557
-0.806345 0.547953
-0.805726 0.541142
-0.803277 0.534631
-0.791234 0.528692
-0.780148 0.522753
-0.784241 0.517987
-0.791822 0.513792
-0.78414 0.509898
-0.785557 0.504831
-0.772059 0.502381
-0.781967 0.497614
-0.76847 0.49342
-0.759129 0.490689
-0.770054 0.487076
-0.764552 0.480274
-0.776204 0.483348
-0.762211 0.47799
-0.772555 0.480492
-0.766908 0.478914
-0.766784 0.478509
-0.77393 0.476059
-0.773457 0.476526
-0.780311 0.47582
-0.777717 0.476287
-0.777594 0.475872
-0.782645 0.477792
-0.782521 0.477087
-0.798244 0.48017
-0.797684 0.476557
-0.80855 0.48342
-0.805665 0.485331
-0.800599 0.48667
-0.804546 0.489753
-0.815121 0.492537
-0.836659 0.494748
-0.83232 0.498403
-0.826963 0.501487
-0.83091 0.50427
-0.857621 0.508226
-0.863895 0.511309
-0.847781 0.515837
-0.874842 0.519792
-0.860849 0.523448
-0.885439 0.527676
-0.892089 0.532776
-0.888418 0.536703
-0.903354 0.540931
-0.910004 0.546031
-0.908804 0.549087
-0.921619 0.554187
-0.915621 0.558414
-0.933901 0.563514
-0.940551 0.568314
-0.947201 0.573414
-0.953851 0.578514
-0.960501 0.583614
-0.967501 0.588414
-0.974151 0.593514
-0.964665 0.597742
-0.986434 0.602842
-0.993084 0.607642
-0.999734 0.612742
-1.00673 0.617842
-1.01237 0.62207
-1.01902 0.62717
-1.02567 0.63197
-1.02199 0.636198
-1.03795 0.641298
-1.02532 0.645526
-1.05058 0.650626
-1.05621 0.654553
-1.05501 0.657909
-1.06748 0.663009
-1.05697 0.666364
-1.07706 0.66972
-1.08269 0.673948
-1.08832 0.678176
-1.09294 0.681231
-1.07546 0.684587
-1.08807 0.688814
-1.10713 0.691298
-1.09314 0.694653
-1.11636 0.698009
-1.11065 0.700492
-1.10015 0.703848
-1.09959 0.705459
-1.10566 0.70677
-1.13135 0.709253
-1.12463 0.710864
-1.12023 0.712476
-1.10833 0.712342
-1.1144 0.713953
-1.11 0.714692
-1.12683 0.714559
-1.11662 0.71617
-1.11402 0.716037
-1.11806 0.715903
-1.12209 0.71577
-1.10984 0.715637
-1.1162 0.715503
-1.11026 0.714498
-1.10528 0.71262
-1.1083 0.711614
-1.10128 0.707992
-1.09398 0.706114
-1.08237 0.704237
-1.08335 0.701487
-1.07735 0.698737
-1.07485 0.695987
-1.06899 0.692364
-1.06335 0.689614
-1.06258 0.683376
-1.04423 0.678009
-1.03765 0.67177
-1.03107 0.665831
-1.02688 0.661337
-1.01448 0.655098
-1.01139 0.648859
-0.995803 0.640876
-0.985068 0.633764
-0.966133 0.624909
-0.969294 0.616053
-0.959226 0.609814
-0.946165 0.603003
-0.944093 0.597637
-0.935479 0.589653
-0.929918 0.584287
-0.91985 0.578048
-0.913621 0.571809
-0.898757 0.566442
-0.89116 0.559631
-0.892868 0.55252
-0.891146 0.547153
-0.875118 0.541787
-0.872028 0.535548
-0.873445 0.530481
-0.867216 0.524242
-0.860637 0.518003
-0.846063 0.510892
-0.835996 0.504653
-0.842559 0.498714
-0.83947 0.492476
-0.824023 0.48362
-0.819771 0.477381
-0.817031 0.471442
-0.806963 0.461424
-0.804309 0.45722
-0.790753 0.450981
-0.795659 0.445314
-0.785591 0.437322
-0.772034 0.433109
-0.787261 0.428314
-0.782368 0.424392
-0.778842 0.42047
-0.775752 0.411024
-0.782547 0.412626
-0.775533 0.409576
-0.771657 0.405653
-0.758827 0.402603
-0.762134 0.399253
-0.766603 0.392424
-0.76613 0.39577
-0.76676 0.39272
-0.766287 0.392287
-0.776135 0.391853
-0.766359 0.390548
-0.768211 0.384009
-0.770209 0.387937
-0.777382 0.388376
-0.770948 0.387942
-0.771493 0.388381
-0.781341 0.387948
-0.787846 0.386642
-0.781121 0.388826
-0.783642 0.388392
-0.788693 0.388831
-0.778916 0.387526
-0.797777 0.388837
-0.787564 0.390448
-0.791102 0.387107
-0.804148 0.39307
-0.810071 0.395253
-0.806836 0.396564
-0.812905 0.397876
-0.813013 0.400059
-0.808615 0.40137
-0.830615 0.402681
-0.816913 0.403992
-0.832285 0.405303
-0.838354 0.406614
-0.824652 0.408226
-0.836535 0.409537
-0.829461 0.410848
-0.839019 0.412159
-0.835638 0.414342
-0.841707 0.415653
-0.850101 0.416964
-0.847884 0.419448
-0.850463 0.420759
-0.849204 0.42207
-0.865594 0.424253
-0.862359 0.425564
-0.868282 0.427748
-0.87435 0.429359
-0.880419 0.43067
-0.870206 0.431981
-0.875924 0.433292
-0.878504 0.434603
-0.877595 0.436214
-0.887007 0.438398
-0.894093 0.440581
-0.901179 0.442764
-0.903759 0.444376
-0.900378 0.446559
-0.900282 0.44787
-0.90417 0.448309
-0.909221 0.449048
-0.905985 0.450359
-0.91438 0.45167
-0.907656 0.453281
-0.926517 0.454592
-0.909326 0.455903
-0.915045 0.457214
-0.913118 0.457953
-0.925001 0.459264
-0.925255 0.460576
-0.938156 0.463059
-0.924454 0.46437
-0.926016 0.464809
-0.941388 0.46642
-0.932193 0.468603
-0.950704 0.469914
-0.937002 0.471526
-0.955863 0.472837
-0.949139 0.474148
-0.94823 0.475759
-0.948774 0.475326
-0.961675 0.477809
-0.964255 0.47912
-0.954042 0.480431
-0.976392 0.482042
-0.981965 0.484226
-0.962448 0.485837
-0.965028 0.487148
-0.977929 0.489331
-0.987486 0.490942
-0.994572 0.493126
-0.985377 0.495609
-1.00075 0.49692
-0.983559 0.498531
-0.995442 0.499842
-0.987264 0.503198
-1.02342 0.505381
-1.00007 0.506992
-1.00367 0.508876
-1.01171 0.509887
-1.00499 0.510898
-1.02103 0.512781
-1.00732 0.514092
-1.02336 0.515976
-1.02696 0.517859
-1.01989 0.51887
-1.02348 0.520753
-1.0292 0.522064
-1.04356 0.522203
-1.04128 0.522342
-1.03107 0.523353
-1.03955 0.521748
-1.03282 0.523059
-1.03607 0.524942
-1.03865 0.525953
-1.05024 0.528709
-1.06527 0.53002
-1.06886 0.531903
-1.07444 0.533787
-1.05594 0.53597
-1.05715 0.536109
-1.07499 0.536248
-1.07272 0.536387
-1.06149 0.536826
-1.0627 0.536964
-1.07124 0.537103
-1.06998 0.538414
-1.08433 0.538553
-1.07857 0.538692
-1.06981 0.538259
-1.07451 0.538398
-1.06808 0.537664
-1.09487 0.538103
-1.07783 0.538242
-1.07104 0.537509
-1.07609 0.537948
-1.08559 0.537214
-1.08134 0.537353
-1.07592 0.537792
-1.0751 0.536187
-1.08015 0.536626
-1.07351 0.53502
-1.08336 0.534287
-1.09039 0.534726
-1.07712 0.53312
-1.08081 0.532687
-1.07684 0.531081
-1.08155 0.53152
-1.08456 0.529914
-1.08162 0.529181
-1.08079 0.527876
-1.08032 0.52627
-1.09084 0.526709
-1.08353 0.524231
-1.08024 0.523798
-1.07773 0.520448
-1.08141 0.520014
-1.08196 0.519281
-1.08497 0.517976
-1.07368 0.51637
-1.07772 0.515937
-1.07006 0.513459
-1.07191 0.512153
-1.07109 0.510548
-1.05928 0.507498
-1.0716 0.505892
-1.06045 0.503714
-1.06478 0.501237
-1.05465 0.499931
-1.05112 0.496009
-1.05379 0.494403
-1.05811 0.492226
-1.05531 0.49062
-1.05725 0.486698
-1.04893 0.483348
-1.03459 0.479426
-1.03106 0.475503
-1.02791 0.473898
-1.03921 0.47172
-1.03176 0.470114
-1.03094 0.468809
-1.02596 0.466631
-1.01482 0.464153
-1.0203 0.461976
-1.01532 0.459798
-1.01697 0.45732
-1.01548 0.455142
-1.01597 0.452664
-1.01113 0.449614
-1.01444 0.446564
-1.00329 0.444087
-1.00427 0.441037
-0.992984 0.439731
-0.997454 0.436681
-0.994946 0.433331
-0.990634 0.432026
-0.988125 0.428976
-0.98076 0.424753
-0.981741 0.421703
-0.987228 0.419526
-0.983352 0.415603
-0.981861 0.413126
-0.968536 0.410076
-0.962684 0.406153
-0.960467 0.401359
-0.948305 0.398009
-0.947918 0.393787
-0.947881 0.389264
-0.934556 0.385914
-0.941496 0.381692
-0.937621 0.37747
-0.937088 0.37412
-0.927747 0.369898
-0.92736 0.365676
-0.915489 0.360581
-0.919959 0.357231
-0.904598 0.352137
-0.9077 0.347914
-0.904174 0.343692
-0.900298 0.33947
-0.892266 0.334376
-0.887372 0.329281
-0.88495 0.323614
-0.887239 0.319392
-0.869553 0.314298
-0.876144 0.310076
-0.86564 0.307598
-0.861764 0.303376
-0.861727 0.300026
-0.858869 0.296676
-0.852958 0.291
-0.858735 0.285324
-0.850062 0.285753
-0.839559 0.281531
-0.84266 0.278181
-0.842128 0.27455
-0.842091 0.269746
-0.839233 0.26407
-0.84472 0.263918
-0.837355 0.26144
-0.833479 0.257218
-0.836495 0.261137
-0.834654 0.259531
-0.833163 0.254446
-0.838155 0.255166
-0.836314 0.255014
-0.832352 0.255153
-0.836035 0.25442
-0.832073 0.249335
-0.841717 0.253253
-0.83944 0.250485
-0.845799 0.25295
-0.839161 0.250763
-0.846538 0.255853
-0.852257 0.257737
-0.860446 0.257876
-0.859537 0.258305
-0.870053 0.259898
-0.863329 0.2615
-0.872391 0.263964
-0.869156 0.264976
-0.881707 0.267731
-0.903561 0.269914
-0.893058 0.27267
-0.892816 0.274553
-0.904409 0.277609
-0.895881 0.280364
-0.914306 0.283992
-0.921914 0.28762
-0.923853 0.290676
-0.942133 0.295176
-0.946397 0.297931
-0.953047 0.302731
-0.949026 0.306359
-0.96498 0.310859
-0.970262 0.314787
-0.976562 0.319287
-0.983212 0.323787
-0.989512 0.328587
-0.996162 0.333087
-1.00246 0.337587
-1.00911 0.342387
-1.01541 0.346887
-1.02206 0.351687
-1.02836 0.356187
-1.03501 0.360687
-1.04131 0.365487
-1.04761 0.369987
-1.05426 0.374787
-1.06056 0.379287
-1.06721 0.383787
-1.07017 0.387714
-1.07914 0.392214
-1.08544 0.397014
-1.09108 0.400642
-1.09738 0.405442
-1.08091 0.40907
-1.10931 0.41357
-1.09633 0.417498
-1.12022 0.421126
-1.12687 0.425926
-1.13216 0.429553
-1.13744 0.433481
-1.14205 0.436237
-1.14734 0.440164
-1.13087 0.443492
-1.14313 0.44712
-1.16353 0.450748
-1.14439 0.454376
-1.15235 0.458003
-1.17871 0.460759
-1.184 0.464087
-1.16282 0.46597
-1.17427 0.469598
-1.19714 0.472353
-1.1828 0.475109
-1.18706 0.477864
-1.18484 0.479748
-1.20772 0.482203
-1.19468 0.484087
-1.19494 0.485098
-1.19121 0.486981
-1.20172 0.486248
-1.19567 0.488713
-1.2042 0.487398
-1.21574 0.488409
-1.20416 0.488548
-1.19874 0.488687
-1.21144 0.489698
-1.20567 0.489837
-1.21386 0.489676
-1.2006 0.48807
-1.20312 0.487337
-1.19648 0.485731
-1.19949 0.484126
-1.18922 0.483392
-1.19538 0.481787
-1.18656 0.479309
-1.18856 0.476831
-1.18323 0.474353
-1.17557 0.471876
-1.17859 0.47027
-1.17326 0.467792
-1.17621 0.464442
-1.16687 0.46022
-1.15704 0.45687
-1.15287 0.454392
-1.15618 0.451042
-1.13951 0.44682
-1.14363 0.44377
-1.13277 0.439548
-1.12474 0.434453
-1.11985 0.429359
-1.10362 0.42252
-1.10154 0.416553
-1.09563 0.410587
-1.0669 0.402003
-1.07209 0.394292
-1.06182 0.386581
-1.05518 0.377998
-1.04323 0.368842
-1.03281 0.362003
-1.02385 0.35342
-1.00593 0.344837
-0.996964 0.336253
-0.990326 0.32767
-0.976334 0.31647
-0.956321 0.304698
-0.9523 0.29437
-0.930167 0.28317
-0.917859 0.273714
-0.909186 0.263387
-0.90755 0.254803
-0.897133 0.248264
-0.897182 0.241426
-0.8954 0.234587
-0.877133 0.226003
-0.872675 0.218292
-0.863044 0.209137
-0.855097 0.201426
-0.847151 0.193714
-0.833013 0.184259
-0.829573 0.175394
-0.819942 0.168264
-0.811996 0.160553
-0.806375 0.153714
-0.813607 0.14514
-0.796357 0.141209
-0.791899 0.133498
-0.791135 0.124624
-0.788713 0.122737
-0.777278 0.115026
-0.777677 0.107605
-0.770748 0.101357
-0.768676 0.0930644
-0.762765 0.0934941
-0.760634 0.0814311
-0.757108 0.0841867
-0.746399 0.0744404
-0.757642 0.0766144
-0.744812 0.0735644
-0.75024 0.0693422
-0.745406 0.0668644
-0.739059 0.0638144
-0.748993 0.059883
-0.747502 0.0597311
-0.748133 0.0566811
-0.749635 0.0559478
-0.751634 0.05347
-0.75081 0.0521644
-0.749987 0.0514311
-0.750532 0.0506978
-0.754215 0.0502644
-0.761592 0.0506941
-0.75946 0.0505422
-0.760672 0.0509811
-0.76456 0.05112
-0.764755 0.0515589
-0.774312 0.05257
-0.773053 0.0544533
-0.78226 0.0502404
-0.787166 0.0567756
-0.783581 0.0580867
-0.796482 0.0608422
-0.817319 0.0621533
-0.805447 0.0640367
-0.814859 0.06592
-0.804006 0.0689756
-0.816907 0.0711496
-0.83629 0.0747867
-0.832269 0.0784144
-0.846187 0.08147
-0.850452 0.0850978
-0.854049 0.0872811
-0.837235 0.0909089
-0.864614 0.0948367
-0.867921 0.0984644
-0.876546 0.103264
-0.882179 0.106892
-0.888479 0.111692
-0.894779 0.116192
-0.901429 0.120992
-0.907729 0.125492
-0.913361 0.12942
-0.919661 0.13392
-0.926311 0.13872
-0.932611 0.14352
-0.938911 0.14802
-0.945561 0.15282
-0.951861 0.15732
-0.958511 0.16212
-0.964811 0.16662
-0.971461 0.17142
-0.977761 0.17622
-0.984061 0.18072
-0.989694 0.184648
-0.995994 0.189148
-1.00264 0.193948
-1.00793 0.197876
-1.01458 0.202376
-1.01986 0.206303
-1.02651 0.211103
-1.03281 0.215603
-1.03809 0.219531
-1.04372 0.223459
-1.04668 0.227087
-1.05464 0.231014
-1.05992 0.234942
-1.06657 0.239442
-1.05673 0.24337
-1.05539 0.247298
-1.05835 0.250926
-1.07808 0.253981
-1.09267 0.257909
-1.0983 0.261837
-1.10256 0.264592
-1.08959 0.26882
-1.09836 0.272748
-1.11577 0.275803
-1.10061 0.279159
-1.10255 0.282214
-1.12577 0.28527
-1.1269 0.288626
-1.11735 0.290809
-1.12793 0.292992
-1.13734 0.295476
-1.12779 0.297659
-1.14418 0.300142
-1.15127 0.302326
-1.1442 0.303637
-1.135 0.30612
-1.14107 0.307431
-1.1433 0.308742
-1.14588 0.310353
-1.14046 0.310792
-1.15098 0.311531
-1.14425 0.312842
-1.13898 0.312709
-1.1495 0.313148
-1.14074 0.312714
-1.14027 0.311709
-1.13392 0.308659
-1.12007 0.304164
-1.11887 0.300242
-1.10918 0.29662
-1.10159 0.289209
-1.09254 0.283842
-1.08014 0.277303
-1.06871 0.270192
-1.05762 0.262781
-1.04901 0.254798
-1.03554 0.245642
-1.02489 0.235914
-1.00944 0.226759
-1.00295 0.217903
-0.985322 0.207876
-0.967841 0.197276
-0.958209 0.18812
-0.951571 0.180137
-0.939905 0.169237
-0.922423 0.158637
-0.899068 0.146292
-0.893216 0.135392
-0.885038 0.124792
-0.877528 0.114764
-0.86339 0.105037
-0.857538 0.0944367
-0.855902 0.0861533
-0.840396 0.0755533
-0.829747 0.0655256
-0.822587 0.0557978
-0.811938 0.04607
-0.809807 0.0386589
-0.798867 0.0306756
-0.798539 0.02182
-0.787104 0.0144089
-0.781979 0.00642556
-0.781215 -0.00504667
-0.774636 -0.00548
-0.772214 -0.0108467
-0.774648 -0.0153411
-0.781444 -0.0186911
-0.77059 -0.0226133
-0.771221 -0.0259633
-0.777375 -0.0275689
-0.780246 -0.0283022
-0.798757 -0.0272911
-0.7927 -0.0251078
-0.79493 -0.0240967
-0.791549 -0.0222133
-0.811078 -0.02033
-0.818832 -0.0175744
-0.826935 -0.0145189
-0.8312 -0.0117633
-0.84128 -0.00900778
-0.837259 -0.00538
-0.835913 -0.00145222
-0.863292 0.00217556
-0.869592 0.00667556
-0.876242 0.0111756
-0.882542 0.0159756
-0.888842 0.0204756
-0.895142 0.0249756
-0.901792 0.0297756
-0.908092 0.0342756
-0.914392 0.0387756
-0.933689 0.0441478
-0.928359 0.0489478
-0.934659 0.0534478
-0.940959 0.0579478
-0.947609 0.0627478
-0.953909 0.0672478
-0.960209 0.0717478
-0.966859 0.0765478
-0.973159 0.0810478
-0.979459 0.0858478
-0.986109 0.0903478
-0.992409 0.0948478
-0.998709 0.0996478
-1.00399 0.103276
-1.01064 0.107776
-1.01694 0.112576
-1.01641 0.116203
-1.02887 0.121003
-1.01206 0.124631
-1.03362 0.128259
-1.04507 0.132187
-1.05035 0.135814
