angle_1 angle_2
-0.890132 1.96093
-0.890132 1.96093
-0.890132 1.96093
-0.890132 1.96093
-0.890132 1.96093
-0.890132 1.96093
-0.890132 1.96093
-0.890132 1.96093
-0.890132 1.96093
-0.890132 1.96093
-0.890132 1.96093
-0.890132 1.96093
-0.890132 1.96093
-0.890132 1.96093
-0.890132 1.96093
-0.890132 1.96093
-0.890132 1.96093
-0.890132 1.96093
-0.890132 1.96093
-0.890132 1.96093
-0.890132 1.96093
-0.890132 1.96093
-0.890132 1.96093
-0.890132 1.96093
-0.890132 1.96093
-0.890132 1.96093
-0.890132 1.96093
-0.890132 1.96093
-0.890132 1.96093
-0.890132 1.96093
-0.890132 1.96093
-0.890132 1.96093
-0.890132 1.96093
-0.890132 1.96093
-0.890132 1.96093
-0.890132 1.96093
-0.890132 1.96093
-0.890132 1.96093
-0.890132 1.96093
-0.890132 1.96093
-0.890132 1.96093
-0.890103 1.9609
-0.890103 1.9609
-0.890103 1.9609
-0.890074 1.96087
-0.890074 1.96087
-0.890045 1.96084
-0.890045 1.96084
-0.890016 1.96081
-0.889987 1.96079
-0.889958 1.96076
-0.889929 1.96073
-0.889929 1.96073
-0.88987 1.96067
-0.889812 1.96061
-0.889783 1.96058
-0.889725 1.96052
-0.889696 1.96049
-0.889638 1.96044
-0.88958 1.96038
-0.889522 1.96032
-0.889434 1.96023
-0.889376 1.96017
-0.889347 1.96015
-0.889289 1.96009
-0.889202 1.96
-0.889144 1.95994
-0.889085 1.95988
-0.889027 1.95983
-0.888969 1.95977
-0.888882 1.95968
-0.888824 1.95962
-0.888737 1.95954
-0.888678 1.95948
-0.888562 1.95936
-0.888475 1.95927
-0.888388 1.95919
-0.888242 1.95904
-0.888097 1.9589
-0.887981 1.95878
-0.887835 1.95863
-0.88769 1.95849
-0.887515 1.95831
-0.887399 1.9582
-0.887283 1.95808
-0.887167 1.95797
-0.887021 1.95782
-0.886905 1.9577
-0.88676 1.95756
-0.886585 1.95738
-0.886382 1.95718
-0.886236 1.95706
-0.88612 1.95695
-0.885975 1.9568
-0.885829 1.95666
-0.885713 1.95654
-0.885568 1.95642
-0.885451 1.95631
-0.885306 1.95616
-0.88516 1.95602
-0.884986 1.95584
-0.884841 1.9557
-0.884666 1.95552
-0.88455 1.95541
-0.884375 1.95523
-0.884259 1.95512
-0.884114 1.95497
-0.883939 1.9548
-0.883794 1.95465
-0.883649 1.95451
-0.883474 1.95433
-0.8833 1.95416
-0.883125 1.95398
-0.88298 1.95384
-0.882718 1.95357
-0.882544 1.9534
-0.88234 1.9532
-0.882166 1.95302
-0.881962 1.95282
-0.881759 1.95262
-0.881526 1.95238
-0.881294 1.95215
-0.881032 1.95189
-0.880799 1.95166
-0.88045 1.95131
-0.880218 1.95107
-0.879927 1.95075
-0.879607 1.95043
-0.879317 1.95014
-0.879055 1.94988
-0.878764 1.94959
-0.878503 1.94933
-0.878212 1.94904
-0.87795 1.94878
-0.877688 1.94852
-0.877427 1.94825
-0.877136 1.94796
-0.876845 1.94767
-0.876555 1.94738
-0.876177 1.947
-0.875857 1.94668
-0.875537 1.94636
-0.875159 1.94599
-0.874839 1.94567
-0.874548 1.94538
-0.874229 1.94506
-0.873909 1.94474
-0.873589 1.94442
-0.873182 1.94401
-0.872804 1.94363
-0.872426 1.94325
-0.87199 1.94282
-0.871583 1.94241
-0.871176 1.942
-0.870798 1.94163
-0.870391 1.94122
-0.870042 1.94087
-0.869635 1.94046
-0.869257 1.94008
-0.86885 1.93968
-0.868472 1.9393
-0.868065 1.93889
-0.867658 1.93849
-0.867251 1.93808
-0.866844 1.93767
-0.866437 1.93726
-0.866001 1.93683
-0.865594 1.93642
-0.865158 1.93599
-0.864692 1.93552
-0.864256 1.93508
-0.863791 1.93462
-0.863384 1.93421
-0.862919 1.93375
-0.862483 1.93331
-0.862047 1.93287
-0.861581 1.93241
-0.861087 1.93191
-0.860506 1.93133
-0.86004 1.93087
-0.859575 1.9304
-0.859139 1.92997
-0.858645 1.92947
-0.858209 1.92904
-0.857715 1.92854
-0.857249 1.92808
-0.856842 1.92767
-0.856406 1.92723
-0.85597 1.9268
-0.855534 1.92636
-0.855127 1.92595
-0.854662 1.92549
-0.854226 1.92505
-0.85379 1.92462
-0.853324 1.92415
-0.852888 1.92372
-0.85251 1.92334
-0.852132 1.92296
-0.851783 1.92261
-0.851405 1.92223
-0.851057 1.92188
-0.850679 1.92151
-0.85033 1.92116
-0.849952 1.92078
-0.849574 1.9204
-0.849196 1.92002
-0.848847 1.91967
-0.848469 1.9193
-0.848091 1.91892
-0.847742 1.91857
-0.847335 1.91816
-0.846957 1.91778
-0.846579 1.91741
-0.846201 1.91703
-0.845852 1.91668
-0.845503 1.91633
-0.845184 1.91601
-0.844864 1.91569
-0.844486 1.91531
-0.844137 1.91496
-0.843788 1.91462
-0.843439 1.91427
-0.843061 1.91389
-0.842741 1.91357
-0.842393 1.91322
-0.842073 1.9129
-0.841782 1.91261
-0.841491 1.91232
-0.8412 1.91203
-0.840881 1.91171
-0.84059 1.91142
-0.84027 1.9111
-0.839979 1.91081
-0.83966 1.91049
-0.839398 1.91023
-0.839107 1.90993
-0.838845 1.90967
-0.838584 1.90941
-0.838322 1.90915
-0.838031 1.90886
-0.83777 1.9086
-0.837537 1.90836
-0.837275 1.9081
-0.837043 1.90787
-0.83681 1.90764
-0.836549 1.90738
-0.836316 1.90714
-0.836083 1.90691
-0.835851 1.90668
-0.835647 1.90647
-0.835415 1.90624
-0.835211 1.90604
-0.835008 1.90584
-0.834775 1.9056
-0.834572 1.9054
-0.834339 1.90517
-0.834135 1.90496
-0.833932 1.90476
-0.833728 1.90456
-0.833554 1.90438
-0.83335 1.90418
-0.833147 1.90397
-0.832973 1.9038
-0.832769 1.9036
-0.832595 1.90342
-0.83242 1.90325
-0.832188 1.90302
-0.832013 1.90284
-0.83181 1.90264
-0.831635 1.90246
-0.831461 1.90229
-0.831286 1.90211
-0.831083 1.90191
-0.830879 1.90171
-0.830705 1.90153
-0.830501 1.90133
-0.830298 1.90113
-0.830123 1.90095
-0.82992 1.90072
-0.829745 1.90054
-0.829542 1.90034
-0.829251 1.90002
-0.829018 1.89979
-0.828815 1.89953
-0.82864 1.89935
-0.828437 1.89912
-0.828233 1.89892
-0.828001 1.89868
-0.827797 1.89845
-0.827565 1.89822
-0.827332 1.89799
-0.827129 1.89778
-0.826838 1.89746
-0.826605 1.89723
-0.826344 1.89694
-0.826111 1.89671
-0.825878 1.89647
-0.825559 1.89612
-0.825326 1.89589
-0.825064 1.89563
-0.824803 1.89534
-0.82457 1.89511
-0.824221 1.89476
-0.823901 1.89441
-0.823582 1.89409
-0.82332 1.8938
-0.823058 1.89354
-0.822768 1.89322
-0.822477 1.8929
-0.822128 1.89252
-0.82175 1.89211
-0.821372 1.89171
-0.820965 1.89127
-0.820616 1.89092
-0.820238 1.89051
-0.819831 1.89008
-0.819424 1.88964
-0.819017 1.88923
-0.81861 1.8888
-0.818203 1.88839
-0.817738 1.8879
-0.81736 1.88752
-0.816924 1.88705
-0.816575 1.8867
-0.816226 1.88636
-0.815848 1.88598
-0.81547 1.8856
-0.815034 1.88516
-0.814598 1.88473
-0.81422 1.88435
-0.813784 1.88391
-0.813377 1.88351
-0.81294 1.88307
-0.812446 1.88258
-0.81201 1.88214
-0.811574 1.8817
-0.811167 1.8813
-0.810731 1.88086
-0.810295 1.88042
-0.809859 1.87999
-0.809452 1.87958
-0.809045 1.87917
-0.808667 1.8788
-0.80826 1.87839
-0.807853 1.87798
-0.807445 1.87758
-0.807068 1.8772
-0.80669 1.87682
-0.806283 1.87641
-0.805905 1.87603
-0.805498 1.87563
-0.805061 1.87519
-0.804683 1.87481
-0.804305 1.87444
-0.803928 1.87406
-0.80355 1.87368
-0.80323 1.87336
-0.80291 1.87304
-0.802532 1.87266
-0.802154 1.87228
-0.801834 1.87196
-0.801514 1.87164
-0.801195 1.87132
-0.800875 1.871
-0.800526 1.87066
-0.800206 1.87034
-0.799915 1.87005
-0.799625 1.86975
-0.799305 1.86943
-0.799014 1.86914
-0.798723 1.86885
-0.798403 1.86853
-0.798142 1.86827
-0.797851 1.86798
-0.797589 1.86772
-0.797328 1.86746
-0.797066 1.8672
-0.796804 1.86693
-0.796543 1.86667
-0.79631 1.86644
-0.79599 1.86612
-0.7957 1.86583
-0.795409 1.86554
-0.795089 1.86522
-0.794856 1.86499
-0.794566 1.8647
-0.794304 1.86443
-0.794071 1.8642
-0.793839 1.86397
-0.793606 1.86374
-0.793345 1.86347
-0.793112 1.86324
-0.792821 1.86295
-0.792501 1.86263
-0.792269 1.8624
-0.791978 1.86211
-0.791745 1.86188
-0.791484 1.86161
-0.791251 1.86138
-0.79099 1.86112
-0.790728 1.86086
-0.790495 1.86063
-0.790234 1.86036
-0.789943 1.86007
-0.78971 1.85984
-0.789449 1.85958
-0.789245 1.85932
-0.789013 1.85908
-0.78878 1.85885
-0.788576 1.85865
-0.788315 1.85839
-0.788111 1.85815
-0.78785 1.85789
-0.787675 1.85769
-0.787443 1.85746
-0.78721 1.85719
-0.787035 1.85699
-0.786861 1.85682
-0.786687 1.85661
-0.786512 1.85644
-0.786309 1.85621
-0.786134 1.856
-0.78596 1.8558
-0.785785 1.8556
-0.78564 1.85539
-0.785495 1.85522
-0.785349 1.85504
-0.785175 1.85481
-0.785058 1.85464
-0.784942 1.85449
-0.784826 1.85432
-0.78471 1.85411
-0.784564 1.85391
-0.784448 1.85373
-0.784332 1.85353
-0.784215 1.85336
-0.784128 1.85318
-0.784012 1.85298
-0.783925 1.8528
-0.783808 1.85257
-0.78375 1.8524
-0.783634 1.85219
-0.783576 1.85202
-0.783459 1.85179
-0.783372 1.85158
-0.783285 1.85138
-0.783227 1.85121
-0.78314 1.851
-0.783081 1.85083
-0.782994 1.85062
-0.782936 1.85048
-0.782849 1.85025
-0.782762 1.85004
-0.782674 1.84981
-0.782587 1.84961
-0.7825 1.84937
-0.782442 1.84917
-0.782325 1.84891
-0.782267 1.84868
-0.782151 1.84841
-0.782064 1.84815
-0.781977 1.84789
-0.78186 1.8476
-0.781773 1.84734
-0.781657 1.84702
-0.78154 1.84676
-0.781424 1.84647
-0.781337 1.8462
-0.781192 1.84588
-0.781104 1.84562
-0.780959 1.8453
-0.780843 1.84501
-0.780697 1.84472
-0.780552 1.8444
-0.780407 1.84408
-0.78029 1.84379
-0.780116 1.84344
-0.77997 1.84309
-0.779825 1.84277
-0.779651 1.8424
-0.779476 1.84205
-0.779302 1.84164
-0.779127 1.84129
-0.778924 1.84091
-0.778749 1.84053
-0.778517 1.8401
-0.778342 1.83975
-0.77811 1.83931
-0.777906 1.83891
-0.777674 1.83847
-0.777441 1.83803
-0.777208 1.8376
-0.776947 1.8371
-0.776685 1.83664
-0.776423 1.83617
-0.776133 1.83568
-0.775813 1.83516
-0.775522 1.83466
-0.775202 1.83414
-0.774912 1.83364
-0.774592 1.83315
-0.774272 1.83263
-0.773894 1.83207
-0.773545 1.83155
-0.773196 1.831
-0.772847 1.83045
-0.77244 1.82984
-0.772091 1.82931
-0.771684 1.82867
-0.771277 1.82806
-0.77087 1.82742
-0.770463 1.82678
-0.769998 1.82609
-0.769562 1.82539
-0.769097 1.82469
-0.768632 1.82399
-0.768108 1.82321
-0.767585 1.82242
-0.767062 1.82167
-0.766567 1.82097
-0.766015 1.82018
-0.765463 1.81943
-0.76491 1.81864
-0.764329 1.81789
-0.763776 1.81713
-0.763195 1.81637
-0.762642 1.81568
-0.762032 1.81489
-0.761421 1.81414
-0.760782 1.81335
-0.760142 1.81257
-0.759502 1.81178
-0.758863 1.811
-0.758223 1.81024
-0.757613 1.80948
-0.756973 1.80873
-0.756333 1.80794
-0.755694 1.80722
-0.755025 1.80643
-0.754385 1.80568
-0.7536 1.80477
-0.752844 1.80393
-0.752205 1.80323
-0.751536 1.80251
-0.750838 1.80175
-0.75014 1.80105
-0.749181 1.80006
-0.748018 1.7989
-0.746971 1.79785
-0.746012 1.79689
-0.745227 1.79614
-0.7445 1.79541
-0.743802 1.79474
-0.743075 1.79405
-0.742349 1.79335
-0.741535 1.79256
-0.740837 1.79189
-0.740139 1.79125
-0.739441 1.79064
-0.738831 1.79009
-0.738191 1.78954
-0.737551 1.78899
-0.736854 1.78841
-0.736185 1.78782
-0.735633 1.78739
-0.734964 1.78686
-0.734033 1.78611
-0.733248 1.78547
-0.732609 1.78495
-0.73194 1.78439
-0.731446 1.78401
-0.730835 1.78352
-0.730428 1.78323
-0.730021 1.78291
-0.729498 1.7825
-0.72912 1.78221
-0.728742 1.78192
-0.728393 1.78169
-0.727957 1.78134
-0.727608 1.78111
-0.727259 1.78085
-0.72691 1.78058
-0.72659 1.78038
-0.726329 1.78021
-0.726125 1.78009
-0.725864 1.77994
-0.725631 1.7798
-0.725486 1.77974
-0.725311 1.77965
-0.725195 1.77965
-0.725108 1.77965
-0.724991 1.77962
-0.724933 1.77962
-0.724904 1.77965
-0.724846 1.77962
-0.724846 1.77962
-0.724846 1.77962
-0.724846 1.77962
-0.724846 1.77962
-0.724846 1.77962
-0.724846 1.77962
-0.724846 1.7796
-0.724846 1.77957
-0.724846 1.77954
-0.724846 1.77954
-0.724846 1.77951
-0.724846 1.77948
-0.724846 1.77948
-0.724846 1.77945
-0.724846 1.77945
-0.724846 1.77942
-0.724846 1.77942
-0.724846 1.77942
-0.724846 1.77939
-0.724846 1.77936
-0.724846 1.77936
-0.724846 1.77936
-0.724846 1.77933
-0.724846 1.77933
-0.724846 1.77933
-0.724846 1.7793
-0.724846 1.7793
-0.724846 1.77928
-0.724846 1.77928
-0.724846 1.77925
-0.724846 1.77925
-0.724846 1.77925
-0.724846 1.77922
-0.724846 1.77922
-0.724846 1.77922
-0.724846 1.77922
-0.724846 1.77922
-0.724846 1.77919
-0.724846 1.77919
-0.724846 1.77916
-0.724846 1.77913
-0.724846 1.7791
-0.724817 1.77901
-0.724817 1.77896
-0.724817 1.77893
-0.724788 1.77881
-0.724788 1.77875
-0.724788 1.77867
-0.724759 1.77855
-0.724759 1.77846
-0.72473 1.77837
-0.724701 1.77826
-0.724672 1.77814
-0.724672 1.77803
-0.724643 1.77791
-0.724613 1.77776
-0.724584 1.77762
-0.724555 1.77747
-0.724526 1.77733
-0.724497 1.77718
-0.724468 1.77704
-0.72441 1.77683
-0.724352 1.77669
-0.724294 1.77646
-0.724235 1.77622
-0.724177 1.77599
-0.724119 1.77573
-0.724032 1.77547
-0.723945 1.77518
-0.723858 1.77483
-0.72377 1.77448
-0.723625 1.77398
-0.723509 1.77355
-0.723363 1.77302
-0.723218 1.7725
-0.723073 1.77204
-0.722956 1.77157
-0.72284 1.77102
-0.722695 1.7705
-0.72252 1.76986
-0.722375 1.76925
-0.7222 1.76863
-0.722026 1.76797
-0.721851 1.76733
-0.721619 1.76654
-0.721415 1.76576
-0.721183 1.76494
-0.720921 1.7641
-0.720688 1.76334
-0.720398 1.76247
-0.720136 1.7616
-0.719845 1.76076
-0.719525 1.7598
-0.719177 1.75878
-0.718828 1.75776
-0.718421 1.7568
-0.718101 1.75596
-0.717752 1.75506
-0.717345 1.75418
-0.716909 1.75325
-0.716473 1.75238
-0.716037 1.75157
-0.715571 1.75073
-0.715106 1.74991
-0.714554 1.74904
-0.71406 1.74822
-0.713478 1.74738
-0.712868 1.74651
-0.712373 1.74587
-0.71185 1.74517
-0.711123 1.74433
-0.710483 1.7436
-0.709873 1.74296
-0.709233 1.74232
-0.708594 1.74168
-0.707896 1.74101
-0.707198 1.74032
-0.706529 1.73971
-0.705744 1.73898
-0.705163 1.73846
-0.704523 1.73793
-0.703855 1.73741
-0.703128 1.73689
-0.702314 1.73633
-0.701674 1.73593
-0.700947 1.73549
-0.70022 1.73511
-0.699523 1.73479
-0.698883 1.7345
-0.698243 1.73436
-0.697545 1.73404
-0.696848 1.73377
-0.696179 1.73351
-0.695539 1.73328
-0.6949 1.73308
-0.694173 1.73273
-0.693533 1.73247
-0.692777 1.73203
-0.692138 1.73171
-0.691498 1.73133
-0.690829 1.7309
-0.69019 1.73043
-0.68955 1.73
-0.68891 1.72956
-0.688358 1.72918
-0.687748 1.72875
-0.687079 1.72831
-0.686468 1.72784
-0.685916 1.72747
-0.685305 1.727
-0.684724 1.72656
-0.6842 1.72613
-0.683619 1.72563
-0.683096 1.7252
-0.682543 1.72467
-0.682049 1.72421
-0.681555 1.72372
-0.681148 1.72331
-0.680653 1.72281
-0.680159 1.72232
-0.679665 1.72183
-0.6792 1.72136
-0.678793 1.72092
-0.678415 1.72052
-0.678008 1.72011
-0.677659 1.71973
-0.677339 1.71938
-0.67699 1.71901
-0.676699 1.71869
-0.67638 1.71834
-0.676118 1.71805
-0.675885 1.71778
-0.675624 1.71749
-0.67542 1.71726
-0.675217 1.71706
-0.674984 1.7168
-0.674839 1.71665
-0.674693 1.7165
-0.674577 1.71639
-0.67449 1.7163
-0.674403 1.71621
-0.674344 1.71616
-0.674286 1.7161
-0.674257 1.71607
-0.67417 1.71598
-0.67417 1.71598
-0.67417 1.71598
-0.674141 1.71595
-0.674141 1.71595
-0.674141 1.71595
-0.674141 1.71595
-0.674141 1.71592
-0.674141 1.71589
-0.67417 1.71589
-0.67417 1.71584
-0.67417 1.71581
-0.67417 1.71578
-0.674199 1.71578
-0.674199 1.71575
-0.674199 1.71572
-0.674199 1.71569
-0.674199 1.71563
-0.674199 1.71557
-0.674199 1.71552
-0.674199 1.71543
-0.674199 1.71537
-0.674199 1.71531
-0.674199 1.71525
-0.674199 1.7152
-0.674199 1.71517
-0.674199 1.71511
-0.674199 1.71508
-0.674199 1.71505
-0.674199 1.71502
-0.67417 1.71496
-0.674141 1.71491
-0.674141 1.71491
-0.674112 1.71485
-0.674083 1.71479
-0.674025 1.71473
-0.673995 1.71467
-0.673966 1.71462
-0.673937 1.71453
-0.673908 1.71447
-0.67385 1.71438
-0.673792 1.71427
-0.673763 1.71418
-0.673705 1.71406
-0.673647 1.71392
-0.673588 1.7138
-0.673501 1.71363
-0.673443 1.71348
-0.673327 1.71325
-0.673269 1.71313
-0.673181 1.71296
-0.673094 1.71278
-0.673007 1.71255
-0.672891 1.71235
-0.672774 1.71211
-0.672629 1.71185
-0.672542 1.71165
-0.672396 1.71142
-0.67228 1.71116
-0.672106 1.71086
-0.67196 1.71057
-0.671786 1.71028
-0.67164 1.71002
-0.671437 1.7097
-0.671263 1.70941
-0.671088 1.70912
-0.670914 1.7088
-0.67071 1.70845
-0.670478 1.7081
-0.670245 1.70775
-0.67007 1.70743
-0.669838 1.70708
-0.669605 1.70677
-0.669373 1.70642
-0.669111 1.70604
-0.668791 1.70563
-0.6685 1.70525
-0.668239 1.7049
-0.667948 1.70456
-0.667628 1.70415
-0.667308 1.70377
-0.666989 1.70342
-0.666698 1.70304
-0.66632 1.70264
-0.666029 1.70232
-0.665709 1.70197
-0.665331 1.70159
-0.664895 1.70112
-0.664546 1.70078
-0.664139 1.70034
-0.663761 1.69996
-0.663325 1.69953
-0.662976 1.69918
-0.662628 1.69883
-0.66222 1.69842
-0.661755 1.69796
-0.66129 1.69749
-0.660796 1.697
-0.660302 1.6965
-0.659807 1.69601
-0.659284 1.69548
-0.65879 1.69499
-0.658208 1.69441
-0.657627 1.69383
-0.657133 1.69333
-0.656609 1.69281
-0.656028 1.69223
-0.655388 1.69159
-0.654836 1.69104
-0.654312 1.69051
-0.65376 1.68996
-0.653178 1.68938
-0.652655 1.68886
-0.652074 1.68827
-0.65155 1.68775
-0.650969 1.68717
-0.650329 1.68653
-0.649835 1.68604
-0.64937 1.68557
-0.648788 1.68499
-0.648265 1.68447
-0.647742 1.68394
-0.647276 1.68348
-0.646753 1.68295
-0.646259 1.68246
-0.645677 1.68188
-0.645125 1.68133
-0.644573 1.68077
-0.643962 1.68016
-0.643351 1.67955
-0.642915 1.67912
-0.642479 1.67868
-0.642072 1.6783
-0.641694 1.67792
-0.641316 1.67755
-0.640909 1.67714
-0.640473 1.6767
-0.640124 1.67635
-0.639717 1.67595
-0.639368 1.67566
-0.639048 1.67534
-0.63867 1.67496
-0.638293 1.67461
-0.637973 1.67429
-0.637595 1.67391
-0.637304 1.67362
-0.637042 1.67336
-0.63681 1.67313
-0.636548 1.67286
-0.636286 1.6726
-0.636054 1.67237
-0.635792 1.67211
-0.63556 1.67188
-0.635327 1.67164
-0.635094 1.67141
-0.634891 1.67121
-0.634629 1.67095
-0.634397 1.67071
-0.634193 1.67051
-0.63396 1.67028
-0.633728 1.67004
-0.633495 1.66981
-0.633321 1.66964
-0.633117 1.66943
-0.632856 1.66917
-0.632652 1.66897
-0.632449 1.66877
-0.632245 1.66856
-0.632042 1.66836
-0.631809 1.66813
-0.631576 1.66789
-0.631373 1.66769
-0.631111 1.66743
-0.630879 1.6672
-0.630704 1.66702
-0.630472 1.66679
-0.630239 1.66656
-0.630065 1.66638
-0.62989 1.66621
-0.629745 1.66606
-0.629541 1.66586
-0.629338 1.66565
-0.629105 1.66542
-0.628931 1.66522
-0.628756 1.66504
-0.628524 1.66481
-0.628378 1.66467
-0.628204 1.66449
-0.627971 1.66426
-0.627797 1.66408
-0.627593 1.66388
-0.62739 1.66368
-0.627215 1.6635
-0.62707 1.66336
-0.626983 1.66327
-0.626837 1.66312
-0.626692 1.66298
-0.626518 1.66281
-0.626343 1.66263
-0.62614 1.6624
-0.625994 1.66225
-0.625878 1.66214
-0.625733 1.66199
-0.625587 1.66185
-0.625442 1.6617
-0.625325 1.66155
-0.62518 1.66141
-0.625064 1.66129
-0.624918 1.66115
-0.624773 1.66097
-0.624657 1.66086
-0.62454 1.66074
-0.624424 1.6606
-0.624308 1.66048
-0.624192 1.66033
-0.624075 1.66019
-0.623959 1.66001
-0.623843 1.65987
-0.623755 1.65975
-0.623581 1.65952
-0.623465 1.65935
-0.623378 1.65923
-0.623261 1.65905
-0.623145 1.65888
-0.623 1.65868
-0.622883 1.6585
-0.622738 1.65827
-0.622622 1.6581
-0.622476 1.65783
-0.622302 1.6576
-0.622156 1.65737
-0.622011 1.65711
-0.621837 1.65682
-0.621691 1.65658
-0.621517 1.65629
-0.621342 1.656
-0.621139 1.65562
-0.620935 1.6553
-0.62079 1.65501
-0.620586 1.65469
-0.620412 1.6544
-0.620267 1.65411
-0.620063 1.65376
-0.619889 1.65341
-0.619714 1.65307
-0.619511 1.65269
-0.619336 1.65234
-0.619133 1.65193
-0.6189 1.65147
-0.618697 1.65103
-0.618464 1.65056
-0.618231 1.65004
-0.61797 1.64952
-0.617737 1.64899
-0.617505 1.64847
-0.617272 1.64795
-0.617039 1.64742
-0.616778 1.64684
-0.616516 1.64623
-0.616196 1.64554
-0.615964 1.64498
-0.615673 1.64434
-0.615411 1.6437
-0.61512 1.64298
-0.61483 1.64225
-0.614539 1.64152
-0.61419 1.64062
-0.61387 1.63981
-0.61355 1.63891
-0.613231 1.63803
-0.612911 1.6371
-0.612591 1.63614
-0.612242 1.6351
-0.611835 1.63379
-0.611399 1.63254
-0.610963 1.63123
-0.610585 1.63001
-0.610149 1.62873
-0.609684 1.62742
-0.609218 1.62614
-0.608724 1.62492
-0.60823 1.62379
-0.607765 1.62265
-0.607212 1.62149
-0.606718 1.62039
-0.606195 1.6194
-0.6057 1.61838
-0.605177 1.6173
-0.604654 1.61629
-0.60413 1.61524
-0.603549 1.61425
-0.603055 1.61335
-0.602473 1.61236
-0.601979 1.61152
-0.601368 1.6105
-0.600874 1.60969
-0.600351 1.60887
-0.599857 1.60812
-0.599391 1.60742
-0.598926 1.60675
-0.598432 1.60608
-0.59788 1.60538
-0.597385 1.60483
-0.596746 1.60416
-0.596135 1.60355
-0.595554 1.603
-0.595001 1.60251
-0.594478 1.60204
-0.593867 1.60152
-0.593373 1.60114
-0.59285 1.6007
-0.592326 1.60032
-0.591832 1.59995
-0.591396 1.59966
-0.590931 1.59939
-0.590553 1.59919
-0.590146 1.59905
-0.589652 1.59887
-0.589215 1.59873
-0.588838 1.59864
-0.588343 1.59855
-0.587994 1.59849
-0.587616 1.59849
-0.587268 1.59846
-0.58689 1.59846
-0.586424 1.59838
-0.586046 1.59841
-0.585552 1.59835
-0.585174 1.59835
-0.584767 1.59829
-0.584389 1.59826
-0.583982 1.59823
-0.583604 1.59817
-0.583226 1.59803
-0.582965 1.59797
-0.582645 1.59782
-0.582412 1.5978
-0.582121 1.59768
-0.581802 1.59753
-0.581511 1.59739
-0.58122 1.59727
-0.580988 1.59713
-0.580726 1.59701
-0.580493 1.59687
-0.580232 1.59669
-0.579999 1.59657
-0.579766 1.5964
-0.579534 1.59623
-0.579301 1.59602
-0.579098 1.59582
-0.578923 1.59564
-0.57872 1.59544
-0.578516 1.59524
-0.578313 1.59503
-0.578138 1.59486
-0.577964 1.59468
-0.577789 1.59451
-0.577615 1.59434
-0.57747 1.59419
-0.577324 1.59402
-0.577179 1.59381
-0.577033 1.59367
-0.576917 1.59352
-0.576772 1.59332
-0.576655 1.59317
-0.57651 1.59297
-0.576423 1.59285
-0.576307 1.59268
-0.57619 1.5925
-0.576132 1.59239
-0.576016 1.59221
-0.575929 1.59204
-0.57587 1.59195
-0.575783 1.59181
-0.575667 1.5916
-0.575609 1.59149
-0.575551 1.59137
-0.575463 1.59125
-0.575405 1.59117
-0.575347 1.59108
-0.575318 1.59102
-0.575289 1.59093
-0.575231 1.59088
-0.575202 1.59082
-0.575173 1.59079
-0.575144 1.59073
-0.575085 1.59064
-0.575056 1.59061
-0.574998 1.59053
-0.574969 1.59047
-0.57494 1.59041
-0.574911 1.59035
-0.574882 1.59029
-0.574853 1.59024
-0.574824 1.59012
-0.574766 1.59003
-0.574766 1.58995
-0.574737 1.58986
-0.574708 1.58977
-0.574649 1.58965
-0.57462 1.58954
-0.574591 1.58942
-0.574533 1.58928
-0.574504 1.58913
-0.574417 1.58893
-0.574359 1.58878
-0.5743 1.58858
-0.574242 1.58838
-0.574184 1.58814
-0.574097 1.58791
-0.57401 1.58765
-0.573923 1.58739
-0.573835 1.58715
-0.573719 1.58686
-0.573632 1.58657
-0.573515 1.58628
-0.573399 1.58599
-0.573254 1.58564
-0.573108 1.58532
-0.572992 1.58497
-0.572818 1.5846
-0.572672 1.58425
-0.572498 1.58384
-0.572294 1.5834
-0.572091 1.583
-0.571916 1.58262
-0.571742 1.58221
-0.571509 1.58175
-0.571277 1.58128
-0.571102 1.58087
-0.570812 1.58032
-0.570579 1.57986
-0.570317 1.5793
-0.570056 1.57881
-0.569823 1.57832
-0.569503 1.57771
-0.569213 1.57718
-0.568922 1.57657
-0.568602 1.57599
-0.568311 1.57544
-0.56802 1.57489
-0.56773 1.57433
-0.56741 1.57372
-0.567032 1.57305
-0.566625 1.57233
-0.566247 1.57169
-0.565898 1.57111
-0.56552 1.57049
-0.565171 1.56991
-0.564793 1.56927
-0.564386 1.56861
-0.563921 1.56788
-0.563543 1.56724
-0.563107 1.56657
-0.562758 1.56602
-0.562351 1.56535
-0.561944 1.56465
-0.561479 1.56392
-0.561014 1.5632
-0.560519 1.56244
-0.560112 1.5618
-0.559647 1.5611
-0.559153 1.56038
-0.558717 1.55974
-0.558193 1.55904
-0.557699 1.55834
-0.557118 1.55762
-0.556623 1.55698
-0.556187 1.55642
-0.555577 1.55567
-0.555112 1.55511
-0.554646 1.55456
-0.554181 1.55401
-0.553658 1.5534
-0.553105 1.55279
-0.552553 1.55215
-0.551943 1.55148
-0.55139 1.55084
-0.55078 1.55017
-0.550111 1.54947
-0.549471 1.54883
-0.54889 1.54822
-0.548279 1.54761
-0.54764 1.54697
-0.547058 1.54639
-0.546535 1.54587
-0.545982 1.54532
-0.545401 1.54476
-0.544907 1.54427
-0.544412 1.5438
-0.543918 1.54334
-0.543482 1.54293
-0.54293 1.54241
-0.542464 1.54197
-0.54197 1.54151
-0.541534 1.54113
-0.541127 1.54075
-0.540691 1.54037
-0.540255 1.53997
-0.539848 1.53959
-0.539353 1.53915
-0.538917 1.53878
-0.538336 1.53822
-0.537929 1.53787
-0.537464 1.53747
-0.536998 1.537
-0.53662 1.53665
-0.536213 1.53627
-0.535835 1.5359
-0.535458 1.53555
-0.53508 1.53517
-0.534702 1.53479
-0.534324 1.53441
-0.533946 1.53404
-0.533626 1.53372
-0.533306 1.5334
-0.533044 1.53313
-0.532725 1.53281
-0.532434 1.53252
-0.532114 1.5322
-0.531794 1.53188
-0.531445 1.53154
-0.531125 1.53122
-0.530806 1.5309
-0.530515 1.53061
-0.530224 1.53031
-0.529963 1.53005
-0.529672 1.52976
-0.52941 1.5295
-0.529178 1.52927
-0.528887 1.52898
-0.528596 1.52869
-0.528393 1.52848
-0.528189 1.52828
-0.527956 1.52805
-0.527724 1.52781
-0.52752 1.52761
-0.527346 1.52744
-0.5272 1.52729
-0.527055 1.52715
-0.52691 1.527
-0.526735 1.52683
-0.52659 1.52668
-0.526415 1.52651
-0.52627 1.52636
-0.526154 1.52624
-0.526067 1.52616
-0.52595 1.52604
-0.525863 1.52595
-0.525805 1.5259
-0.525718 1.52581
-0.52566 1.52575
-0.525572 1.52563
-0.525485 1.52555
-0.525456 1.52552
-0.525398 1.52546
-0.525398 1.52543
-0.52534 1.52537
-0.52534 1.52534
-0.52534 1.52534
-0.525311 1.52531
-0.525311 1.52528
-0.525311 1.52526
-0.525311 1.52523
-0.525311 1.52523
-0.525311 1.5252
-0.525311 1.52517
-0.525311 1.52517
-0.525311 1.52511
-0.525311 1.52511
-0.525311 1.52508
-0.525311 1.52505
-0.525311 1.52502
-0.525311 1.52499
-0.525311 1.52496
-0.525311 1.52494
-0.525311 1.52488
-0.525311 1.52482
-0.525311 1.52476
-0.525311 1.52467
-0.525282 1.52456
-0.525253 1.52444
-0.525194 1.52427
-0.525165 1.52412
-0.525136 1.52401
-0.525107 1.52383
-0.525049 1.52363
-0.524991 1.52342
-0.524933 1.52319
-0.524875 1.52293
-0.524816 1.52261
-0.524729 1.5222
-0.524671 1.52182
-0.524526 1.52133
-0.524468 1.52095
-0.524409 1.52057
-0.524322 1.52014
-0.524235 1.51962
-0.524119 1.51903
-0.524002 1.51842
-0.523886 1.51778
-0.523741 1.51703
-0.523595 1.51636
-0.523479 1.51566
-0.523334 1.51493
-0.523188 1.51418
-0.523014 1.51348
-0.522839 1.51275
-0.522607 1.51188
-0.522374 1.51081
-0.522142 1.50982
-0.52188 1.50877
-0.521618 1.50775
-0.521386 1.50688
-0.521124 1.50586
-0.520862 1.50499
-0.52063 1.50415
-0.520368 1.50328
-0.520077 1.50243
-0.519845 1.50171
-0.519525 1.50086
-0.519263 1.50022
-0.518973 1.4995
-0.518653 1.4988
-0.518333 1.49816
-0.518013 1.49749
-0.517664 1.49685
-0.517373 1.49633
-0.516995 1.49575
-0.516676 1.49528
-0.516385 1.4949
-0.516123 1.49461
-0.515891 1.49438
-0.5156 1.49409
-0.51528 1.49377
-0.514989 1.49354
-0.51467 1.49322
-0.514408 1.49298
-0.514117 1.49275
-0.513855 1.49249
-0.513536 1.49226
-0.513041 1.49185
-0.512518 1.49144
-0.511995 1.49106
-0.511559 1.49077
-0.511064 1.49042
-0.510628 1.49016
-0.510163 1.48987
-0.50964 1.48952
-0.509175 1.4892
-0.508709 1.48891
-0.508273 1.48862
-0.507634 1.48816
-0.50711 1.48778
-0.506413 1.48723
-0.50586 1.48682
-0.505162 1.48624
-0.504494 1.48566
-0.503883 1.48513
-0.503273 1.48458
-0.502604 1.48397
-0.501964 1.48339
-0.501237 1.48269
-0.500598 1.48211
-0.499958 1.48153
-0.499348 1.48098
-0.498592 1.48025
-0.497952 1.47967
-0.497283 1.47906
-0.496731 1.47859
-0.49612 1.47804
-0.495539 1.47752
-0.494957 1.47699
-0.494521 1.47659
-0.494114 1.47624
-0.493678 1.47583
-0.4933 1.47551
-0.492951 1.47522
-0.492602 1.4749
-0.492253 1.47461
-0.491934 1.47432
-0.491585 1.47403
-0.491265 1.47379
-0.490858 1.47347
-0.490538 1.47321
-0.490189 1.47295
-0.48984 1.47269
-0.48955 1.47246
-0.489288 1.47228
-0.488997 1.47208
-0.488735 1.4719
-0.488503 1.47176
-0.48827 1.47158
-0.488038 1.47144
-0.487805 1.47129
-0.487631 1.47115
-0.487456 1.47103
-0.487282 1.47092
-0.487136 1.4708
-0.486991 1.47068
-0.486846 1.47057
-0.486758 1.47048
-0.486613 1.47033
-0.486526 1.47025
-0.486439 1.47016
-0.486351 1.47007
-0.486264 1.46999
-0.486177 1.4699
-0.486119 1.46984
-0.48609 1.46981
-0.486003 1.46972
-0.485973 1.4697
-0.485915 1.46964
-0.485857 1.46958
-0.485828 1.46955
-0.485799 1.46952
-0.48577 1.46949
-0.485712 1.4694
-0.485683 1.46938
-0.485654 1.46935
-0.485625 1.46929
-0.485595 1.46926
-0.485566 1.46917
-0.485537 1.46914
-0.485537 1.46911
-0.485508 1.46906
-0.485479 1.46903
-0.485479 1.469
-0.485479 1.469
-0.48545 1.46894
-0.485421 1.46891
-0.485363 1.46885
-0.485334 1.46882
-0.485305 1.46879
-0.485276 1.46876
-0.485218 1.46871
-0.485188 1.46865
-0.485159 1.46862
-0.485101 1.46853
-0.485043 1.46847
-0.484985 1.46839
-0.484898 1.46827
-0.48481 1.46818
-0.484723 1.46807
-0.484636 1.46795
-0.484549 1.46778
-0.484462 1.46766
-0.484345 1.46751
-0.484229 1.46734
-0.484055 1.46714
-0.483938 1.46696
-0.483764 1.4667
-0.483618 1.4665
-0.483444 1.46626
-0.48327 1.46603
-0.483066 1.46577
-0.482892 1.46551
-0.48263 1.46519
-0.482426 1.46493
-0.482194 1.46464
-0.481961 1.46435
-0.48167 1.464
-0.48138 1.46365
-0.48106 1.46327
-0.48074 1.46286
-0.480449 1.46251
-0.48013 1.46211
-0.47981 1.46176
-0.479461 1.46132
-0.479112 1.46091
-0.478705 1.46045
-0.47824 1.45996
-0.477862 1.45952
-0.477455 1.45905
-0.477048 1.45862
-0.476612 1.45815
-0.476088 1.4576
-0.475652 1.45716
-0.475245 1.45673
-0.474809 1.45629
-0.474315 1.45577
-0.47385 1.4553
-0.473326 1.45478
-0.472832 1.45429
-0.472367 1.45382
-0.471989 1.45344
-0.471524 1.45298
-0.471029 1.45248
-0.470564 1.45202
-0.47007 1.45152
-0.469605 1.45106
-0.46911 1.45056
-0.468674 1.45013
-0.468209 1.44966
-0.467773 1.44923
-0.467337 1.44879
-0.466843 1.4483
-0.466436 1.44789
-0.466 1.44745
-0.465651 1.44713
-0.465273 1.44676
-0.464866 1.44635
-0.464459 1.44594
-0.464081 1.44562
-0.463645 1.44519
-0.463296 1.44484
-0.462947 1.44449
-0.462598 1.44414
-0.462278 1.44382
-0.461929 1.44347
-0.461638 1.44318
-0.461348 1.44289
-0.461028 1.44257
-0.460766 1.44231
-0.460534 1.44207
-0.460243 1.44178
-0.46001 1.44155
-0.459778 1.44132
-0.459545 1.44109
-0.459342 1.44088
-0.459109 1.44065
-0.458905 1.44045
-0.458702 1.44024
-0.458469 1.44001
-0.458266 1.43981
-0.458062 1.4396
-0.45783 1.43937
-0.457684 1.43923
-0.457481 1.43902
-0.457306 1.43885
-0.457161 1.4387
-0.456987 1.43853
-0.456841 1.43838
-0.456667 1.43821
-0.456492 1.43803
-0.456289 1.43783
-0.456143 1.43768
-0.455969 1.43751
-0.455795 1.43734
-0.45562 1.43716
-0.455446 1.43699
-0.455271 1.43681
-0.455097 1.43664
-0.454922 1.43646
-0.454777 1.43632
-0.454603 1.43614
-0.454428 1.43597
-0.454283 1.43582
-0.454137 1.43568
-0.454021 1.43556
-0.453876 1.43542
-0.45373 1.43527
-0.453585 1.43513
-0.45341 1.43495
-0.453265 1.43481
-0.453091 1.43463
-0.452916 1.43446
-0.4528 1.43434
-0.452625 1.43417
-0.45248 1.43402
-0.452335 1.43388
-0.45216 1.4337
-0.452015 1.43356
-0.45187 1.43338
-0.451695 1.43321
-0.451521 1.43303
-0.451375 1.43289
-0.45123 1.43274
-0.451055 1.43257
-0.45091 1.43242
-0.450736 1.43225
-0.450532 1.43204
-0.450329 1.43184
-0.450125 1.43164
-0.449951 1.43146
-0.449747 1.43126
-0.449544 1.43106
-0.449369 1.43085
-0.449137 1.43062
-0.448933 1.43042
-0.44873 1.43021
-0.448526 1.43001
-0.448293 1.42978
-0.44809 1.42957
-0.447886 1.42937
-0.447625 1.42911
-0.447392 1.42888
-0.44716 1.42864
-0.446927 1.42838
-0.446665 1.42812
-0.446433 1.42789
-0.4462 1.42765
-0.445968 1.42742
-0.445677 1.42713
-0.445444 1.4269
-0.445183 1.42664
-0.44495 1.4264
-0.444688 1.42614
-0.444398 1.42585
-0.444136 1.42559
-0.443845 1.42527
-0.443525 1.42495
-0.443235 1.42466
-0.442915 1.42434
-0.442624 1.42405
-0.442362 1.42379
-0.442072 1.4235
-0.441752 1.42318
-0.44149 1.42291
-0.441228 1.42265
-0.440909 1.42233
-0.440647 1.42207
-0.440385 1.42181
-0.440124 1.42155
-0.439862 1.42129
-0.439629 1.42105
-0.439397 1.42082
-0.439164 1.42059
-0.438903 1.42033
-0.438699 1.42012
-0.438466 1.41989
-0.438234 1.41966
-0.438059 1.41948
-0.437885 1.41931
-0.437769 1.41919
-0.437623 1.41905
-0.437478 1.4189
-0.437333 1.41876
-0.437187 1.41861
-0.437071 1.41847
-0.436984 1.41838
-0.436867 1.41826
-0.43678 1.41818
-0.436693 1.41809
-0.436635 1.41803
-0.436577 1.41797
-0.436518 1.41791
-0.43646 1.41786
-0.436431 1.41783
-0.436431 1.41777
-0.436402 1.41774
-0.436373 1.41768
-0.436373 1.41765
-0.436373 1.41762
-0.436373 1.41759
-0.436373 1.41757
-0.436373 1.41751
-0.436373 1.41748
-0.436373 1.41742
-0.436373 1.41733
-0.436373 1.41727
-0.436373 1.41722
-0.436373 1.41713
-0.436373 1.41704
-0.436373 1.41695
-0.436373 1.41687
-0.436373 1.41678
-0.436373 1.41666
-0.436373 1.41652
-0.436373 1.41637
-0.436373 1.41623
-0.436373 1.41605
-0.436373 1.41591
-0.436373 1.4157
-0.436344 1.4155
-0.436315 1.41527
-0.436286 1.41504
-0.436257 1.4148
-0.436228 1.41454
-0.43614 1.41422
-0.436111 1.41387
-0.436024 1.41352
-0.435966 1.41315
-0.435908 1.41268
-0.435821 1.41224
-0.435733 1.41178
-0.435617 1.41126
-0.435501 1.41067
-0.435414 1.41012
-0.435297 1.40954
-0.435181 1.40893
-0.435036 1.40823
-0.434861 1.40745
-0.434687 1.4066
-0.434512 1.40576
-0.434338 1.40489
-0.434163 1.40405
-0.433989 1.40312
-0.433756 1.40207
-0.433524 1.40099
-0.433291 1.39971
-0.433 1.39852
-0.43271 1.3973
-0.432419 1.39605
-0.43207 1.39495
-0.43175 1.39375
-0.431343 1.39259
-0.431023 1.39154
-0.430616 1.3905
-0.430209 1.38933
-0.429773 1.38832
-0.429395 1.38727
-0.42893 1.38622
-0.428523 1.38518
-0.428 1.38407
-0.427535 1.38294
-0.42704 1.38186
-0.426575 1.38082
-0.42611 1.37965
-0.425587 1.37855
-0.425092 1.37738
-0.424569 1.37631
-0.424075 1.37529
-0.42358 1.37427
-0.423028 1.37326
-0.422534 1.3723
-0.42201 1.37145
-0.421487 1.3707
-0.421051 1.37009
-0.420557 1.36945
-0.420063 1.3689
-0.419539 1.36837
-0.419045 1.36791
-0.418493 1.36741
-0.417824 1.36683
-0.4173 1.36634
-0.416777 1.36593
-0.416225 1.36544
-0.415789 1.36506
-0.415353 1.36477
-0.414858 1.36439
-0.414422 1.36413
-0.413957 1.36387
-0.413579 1.36369
-0.413114 1.36346
-0.412736 1.36334
-0.412271 1.36317
-0.411805 1.36308
-0.41134 1.36302
-0.410904 1.36299
-0.410497 1.36305
-0.410061 1.36314
-0.409654 1.36314
-0.409218 1.36325
-0.408782 1.36328
-0.408375 1.36331
-0.407939 1.36337
-0.407503 1.3634
-0.407095 1.36337
-0.406688 1.36334
-0.406369 1.36337
-0.40602 1.36337
-0.405671 1.36337
-0.405293 1.36334
-0.404944 1.36334
-0.404508 1.36331
-0.40413 1.36325
-0.403723 1.3632
-0.403374 1.36317
-0.403025 1.36314
-0.402647 1.36317
-0.402211 1.36308
-0.401804 1.36305
-0.401455 1.36302
-0.401106 1.36305
-0.40067 1.36296
-0.400292 1.36294
-0.399856 1.36285
-0.39942 1.3627
-0.399042 1.36264
-0.398722 1.36253
-0.398373 1.36244
-0.398083 1.36232
-0.397763 1.36221
-0.397472 1.36209
-0.397152 1.36195
-0.396861 1.3618
-0.396513 1.36163
-0.396193 1.36145
-0.395902 1.36128
-0.395611 1.36107
-0.395262 1.36087
-0.395001 1.3607
-0.394739 1.36049
-0.394477 1.36032
-0.394216 1.36011
-0.393954 1.35991
-0.393605 1.35962
-0.393314 1.35936
-0.393024 1.3591
-0.392733 1.35881
-0.392471 1.35854
-0.39221 1.35828
-0.391919 1.35799
-0.391686 1.35776
-0.391454 1.35753
-0.39125 1.35732
-0.391018 1.35709
-0.390785 1.35686
-0.39064 1.35671
-0.390494 1.35657
-0.390378 1.35645
-0.390262 1.35631
-0.390116 1.35616
-0.39 1.35604
-0.389913 1.35596
-0.389796 1.35584
-0.389738 1.35578
-0.389651 1.3557
-0.389622 1.35567
-0.389593 1.35564
-0.389564 1.35561
-0.389535 1.35558
-0.389506 1.35555
-0.389506 1.35555
-0.389506 1.35555
-0.389506 1.35552
-0.389506 1.35552
-0.389506 1.35549
-0.389506 1.35549
-0.389535 1.35549
-0.389535 1.35549
-0.389564 1.35549
-0.389564 1.35549
-0.389564 1.35549
-0.389564 1.35546
-0.389564 1.35546
-0.389564 1.35546
-0.389564 1.35543
-0.389564 1.35543
-0.389564 1.35543
-0.389564 1.35543
-0.389564 1.3554
-0.389564 1.3554
-0.389564 1.35538
-0.389564 1.35535
-0.389564 1.35535
-0.389564 1.35535
-0.389564 1.35535
-0.389564 1.35535
-0.389564 1.35535
-0.389564 1.35532
-0.389564 1.35532
-0.389564 1.35532
-0.389564 1.35532
-0.389564 1.35532
-0.389564 1.35532
-0.389506 1.35526
-0.389477 1.35523
-0.389448 1.3552
-0.389418 1.35517
-0.389418 1.35517
-0.389389 1.35514
-0.38936 1.35511
-0.389331 1.35509
-0.389302 1.35506
-0.389273 1.35503
-0.389244 1.35497
-0.389186 1.35491
-0.389186 1.35488
-0.389157 1.35485
-0.389128 1.35479
-0.389099 1.35474
-0.389099 1.35474
-0.38904 1.35465
-0.38904 1.35462
-0.389011 1.35459
-0.388982 1.35453
-0.388953 1.3545
-0.388924 1.35447
-0.388866 1.35439
-0.388837 1.35436
-0.388808 1.35427
-0.388779 1.35424
-0.388721 1.35418
-0.388692 1.35413
-0.388633 1.35407
-0.388604 1.35404
-0.388517 1.35392
-0.388459 1.35383
-0.388372 1.35372
-0.388343 1.35366
-0.388285 1.35357
-0.388197 1.35346
-0.38811 1.35334
-0.388023 1.35322
-0.387965 1.35311
-0.387878 1.35299
-0.38779 1.35288
-0.387703 1.35276
-0.387616 1.35267
-0.3875 1.35253
-0.387412 1.35238
-0.387296 1.35224
-0.38718 1.35209
-0.387093 1.35197
-0.387005 1.35183
-0.386889 1.35171
-0.386773 1.35157
-0.386656 1.35142
-0.386511 1.35128
-0.386424 1.35116
-0.386278 1.35101
-0.386162 1.35087
-0.386046 1.35072
-0.38593 1.35058
-0.385842 1.35049
-0.385697 1.35032
-0.385552 1.35017
-0.385435 1.35006
-0.385319 1.34991
-0.385232 1.34982
-0.385115 1.34971
-0.38497 1.34953
-0.384883 1.34944
-0.384738 1.34927
-0.384563 1.3491
-0.384418 1.34895
-0.384272 1.34878
-0.384156 1.34863
-0.384011 1.34849
-0.383894 1.34837
-0.383749 1.34822
-0.383604 1.34805
-0.383487 1.34793
-0.383342 1.34776
-0.383168 1.34758
-0.383022 1.34744
-0.382819 1.34721
-0.382673 1.34706
-0.382499 1.34686
-0.382324 1.34668
-0.38215 1.34648
-0.381946 1.34628
-0.381743 1.34607
-0.381539 1.34584
-0.381307 1.34561
-0.381074 1.34537
-0.380842 1.34514
-0.380551 1.34482
-0.380289 1.34456
-0.380028 1.34427
-0.379708 1.34392
-0.379446 1.34366
-0.379155 1.34331
-0.378835 1.34299
-0.378603 1.34276
-0.378312 1.34247
-0.378021 1.34218
-0.37776 1.34189
-0.377382 1.34151
-0.377062 1.34119
-0.376742 1.34087
-0.376364 1.34049
-0.375928 1.34005
-0.37555 1.33968
-0.375114 1.33924
-0.374765 1.33889
-0.374358 1.33848
-0.373951 1.33808
-0.373573 1.3377
-0.373079 1.3372
-0.372672 1.3368
-0.372178 1.3363
-0.3718 1.33593
-0.371422 1.33555
-0.371044 1.33517
-0.370637 1.33476
-0.370171 1.3343
-0.369706 1.33383
-0.369212 1.33337
-0.368689 1.33284
-0.368253 1.33241
-0.367758 1.33191
-0.367293 1.33145
-0.366799 1.33095
-0.366305 1.33049
-0.365839 1.33002
-0.365403 1.32959
-0.364967 1.32915
-0.364531 1.32871
-0.364008 1.32819
-0.363543 1.32776
-0.363106 1.32732
-0.362728 1.32694
-0.362321 1.32653
-0.361914 1.32616
-0.361478 1.32572
-0.361013 1.32526
-0.360606 1.32485
-0.36017 1.32444
-0.359792 1.32406
-0.359385 1.32369
-0.359036 1.32334
-0.358687 1.32302
-0.358367 1.3227
-0.358018 1.32235
-0.357699 1.32209
-0.35735 1.32174
-0.35703 1.32142
-0.356739 1.32116
-0.356419 1.32084
-0.356129 1.32057
-0.355896 1.32034
-0.355605 1.32008
-0.355402 1.31988
-0.35514 1.31964
-0.354937 1.31944
-0.354675 1.31918
-0.354471 1.319
-0.354268 1.3188
-0.354093 1.31863
-0.35389 1.31845
-0.353745 1.31831
-0.353541 1.3181
-0.353425 1.31802
-0.353308 1.3179
-0.353163 1.31775
-0.353047 1.31764
-0.352901 1.31749
-0.352814 1.31741
-0.352727 1.31732
-0.352611 1.3172
-0.352553 1.31714
-0.352465 1.31706
-0.352378 1.31697
-0.35232 1.31691
-0.352233 1.31682
-0.352204 1.31679
-0.352145 1.31674
-0.352087 1.31668
-0.352058 1.31665
-0.352058 1.31665
-0.352029 1.31662
-0.352 1.31659
-0.352 1.31659
-0.351942 1.31653
-0.351942 1.31653
-0.351913 1.3165
-0.351913 1.3165
-0.351913 1.3165
-0.351913 1.3165
-0.351913 1.3165
-0.351913 1.3165
-0.351913 1.3165
-0.351913 1.3165
-0.351884 1.31647
-0.351884 1.31647
-0.351884 1.31647
-0.351884 1.31647
-0.351884 1.31647
-0.351855 1.31645
-0.351855 1.31645
-0.351855 1.31645
-0.351826 1.31642
-0.351826 1.31642
-0.351797 1.31639
-0.351797 1.31639
-0.351768 1.31636
-0.351709 1.3163
-0.351709 1.3163
-0.351651 1.31624
-0.351593 1.31618
-0.351564 1.31615
-0.351535 1.31613
-0.351477 1.31607
-0.351419 1.31601
-0.35139 1.31598
-0.351302 1.31589
-0.351244 1.31584
-0.351186 1.31578
-0.351099 1.31569
-0.351041 1.31563
-0.350924 1.31552
-0.350808 1.3154
-0.350721 1.31531
-0.350605 1.3152
-0.350488 1.31508
-0.350314 1.3149
-0.350198 1.31479
-0.350081 1.31464
-0.349907 1.31447
-0.34979 1.31435
-0.349616 1.31418
-0.349442 1.314
-0.349267 1.31383
-0.349093 1.31365
-0.348918 1.31348
-0.348715 1.31328
-0.348482 1.31304
-0.348279 1.31284
-0.347988 1.31255
-0.347755 1.31232
-0.347523 1.31208
-0.347261 1.31182
-0.346999 1.31156
-0.346738 1.3113
-0.346447 1.31101
-0.346185 1.31075
-0.345807 1.31037
-0.345458 1.31002
-0.34508 1.30964
-0.344703 1.30926
-0.344383 1.30894
-0.344005 1.30857
-0.343627 1.30819
-0.343191 1.30775
-0.342784 1.30735
-0.342318 1.30688
-0.341853 1.30642
-0.341475 1.30604
-0.341068 1.30563
-0.340719 1.30528
-0.340283 1.30485
-0.339934 1.3045
-0.339556 1.30412
-0.339178 1.30374
-0.33883 1.30339
-0.338423 1.30298
-0.338015 1.30258
-0.337667 1.30223
-0.337318 1.30188
-0.33694 1.3015
-0.336591 1.30115
-0.336213 1.30077
-0.335835 1.3004
-0.335428 1.29999
-0.33505 1.29961
-0.334672 1.29923
-0.334294 1.29886
-0.333829 1.29839
-0.333451 1.29801
-0.333073 1.29763
-0.332695 1.29729
-0.33223 1.29682
-0.331852 1.29644
-0.331503 1.29609
-0.331125 1.29574
-0.330747 1.29537
-0.330427 1.29505
-0.330107 1.29476
-0.329817 1.29447
-0.329439 1.29415
-0.329177 1.29388
-0.328886 1.29362
-0.328595 1.29333
-0.328305 1.29307
-0.328043 1.29281
-0.327781 1.29258
-0.327578 1.29237
-0.327316 1.29211
-0.327113 1.29194
-0.326938 1.29176
-0.326735 1.29156
-0.326531 1.29138
-0.326299 1.29115
-0.326124 1.29101
-0.32595 1.29083
-0.325775 1.29069
-0.325601 1.29051
-0.325397 1.29031
-0.325281 1.29022
-0.325107 1.29005
-0.324961 1.2899
-0.324758 1.2897
-0.324641 1.28958
-0.324525 1.28946
-0.32438 1.28935
-0.324263 1.28923
-0.324176 1.28915
-0.32406 1.28903
-0.323944 1.28891
-0.323856 1.28883
-0.32374 1.28871
-0.323624 1.28859
-0.323508 1.28848
-0.323391 1.28836
-0.323275 1.28824
-0.323159 1.28813
-0.323042 1.28801
-0.322926 1.28789
-0.32281 1.28778
-0.322723 1.28769
-0.322606 1.28758
-0.32249 1.28746
-0.322403 1.28737
-0.322286 1.28726
-0.32217 1.28714
-0.322083 1.28705
-0.321967 1.28694
-0.321879 1.28685
-0.321763 1.28673
-0.321647 1.28662
-0.32153 1.2865
-0.321414 1.28638
-0.321298 1.28627
-0.321182 1.28615
-0.321094 1.28606
-0.321007 1.28598
-0.32092 1.28589
-0.320804 1.28577
-0.320716 1.28569
-0.3206 1.28557
-0.320455 1.28542
-0.320309 1.28528
-0.320193 1.28516
-0.320077 1.28505
-0.31996 1.28493
-0.319844 1.28481
-0.319728 1.2847
-0.319612 1.28458
-0.319466 1.28444
-0.31935 1.28432
-0.319234 1.2842
-0.319146 1.28412
-0.31903 1.284
-0.318885 1.28385
-0.318768 1.28374
-0.318681 1.28365
-0.318565 1.28353
-0.318449 1.28342
-0.318332 1.2833
-0.318216 1.28318
-0.3181 1.28307
-0.317925 1.28289
-0.317838 1.28281
-0.317722 1.28269
-0.317605 1.28257
-0.317489 1.28246
-0.317402 1.28237
-0.317286 1.28225
-0.317169 1.28214
-0.317082 1.28205
-0.316966 1.28193
-0.316879 1.28185
-0.316791 1.28176
-0.316675 1.28164
-0.316559 1.28153
-0.316443 1.28141
-0.316384 1.28135
-0.316297 1.28127
-0.316181 1.28115
-0.316094 1.28106
-0.315977 1.28095
-0.315861 1.28083
-0.315774 1.28074
-0.315658 1.28063
-0.31557 1.28054
-0.315483 1.28045
-0.315367 1.28034
-0.31528 1.28025
-0.315163 1.28013
-0.315018 1.27999
-0.314873 1.27984
-0.314756 1.27973
-0.314553 1.27952
-0.314436 1.27941
-0.314349 1.27932
-0.314233 1.2792
-0.314175 1.27914
-0.314058 1.27903
-0.313971 1.27894
-0.313884 1.27885
-0.313797 1.27877
-0.313651 1.27862
-0.313506 1.27847
-0.313361 1.27833
-0.313215 1.27818
-0.31307 1.27804
-0.312925 1.27789
-0.312808 1.27778
-0.312663 1.27763
-0.312518 1.27749
-0.312343 1.27731
-0.312198 1.27717
-0.312023 1.27699
-0.311878 1.27685
-0.311733 1.2767
-0.311558 1.27653
-0.311413 1.27638
-0.311238 1.27621
-0.311093 1.27606
-0.310948 1.27592
-0.310744 1.27571
-0.310599 1.27557
-0.310395 1.27536
-0.310221 1.27519
-0.310075 1.27504
-0.309872 1.27484
-0.309697 1.27467
-0.309494 1.27446
-0.309348 1.27432
-0.309145 1.27411
-0.30897 1.27394
-0.308767 1.27374
-0.308563 1.27353
-0.308418 1.27339
-0.308185 1.27315
-0.308011 1.27298
-0.307749 1.27272
-0.307575 1.27254
-0.3074 1.27237
-0.307197 1.27217
-0.306993 1.27196
-0.306819 1.27179
-0.306586 1.27156
-0.306383 1.27135
-0.306179 1.27115
-0.305918 1.27089
-0.305714 1.27068
-0.305482 1.27045
-0.305249 1.27022
-0.305045 1.27001
-0.304755 1.26972
-0.304551 1.26952
-0.304319 1.26929
-0.304115 1.26908
-0.303824 1.26879
-0.303563 1.26853
-0.303272 1.26824
-0.302981 1.26795
-0.302778 1.26775
-0.302545 1.26751
-0.302342 1.26731
-0.302138 1.26711
-0.301905 1.26687
-0.301673 1.26664
-0.30144 1.26641
-0.301208 1.26618
-0.300975 1.26594
-0.300743 1.26571
-0.30051 1.26548
-0.300248 1.26522
-0.299987 1.26496
-0.299754 1.26472
-0.299492 1.26446
-0.299289 1.26426
-0.299027 1.264
-0.298765 1.26373
-0.298562 1.26353
-0.2983 1.26327
-0.29801 1.26298
-0.297748 1.26272
-0.297515 1.26248
-0.297225 1.26219
-0.296992 1.26196
-0.29673 1.2617
-0.29644 1.26141
-0.29612 1.26109
-0.295858 1.26083
-0.295567 1.26054
-0.295277 1.26025
-0.295015 1.25998
-0.294724 1.25969
-0.294433 1.2594
-0.294172 1.25914
-0.293881 1.25885
-0.29359 1.25856
-0.29327 1.25824
-0.293009 1.25798
-0.292689 1.25766
-0.292398 1.25737
-0.292108 1.25708
-0.291817 1.25679
-0.291497 1.25647
-0.291177 1.25615
-0.290828 1.2558
-0.290538 1.25551
-0.290218 1.25519
-0.289927 1.2549
-0.289636 1.25466
-0.289345 1.25437
-0.289055 1.25411
-0.288793 1.25385
-0.288444 1.25353
-0.288153 1.25327
-0.287892 1.25304
-0.287601 1.25274
-0.28731 1.25248
-0.287049 1.25225
-0.286758 1.25199
-0.286496 1.25176
-0.286264 1.25155
-0.285973 1.25132
-0.285682 1.25106
-0.285479 1.25085
-0.285246 1.25065
-0.285013 1.25045
-0.28481 1.25027
-0.284577 1.25004
-0.284374 1.2499
-0.284199 1.24972
-0.283996 1.24958
-0.283792 1.24937
-0.283647 1.24926
-0.283473 1.24914
-0.283269 1.24896
-0.283124 1.24885
-0.283007 1.24876
-0.282862 1.24862
-0.282746 1.24853
-0.2826 1.24838
-0.282484 1.2483
-0.282397 1.24821
-0.28228 1.24809
-0.282193 1.24803
-0.282106 1.24795
-0.282048 1.24789
-0.281961 1.2478
-0.281903 1.24774
-0.281844 1.24769
-0.281815 1.24766
-0.281786 1.24763
-0.281728 1.24757
-0.281728 1.24757
-0.28167 1.24751
-0.28167 1.24751
-0.281641 1.24748
-0.281641 1.24748
-0.281612 1.24745
-0.281612 1.24745
-0.281612 1.24745
-0.281612 1.24745
-0.281612 1.24745
-0.281612 1.24745
-0.281612 1.24745
-0.281612 1.24745
-0.281612 1.24745
-0.281612 1.24745
-0.281612 1.24745
-0.281612 1.24745
-0.281612 1.24745
-0.281612 1.24745
-0.281612 1.24745
-0.281612 1.24745
-0.281583 1.24742
-0.281583 1.24742
-0.281583 1.24742
-0.281554 1.24739
-0.281554 1.24739
-0.281525 1.24737
-0.281525 1.24737
-0.281495 1.24734
-0.281466 1.24731
-0.281466 1.24731
-0.281437 1.24728
-0.281408 1.24725
-0.28135 1.24719
-0.281321 1.24716
-0.281292 1.24713
-0.281263 1.2471
-0.281234 1.24707
-0.281205 1.24705
-0.281176 1.24702
-0.281118 1.24696
-0.281088 1.24693
-0.281001 1.24684
-0.280972 1.24681
-0.280914 1.24676
-0.280856 1.2467
-0.280798 1.24664
-0.28071 1.24655
-0.280652 1.24649
-0.280565 1.24641
-0.280449 1.24629
-0.280362 1.2462
-0.280216 1.24603
-0.280129 1.24591
-0.279984 1.24577
-0.279867 1.24565
-0.279722 1.2455
-0.279577 1.24536
-0.27946 1.24524
-0.279315 1.2451
-0.27917 1.24495
-0.278966 1.24475
-0.278792 1.24457
-0.278588 1.24437
-0.278385 1.24417
-0.27821 1.24399
-0.278007 1.24379
-0.277774 1.24356
-0.277541 1.24332
-0.277309 1.24309
-0.277076 1.24286
-0.276873 1.24266
-0.27664 1.24242
-0.276378 1.24216
-0.276088 1.24187
-0.275826 1.24161
-0.275593 1.24138
-0.275332 1.24111
-0.275041 1.24082
-0.274779 1.24056
-0.274489 1.24027
-0.274169 1.23995
-0.273849 1.23963
-0.273471 1.23925
-0.273122 1.23891
-0.272773 1.23856
-0.272337 1.23812
-0.27193 1.23771
-0.271523 1.23731
-0.271087 1.23687
-0.270622 1.2364
-0.270244 1.23603
-0.269808 1.23559
-0.269372 1.23515
-0.268935 1.23472
-0.268499 1.23428
-0.267976 1.23376
-0.267424 1.23321
-0.266929 1.23271
-0.266406 1.23219
-0.265941 1.23172
-0.265447 1.23123
-0.26501 1.23079
-0.264633 1.23042
-0.264255 1.23004
-0.263848 1.22966
-0.263411 1.22922
-0.263004 1.22882
-0.262539 1.22835
-0.262132 1.22794
-0.261725 1.22754
-0.261231 1.22707
-0.260853 1.22669
-0.260388 1.22623
-0.259981 1.22582
-0.259574 1.22544
-0.259225 1.22509
-0.258818 1.22472
-0.258411 1.22431
-0.258033 1.22396
-0.257684 1.22364
-0.257277 1.22323
-0.256899 1.22291
-0.256521 1.22257
-0.256172 1.22225
-0.255823 1.22193
-0.255416 1.22155
-0.255125 1.22129
-0.254805 1.221
-0.254515 1.22073
-0.254224 1.22047
-0.253933 1.22018
-0.253672 1.21995
-0.25341 1.21969
-0.253148 1.21948
-0.252916 1.21925
-0.252654 1.21899
-0.25245 1.21881
-0.252218 1.21858
-0.252014 1.21838
-0.251811 1.2182
-0.251636 1.21803
-0.251462 1.21786
-0.251317 1.21774
-0.251142 1.21756
-0.250997 1.21742
-0.250851 1.21727
-0.250677 1.21713
-0.250561 1.21701
-0.250444 1.21693
-0.250328 1.21681
-0.250212 1.21669
-0.250095 1.21658
-0.250008 1.21652
-0.249892 1.2164
-0.249805 1.21631
-0.249718 1.21623
-0.249659 1.21617
-0.249572 1.21611
-0.249514 1.21605
-0.249485 1.21602
-0.249427 1.21597
-0.249369 1.21594
-0.249281 1.21585
-0.249252 1.21582
-0.249223 1.21579
-0.249194 1.21576
-0.249194 1.21576
-0.249165 1.21573
-0.249165 1.21573
-0.249165 1.21573
-0.249165 1.21573
-0.249165 1.21573
-0.249136 1.2157
-0.249136 1.2157
-0.249136 1.2157
-0.249136 1.2157
-0.249136 1.2157
-0.249136 1.2157
-0.249136 1.2157
-0.249136 1.2157
-0.249136 1.2157
-0.249136 1.2157
-0.249136 1.2157
-0.249136 1.2157
-0.249107 1.21567
-0.249107 1.21567
-0.249107 1.21567
-0.249078 1.21565
-0.249078 1.21565
-0.249049 1.21562
-0.249049 1.21562
-0.249049 1.21562
-0.24902 1.21559
-0.248991 1.21556
-0.248962 1.21553
-0.248933 1.2155
-0.248903 1.21547
-0.248903 1.21547
-0.248874 1.21544
-0.248845 1.21541
-0.248816 1.21538
-0.248758 1.21533
-0.248729 1.2153
-0.2487 1.21527
-0.248642 1.21521
-0.248613 1.21518
-0.248584 1.21515
-0.248525 1.21509
-0.248467 1.21504
-0.248409 1.21498
-0.248351 1.21492
-0.248293 1.21486
-0.248206 1.21477
-0.248118 1.21469
-0.248031 1.2146
-0.247944 1.21451
-0.247857 1.21442
-0.24777 1.21434
-0.247653 1.21422
-0.247566 1.21413
-0.24745 1.21402
-0.247333 1.2139
-0.247217 1.21379
-0.247072 1.21364
-0.246926 1.21349
-0.24681 1.21338
-0.246636 1.2132
-0.24649 1.21306
-0.246316 1.21288
-0.246112 1.21268
-0.245851 1.21242
-0.245531 1.2121
-0.24524 1.21181
-0.244949 1.21152
-0.244542 1.21111
-0.244193 1.21076
-0.243815 1.21038
-0.243408 1.20998
-0.243001 1.20957
-0.242565 1.20913
-0.2421 1.20867
-0.241606 1.20817
-0.241141 1.20771
-0.240675 1.20724
-0.240181 1.20675
-0.239658 1.20623
-0.239193 1.20576
-0.238757 1.20532
-0.238233 1.2048
-0.23771 1.20428
-0.237128 1.2037
-0.236605 1.20317
-0.236082 1.20265
-0.235588 1.20216
-0.235093 1.20166
-0.23457 1.20114
-0.234134 1.2007
-0.23361 1.20018
-0.233116 1.19968
-0.232622 1.19919
-0.232128 1.1987
-0.231721 1.19829
-0.231285 1.19785
-0.230819 1.19739
-0.230412 1.19698
-0.229976 1.19654
-0.229598 1.1962
-0.22922 1.19582
-0.228871 1.19547
-0.228552 1.19515
-0.22829 1.19489
-0.227999 1.1946
-0.227738 1.19433
-0.227534 1.19413
-0.22736 1.19396
-0.227243 1.19384
-0.227156 1.19375
-0.22704 1.19364
-0.226953 1.19355
-0.226865 1.19346
-0.226807 1.1934
-0.226749 1.19335
-0.226691 1.19329
-0.226633 1.19323
-0.226604 1.1932
-0.226575 1.19317
-0.226545 1.19314
-0.226545 1.19314
-0.226545 1.19314
-0.226545 1.19314
-0.226545 1.19314
-0.226545 1.19314
-0.226545 1.19314
-0.226545 1.19314
-0.226545 1.19314
-0.226575 1.19317
-0.226575 1.19317
-0.226575 1.19317
-0.226575 1.19317
-0.226575 1.19317
-0.226575 1.19317
-0.226575 1.19317
-0.226575 1.19317
-0.226575 1.19317
-0.226575 1.19317
-0.226575 1.19317
-0.226575 1.19317
-0.226575 1.19317
-0.226545 1.19314
-0.226545 1.19314
-0.226545 1.19314
-0.226516 1.19311
-0.226516 1.19311
-0.226487 1.19308
-0.226458 1.19306
-0.226429 1.19303
-0.2264 1.193
