angle_1 angle_2
-0.986338 2.24757
-0.986338 2.24757
-0.986338 2.24757
-0.986338 2.24757
-0.986338 2.2476
-0.986338 2.24763
-0.986309 2.24766
-0.986309 2.24769
-0.98628 2.24772
-0.986251 2.24778
-0.986222 2.24783
-0.986193 2.24789
-0.986135 2.24789
-0.986048 2.24789
-0.98596 2.24789
-0.985902 2.24789
-0.985815 2.24789
-0.985699 2.24786
-0.985611 2.24783
-0.985495 2.2478
-0.985379 2.24778
-0.985292 2.2478
-0.985175 2.24778
-0.985001 2.24775
-0.984826 2.24772
-0.984594 2.24772
-0.98439 2.24772
-0.984158 2.24769
-0.983983 2.24772
-0.98378 2.24769
-0.983634 2.24775
-0.983431 2.24775
-0.983256 2.24778
-0.983053 2.2478
-0.982849 2.24778
-0.982646 2.2478
-0.982413 2.24778
-0.98221 2.2478
-0.981948 2.24775
-0.981745 2.24778
-0.981512 2.24775
-0.981279 2.24775
-0.98093 2.24775
-0.980582 2.24772
-0.980175 2.24772
-0.979768 2.24763
-0.97936 2.24766
-0.978895 2.24769
-0.978401 2.24769
-0.977878 2.24769
-0.977383 2.24766
-0.976889 2.24775
-0.976279 2.24772
-0.975901 2.24772
-0.975465 2.24772
-0.975028 2.24766
-0.974621 2.24763
-0.974214 2.24757
-0.973807 2.24754
-0.973371 2.24754
-0.972906 2.24746
-0.97247 2.24743
-0.972034 2.2474
-0.971598 2.24737
-0.971133 2.24734
-0.970725 2.24737
-0.970289 2.24737
-0.969853 2.24734
-0.969475 2.24743
-0.969068 2.24743
-0.96869 2.24746
-0.968341 2.24748
-0.967963 2.24748
-0.967585 2.24748
-0.967237 2.24746
-0.966859 2.24743
-0.966539 2.2474
-0.966161 2.24734
-0.965841 2.24728
-0.965521 2.24716
-0.965201 2.24705
-0.964911 2.24693
-0.964649 2.24682
-0.964416 2.24667
-0.964184 2.24653
-0.96398 2.24638
-0.963806 2.24621
-0.963631 2.24606
-0.963457 2.24589
-0.963341 2.24577
-0.963224 2.24565
-0.963137 2.24557
-0.963021 2.24545
-0.962963 2.24539
-0.962934 2.24536
-0.962934 2.24536
-0.962934 2.24536
-0.962934 2.24536
-0.962934 2.24536
-0.962934 2.24536
-0.962934 2.24536
-0.962934 2.24536
-0.962963 2.24539
-0.962992 2.24539
-0.96305 2.24545
-0.963108 2.24551
-0.963166 2.24557
-0.963253 2.24562
-0.963341 2.24571
-0.96337 2.24574
-0.963428 2.24577
-0.963457 2.2458
-0.963515 2.24586
-0.963544 2.24589
-0.963602 2.24591
-0.963631 2.24594
-0.96366 2.24597
-0.96369 2.246
-0.96369 2.246
-0.963719 2.24603
-0.963719 2.24603
-0.963719 2.24603
-0.963719 2.24603
-0.963719 2.24603
-0.963719 2.246
-0.963719 2.246
-0.963719 2.246
-0.963719 2.246
-0.963719 2.246
-0.963719 2.246
-0.963719 2.246
-0.963719 2.246
-0.963719 2.246
-0.963719 2.246
-0.963719 2.246
-0.963719 2.246
-0.963719 2.246
-0.963719 2.246
-0.963719 2.246
-0.963719 2.246
-0.963719 2.246
-0.963719 2.24597
-0.963719 2.24597
-0.963719 2.24597
-0.963719 2.24594
-0.963719 2.24594
-0.963719 2.24594
-0.963719 2.24594
-0.963719 2.24594
-0.963719 2.24594
-0.963719 2.24594
-0.963719 2.24591
-0.963719 2.24589
-0.963719 2.24589
-0.963719 2.24589
-0.963719 2.24589
-0.963719 2.24589
-0.963719 2.24589
-0.963719 2.24589
-0.963719 2.24589
-0.963719 2.24589
-0.963719 2.24589
-0.963719 2.24589
-0.963719 2.24589
-0.963719 2.24589
-0.963719 2.24589
-0.963719 2.24589
-0.963719 2.24589
-0.963719 2.24589
-0.963719 2.24589
-0.963719 2.24589
-0.963719 2.24589
-0.963719 2.24589
-0.963719 2.24589
-0.963719 2.24589
-0.963719 2.24589
-0.963719 2.24589
-0.963719 2.24589
-0.963719 2.24589
-0.963719 2.24589
-0.963719 2.24589
-0.963719 2.24589
-0.963719 2.24589
-0.963719 2.24589
-0.963719 2.24589
-0.963719 2.24589
-0.963719 2.24589
-0.963719 2.24589
-0.963719 2.24589
-0.963719 2.24586
-0.963719 2.24586
-0.963719 2.24586
-0.963719 2.24586
-0.963719 2.24586
-0.963719 2.24586
-0.963719 2.24586
-0.963719 2.24583
-0.963719 2.24583
-0.963719 2.24583
-0.963719 2.2458
-0.963719 2.2458
-0.963719 2.24577
-0.963719 2.24574
-0.963719 2.24574
-0.963719 2.24571
-0.963719 2.24568
-0.963719 2.24568
-0.963719 2.24565
-0.963719 2.24562
-0.963719 2.24557
-0.963719 2.24554
-0.963719 2.24554
-0.963719 2.24551
-0.963719 2.24548
-0.963719 2.24545
-0.963719 2.24542
-0.963719 2.24539
-0.963719 2.24536
-0.963719 2.24533
-0.963719 2.2453
-0.963719 2.24525
-0.963719 2.24525
-0.963719 2.24522
-0.963719 2.24522
-0.963719 2.24522
-0.963719 2.24519
-0.963719 2.24519
-0.963719 2.24519
-0.963719 2.24516
-0.963719 2.24513
-0.963719 2.24513
-0.963719 2.2451
-0.963719 2.24507
-0.963719 2.24504
-0.963719 2.24501
-0.963719 2.24498
-0.963719 2.24493
-0.963719 2.2449
-0.963719 2.24487
-0.963719 2.24481
-0.963719 2.24478
-0.963719 2.24472
-0.963719 2.24466
-0.963719 2.24458
-0.963719 2.24452
-0.963719 2.2444
-0.963719 2.24434
-0.963719 2.2442
-0.963719 2.24408
-0.963719 2.24397
-0.963719 2.24388
-0.963719 2.24379
-0.963719 2.24371
-0.963719 2.24362
-0.963719 2.24353
-0.963748 2.24344
-0.963748 2.24333
-0.963748 2.24324
-0.963777 2.24318
-0.963777 2.24312
-0.963806 2.24304
-0.963806 2.24295
-0.963806 2.24286
-0.963835 2.24283
-0.963835 2.24275
-0.963864 2.24269
-0.963864 2.24263
-0.963893 2.24257
-0.963922 2.24254
-0.963922 2.24248
-0.963951 2.24245
-0.96398 2.24243
-0.96398 2.24237
-0.964009 2.24231
-0.964038 2.24228
-0.964068 2.24225
-0.964097 2.24222
-0.964126 2.24219
-0.964155 2.24216
-0.964155 2.24211
-0.964184 2.24211
-0.964242 2.24211
-0.964242 2.24205
-0.964271 2.24205
-0.9643 2.24202
-0.9643 2.24196
-0.964329 2.24193
-0.964329 2.24187
-0.964358 2.24182
-0.964387 2.24179
-0.964416 2.24173
-0.964445 2.24167
-0.964445 2.24158
-0.964475 2.24152
-0.964504 2.24147
-0.964533 2.24144
-0.964562 2.24135
-0.964591 2.24132
-0.96462 2.24126
-0.96462 2.24118
-0.964649 2.24112
-0.964707 2.24109
-0.964736 2.24103
-0.964765 2.24094
-0.964794 2.24091
-0.964823 2.24083
-0.964882 2.2408
-0.964882 2.24059
-0.964969 2.24057
-0.964998 2.24048
-0.965056 2.24042
-0.965114 2.24036
-0.965143 2.24025
-0.965201 2.24016
-0.96526 2.2401
-0.965289 2.24001
-0.965347 2.23998
-0.965405 2.2399
-0.965434 2.23981
-0.965521 2.23978
-0.965579 2.23972
-0.965608 2.23963
-0.965667 2.23955
-0.965725 2.23946
-0.965783 2.23937
-0.96587 2.23931
-0.965928 2.2392
-0.966015 2.23914
-0.966074 2.23905
-0.966132 2.23897
-0.966219 2.23882
-0.966335 2.23873
-0.966423 2.23856
-0.966539 2.23847
-0.966655 2.23836
-0.966713 2.23827
-0.9668 2.23818
-0.966888 2.23809
-0.966975 2.23801
-0.967033 2.23789
-0.96712 2.2378
-0.967208 2.23772
-0.967295 2.2376
-0.967353 2.23748
-0.967469 2.2374
-0.967556 2.23725
-0.967615 2.23708
-0.967702 2.2369
-0.967818 2.23681
-0.967876 2.23661
-0.967963 2.23644
-0.968051 2.23626
-0.968138 2.23609
-0.968225 2.23591
-0.968312 2.23571
-0.9684 2.23551
-0.968487 2.23527
-0.968603 2.23507
-0.96869 2.23484
-0.968778 2.23458
-0.968865 2.23429
-0.968952 2.23399
-0.969039 2.23367
-0.969155 2.23327
-0.969272 2.23286
-0.969359 2.23248
-0.969475 2.23205
-0.969563 2.23161
-0.969679 2.23126
-0.969795 2.23091
-0.969853 2.23048
-0.96997 2.23004
-0.970086 2.22963
-0.970173 2.22911
-0.97026 2.22859
-0.970377 2.22798
-0.970464 2.22707
-0.97058 2.22632
-0.970667 2.2255
-0.970784 2.22475
-0.970871 2.22391
-0.970958 2.223
-0.971074 2.22207
-0.971191 2.22138
-0.971278 2.22062
-0.971365 2.21972
-0.971481 2.21893
-0.971598 2.21809
-0.971714 2.21728
-0.971801 2.21649
-0.971888 2.21579
-0.971947 2.21515
-0.972005 2.21454
-0.972063 2.21376
-0.972063 2.21309
-0.972092 2.21236
-0.972092 2.21161
-0.972092 2.21062
-0.972092 2.20969
-0.972092 2.20873
-0.972063 2.20765
-0.972005 2.20664
-0.971947 2.20547
-0.971859 2.20428
-0.971743 2.20326
-0.971685 2.20233
-0.971627 2.20126
-0.971569 2.20038
-0.971569 2.19948
-0.97151 2.19861
-0.97151 2.19797
-0.97151 2.19733
-0.97151 2.19681
-0.97151 2.19634
-0.97151 2.19602
-0.97151 2.1957
-0.97151 2.19544
-0.97151 2.19515
-0.97151 2.19486
-0.97151 2.19466
-0.97151 2.19445
-0.97151 2.19425
-0.97151 2.1941
-0.97151 2.19396
-0.971452 2.19376
-0.971452 2.19364
-0.971394 2.19349
-0.971307 2.19335
-0.971249 2.19326
-0.971133 2.19315
-0.971045 2.19306
-0.970958 2.19297
-0.970929 2.19294
-0.970871 2.19291
-0.970755 2.1928
-0.970667 2.19274
-0.970609 2.19268
-0.970551 2.19262
-0.970464 2.19253
-0.970435 2.19253
-0.970377 2.19248
-0.970348 2.19245
-0.970289 2.19239
-0.97026 2.19236
-0.970231 2.19233
-0.970202 2.1923
-0.970173 2.19227
-0.970173 2.19227
-0.970144 2.19224
-0.970144 2.19224
-0.970144 2.19224
-0.970144 2.19224
-0.970144 2.19224
-0.970144 2.19224
-0.970144 2.19224
-0.970144 2.19224
-0.970144 2.19224
-0.970144 2.19224
-0.970144 2.19224
-0.970144 2.19224
-0.970144 2.19224
-0.970144 2.19224
-0.970144 2.19224
-0.970144 2.19224
-0.970144 2.19224
-0.970144 2.19224
-0.970144 2.19224
-0.970144 2.19224
-0.970144 2.19224
-0.970144 2.19224
-0.970144 2.19224
-0.970144 2.19224
-0.970144 2.19224
-0.970144 2.19224
-0.970144 2.19224
-0.970144 2.19224
-0.970144 2.19224
-0.970144 2.19221
-0.970144 2.19221
-0.970144 2.19221
-0.970144 2.19219
-0.970144 2.19216
-0.970144 2.1921
-0.970144 2.19207
-0.970144 2.19204
-0.970144 2.19201
-0.970144 2.19195
-0.970144 2.1919
-0.970144 2.19187
-0.970173 2.19184
-0.970173 2.19178
-0.970173 2.19175
-0.970173 2.19172
-0.970173 2.19172
-0.970173 2.19172
-0.970173 2.19172
-0.970173 2.19172
-0.970173 2.19172
-0.970173 2.19169
-0.970173 2.19169
-0.970173 2.19169
-0.970173 2.19169
-0.970173 2.19169
-0.970173 2.19169
-0.970173 2.19169
-0.970173 2.19166
-0.970173 2.19163
-0.970173 2.19163
-0.970173 2.19158
-0.970173 2.19152
-0.970173 2.19143
-0.970173 2.19137
-0.970173 2.19128
-0.970173 2.19123
-0.970173 2.19114
-0.970173 2.19105
-0.970173 2.19096
-0.970173 2.19088
-0.970173 2.19076
-0.970173 2.19067
-0.970173 2.19059
-0.970173 2.1905
-0.970173 2.19044
-0.970173 2.19038
-0.970173 2.19033
-0.970173 2.19027
-0.970202 2.19021
-0.970202 2.19015
-0.970202 2.19009
-0.970202 2.19003
-0.970202 2.18998
-0.970202 2.18989
-0.970202 2.18983
-0.970202 2.18971
-0.970202 2.18963
-0.970202 2.18951
-0.970202 2.18942
-0.970202 2.18931
-0.970202 2.18916
-0.970202 2.18902
-0.970202 2.1889
-0.970202 2.18876
-0.970202 2.18858
-0.970202 2.18841
-0.970202 2.18826
-0.970202 2.18806
-0.970202 2.18785
-0.970202 2.18759
-0.970202 2.18736
-0.970202 2.18707
-0.970202 2.18681
-0.970231 2.18657
-0.970231 2.18623
-0.970231 2.18585
-0.97026 2.18556
-0.97026 2.18518
-0.97026 2.1848
-0.970289 2.18442
-0.970289 2.18399
-0.970289 2.18361
-0.970318 2.1832
-0.970318 2.18277
-0.970318 2.18227
-0.970377 2.18186
-0.970377 2.18131
-0.970377 2.18061
-0.970406 2.18003
-0.970406 2.17948
-0.970406 2.17893
-0.970406 2.17835
-0.970435 2.17771
-0.970435 2.17707
-0.970464 2.17637
-0.970464 2.17553
-0.970464 2.17465
-0.970493 2.17369
-0.970493 2.17279
-0.970493 2.17198
-0.970493 2.17111
-0.970522 2.17026
-0.970522 2.16939
-0.970522 2.16849
-0.970551 2.16765
-0.970551 2.16683
-0.970551 2.16602
-0.970551 2.16503
-0.970551 2.16404
-0.970551 2.16311
-0.970551 2.16221
-0.970551 2.16151
-0.970551 2.16073
-0.970551 2.15988
-0.970551 2.15916
-0.970551 2.15834
-0.970551 2.15762
-0.970551 2.15677
-0.970493 2.15573
-0.970435 2.15474
-0.970348 2.1536
-0.970289 2.15265
-0.970231 2.15166
-0.970173 2.15064
-0.970115 2.14971
-0.970115 2.14884
-0.970086 2.1477
-0.970057 2.1468
-0.970057 2.14593
-0.970057 2.14526
-0.970057 2.14474
-0.970057 2.14421
-0.970057 2.14386
-0.970057 2.14354
-0.970057 2.14331
-0.970086 2.14311
-0.970086 2.14296
-0.970086 2.14279
-0.970086 2.14261
-0.970086 2.1425
-0.970086 2.14238
-0.970086 2.14229
-0.970086 2.14227
-0.970086 2.14224
-0.970086 2.14224
-0.970028 2.14218
-0.969999 2.14215
-0.969911 2.14206
-0.969824 2.14197
-0.969766 2.14192
-0.969737 2.14192
-0.969679 2.14186
-0.969679 2.14186
-0.96965 2.14183
-0.969621 2.1418
-0.969592 2.14177
-0.969592 2.1418
-0.969533 2.14174
-0.969533 2.14174
-0.969533 2.14174
-0.969504 2.14171
-0.969504 2.14171
-0.969504 2.14171
-0.969504 2.14171
-0.969504 2.14171
-0.969504 2.14171
-0.969504 2.14171
-0.969504 2.14171
-0.969504 2.14171
-0.969504 2.14171
-0.969504 2.14171
-0.969504 2.14168
-0.969504 2.14168
-0.969504 2.14168
-0.969504 2.14168
-0.969504 2.14168
-0.969504 2.14166
-0.969504 2.14166
-0.969504 2.14166
-0.969504 2.14166
-0.969504 2.14166
-0.969504 2.14166
-0.969504 2.14166
-0.969504 2.14166
-0.969504 2.14166
-0.969504 2.14163
-0.969504 2.14163
-0.969504 2.14163
-0.969504 2.14163
-0.969504 2.14157
-0.969504 2.14157
-0.969504 2.14154
-0.969504 2.14151
-0.969504 2.14148
-0.969504 2.14142
-0.969504 2.14139
-0.969504 2.14134
-0.969504 2.14125
-0.969504 2.14119
-0.969504 2.14113
-0.969504 2.14107
-0.969533 2.14102
-0.969533 2.14093
-0.969533 2.14087
-0.969533 2.14078
-0.969533 2.14072
-0.969533 2.1407
-0.969533 2.14064
-0.969533 2.14061
-0.969533 2.14058
-0.969533 2.14058
-0.969533 2.14058
-0.969533 2.14058
-0.969533 2.14058
-0.969533 2.14058
-0.969533 2.14058
-0.969533 2.14058
-0.969533 2.14055
-0.969533 2.14055
-0.969533 2.14055
-0.969533 2.14052
-0.969533 2.14052
-0.969533 2.14049
-0.969533 2.14046
-0.969533 2.1404
-0.969533 2.14032
-0.969533 2.14026
-0.969533 2.14017
-0.969533 2.14009
-0.969533 2.13997
-0.969533 2.13991
-0.969533 2.13979
-0.969533 2.13971
-0.969533 2.13959
-0.969533 2.13947
-0.969533 2.13939
-0.969563 2.13927
-0.969563 2.13915
-0.969563 2.13904
-0.969563 2.13889
-0.969563 2.13878
-0.969563 2.13866
-0.969563 2.13857
-0.969563 2.13846
-0.969563 2.13834
-0.969563 2.13822
-0.969563 2.13814
-0.969563 2.13802
-0.969563 2.1379
-0.969563 2.13776
-0.969563 2.13767
-0.969563 2.13756
-0.969563 2.13741
-0.969563 2.13732
-0.969563 2.13721
-0.969563 2.13706
-0.969563 2.13692
-0.969563 2.13677
-0.969563 2.13663
-0.969563 2.13645
-0.969563 2.13631
-0.969563 2.13613
-0.969563 2.13599
-0.969563 2.13581
-0.969563 2.13564
-0.969563 2.13546
-0.969563 2.13529
-0.969563 2.13508
-0.969563 2.13488
-0.969563 2.13468
-0.969563 2.13444
-0.969563 2.13421
-0.969563 2.13398
-0.969563 2.13375
-0.969563 2.13349
-0.969563 2.13322
-0.969563 2.13299
-0.969563 2.13273
-0.969563 2.1325
-0.969563 2.13218
-0.969563 2.13189
-0.969563 2.13154
-0.969563 2.13122
-0.969563 2.1309
-0.969563 2.13052
-0.969563 2.1302
-0.969563 2.12979
-0.969563 2.12933
-0.969563 2.12889
-0.969563 2.12843
-0.969563 2.12784
-0.969563 2.12732
-0.969563 2.12674
-0.969563 2.12613
-0.969563 2.12549
-0.969563 2.12497
-0.969563 2.12441
-0.969563 2.12383
-0.969563 2.12325
-0.969563 2.12261
-0.969592 2.12186
-0.969592 2.1209
-0.969592 2.12008
-0.969592 2.11904
-0.969592 2.11816
-0.969621 2.11735
-0.969621 2.11633
-0.969621 2.11531
-0.969621 2.11441
-0.969621 2.11357
-0.96965 2.1127
-0.96965 2.11188
-0.96965 2.11101
-0.96965 2.11011
-0.96965 2.10932
-0.96965 2.1086
-0.96965 2.10787
-0.96965 2.1072
-0.96965 2.10653
-0.96965 2.10589
-0.96965 2.10525
-0.96965 2.10459
-0.96965 2.10392
-0.969621 2.10322
-0.969621 2.10249
-0.969592 2.10177
-0.969592 2.10104
-0.969533 2.10022
-0.969504 2.09944
-0.969475 2.09863
-0.969446 2.09781
-0.969388 2.09697
-0.969388 2.09618
-0.969359 2.09537
-0.969359 2.09467
-0.969359 2.094
-0.969359 2.09339
-0.969359 2.09281
-0.969359 2.09232
-0.969359 2.09185
-0.969359 2.09144
-0.969359 2.09112
-0.969359 2.0908
-0.969359 2.09048
-0.969359 2.09011
-0.969359 2.08973
-0.969359 2.08944
-0.969359 2.08921
-0.969359 2.08903
-0.969359 2.08889
-0.969359 2.08874
-0.969359 2.08862
-0.969359 2.08859
-0.96933 2.08857
-0.969272 2.08851
-0.969185 2.08845
-0.969097 2.08839
-0.96901 2.0883
-0.968981 2.08833
-0.968952 2.08833
-0.968923 2.0883
-0.968865 2.08828
-0.968836 2.08825
-0.968807 2.08822
-0.968778 2.08822
-0.968748 2.08819
-0.968719 2.08816
-0.968719 2.08816
-0.968719 2.08816
-0.96869 2.08813
-0.96869 2.08813
-0.96869 2.08813
-0.96869 2.08813
-0.96869 2.08813
-0.96869 2.08813
-0.96869 2.08813
-0.96869 2.08813
-0.96869 2.0881
-0.96869 2.0881
-0.96869 2.0881
-0.96869 2.0881
-0.96869 2.0881
-0.96869 2.08807
-0.96869 2.08807
-0.96869 2.08807
-0.96869 2.08807
-0.96869 2.08807
-0.96869 2.08807
-0.96869 2.08807
-0.96869 2.08807
-0.96869 2.08807
-0.96869 2.08807
-0.96869 2.08807
-0.96869 2.08807
-0.96869 2.08804
-0.968661 2.08801
-0.968661 2.08801
-0.968661 2.08801
-0.968661 2.08798
-0.968661 2.08796
-0.968661 2.08796
-0.968661 2.08793
-0.968661 2.0879
-0.968661 2.08787
-0.968661 2.08784
-0.968661 2.08784
-0.968661 2.08778
-0.968661 2.08775
-0.968661 2.08772
-0.968661 2.08769
-0.968661 2.08764
-0.968661 2.08761
-0.968661 2.08758
-0.968661 2.08752
-0.968661 2.08752
-0.968661 2.08749
-0.968661 2.08746
-0.968661 2.08743
-0.968661 2.08743
-0.968661 2.08743
-0.968661 2.08743
-0.968661 2.08743
-0.968661 2.08743
-0.968661 2.08743
-0.968661 2.08743
-0.968661 2.0874
-0.968661 2.0874
-0.968661 2.0874
-0.968661 2.0874
-0.968661 2.08737
-0.968661 2.08734
-0.968661 2.08729
-0.968661 2.08726
-0.968661 2.0872
-0.968661 2.08711
-0.968661 2.08702
-0.968661 2.08691
-0.968661 2.08679
-0.968661 2.08671
-0.968661 2.08662
-0.968661 2.0865
-0.968661 2.08641
-0.968661 2.08633
-0.968661 2.08621
-0.968661 2.08612
-0.968661 2.08601
-0.968661 2.08592
-0.968661 2.08583
-0.968661 2.08572
-0.968661 2.08563
-0.968661 2.08551
-0.968661 2.08537
-0.968661 2.08522
-0.968661 2.08508
-0.968661 2.0849
-0.968661 2.08476
-0.968661 2.08455
-0.968661 2.08441
-0.968661 2.0842
-0.968661 2.08403
-0.968661 2.08386
-0.968661 2.08371
-0.968661 2.08351
-0.968661 2.0833
-0.968661 2.0831
-0.968661 2.0829
-0.968661 2.08266
-0.968661 2.08243
-0.968661 2.08223
-0.968661 2.08197
-0.968661 2.08165
-0.968661 2.08138
-0.968661 2.08109
-0.968661 2.0808
-0.968661 2.08045
-0.968661 2.08013
-0.968661 2.07981
-0.968661 2.07947
-0.968661 2.07912
-0.968661 2.07877
-0.96869 2.07839
-0.96869 2.07804
-0.96869 2.07766
-0.96869 2.0772
-0.96869 2.07679
-0.96869 2.0763
-0.96869 2.07589
-0.96869 2.07542
-0.96869 2.07476
-0.96869 2.07406
-0.96869 2.07339
-0.96869 2.07272
-0.96869 2.07199
-0.96869 2.07124
-0.96869 2.07031
-0.96869 2.06944
-0.96869 2.06848
-0.96869 2.06749
-0.96869 2.06659
-0.96869 2.06554
-0.96869 2.06435
-0.96869 2.0633
-0.96869 2.06208
-0.96869 2.06115
-0.96869 2.06019
-0.96869 2.0592
-0.96869 2.0583
-0.96869 2.05737
-0.96869 2.05656
-0.96869 2.05589
-0.96869 2.05525
-0.96869 2.05461
-0.96869 2.054
-0.96869 2.05339
-0.96869 2.05269
-0.96869 2.05193
-0.96869 2.05109
-0.96869 2.05025
-0.968661 2.0494
-0.968661 2.04841
-0.968603 2.04754
-0.968545 2.04661
-0.968487 2.04571
-0.968458 2.0449
-0.968429 2.04408
-0.9684 2.04327
-0.9684 2.04248
-0.9684 2.04187
-0.9684 2.04115
-0.9684 2.04045
-0.9684 2.03981
-0.9684 2.03931
-0.9684 2.03888
-0.9684 2.03847
-0.9684 2.03818
-0.9684 2.03789
-0.9684 2.03766
-0.9684 2.03742
-0.9684 2.03719
-0.9684 2.03702
-0.9684 2.03684
-0.9684 2.03673
-0.9684 2.03661
-0.9684 2.03652
-0.9684 2.03647
-0.9684 2.03644
-0.9684 2.03644
-0.96837 2.03641
-0.968341 2.03641
-0.968283 2.03635
-0.968196 2.03629
-0.968167 2.03629
-0.968138 2.03626
-0.968109 2.03626
-0.96808 2.03623
-0.968051 2.03623
-0.968022 2.0362
-0.967993 2.03617
-0.967963 2.03617
-0.967934 2.03615
-0.967905 2.03612
-0.967876 2.03609
-0.967847 2.03606
-0.967847 2.03606
-0.967818 2.03603
-0.967818 2.03603
-0.967818 2.03603
-0.967789 2.036
-0.967789 2.036
-0.967789 2.036
-0.967789 2.036
-0.967789 2.036
-0.967789 2.036
-0.967789 2.036
-0.967789 2.036
-0.967789 2.036
-0.967789 2.03597
-0.967789 2.03597
-0.967789 2.03594
-0.967789 2.03591
-0.967789 2.03591
-0.967789 2.03588
-0.967789 2.03588
-0.967789 2.03588
-0.967789 2.03588
-0.967789 2.03588
-0.967789 2.03588
-0.967789 2.03588
-0.967789 2.03588
-0.967789 2.03588
-0.967789 2.03588
-0.967789 2.03588
-0.967789 2.03588
-0.967789 2.03588
-0.967789 2.03588
-0.967789 2.03588
-0.967789 2.03588
-0.967789 2.03588
-0.967789 2.03588
-0.967789 2.03588
-0.967789 2.03588
-0.967789 2.03585
-0.967789 2.03585
-0.967789 2.03583
-0.967789 2.0358
-0.967789 2.03574
-0.967789 2.03568
-0.967789 2.03556
-0.967789 2.03548
-0.967789 2.03536
-0.967818 2.03524
-0.967818 2.03516
-0.967818 2.03504
-0.967818 2.03492
-0.967818 2.03481
-0.967818 2.03475
-0.967818 2.03469
-0.967818 2.03463
-0.967818 2.03458
-0.967818 2.03455
-0.967818 2.03452
-0.967818 2.03449
-0.967818 2.03446
-0.967818 2.03443
-0.967818 2.0344
-0.967818 2.03437
-0.967818 2.03431
-0.967818 2.03426
-0.967818 2.03417
-0.967818 2.03411
-0.967818 2.03405
-0.967818 2.03394
-0.967818 2.03385
-0.967818 2.03376
-0.967818 2.03362
-0.967818 2.0335
-0.967818 2.03341
-0.967818 2.03327
-0.967818 2.03315
-0.967818 2.03301
-0.967818 2.03286
-0.967818 2.03274
-0.967818 2.0326
-0.967818 2.03245
-0.967818 2.03231
-0.967818 2.03216
-0.967818 2.03202
-0.967818 2.03184
-0.967818 2.03173
-0.967818 2.03155
-0.967818 2.03138
-0.967818 2.0312
-0.967818 2.03103
-0.967818 2.03082
-0.967818 2.03065
-0.967818 2.03048
-0.967818 2.03024
-0.967818 2.02995
-0.967818 2.02975
-0.967818 2.02949
-0.967818 2.02923
-0.967818 2.02899
-0.967818 2.02864
-0.967818 2.02841
-0.967818 2.02812
-0.967818 2.02783
-0.967818 2.02751
-0.967818 2.02716
-0.967818 2.02678
-0.967818 2.02641
-0.967818 2.02603
-0.967818 2.02565
-0.967818 2.02518
-0.967818 2.02481
-0.967818 2.02434
-0.967818 2.02388
-0.967818 2.02338
-0.967818 2.02286
-0.967818 2.02228
-0.967818 2.0217
-0.967818 2.02111
-0.967818 2.02053
-0.967818 2.02001
-0.967818 2.01937
-0.967818 2.01885
-0.967818 2.01821
-0.967818 2.01757
-0.967818 2.01699
-0.967818 2.01637
-0.967818 2.01576
-0.967818 2.0151
-0.967818 2.01425
-0.967818 2.01347
-0.967818 2.01251
-0.967818 2.01161
-0.967818 2.01056
-0.967818 2.00951
-0.967818 2.00858
-0.967818 2.00768
-0.967818 2.00687
-0.967818 2.00614
-0.967818 2.00538
-0.967818 2.00463
-0.967818 2.00399
-0.967818 2.00338
-0.967818 2.00277
-0.967818 2.00222
-0.967818 2.00166
-0.967818 2.00114
-0.967818 2.00062
-0.967818 2.00009
-0.967818 1.9996
-0.967818 1.99908
-0.967818 1.99852
-0.967789 1.99797
-0.967789 1.99745
-0.967789 1.9969
-0.96776 1.99634
-0.967731 1.99579
-0.967702 1.99518
-0.967673 1.9946
-0.967673 1.99408
-0.967644 1.99349
-0.967644 1.99282
-0.967644 1.99221
-0.967644 1.99169
-0.967644 1.99114
-0.967644 1.99073
-0.967644 1.9903
-0.967644 1.98995
-0.967644 1.9896
-0.967644 1.98934
-0.967644 1.9891
-0.967644 1.98893
-0.967644 1.98878
-0.967644 1.98864
-0.967644 1.98855
-0.967644 1.98843
-0.967644 1.98832
-0.967644 1.98823
-0.967644 1.98809
-0.967644 1.98797
-0.967644 1.98785
-0.967644 1.98774
-0.967644 1.98762
-0.967644 1.98753
-0.967644 1.98745
-0.967644 1.98742
-0.967644 1.98739
-0.967644 1.98739
-0.967644 1.98739
-0.967585 1.98733
-0.967585 1.98733
-0.967556 1.9873
-0.967556 1.9873
-0.967556 1.9873
-0.967556 1.9873
-0.967556 1.9873
-0.967556 1.9873
-0.967556 1.9873
-0.967556 1.98727
-0.967556 1.98727
-0.967556 1.98721
-0.967556 1.98721
-0.967556 1.98718
-0.967556 1.98716
-0.967556 1.98716
-0.967556 1.98713
-0.967556 1.9871
-0.967556 1.9871
-0.967556 1.98707
-0.967556 1.98704
-0.967556 1.98701
-0.967556 1.98695
-0.967556 1.98689
-0.967556 1.98684
-0.967556 1.98672
-0.967556 1.98666
-0.967556 1.98657
-0.967556 1.98649
-0.967556 1.98643
-0.967556 1.98637
-0.967556 1.98634
-0.967556 1.98628
-0.967556 1.98625
-0.967556 1.98623
-0.967556 1.98614
-0.967556 1.98611
-0.967556 1.98608
-0.967556 1.98602
-0.967556 1.98593
-0.967556 1.98588
-0.967556 1.98579
-0.967556 1.9857
-0.967556 1.98561
-0.967556 1.9855
-0.967556 1.98535
-0.967556 1.98521
-0.967556 1.98506
-0.967556 1.98489
-0.967556 1.98474
-0.967556 1.9846
-0.967556 1.98442
-0.967556 1.98428
-0.967556 1.98413
-0.967556 1.98396
-0.967556 1.98378
-0.967556 1.98358
-0.967556 1.98338
-0.967556 1.98314
-0.967556 1.98291
-0.967556 1.98268
-0.967556 1.98242
-0.967556 1.98221
-0.967556 1.98198
-0.967556 1.98175
-0.967556 1.98154
-0.967556 1.98134
-0.967556 1.98117
-0.967556 1.98099
-0.967556 1.98079
-0.967556 1.98061
-0.967556 1.98044
-0.967556 1.98026
-0.967556 1.98009
-0.967556 1.97992
-0.967556 1.97974
-0.967556 1.9796
-0.967556 1.97942
-0.967556 1.97925
-0.967556 1.97907
-0.967556 1.97893
-0.967556 1.97875
-0.967556 1.97858
-0.967556 1.97843
-0.967556 1.97826
-0.967556 1.97811
-0.967556 1.97797
-0.967556 1.97782
-0.967556 1.97768
-0.967556 1.97747
-0.967556 1.9773
-0.967556 1.97712
-0.967556 1.97698
-0.967556 1.97681
-0.967556 1.97663
-0.967556 1.97646
-0.967556 1.97631
-0.967556 1.97614
-0.967556 1.97593
-0.967556 1.97576
-0.967556 1.97561
-0.967556 1.97544
-0.967556 1.97526
-0.967556 1.97509
-0.967556 1.97492
-0.967556 1.97468
-0.967556 1.97445
-0.967556 1.97428
-0.967556 1.97407
-0.967556 1.97384
-0.967556 1.97361
-0.967556 1.9734
-0.967556 1.97311
-0.967556 1.97291
-0.967556 1.97259
-0.967556 1.9723
-0.967556 1.97195
-0.967556 1.97154
-0.967556 1.97119
-0.967556 1.97087
-0.967556 1.9705
-0.967556 1.97006
-0.967556 1.96968
-0.967556 1.96925
-0.967556 1.96869
-0.967556 1.9682
-0.967556 1.96765
-0.967556 1.96712
-0.967556 1.96666
-0.967556 1.96619
-0.967556 1.96567
-0.967556 1.96509
-0.967556 1.96439
-0.967556 1.96375
-0.967556 1.96311
-0.967556 1.96244
-0.967556 1.96172
-0.967556 1.96099
-0.967556 1.96015
-0.967556 1.95927
-0.967556 1.95846
-0.967556 1.95767
-0.967556 1.95692
-0.967556 1.95602
-0.967556 1.95517
-0.967556 1.95436
-0.967556 1.95363
-0.967556 1.95282
-0.967556 1.95198
-0.967556 1.95119
-0.967556 1.95043
-0.967556 1.94968
-0.967556 1.94898
-0.967556 1.94823
-0.967556 1.9477
-0.967556 1.94718
-0.967556 1.94651
-0.967527 1.94599
-0.967498 1.94532
-0.967469 1.94471
-0.967411 1.94413
-0.967382 1.94357
-0.967353 1.94305
-0.967353 1.94256
-0.967324 1.94203
-0.967266 1.94154
-0.967266 1.94113
-0.967237 1.94072
-0.967237 1.94038
-0.967208 1.94003
-0.967208 1.93971
-0.967208 1.93944
-0.967208 1.93921
-0.967208 1.93898
-0.967208 1.93881
-0.967208 1.93866
-0.967208 1.93849
-0.967208 1.93837
-0.967208 1.93825
-0.967208 1.93817
-0.967208 1.93808
-0.967208 1.93799
-0.967208 1.93793
-0.967208 1.93785
-0.967208 1.93776
-0.967208 1.9377
-0.967208 1.93764
-0.967208 1.93758
-0.967208 1.93753
-0.967208 1.93753
-0.967208 1.9375
-0.967208 1.9375
-0.967208 1.9375
-0.967208 1.9375
-0.967208 1.9375
-0.967208 1.9375
-0.967208 1.9375
-0.967208 1.9375
-0.967208 1.9375
-0.967208 1.9375
-0.967208 1.9375
-0.967208 1.9375
-0.967208 1.9375
-0.967208 1.9375
-0.967208 1.9375
-0.967208 1.9375
-0.967208 1.93747
-0.967208 1.93747
-0.967208 1.93744
-0.967208 1.93744
-0.967208 1.93738
-0.967208 1.93735
-0.967208 1.93729
-0.967208 1.93721
-0.967208 1.93715
-0.967208 1.93703
-0.967208 1.93694
-0.967208 1.93683
-0.967208 1.93668
-0.967208 1.93657
-0.967208 1.93645
-0.967208 1.9363
-0.967208 1.93616
-0.967208 1.93599
-0.967208 1.93584
-0.967208 1.93567
-0.967208 1.93546
-0.967208 1.93526
-0.967208 1.93505
-0.967208 1.93482
-0.967208 1.93459
-0.967208 1.93439
-0.967208 1.93418
-0.967208 1.9338
-0.967208 1.93357
-0.967208 1.93325
-0.967208 1.93296
-0.967208 1.93264
-0.967208 1.93235
-0.967208 1.93209
-0.967208 1.93177
-0.967208 1.93145
-0.967208 1.93119
-0.967208 1.93093
-0.967208 1.93066
-0.967208 1.9304
-0.967208 1.93014
-0.967208 1.92985
-0.967208 1.92956
-0.967208 1.92933
-0.967208 1.92907
-0.967208 1.92875
-0.967208 1.92845
-0.967208 1.92814
-0.967208 1.92787
-0.967208 1.92761
-0.967208 1.92732
-0.967208 1.92709
-0.967208 1.92688
-0.967208 1.92665
-0.967208 1.92648
-0.967208 1.92633
-0.967208 1.92616
-0.967208 1.92601
-0.967208 1.92587
-0.967208 1.92575
-0.967208 1.92561
-0.967208 1.92546
-0.967208 1.92534
-0.967208 1.92523
-0.967208 1.92514
-0.967208 1.92505
-0.967208 1.925
-0.967208 1.92491
-0.967208 1.92482
-0.967208 1.92476
-0.967208 1.92473
-0.967208 1.9247
-0.967208 1.92468
-0.967208 1.92465
-0.967208 1.92465
-0.967208 1.92465
-0.967208 1.92462
-0.967208 1.92462
-0.967208 1.92462
-0.967208 1.92462
-0.967208 1.92462
-0.967208 1.92462
-0.967208 1.92462
-0.967208 1.92462
-0.967208 1.92459
-0.967208 1.92456
-0.967208 1.92453
-0.967208 1.92453
-0.967208 1.9245
-0.967208 1.92447
-0.967208 1.92441
-0.967208 1.92436
-0.967208 1.92433
-0.967208 1.92424
-0.967208 1.92415
-0.967208 1.92406
-0.967208 1.92398
-0.967208 1.92389
-0.967208 1.92377
-0.967208 1.92369
-0.967208 1.92357
-0.967208 1.92343
-0.967208 1.92328
-0.967208 1.92316
-0.967208 1.92293
-0.967208 1.92279
-0.967208 1.92258
-0.967208 1.92238
-0.967208 1.92212
-0.967208 1.92188
-0.967208 1.92159
-0.967208 1.9213
-0.967208 1.92098
-0.967208 1.92069
-0.967208 1.92034
-0.967208 1.91988
-0.967208 1.9195
-0.967208 1.91903
-0.967208 1.9186
-0.967208 1.9181
-0.967208 1.91764
-0.967208 1.91697
-0.967208 1.91639
-0.967208 1.91584
-0.967208 1.91511
-0.967208 1.91438
-0.967208 1.91357
-0.967208 1.91273
-0.967208 1.91191
-0.967208 1.91121
-0.967208 1.91043
-0.967208 1.90961
-0.967208 1.90877
-0.967208 1.90793
-0.967208 1.90706
-0.967208 1.90613
-0.967208 1.90522
-0.967208 1.90424
-0.967208 1.90319
-0.967208 1.90208
-0.967208 1.90113
-0.967208 1.90022
-0.967208 1.89932
-0.967208 1.89842
-0.967208 1.89737
-0.967208 1.89642
-0.967208 1.89557
-0.967208 1.89476
-0.967208 1.8938
-0.967208 1.89293
-0.967208 1.89203
-0.967208 1.89104
-0.967208 1.89005
-0.967208 1.88894
-0.967208 1.8879
-0.967178 1.88688
-0.967178 1.88586
-0.967149 1.88452
-0.96712 1.8833
-0.967091 1.88217
-0.967091 1.88104
-0.967062 1.87987
-0.967062 1.87897
-0.967062 1.87807
-0.967062 1.87731
-0.967062 1.87662
-0.967062 1.87615
-0.967062 1.87577
-0.967062 1.87537
-0.967062 1.87502
-0.967062 1.8747
-0.967062 1.87438
-0.967062 1.87409
-0.967062 1.8738
-0.967062 1.87353
-0.967062 1.87324
-0.967062 1.87287
-0.967062 1.8726
-0.967033 1.87234
-0.967033 1.8722
-0.966975 1.87211
-0.966917 1.87205
-0.966859 1.87202
-0.96683 1.87202
-0.966771 1.87196
-0.966742 1.87196
-0.966713 1.87196
-0.966655 1.87196
-0.966597 1.87193
-0.96651 1.87191
-0.966393 1.87188
-0.966335 1.87188
-0.966248 1.87185
-0.966132 1.87179
-0.966045 1.87176
-0.965928 1.87173
-0.965812 1.87173
-0.965696 1.87167
-0.965608 1.87164
-0.965521 1.87164
-0.965405 1.87159
-0.965318 1.87159
-0.96523 1.87156
-0.965172 1.87156
-0.965114 1.87156
-0.964998 1.87144
-0.96494 1.87138
-0.964911 1.87135
-0.964882 1.8713
-0.964853 1.87127
-0.964823 1.87124
-0.964823 1.87124
-0.964823 1.87124
-0.964823 1.87124
-0.964823 1.87124
-0.964823 1.87124
-0.964823 1.87124
-0.964823 1.87121
-0.964823 1.87121
-0.964823 1.87118
-0.964823 1.87118
-0.964823 1.87118
-0.964823 1.87115
-0.964823 1.87115
-0.964823 1.87112
-0.964823 1.87112
-0.964823 1.87112
-0.964823 1.87109
-0.964823 1.87109
-0.964823 1.87109
-0.964823 1.87109
-0.964823 1.87109
-0.964823 1.87109
-0.964823 1.87109
-0.964823 1.87109
-0.964823 1.87109
-0.964823 1.87103
-0.964823 1.871
-0.964823 1.87098
-0.964823 1.87095
-0.964823 1.87092
-0.964823 1.87089
-0.964823 1.87086
-0.964823 1.87083
-0.964823 1.87083
-0.964823 1.8708
-0.964823 1.8708
-0.964823 1.87077
-0.964823 1.87077
-0.964823 1.87074
-0.964823 1.87074
-0.964823 1.87074
-0.964823 1.87074
-0.964823 1.87074
-0.964823 1.87074
-0.964823 1.87068
-0.964823 1.87066
-0.964823 1.87063
-0.964823 1.87054
-0.964823 1.87051
-0.964823 1.87048
-0.964823 1.87045
-0.964823 1.87042
-0.964823 1.87036
-0.964823 1.87034
-0.964823 1.87028
-0.964823 1.87025
-0.964823 1.87019
-0.964823 1.87013
-0.964823 1.87005
-0.964823 1.86999
-0.964823 1.86993
-0.964823 1.86984
-0.964823 1.86973
-0.964823 1.86967
-0.964823 1.86955
-0.964823 1.86949
-0.964823 1.86938
-0.964823 1.86929
-0.964823 1.86917
-0.964823 1.86906
-0.964823 1.86894
-0.964823 1.86882
-0.964823 1.86865
-0.964823 1.86848
-0.964823 1.86824
-0.964823 1.86801
-0.964823 1.86775
-0.964823 1.86752
-0.964823 1.86725
-0.964823 1.86702
-0.964823 1.8667
-0.964823 1.86641
-0.964823 1.86612
-0.964823 1.86577
-0.964823 1.86536
-0.964823 1.86496
-0.964823 1.86449
-0.964823 1.86408
-0.964823 1.86368
-0.964823 1.86315
-0.964823 1.8626
-0.964823 1.86208
-0.964823 1.86156
-0.964823 1.86089
-0.964823 1.86025
-0.964823 1.85969
-0.964823 1.85917
-0.964823 1.85856
-0.964823 1.85798
-0.964823 1.85728
-0.964823 1.85644
-0.964823 1.85562
-0.964823 1.85446
-0.964823 1.8535
-0.964823 1.85243
-0.964823 1.85138
-0.964823 1.85025
-0.964823 1.84911
-0.964823 1.84786
-0.964823 1.8469
-0.964823 1.84577
-0.964823 1.84484
-0.964823 1.8437
-0.964823 1.84286
-0.964823 1.84202
-0.964823 1.84103
-0.964823 1.8401
-0.964823 1.83923
-0.964823 1.8383
-0.964823 1.83739
-0.964823 1.83646
-0.964823 1.8353
-0.964823 1.83417
-0.964823 1.83315
-0.964823 1.83225
-0.964823 1.83126
-0.964823 1.83004
-0.964823 1.82902
-0.964823 1.82786
-0.964823 1.82664
-0.964823 1.82553
-0.964823 1.82463
-0.964823 1.82393
-0.964823 1.82335
-0.964823 1.82283
-0.964823 1.82239
-0.964823 1.82199
-0.964823 1.82164
-0.964823 1.82129
-0.964823 1.82103
-0.964823 1.82076
-0.964823 1.82053
-0.964823 1.8203
-0.964823 1.8201
-0.964823 1.81992
-0.964823 1.81972
-0.964823 1.81957
-0.964823 1.81943
-0.964823 1.81931
-0.964823 1.81919
-0.964823 1.81914
-0.964823 1.81908
-0.964823 1.81908
-0.964823 1.81908
-0.964794 1.81905
-0.964794 1.81908
-0.964765 1.81905
-0.964678 1.81896
-0.964649 1.81896
-0.96462 1.81893
-0.964591 1.81893
-0.964533 1.8189
-0.964475 1.8189
-0.964387 1.81885
-0.964329 1.81885
-0.964242 1.81879
-0.964155 1.81876
-0.964097 1.81876
-0.964009 1.8187
-0.963922 1.81867
-0.963835 1.81864
-0.963719 1.81858
-0.963631 1.81855
-0.963544 1.81853
-0.963428 1.81847
-0.963312 1.81844
-0.963224 1.81841
-0.963137 1.81838
-0.96305 1.81829
-0.962992 1.81824
-0.962963 1.81821
-0.962934 1.81815
-0.962934 1.81815
-0.962905 1.81812
-0.962905 1.81812
-0.962905 1.81809
-0.962905 1.81809
-0.962905 1.81806
-0.962905 1.81803
-0.962905 1.818
-0.962905 1.818
-0.962905 1.81794
-0.962905 1.81794
-0.962905 1.81794
-0.962905 1.81794
-0.962905 1.81794
-0.962905 1.81792
-0.962905 1.81792
-0.962905 1.81792
-0.962905 1.81792
-0.962905 1.81792
-0.962905 1.81792
-0.962905 1.81792
-0.962905 1.81792
-0.962905 1.81792
-0.962905 1.81792
-0.962905 1.81789
-0.962905 1.81786
-0.962905 1.81786
-0.962905 1.8178
-0.962905 1.81777
-0.962905 1.81777
-0.962905 1.81774
-0.962905 1.81771
-0.962905 1.81771
-0.962905 1.81768
-0.962905 1.81765
-0.962934 1.81765
-0.962934 1.81762
-0.962934 1.8176
-0.962934 1.8176
-0.962934 1.81757
-0.962934 1.81757
-0.962934 1.81754
-0.962934 1.81751
-0.962934 1.81748
-0.962934 1.81745
-0.962934 1.81742
-0.962934 1.81739
-0.962934 1.81736
-0.962934 1.8173
-0.962934 1.81725
-0.962934 1.81719
-0.962934 1.81713
-0.962934 1.81707
-0.962934 1.81698
-0.962934 1.81696
-0.962934 1.81684
-0.962934 1.81678
-0.962934 1.81669
-0.962934 1.81661
-0.962934 1.81652
-0.962934 1.81643
-0.962934 1.81632
-0.962934 1.8162
-0.962934 1.81611
-0.962934 1.816
-0.962934 1.81585
-0.962934 1.81571
-0.962934 1.81559
-0.962934 1.81544
-0.962934 1.8153
-0.962934 1.81512
-0.962934 1.81495
-0.962934 1.81475
-0.962934 1.81451
-0.962934 1.81431
-0.962934 1.81405
-0.962934 1.81379
-0.962934 1.81353
-0.962934 1.81321
-0.962934 1.81289
-0.962934 1.81257
-0.962934 1.81222
-0.962934 1.81187
-0.962934 1.81146
-0.962934 1.81094
-0.962934 1.81041
-0.962934 1.8098
-0.962934 1.80919
-0.962934 1.80855
-0.962934 1.80788
-0.962934 1.80719
-0.962934 1.80646
-0.962934 1.8057
-0.962934 1.80492
-0.962934 1.80405
-0.962934 1.80317
-0.962934 1.80222
-0.962934 1.80126
-0.962934 1.80033
-0.962934 1.79948
-0.962934 1.79838
-0.962934 1.7973
-0.962934 1.7962
-0.962934 1.795
-0.962934 1.79413
-0.962934 1.7932
-0.962934 1.79227
-0.962934 1.79123
-0.962934 1.79018
-0.962934 1.78931
-0.962934 1.78846
-0.962934 1.78771
-0.962934 1.78698
-0.962934 1.78614
-0.962934 1.78535
-0.962934 1.78451
-0.962934 1.78358
-0.962934 1.78262
-0.962934 1.78157
-0.962934 1.78044
-0.962934 1.77939
-0.962934 1.77835
-0.962905 1.77736
-0.962905 1.77631
-0.962905 1.77532
-0.962905 1.77422
-0.962905 1.77317
-0.962905 1.77212
-0.962875 1.77105
-0.962875 1.77018
-0.962875 1.76942
-0.962875 1.76872
-0.962875 1.76811
-0.962875 1.76759
-0.962875 1.76712
-0.962875 1.76669
-0.962875 1.76634
-0.962846 1.76599
-0.962846 1.7657
-0.962846 1.76541
-0.962846 1.76509
-0.962846 1.76483
-0.962846 1.76456
-0.962846 1.76433
-0.962846 1.76407
-0.962846 1.76384
-0.962846 1.7636
-0.962846 1.7634
-0.962846 1.76326
-0.962846 1.76311
-0.962846 1.76299
-0.962817 1.76291
-0.962788 1.76279
-0.96273 1.7627
-0.962701 1.76267
-0.962672 1.76265
-0.962672 1.76265
-0.962614 1.76262
-0.962556 1.76256
-0.962498 1.76256
-0.962381 1.76247
-0.962323 1.76244
-0.962207 1.76241
-0.962149 1.76238
-0.962003 1.7623
-0.961887 1.76227
-0.961742 1.76218
-0.961625 1.76218
-0.96148 1.76212
-0.961305 1.76203
-0.96116 1.76201
-0.961044 1.76192
-0.960957 1.76183
-0.960869 1.76174
-0.960753 1.76163
-0.960724 1.7616
-0.960695 1.76157
-0.960666 1.76154
-0.960637 1.76151
-0.960637 1.76151
-0.960608 1.76148
-0.960608 1.76148
-0.960579 1.76145
-0.960579 1.76145
-0.960579 1.76145
-0.960579 1.76145
-0.960579 1.76145
-0.960579 1.76145
-0.960579 1.76142
-0.960579 1.76142
-0.960579 1.76142
-0.960579 1.76142
-0.960579 1.7614
-0.960579 1.7614
-0.960579 1.7614
-0.960579 1.76137
-0.960579 1.76137
-0.960579 1.76137
-0.960579 1.76137
-0.960579 1.76137
-0.960579 1.76134
-0.960579 1.76134
-0.960579 1.76134
-0.960579 1.76131
-0.960579 1.76131
-0.960579 1.76128
-0.960579 1.76125
-0.960579 1.76122
-0.960579 1.76119
-0.960579 1.76116
-0.960579 1.76113
-0.960579 1.76113
-0.960579 1.7611
-0.960579 1.7611
-0.960579 1.76108
-0.960579 1.76105
-0.960579 1.76105
-0.960579 1.76102
-0.960579 1.76099
-0.960579 1.76099
-0.960579 1.76096
-0.960579 1.76096
-0.960579 1.76093
-0.960579 1.76087
-0.960579 1.76081
-0.960579 1.76078
-0.960579 1.76076
-0.960579 1.7607
-0.960579 1.76067
-0.960579 1.76061
-0.960579 1.76052
-0.960579 1.76044
-0.960579 1.76038
-0.960579 1.76029
-0.960579 1.76017
-0.960579 1.76009
-0.960579 1.75997
-0.960579 1.75985
-0.960579 1.75971
-0.960579 1.75956
-0.960579 1.75942
-0.960579 1.75924
-0.960579 1.75907
-0.960579 1.75889
-0.960579 1.75869
-0.960579 1.75849
-0.960579 1.75814
-0.960579 1.75788
-0.960579 1.75753
-0.960579 1.75706
-0.960579 1.75663
-0.960579 1.75628
-0.960579 1.75596
-0.960579 1.75561
-0.960579 1.75523
-0.960579 1.75485
-0.960579 1.75442
-0.960579 1.75395
-0.960579 1.75349
-0.960579 1.75291
-0.960579 1.75235
-0.960579 1.75171
-0.960579 1.75107
-0.960579 1.75038
-0.960579 1.74971
-0.960579 1.74904
-0.960579 1.74834
-0.960579 1.74761
-0.960579 1.74686
-0.960579 1.74607
-0.960579 1.74523
-0.960579 1.74436
-0.960579 1.74346
-0.960579 1.74253
-0.960579 1.7416
-0.960579 1.74067
-0.960579 1.73974
-0.960579 1.73878
-0.960579 1.73782
-0.960579 1.73689
-0.960579 1.73596
-0.960579 1.73505
-0.960579 1.73415
-0.960579 1.73331
-0.960579 1.7325
-0.960579 1.73168
-0.960579 1.7309
-0.960579 1.73011
-0.960579 1.72933
-0.960579 1.72848
-0.960579 1.72761
-0.960579 1.72671
-0.960579 1.72581
-0.960579 1.72485
-0.960579 1.72386
-0.960579 1.72278
-0.960579 1.72171
-0.96055 1.72055
-0.96055 1.71944
-0.96055 1.71831
-0.96055 1.71723
-0.96055 1.71619
-0.96055 1.71523
-0.96055 1.71435
-0.96055 1.71357
-0.96055 1.71287
-0.96055 1.71226
-0.96055 1.71174
-0.96055 1.71124
-0.96055 1.71081
-0.96055 1.70973
-0.96055 1.70941
-0.96055 1.70909
-0.96055 1.7088
-0.96055 1.70854
-0.96055 1.70828
-0.96055 1.70804
-0.96055 1.70781
-0.96055 1.70761
-0.96055 1.70743
-0.96055 1.70726
-0.96055 1.70711
-0.96052 1.70697
-0.96052 1.70688
-0.96052 1.70682
-0.96052 1.70679
-0.960462 1.70674
-0.960462 1.70674
-0.960462 1.70674
-0.960433 1.70671
-0.960433 1.70671
-0.960404 1.70668
-0.960375 1.70665
-0.960346 1.70662
-0.960288 1.70656
-0.96023 1.7065
-0.960143 1.70642
-0.960055 1.70636
-0.959968 1.70627
-0.959852 1.70618
-0.959735 1.7061
-0.959619 1.70601
-0.959503 1.70595
-0.959387 1.70586
-0.95927 1.70581
-0.959096 1.70572
-0.95898 1.70563
-0.958834 1.70551
-0.958718 1.70543
-0.958573 1.70528
-0.958456 1.70517
-0.95834 1.70505
-0.958253 1.70496
-0.958136 1.70485
-0.95802 1.70473
-0.957933 1.70464
-0.957817 1.70453
-0.9577 1.70441
-0.957613 1.70432
-0.957526 1.70424
-0.957439 1.70415
-0.957351 1.70406
-0.957264 1.70397
-0.957177 1.70389
-0.95709 1.7038
-0.957003 1.70371
-0.956944 1.70365
-0.956857 1.70357
-0.95677 1.70348
-0.956683 1.70339
-0.956625 1.70333
-0.956537 1.70325
-0.956479 1.70319
-0.956392 1.7031
-0.956334 1.70304
-0.956247 1.70296
-0.956188 1.7029
-0.95613 1.70284
-0.956072 1.70278
-0.956014 1.70272
-0.955927 1.70264
-0.955869 1.70258
-0.95584 1.70252
-0.955781 1.70246
-0.955694 1.70237
-0.955636 1.70232
-0.955578 1.70223
-0.95552 1.70217
-0.955433 1.70206
-0.955403 1.70203
-0.955345 1.70194
-0.955287 1.70188
-0.955229 1.70176
-0.9552 1.70174
-0.955142 1.70165
-0.955113 1.70159
-0.955055 1.7015
-0.954996 1.70144
-0.954938 1.70133
-0.95488 1.70127
-0.954851 1.70121
-0.954793 1.70112
-0.954735 1.70104
-0.954706 1.70098
-0.954618 1.70083
-0.954589 1.70078
-0.95456 1.70069
-0.954502 1.7006
-0.954473 1.70051
-0.954415 1.7004
-0.954386 1.70031
-0.954299 1.70017
-0.95427 1.70008
-0.954211 1.69993
-0.954182 1.69982
-0.954124 1.69967
-0.954095 1.69955
-0.954037 1.69938
-0.953979 1.69921
-0.95395 1.69906
-0.953921 1.69892
-0.953863 1.69871
-0.953804 1.69851
-0.953746 1.6983
-0.953717 1.69813
-0.953659 1.6979
-0.953601 1.69766
-0.953543 1.69735
-0.953455 1.69694
-0.953397 1.69659
-0.953281 1.69612
-0.953223 1.69563
-0.953136 1.69525
-0.953078 1.69487
-0.95299 1.69444
-0.952961 1.69406
-0.952903 1.69348
-0.952787 1.69275
-0.952729 1.69214
-0.952612 1.69144
-0.952525 1.69075
-0.952438 1.68999
-0.952351 1.68926
-0.952234 1.68845
-0.952147 1.68766
-0.952031 1.68679
-0.951944 1.68583
-0.951827 1.6847
-0.951711 1.68353
-0.951624 1.6824
-0.951537 1.68124
-0.951391 1.6799
-0.951304 1.67868
-0.951188 1.67766
-0.951071 1.67641
-0.950955 1.67537
-0.950839 1.67435
-0.950723 1.67348
-0.950635 1.67257
-0.950519 1.67164
-0.950403 1.67071
-0.950257 1.66984
-0.95017 1.66909
-0.950054 1.66836
-0.949967 1.66752
-0.949821 1.66664
-0.949705 1.66574
-0.94956 1.66461
-0.949443 1.66371
-0.949327 1.6626
-0.949182 1.66161
-0.949065 1.6606
-0.948891 1.65929
-0.948775 1.65818
-0.9486 1.65696
-0.948455 1.65591
-0.948368 1.65504
-0.948222 1.6542
-0.948106 1.65356
-0.94799 1.65295
-0.947902 1.65243
-0.947786 1.65193
-0.947728 1.65155
-0.947612 1.65115
-0.947524 1.65083
-0.947437 1.65051
-0.94735 1.65025
-0.947263 1.64998
-0.947205 1.64978
-0.947117 1.64952
-0.947059 1.64931
-0.946943 1.64899
-0.946856 1.64876
-0.946798 1.64856
-0.946739 1.64841
-0.946681 1.6483
-0.946652 1.64821
-0.946623 1.64815
-0.946594 1.64812
-0.946536 1.64806
-0.946507 1.64806
-0.946507 1.64806
-0.946449 1.64801
-0.946449 1.64804
-0.94642 1.64801
-0.94639 1.64801
-0.94639 1.64801
-0.946361 1.64801
-0.946332 1.64798
-0.946274 1.64795
-0.946216 1.64792
-0.946187 1.64792
-0.946129 1.64789
-0.946071 1.64786
-0.946013 1.6478
-0.945983 1.6478
-0.945954 1.6478
-0.945867 1.64772
-0.945838 1.64769
-0.94578 1.64763
-0.945751 1.64757
-0.945751 1.64757
-0.945751 1.64754
-0.945751 1.64754
-0.945751 1.64751
-0.945751 1.64751
-0.945751 1.64748
-0.945751 1.64748
-0.945751 1.64745
-0.945751 1.64742
-0.945751 1.64742
-0.945751 1.64742
-0.945751 1.64742
-0.945751 1.64742
-0.945751 1.64742
-0.945751 1.64742
-0.945751 1.64742
-0.945751 1.64742
-0.945751 1.64742
-0.945751 1.6474
-0.945751 1.64737
-0.945751 1.64734
-0.945751 1.64728
-0.945751 1.64725
-0.945751 1.64722
-0.945751 1.64719
-0.945751 1.64716
-0.945751 1.64713
-0.945751 1.64708
-0.945751 1.64705
-0.945751 1.64702
-0.945751 1.64693
-0.945751 1.64684
-0.945751 1.64679
-0.945751 1.6467
-0.945751 1.64664
-0.945751 1.64658
-0.945751 1.64652
-0.945751 1.64644
-0.945751 1.64641
-0.945751 1.64635
-0.945751 1.64626
-0.945751 1.6462
-0.945751 1.64612
-0.945751 1.64606
-0.945751 1.64597
-0.945751 1.64591
-0.945751 1.6458
-0.945751 1.64574
-0.945751 1.64562
-0.945751 1.64551
-0.945751 1.64539
-0.945751 1.64527
-0.945751 1.64516
-0.945751 1.64504
-0.945751 1.6449
-0.945751 1.64475
-0.945751 1.6446
-0.945751 1.64446
-0.945751 1.64428
-0.945751 1.64411
-0.945751 1.64394
-0.945751 1.64376
-0.945751 1.64356
-0.945751 1.64335
-0.945751 1.64315
-0.945751 1.64292
-0.945751 1.64269
-0.945751 1.64245
-0.945751 1.64222
-0.945751 1.64199
-0.945751 1.64173
-0.945751 1.64149
-0.945751 1.64123
-0.945751 1.64097
-0.945751 1.64068
-0.945751 1.64036
-0.945751 1.64001
-0.945751 1.63966
-0.945751 1.63931
-0.945751 1.63894
-0.945751 1.63853
-0.945751 1.63812
-0.945751 1.63769
-0.945751 1.63725
-0.945751 1.63681
-0.945751 1.63635
-0.945751 1.63582
-0.945751 1.63527
-0.945751 1.63475
-0.945751 1.63417
-0.945751 1.63359
-0.945751 1.633
-0.945751 1.63236
-0.945751 1.63175
-0.945751 1.63114
-0.945751 1.6305
-0.945751 1.62984
-0.945751 1.62911
-0.945751 1.62838
-0.945751 1.62751
-0.945751 1.62667
-0.945751 1.62576
-0.945751 1.62483
-0.945751 1.6239
-0.945751 1.62294
-0.945751 1.62196
-0.945751 1.62097
-0.945751 1.61992
-0.945751 1.6189
-0.945751 1.61791
-0.945751 1.6169
-0.945751 1.61594
-0.945751 1.61495
-0.945751 1.61405
-0.945751 1.61318
-0.945751 1.61236
-0.945751 1.61155
-0.945751 1.61073
-0.945751 1.60992
-0.945751 1.60905
-0.945751 1.60815
-0.945751 1.60719
-0.945751 1.6062
-0.945751 1.60515
-0.945751 1.6041
-0.945751 1.603
-0.945751 1.60187
-0.945751 1.6007
-0.945751 1.59951
-0.945751 1.59832
-0.945751 1.59707
-0.945751 1.59588
-0.945751 1.59477
-0.945751 1.59384
-0.945751 1.593
-0.945751 1.59227
-0.945751 1.59157
-0.945751 1.59096
-0.945751 1.59041
-0.945751 1.58992
-0.945751 1.58942
-0.945751 1.58902
-0.945751 1.58861
-0.945751 1.58817
-0.945751 1.58782
-0.945751 1.58745
-0.945751 1.5871
-0.945751 1.58672
-0.945751 1.58634
-0.945751 1.58599
-0.945751 1.58564
-0.945751 1.58532
-0.945751 1.585
-0.945751 1.58471
-0.945751 1.58448
-0.945751 1.58431
-0.945751 1.58419
-0.945751 1.5841
-0.945751 1.58407
-0.945751 1.58407
-0.945751 1.5841
-0.945751 1.58413
-0.945751 1.58413
-0.945751 1.58413
-0.945751 1.58413
-0.945722 1.58413
-0.945722 1.58416
-0.945722 1.58419
-0.945664 1.58413
-0.945605 1.5841
-0.945547 1.58407
-0.94546 1.58404
-0.945402 1.58401
-0.945344 1.58396
-0.945286 1.58393
-0.945228 1.5839
-0.945169 1.58387
-0.945111 1.58384
-0.945082 1.58381
-0.945024 1.58375
-0.944995 1.58372
-0.944966 1.58369
-0.944908 1.58364
-0.944879 1.58361
-0.944879 1.58361
-0.94485 1.58358
-0.94485 1.58358
-0.94485 1.58358
-0.94485 1.58355
-0.94485 1.58355
-0.94485 1.58355
-0.94485 1.58355
-0.94485 1.58352
-0.94485 1.58352
-0.94485 1.58349
-0.94485 1.58349
-0.94485 1.58346
-0.94485 1.58346
-0.94485 1.58343
-0.94485 1.58343
-0.94485 1.58343
-0.94485 1.5834
-0.94485 1.5834
-0.94485 1.58337
-0.94485 1.58337
-0.94485 1.58335
-0.94485 1.58332
-0.94485 1.58329
-0.94485 1.58323
-0.94485 1.5832
-0.94485 1.58317
-0.94485 1.58314
-0.94485 1.58311
-0.94485 1.58305
-0.94485 1.58303
-0.94485 1.583
-0.94485 1.58291
-0.94485 1.58285
-0.94485 1.58279
-0.94485 1.58271
-0.94485 1.58265
-0.94485 1.58256
-0.94485 1.58247
-0.94485 1.58236
-0.94485 1.58224
-0.94485 1.58212
-0.94485 1.58201
-0.94485 1.58186
-0.94485 1.58172
-0.94485 1.58154
-0.94485 1.5814
-0.94485 1.58122
-0.94485 1.58102
-0.94485 1.58082
-0.94485 1.58058
-0.94485 1.58035
-0.94485 1.58012
-0.94485 1.57983
-0.94485 1.5796
-0.94485 1.5793
-0.94485 1.57898
-0.94485 1.57869
-0.94485 1.57834
-0.94485 1.57797
-0.94485 1.57759
-0.94485 1.57721
-0.94485 1.5768
-0.94485 1.57634
-0.94485 1.57584
-0.94485 1.57535
-0.94485 1.57477
-0.94485 1.5741
-0.94485 1.5734
-0.94485 1.57268
-0.94485 1.57192
-0.94485 1.57116
-0.94485 1.57035
-0.94485 1.56954
-0.94485 1.56866
-0.94485 1.56782
-0.94485 1.56698
-0.94485 1.56616
-0.94485 1.56532
-0.94485 1.56448
-0.94485 1.56366
-0.94485 1.56285
-0.94485 1.56201
-0.94485 1.56119
-0.94485 1.56038
-0.94485 1.55956
-0.94485 1.55881
-0.94485 1.55805
-0.94485 1.55727
-0.94485 1.55645
-0.94485 1.55555
-0.94485 1.55468
-0.94485 1.55372
-0.94485 1.55276
-0.94485 1.55177
-0.94485 1.55075
-0.94485 1.54968
-0.94485 1.54846
-0.94485 1.54732
-0.94485 1.54619
-0.94485 1.54506
-0.94485 1.54389
-0.94485 1.54285
-0.94485 1.54189
-0.94485 1.54101
-0.94485 1.54023
-0.94485 1.53947
-0.94485 1.5388
-0.94485 1.53819
-0.94485 1.53767
-0.94485 1.53715
-0.94485 1.53665
-0.94482 1.53616
-0.94482 1.53566
-0.94482 1.53517
-0.94482 1.53462
-0.94482 1.53412
-0.94482 1.53357
-0.94482 1.53302
-0.94482 1.53244
-0.94482 1.53183
-0.94482 1.53122
-0.94482 1.53066
-0.94482 1.53002
-0.94482 1.52947
-0.94482 1.52901
-0.94482 1.5286
-0.94482 1.52825
-0.94482 1.52796
-0.94482 1.52773
-0.94482 1.52758
-0.94482 1.52747
-0.94482 1.52744
-0.94482 1.52741
-0.94482 1.52741
-0.94482 1.52744
-0.94482 1.52744
-0.94482 1.52744
-0.94482 1.52744
-0.94482 1.52744
-0.944791 1.52741
-0.944791 1.52741
-0.944791 1.52741
-0.944791 1.52741
-0.944791 1.52741
-0.944791 1.52741
-0.944762 1.52738
-0.944762 1.52738
-0.944762 1.52738
-0.944762 1.52738
-0.944733 1.52735
-0.944733 1.52735
-0.944704 1.52732
-0.944675 1.52729
-0.944646 1.52726
-0.944617 1.52723
-0.944588 1.5272
-0.944559 1.52717
-0.94453 1.52715
-0.944501 1.52712
-0.944501 1.52712
-0.944472 1.52709
-0.944472 1.52709
-0.944472 1.52706
-0.944472 1.52703
-0.944472 1.527
-0.944472 1.52694
-0.944443 1.52685
-0.944443 1.52677
-0.944443 1.52668
-0.944443 1.52659
-0.944443 1.52648
-0.944443 1.52639
-0.944443 1.52627
-0.944443 1.52616
-0.944443 1.52607
-0.944443 1.52595
-0.944443 1.52587
-0.944443 1.52572
-0.944443 1.5256
-0.944443 1.52549
-0.944443 1.52534
-0.944443 1.52523
-0.944443 1.52505
-0.944443 1.52485
-0.944443 1.52467
-0.944443 1.52447
-0.944443 1.52427
-0.944443 1.52401
-0.944443 1.52374
-0.944443 1.52345
-0.944443 1.52313
-0.944443 1.52276
-0.944443 1.52238
-0.944443 1.52194
-0.944443 1.52151
-0.944413 1.52095
-0.944413 1.5204
-0.944413 1.51985
-0.944413 1.51921
-0.944384 1.51854
-0.944384 1.5179
-0.944355 1.5172
-0.944355 1.51656
-0.944326 1.51586
-0.944326 1.51523
-0.944268 1.51447
-0.944268 1.5138
-0.944239 1.5131
-0.94421 1.51232
-0.944181 1.51156
-0.944181 1.51083
-0.944152 1.51011
-0.944123 1.50938
-0.944094 1.50863
-0.944065 1.5079
-0.944035 1.5072
-0.944006 1.50647
-0.944006 1.50578
-0.943948 1.50505
-0.943919 1.50429
-0.943919 1.50354
-0.94389 1.50269
-0.94389 1.50188
-0.943861 1.50095
-0.943832 1.50005
-0.943832 1.49915
-0.943803 1.49813
-0.943774 1.49717
-0.943774 1.49624
-0.943745 1.49528
-0.943745 1.49435
-0.943716 1.49342
-0.943716 1.49249
-0.943687 1.49159
-0.943628 1.49069
-0.943599 1.4899
-0.94357 1.48912
-0.943541 1.48839
-0.943512 1.48769
-0.943454 1.48705
-0.943425 1.48653
-0.943367 1.48601
-0.943338 1.48551
-0.94328 1.48499
-0.94325 1.48449
-0.943221 1.48397
-0.943192 1.48351
-0.943163 1.48298
-0.943134 1.48249
-0.943105 1.48199
-0.943076 1.4815
-0.943076 1.48103
-0.943047 1.48057
-0.943018 1.48013
-0.942989 1.47967
-0.94296 1.47926
-0.94296 1.47891
-0.94296 1.47862
-0.942931 1.47839
-0.942931 1.47821
-0.942931 1.47807
-0.942902 1.47795
-0.942902 1.47792
-0.942873 1.47789
-0.942843 1.47786
-0.942843 1.47786
-0.942843 1.47786
-0.942814 1.47784
-0.942814 1.47784
-0.942785 1.47781
-0.942785 1.47781
-0.942756 1.47778
-0.942756 1.47778
-0.942727 1.47775
-0.942698 1.47775
-0.942669 1.47772
-0.942611 1.47766
-0.942582 1.47763
-0.942553 1.4776
-0.942524 1.47757
-0.942495 1.47755
-0.942436 1.47749
-0.942407 1.47746
-0.942378 1.47743
-0.94232 1.47737
-0.942262 1.47731
-0.942233 1.47728
-0.942204 1.47725
-0.942175 1.47723
-0.942117 1.47717
-0.942117 1.47714
-0.942088 1.47711
-0.942058 1.47708
-0.942 1.47699
-0.941971 1.47696
-0.941971 1.47693
-0.941942 1.47688
-0.941942 1.47685
-0.941913 1.47676
-0.941913 1.47673
-0.941913 1.47667
-0.941884 1.47659
-0.941884 1.47653
-0.941884 1.47647
-0.941855 1.47638
-0.941855 1.47632
-0.941855 1.47624
-0.941855 1.47618
-0.941826 1.47606
-0.941826 1.47598
-0.941826 1.47589
-0.941826 1.4758
-0.941826 1.47568
-0.941826 1.47554
-0.941826 1.47542
-0.941797 1.47522
-0.941797 1.47504
-0.941797 1.47487
-0.941797 1.47464
-0.941797 1.47441
-0.941797 1.47411
-0.941797 1.47379
-0.941768 1.47342
-0.941768 1.47307
-0.941739 1.47266
-0.941739 1.47225
-0.94168 1.47173
-0.941651 1.47127
-0.941622 1.47077
-0.941622 1.47028
-0.941593 1.46972
-0.941564 1.46917
-0.941535 1.46862
-0.941477 1.46798
-0.941448 1.46734
-0.94139 1.46664
-0.941332 1.46586
-0.941303 1.46507
-0.941244 1.4642
-0.941186 1.4633
-0.941128 1.46234
-0.94107 1.46129
-0.940983 1.46028
-0.940925 1.45929
-0.940837 1.45824
-0.94075 1.45716
-0.940663 1.45609
-0.940605 1.45504
-0.940518 1.45397
-0.94043 1.45286
-0.940343 1.45179
-0.940227 1.45065
-0.94011 1.4496
-0.939994 1.44856
-0.939907 1.44751
-0.93982 1.44646
-0.939703 1.4453
-0.939645 1.44417
-0.939529 1.44292
-0.939442 1.44161
-0.939325 1.44027
-0.939238 1.43891
-0.93918 1.43748
-0.939064 1.43603
-0.939006 1.4346
-0.938918 1.43315
-0.938831 1.43164
-0.938715 1.43018
-0.938628 1.42896
-0.938511 1.42771
-0.938395 1.42664
-0.938308 1.42571
-0.938192 1.4248
-0.938104 1.42399
-0.937988 1.42318
-0.937901 1.42248
-0.937814 1.42178
-0.937726 1.42108
-0.937639 1.42033
-0.937523 1.41957
-0.937465 1.41884
-0.937407 1.41812
-0.937319 1.41736
-0.937261 1.41663
-0.937203 1.41591
-0.937145 1.41515
-0.937116 1.41448
-0.937058 1.41379
-0.937029 1.41312
-0.937 1.41251
-0.93697 1.41192
-0.936912 1.41137
-0.936883 1.41091
-0.936854 1.41047
-0.936825 1.41006
-0.936796 1.40974
-0.936767 1.40948
-0.936738 1.40928
-0.936709 1.4091
-0.936651 1.40899
-0.936622 1.40893
-0.936593 1.4089
-0.936563 1.40887
-0.936534 1.40884
-0.936476 1.40878
-0.936447 1.40876
-0.936418 1.40873
-0.936389 1.4087
-0.936331 1.40864
-0.936331 1.40864
-0.936302 1.40861
-0.936244 1.40855
-0.936215 1.40852
-0.936185 1.40849
-0.936127 1.40844
-0.936098 1.40841
-0.936069 1.40838
-0.93604 1.40835
-0.936011 1.40832
-0.935953 1.40826
-0.935924 1.40823
-0.935837 1.40815
-0.935808 1.40812
-0.935749 1.40806
-0.935691 1.408
-0.935633 1.40794
-0.935604 1.40791
-0.935546 1.40785
-0.935488 1.4078
-0.93543 1.40768
-0.9354 1.40762
-0.935342 1.40753
-0.935313 1.40745
-0.935255 1.4073
-0.935197 1.40719
-0.935139 1.40701
-0.93511 1.40687
-0.935052 1.40669
-0.935023 1.40652
-0.934964 1.40628
-0.934906 1.40602
-0.934848 1.40579
-0.934819 1.40559
-0.93479 1.40535
-0.934732 1.40512
-0.934674 1.40483
-0.934645 1.4046
-0.934586 1.40434
-0.934528 1.40407
-0.93447 1.40376
-0.934412 1.40349
-0.934354 1.40317
-0.934296 1.40288
-0.934238 1.40259
-0.934179 1.4023
-0.934121 1.40195
-0.934034 1.4016
-0.933976 1.40125
-0.933889 1.40085
-0.93383 1.40044
-0.933743 1.4
-0.933685 1.39957
-0.933598 1.3991
-0.933511 1.39864
-0.933453 1.39817
-0.933365 1.39768
-0.933278 1.39721
-0.933191 1.39675
-0.933104 1.39628
-0.933016 1.39582
-0.9329 1.39532
-0.932813 1.39486
-0.932726 1.39442
-0.932638 1.39396
-0.932551 1.39349
-0.932435 1.393
-0.932348 1.39256
-0.93226 1.39213
-0.932144 1.39163
-0.932057 1.3912
-0.93197 1.39079
-0.931853 1.39035
-0.931766 1.38992
-0.931679 1.38951
-0.931592 1.3891
-0.931505 1.38869
-0.931417 1.38829
-0.93133 1.38788
-0.931214 1.38742
-0.931127 1.38698
-0.931039 1.38657
-0.930952 1.38614
-0.930894 1.38573
-0.930807 1.38532
-0.93072 1.38489
-0.930632 1.38448
-0.930545 1.38404
-0.930487 1.38366
-0.9304 1.38326
-0.930313 1.38288
-0.930225 1.38247
-0.930167 1.38209
-0.93008 1.38175
-0.929964 1.38134
-0.929905 1.38099
-0.929818 1.38061
-0.929702 1.38021
-0.929615 1.37983
-0.929528 1.37942
-0.92944 1.37898
-0.929324 1.37852
-0.929237 1.37802
-0.92915 1.37753
-0.929062 1.37701
-0.928946 1.37643
-0.928859 1.37584
-0.928772 1.37526
-0.928655 1.37462
-0.928539 1.37398
-0.928423 1.37326
-0.928306 1.37247
-0.92819 1.37172
-0.928074 1.37087
-0.927958 1.37009
-0.927812 1.36927
-0.927667 1.36846
-0.927521 1.3677
-0.927376 1.36695
-0.927231 1.36625
-0.927056 1.36552
-0.926882 1.36482
-0.926736 1.36416
-0.926562 1.36346
-0.926388 1.36273
-0.926213 1.362
-0.926039 1.36128
-0.925864 1.36052
-0.92569 1.35977
-0.925486 1.35901
-0.925312 1.35823
-0.925137 1.35747
-0.924963 1.35668
-0.924788 1.3559
-0.924614 1.35509
-0.92441 1.35424
-0.924236 1.35343
-0.924062 1.35261
-0.923858 1.35177
-0.923684 1.35096
-0.92348 1.35014
-0.923306 1.34936
-0.923102 1.34857
-0.92287 1.34779
-0.922666 1.34706
-0.922463 1.34639
-0.92223 1.34569
-0.922026 1.34508
-0.921823 1.34447
-0.921561 1.34383
-0.921358 1.34325
-0.921096 1.34261
-0.920863 1.34197
-0.920631 1.34136
-0.920398 1.34072
-0.920166 1.34008
-0.919933 1.33941
-0.9197 1.33877
-0.919439 1.33811
-0.919206 1.33744
-0.918945 1.33677
-0.918712 1.33613
-0.918479 1.33549
-0.918218 1.33485
-0.917956 1.33418
-0.917723 1.33357
-0.917491 1.33299
-0.917229 1.33235
-0.916997 1.33177
-0.916793 1.33122
-0.916531 1.3306
-0.916328 1.33008
-0.916066 1.3295
-0.915863 1.32898
-0.915659 1.32851
-0.915427 1.32802
-0.915223 1.32758
-0.91502 1.32717
-0.914787 1.32677
-0.914613 1.32642
-0.914438 1.3261
-0.914235 1.32578
-0.91406 1.32546
-0.913915 1.32523
-0.91374 1.32494
-0.913595 1.3247
-0.91345 1.32447
-0.913333 1.3243
-0.913217 1.32412
-0.913101 1.32395
-0.913013 1.32383
-0.912955 1.32371
-0.912868 1.3236
-0.91281 1.32354
-0.912752 1.32345
-0.912694 1.32339
-0.912665 1.32337
-0.912635 1.32334
-0.912606 1.32331
-0.912606 1.32331
-0.912606 1.32331
-0.912606 1.32331
-0.912577 1.32328
-0.912577 1.32328
-0.912577 1.32328
-0.912577 1.32328
-0.912577 1.32328
-0.912577 1.32325
-0.912577 1.32322
-0.912577 1.32319
-0.912577 1.32316
-0.912577 1.3231
-0.912577 1.32305
-0.912577 1.32296
-0.912577 1.32284
-0.912577 1.32273
-0.912577 1.32258
-0.912577 1.32243
-0.912577 1.32226
-0.912577 1.32206
-0.912577 1.32185
-0.912577 1.32165
-0.912577 1.32142
-0.912577 1.32121
-0.912606 1.32101
-0.912606 1.32078
-0.912606 1.32055
-0.912606 1.32034
-0.912606 1.32011
-0.912606 1.31991
-0.912606 1.3197
-0.912606 1.31947
-0.912606 1.31929
-0.912606 1.31906
-0.912606 1.31883
-0.912606 1.31863
-0.912606 1.31839
-0.912606 1.31813
-0.912577 1.31781
-0.912577 1.31749
-0.912577 1.31717
-0.912577 1.31682
-0.912548 1.31642
-0.912519 1.31601
-0.912519 1.3156
-0.912519 1.31514
-0.912519 1.31464
-0.912519 1.31412
-0.912519 1.3136
-0.912519 1.31301
-0.912519 1.3124
-0.912519 1.31176
-0.912519 1.31113
-0.912519 1.31046
-0.912519 1.30979
-0.912519 1.30909
-0.912519 1.30833
-0.912519 1.30755
-0.91249 1.30668
-0.91249 1.30578
-0.912461 1.30482
-0.912432 1.30374
-0.912432 1.30269
-0.912403 1.30159
-0.912374 1.30048
-0.912316 1.29935
-0.912287 1.29827
-0.912258 1.2972
-0.912199 1.29609
-0.912141 1.29496
-0.912083 1.29386
-0.912054 1.29281
-0.911996 1.29173
-0.911938 1.29063
-0.91188 1.28949
-0.91185 1.28836
-0.911792 1.28714
-0.911763 1.28589
-0.911734 1.28455
-0.911705 1.28318
-0.911676 1.28173
-0.911647 1.28025
-0.911647 1.27874
-0.911618 1.27714
-0.911589 1.27551
-0.91156 1.27385
-0.911531 1.27222
-0.911502 1.27068
-0.911473 1.26917
-0.911473 1.26778
-0.911443 1.26632
-0.911385 1.26504
-0.911356 1.26388
-0.911327 1.2628
-0.91124 1.26173
-0.911211 1.26071
-0.911182 1.25975
-0.911153 1.25879
-0.911124 1.2578
-0.911124 1.25681
-0.911124 1.2558
-0.911124 1.25475
-0.911124 1.25365
-0.911124 1.2524
-0.911124 1.2512
-0.911124 1.24995
-0.911124 1.24867
-0.911124 1.24745
-0.911124 1.24623
-0.911124 1.2451
-0.911124 1.24408
-0.911124 1.24312
-0.911124 1.24231
-0.911124 1.24161
-0.911124 1.241
-0.911124 1.24048
-0.911124 1.24007
-0.911124 1.23969
-0.911124 1.23937
-0.911124 1.23905
-0.911124 1.23876
-0.911124 1.23853
-0.911124 1.23827
-0.911124 1.23806
-0.911124 1.23786
-0.911124 1.23768
-0.911124 1.23751
-0.911124 1.23739
-0.911124 1.23725
-0.911124 1.23716
-0.911124 1.23707
-0.911124 1.23699
-0.911124 1.23696
-0.911124 1.23693
-0.911124 1.2369
-0.911124 1.23687
-0.911124 1.23687
-0.911124 1.23687
-0.911124 1.23687
-0.911124 1.23687
-0.911095 1.23684
-0.911036 1.23678
-0.910978 1.23672
-0.910862 1.23661
-0.910746 1.23649
-0.9106 1.23635
-0.910455 1.2362
-0.910339 1.23611
-0.910193 1.236
-0.910077 1.23588
-0.909932 1.23574
-0.909844 1.23565
