torque_1 torque_2
-0.549089 -1.06974
-0.549439 -1.06254
-0.549439 -1.05534
-0.549789 -1.04784
-0.550139 -1.04587
-0.544674 -1.03605
-0.549821 -1.02565
-0.550171 -1.01816
-0.549504 -1.01153
-0.548836 -1.00491
-0.548169 -0.994215
-0.545175 -0.985852
-0.521394 -0.975154
-0.518691 -0.972897
-0.528781 -0.960754
-0.510814 -0.954999
-0.517415 -0.951869
-0.517184 -0.939426
-0.505177 -0.935715
-0.501457 -0.927643
-0.48727 -0.925086
-0.500848 -0.916141
-0.484335 -0.910386
-0.47858 -0.901732
-0.469335 -0.895686
-0.465034 -0.891102
-0.454771 -0.883902
-0.437677 -0.878728
-0.43541 -0.871528
-0.419334 -0.867226
-0.427388 -0.856828
-0.408172 -0.850782
-0.404743 -0.841837
-0.392155 -0.832884
-0.381893 -0.82801
-0.37512 -0.819937
-0.361514 -0.812437
-0.360556 -0.80611
-0.355236 -0.800354
-0.348463 -0.792282
-0.334045 -0.785654
-0.326254 -0.778454
-0.317882 -0.771826
-0.293228 -0.766952
-0.275843 -0.761497
-0.265435 -0.753997
-0.246074 -0.749123
-0.226654 -0.741623
-0.209705 -0.735295
-0.18476 -0.729249
-0.165485 -0.722921
-0.148886 -0.713676
-0.120889 -0.709674
-0.114988 -0.702174
-0.0872817 -0.694974
-0.0723678 -0.689219
-0.0483548 -0.681437
-0.0286437 -0.675982
-0.0205622 -0.67168
-0.00564833 -0.663608
0.00644426 -0.658724
0.0341507 -0.651815
0.0455757 -0.646641
0.0566507 -0.643511
0.07991 -0.636011
0.0868285 -0.627939
0.101742 -0.620439
0.11433 -0.614984
0.127209 -0.604867
0.141105 -0.596213
0.141191 -0.587841
0.155379 -0.577152
0.168607 -0.570524
0.172182 -0.560999
0.193347 -0.552626
0.200411 -0.545717
0.201951 -0.536473
0.227622 -0.531889
0.234977 -0.52468
0.242331 -0.518352
0.240382 -0.512015
0.240904 -0.505978
0.249713 -0.500223
0.2482 -0.493886
0.252502 -0.488721
0.262764 -0.481802
0.261541 -0.479836
0.261482 -0.476697
0.263749 -0.47473
0.251188 -0.470719
0.254908 -0.467008
0.2611 -0.462124
0.261331 -0.458413
0.253713 -0.452658
0.235773 -0.44633
0.235423 -0.43883
0.235073 -0.43163
0.234723 -0.42413
0.234373 -0.41663
0.234023 -0.40943
0.233673 -0.40193
0.233323 -0.39473
0.231955 -0.386358
0.221284 -0.379158
0.213084 -0.369913
0.201395 -0.360969
0.19866 -0.351724
0.210376 -0.34278
0.188366 -0.332663
0.190487 -0.324291
0.212524 -0.316219
0.18906 -0.307847
0.202956 -0.298902
0.182981 -0.29053
0.186061 -0.282458
0.184693 -0.268561
0.201933 -0.265713
0.188936 -0.257641
0.200216 -0.250141
0.176752 -0.242069
0.198148 -0.234569
0.197798 -0.227369
0.197448 -0.219869
0.197098 -0.212369
0.196748 -0.201389
0.196048 -0.198541
0.195698 -0.191341
0.195348 -0.183841
0.194998 -0.176641
0.194298 -0.169141
0.193948 -0.161641
0.193598 -0.154441
0.193248 -0.146941
0.192548 -0.139741
0.192198 -0.132241
0.191848 -0.12416
0.191498 -0.117541
0.190798 -0.110041
0.190448 -0.102841
0.190098 -0.0953411
0.189398 -0.0878411
0.189048 -0.0754078
0.188698 -0.0740133
0.187998 -0.0668133
0.187648 -0.0601856
0.187298 -0.0526856
0.186598 -0.0454856
0.186248 -0.0379856
0.185898 -0.0307856
0.185198 -0.0232856
0.184848 -0.0157856
0.184498 -0.00945778
0.183798 -0.000504074
0.183448 0.00467
0.183098 0.01187
0.182748 0.01937
0.182398 0.02657
0.182048 0.03407
0.181698 0.04157
0.181698 0.04877
0.181348 0.05627
0.180998 0.06377
0.180648 0.07097
0.180648 0.07847
0.180298 0.08597
0.179948 0.09317
0.179598 0.10067
0.179598 0.10817
0.179248 0.11537
0.178898 0.12287
0.178548 0.13037
0.178198 0.13757
0.178198 0.14507
0.177848 0.15257
0.177498 0.15977
0.177148 0.16727
0.176798 0.17477
0.176448 0.18197
0.176098 0.18947
0.176098 0.19697
0.175748 0.20447
0.175398 0.21167
0.175048 0.21917
0.174698 0.22667
0.174348 0.23387
0.173998 0.24137
0.173648 0.24887
0.173298 0.25607
0.173298 0.26357
0.172948 0.270198
0.172598 0.277398
0.172248 0.284898
0.171898 0.292398
0.171548 0.299898
0.171198 0.307098
0.170848 0.314598
0.170498 0.321226
0.170148 0.328426
0.169798 0.335926
0.169448 0.342553
0.169098 0.350053
0.168748 0.358707
0.168398 0.363009
0.168048 0.373416
0.167698 0.376837
0.167348 0.383464
0.166998 0.392418
0.166648 0.403116
0.166298 0.409444
0.165948 0.409676
0.165598 0.416303
0.165248 0.423803
0.164898 0.430131
0.164548 0.442283
0.164198 0.448039
0.163848 0.451468
0.163148 0.460994
0.162798 0.46675
0.162448 0.475703
0.162098 0.478251
0.161748 0.482263
0.161398 0.489181
0.161048 0.499589
0.160698 0.503009
0.160348 0.510509
0.159648 0.517718
0.159298 0.524637
0.158948 0.532137
0.158598 0.539046
0.158248 0.545092
0.157898 0.552592
0.157548 0.564744
0.156848 0.567001
0.156498 0.572176
0.156148 0.578803
0.155798 0.585431
0.155448 0.590887
0.154748 0.603039
0.154398 0.607922
0.154048 0.609898
0.153698 0.622631
0.153348 0.622563
0.152648 0.630644
0.152298 0.638144
0.151948 0.6439
0.151598 0.647611
0.150898 0.648424
0.150548 0.653307
0.150198 0.66197
0.149498 0.664527
0.149148 0.667366
0.148798 0.675448
0.148448 0.681203
0.147748 0.685214
0.147398 0.69097
0.14603 0.696426
0.14533 0.699564
0.14498 0.702122
0.143613 0.707877
0.142913 0.715087
0.141545 0.716472
0.119099 0.720483
0.140495 0.725366
0.139128 0.736937
0.138778 0.736877
0.13741 0.744377
0.131245 0.752159
0.135692 0.753844
0.134325 0.76367
0.133975 0.7671
0.132607 0.775472
0.112632 0.782681
0.13089 0.782613
0.129522 0.792439
0.128154 0.799066
0.126787 0.805694
0.125419 0.809996
0.124052 0.820403
0.122684 0.825577
0.121984 0.826381
0.111313 0.839405
0.118231 0.841381
0.117881 0.853242
0.116514 0.854637
0.103516 0.865916
0.114796 0.868474
0.113429 0.873648
0.113079 0.882011
0.0896146 0.889511
0.088247 0.899337
0.0903683 0.901894
0.107258 0.910848
0.106908 0.914859
0.0869331 0.918289
0.104173 0.925498
0.102805 0.931826
0.0991119 0.938453
0.0779739 0.943337
0.0987026 0.945894
0.0980026 0.954848
0.096635 0.956533
0.0942498 0.967231
0.0928822 0.973859
0.0915146 0.979614
0.089797 0.984198
0.0884294 0.986755
0.0860443 0.994255
0.0856943 0.997976
0.0822915 1.00286
0.0654554 1.00949
0.0781887 1.01524
0.0537072 1.01925
0.0628063 1.02414
0.0496044 1.03076
0.0507081 1.0339
0.0458517 1.0414
0.0655628 1.04599
0.0407313 1.05087
0.06146 1.05575
0.0359609 1.06325
0.0335757 1.06726
0.0318581 1.07476
0.0515693 1.0779
0.0375544 1.08279
0.0348193 1.08941
0.0279276 1.0943
0.0220535 1.09976
0.0369081 1.10639
0.032197 1.11302
0.00422667 1.11703
0.0225702 1.11697
0.0216387 1.12388
-0.00153444 1.12789
-0.00630481 1.13103
-0.0130511 1.13504
-0.0154363 1.13905
-0.0168631 1.14568
-0.016777 1.14969
-0.0201798 1.15545
-0.0264039 1.15858
-0.0100363 1.16434
-0.046352 1.17068
-0.042777 1.17469
-0.0393474 1.18044
-0.0313252 1.18446
-0.0533354 1.18847
-0.0560706 1.18986
-0.0431919 1.19387
-0.05494 1.19876
-0.0666289 1.20073
-0.0668928 1.20474
-0.0609919 1.20614
-0.0678835 1.20928
-0.08094 1.213
-0.0808539 1.21294
-0.0822807 1.21578
-0.0821946 1.21631
-0.0962687 1.21945
-0.0996715 1.21997
-0.103424 1.22049
-0.0882196 1.21985
-0.107091 1.22183
-0.0977011 1.21973
-0.102471 1.21676
-0.127012 1.21438
-0.126926 1.20967
-0.131696 1.20583
-0.129284 1.20025
-0.143359 1.20048
-0.140801 1.19577
-0.134233 1.19106
-0.147957 1.18634
-0.156216 1.18251
-0.150665 1.17663
-0.150579 1.17308
-0.155349 1.16488
-0.168056 1.14593
-0.167011 1.13714
-0.167275 1.12429
-0.175184 1.11144
-0.188241 1.09219
-0.18234 1.07353
-0.203392 1.05311
-0.197696 1.03968
-0.208076 1.02189
-0.20834 0.99915
-0.21311 0.9831
-0.22102 0.965305
-0.203694 0.948383
-0.213261 0.927681
-0.220153 0.912503
-0.226377 0.900233
-0.225623 0.8868
-0.209401 0.871922
-0.209751 0.860233
-0.211119 0.845927
-0.211469 0.832203
-0.212169 0.811792
-0.212519 0.789637
-0.212869 0.77475
-0.212201 0.756374
-0.20819 0.73102
-0.193712 0.704503
-0.200313 0.677114
-0.187289 0.654387
-0.185604 0.631359
-0.189734 0.603389
-0.182584 0.584722
-0.198052 0.562857
-0.187063 0.539539
-0.196717 0.522035
-0.197067 0.50802
-0.197417 0.493724
-0.198117 0.48407
-0.198467 0.476451
-0.198817 0.473485
-0.199167 0.469064
-0.199517 0.467261
-0.199867 0.465166
-0.200567 0.466561
-0.200917 0.465929
-0.201267 0.466451
-0.201617 0.466392
-0.202317 0.470403
-0.182024 0.471798
-0.200982 0.473192
-0.1772 0.476331
-0.196594 0.474246
-0.167347 0.480874
-0.163627 0.482559
-0.166739 0.487442
-0.184157 0.492326
-0.18 0.498953
-0.18413 0.505581
-0.158313 0.509892
-0.162938 0.515648
-0.161253 0.521403
-0.174686 0.527159
-0.160704 0.532042
-0.147244 0.539542
-0.169981 0.545016
-0.163848 0.552226
-0.152859 0.557981
-0.16731 0.564609
-0.166993 0.571237
-0.166325 0.578164
-0.165658 0.584792
-0.166358 0.592292
-0.156386 0.59892
-0.16604 0.60642
-0.16674 0.61392
-0.16709 0.62172
-0.16779 0.62922
-0.16814 0.63672
-0.16849 0.64422
-0.16919 0.65172
-0.16954 0.65952
-0.17024 0.66702
-0.17059 0.67452
-0.17094 0.68202
-0.17164 0.68952
-0.17199 0.69732
-0.17269 0.70482
-0.17304 0.71232
-0.17374 0.71982
-0.17409 0.72762
-0.17479 0.73512
-0.17514 0.74262
-0.17584 0.75012
-0.17619 0.75762
-0.17689 0.76542
-0.17724 0.77292
-0.17794 0.78042
-0.17829 0.78792
-0.17899 0.79572
-0.17934 0.80322
-0.18004 0.81072
-0.18039 0.817348
-0.18109 0.826601
-0.18144 0.832648
-0.18214 0.843055
-0.18249 0.848811
-0.18319 0.851959
-0.18389 0.864111
-0.18424 0.868122
-0.18494 0.877948
-0.18529 0.878479
-0.18599 0.889177
-0.18634 0.890281
-0.188058 0.899816
-0.188758 0.902964
-0.189108 0.910174
-0.189808 0.921744
-0.190508 0.92372
-0.190858 0.93152
-0.191558 0.93902
-0.191908 0.94652
-0.192608 0.95432
-0.193308 0.967053
-0.193658 0.968448
-0.194358 0.975948
-0.195058 0.983748
-0.195408 0.991248
-0.196108 0.998748
-0.196808 1.00655
-0.197158 1.01376
-0.197858 1.0198
-0.198558 1.0273
-0.199258 1.03888
-0.199608 1.03911
-0.200308 1.044
-0.201008 1.05616
-0.201358 1.05494
-0.202058 1.0636
-0.202758 1.07285
-0.203458 1.07686
-0.203808 1.08175
-0.204508 1.08461
-0.205208 1.08862
-0.205908 1.09437
-0.206258 1.09926
-0.206958 1.10589
-0.207658 1.11107
-0.208358 1.11421
-0.209058 1.11968
-0.209408 1.12543
-0.229733 1.13439
-0.211825 1.1387
-0.212525 1.143
-0.213225 1.15196
-0.213575 1.15946
-0.213925 1.16435
-0.214275 1.16721
-0.214625 1.17354
-0.214975 1.1793
-0.215325 1.18361
-0.215675 1.18529
-0.216025 1.19368
-0.216375 1.19507
-0.216725 1.19851
-0.217075 1.20339
-0.217425 1.20828
-0.217775 1.21084
-0.218125 1.21224
-0.218475 1.21655
-0.218825 1.22027
-0.219175 1.22253
-0.219525 1.22307
-0.219875 1.22533
-0.220225 1.22586
-0.220575 1.22551
-0.237061 1.22576
-0.222293 1.22337
-0.222643 1.22303
-0.248433 1.22123
-0.22436 1.21971
-0.22471 1.21617
-0.226078 1.21321
-0.226428 1.20938
-0.226778 1.20641
-0.246753 1.20345
-0.228496 1.20107
-0.228846 1.19404
-0.231581 1.19253
-0.231931 1.18376
-0.232281 1.17207
-0.235974 1.16388
-0.233998 1.15742
-0.234348 1.14865
-0.234698 1.13928
-0.236066 1.12934
-0.236416 1.12115
-0.238134 1.10859
-0.238484 1.09575
-0.238834 1.07941
-0.240201 1.06424
-0.240551 1.04528
-0.240901 1.02866
-0.241601 1.00999
-0.265065 0.992496
-0.243319 0.973248
-0.243669 0.956916
-0.245036 0.937668
-0.270159 0.91872
-0.246086 0.90267
-0.246436 0.876744
-0.246786 0.852844
-0.247486 0.832733
-0.247836 0.80797
-0.248186 0.794537
-0.248536 0.775589
-0.249236 0.757794
-0.249586 0.742335
-0.249936 0.725413
-0.250286 0.713733
-0.250986 0.696811
-0.237671 0.676409
-0.247616 0.653381
-0.233634 0.627164
-0.234274 0.609079
-0.239567 0.594492
-0.225089 0.56565
-0.238872 0.546411
-0.239222 0.527172
-0.238555 0.496876
-0.223119 0.475892
-0.238587 0.453155
-0.239287 0.437696
-0.239637 0.422518
-0.239987 0.408803
-0.240687 0.400613
-0.241037 0.392994
-0.241387 0.392072
-0.243105 0.392013
-0.243455 0.393707
-0.244155 0.393648
-0.244505 0.39854
-0.244855 0.397327
-0.245555 0.401339
-0.245905 0.404196
-0.246605 0.415476
-0.246955 0.42095
-0.247305 0.423798
-0.24597 0.429853
-0.235998 0.436781
-0.224342 0.441664
-0.225128 0.446848
-0.214489 0.452603
-0.226614 0.457496
-0.236909 0.466459
-0.237259 0.473959
-0.227637 0.480887
-0.236273 0.487514
-0.235956 0.494442
-0.236306 0.498463
-0.223341 0.50887
-0.235321 0.51667
-0.236021 0.52447
-0.235353 0.531098
-0.236053 0.538898
-0.236403 0.546398
-0.237103 0.554198
-0.237453 0.561998
-0.238153 0.569498
-0.238853 0.577298
-0.239203 0.585098
-0.239903 0.592598
-0.240253 0.600398
-0.240953 0.608198
-0.241303 0.615407
-0.242003 0.622626
-0.242703 0.630426
-0.243053 0.637926
-0.243753 0.645726
-0.244453 0.652353
-0.244803 0.662479
-0.245503 0.667953
-0.245853 0.675453
-0.246553 0.683253
-0.247253 0.691053
-0.247603 0.698553
-0.248303 0.706353
-0.249003 0.714153
-0.249353 0.721081
-0.250053 0.734105
-0.250753 0.736381
-0.251103 0.744181
-0.251803 0.755461
-0.252503 0.757737
-0.252853 0.764664
-0.253553 0.776816
-0.254253 0.782872
-0.254953 0.7898
-0.255303 0.793811
-0.256003 0.796959
-0.256703 0.805922
-0.257403 0.808198
-0.257753 0.820931
-0.258453 0.82059
-0.260171 0.826646
-0.260871 0.836472
-0.261571 0.839911
-0.261921 0.84364
-0.262621 0.850568
-0.263321 0.85487
-0.264021 0.867031
-0.264721 0.867853
-0.265071 0.874481
-0.265771 0.882281
-0.266471 0.890081
-0.267171 0.897881
-0.267871 0.905381
-0.268571 0.913181
-0.269271 0.920981
-0.269621 0.928781
-0.270321 0.935409
-0.271021 0.943209
-0.271721 0.951009
-0.272421 0.963461
-0.273121 0.965437
-0.273821 0.977016
-0.274521 0.984816
-0.275221 0.990872
-0.275571 0.996337
-0.276271 1.00181
-0.276971 1.00612
-0.277671 1.01363
-0.278371 1.01532
-0.279071 1.0237
-0.279771 1.02656
-0.280471 1.03174
-0.281171 1.03925
-0.281871 1.04151
-0.282571 1.0435
-0.284288 1.05275
-0.284988 1.05619
-0.285688 1.05933
-0.286388 1.06364
-0.287088 1.06795
-0.287788 1.06732
-0.288488 1.07338
-0.289188 1.08233
-0.289888 1.0817
-0.290588 1.08921
-0.291288 1.09526
-0.291988 1.09463
-0.292688 1.10184
-0.293388 1.10703
-0.294088 1.11221
-0.294788 1.11797
-0.295488 1.11996
-0.296188 1.12427
-0.296888 1.12915
-0.297588 1.13259
-0.298638 1.13516
-0.299338 1.13947
-0.300038 1.14378
-0.300738 1.14548
-0.301438 1.15007
-0.302138 1.15205
-0.302838 1.15695
-0.303538 1.15864
-0.304238 1.16295
-0.305288 1.16465
-0.305988 1.16691
-0.306688 1.17035
-0.307388 1.17117
-0.308088 1.17287
-0.308788 1.17514
-0.309838 1.17538
-0.310538 1.17679
-0.311238 1.17731
-0.311938 1.17901
-0.312638 1.17663
-0.313338 1.18065
-0.314388 1.17973
-0.315088 1.18288
-0.315788 1.18108
-0.316488 1.17929
-0.317188 1.17806
-0.318238 1.17772
-0.318938 1.17593
-0.319638 1.17239
-0.320338 1.17234
-0.321388 1.17026
-0.322088 1.16584
-0.322788 1.16114
-0.323488 1.1576
-0.324538 1.14796
-0.325238 1.14296
-0.325938 1.13389
-0.326988 1.1228
-0.327688 1.11461
-0.328388 1.10903
-0.329088 1.10113
-0.330138 1.09149
-0.330838 1.08417
-0.331538 1.07423
-0.355702 1.06023
-0.334306 1.04244
-0.335006 1.03134
-0.336056 1.01094
-0.336756 0.991694
-0.347777 0.977398
-0.339523 0.956124
-0.340223 0.930198
-0.340923 0.907761
-0.341973 0.890266
-0.343691 0.872772
-0.350556 0.855277
-0.345441 0.836911
-0.346141 0.817672
-0.347191 0.795526
-0.347891 0.787335
-0.348941 0.773911
-0.349641 0.754672
-0.350341 0.742992
-0.351391 0.728405
-0.352091 0.718761
-0.353141 0.707372
-0.353841 0.695111
-0.353873 0.682559
-0.335966 0.671751
-0.354256 0.65542
-0.340187 0.646939
-0.335363 0.630316
-0.342373 0.614566
-0.338567 0.600561
-0.353718 0.581322
-0.352383 0.567026
-0.353433 0.554474
-0.331019 0.531455
-0.354165 0.514542
-0.354865 0.502281
-0.355915 0.48595
-0.356615 0.473107
-0.357665 0.460555
-0.358365 0.452074
-0.359065 0.445337
-0.359415 0.437727
-0.360115 0.433607
-0.360815 0.430359
-0.361165 0.425076
-0.361865 0.419211
-0.362565 0.417416
-0.362915 0.415913
-0.363615 0.417035
-0.364315 0.418148
-0.365015 0.422459
-0.365365 0.424444
-0.366065 0.429627
-0.359933 0.432776
-0.345805 0.438831
-0.339613 0.444887
-0.334934 0.451242
-0.334908 0.456426
-0.356686 0.465098
-0.337411 0.472898
-0.355701 0.479826
-0.345062 0.483846
-0.335441 0.493681
-0.353731 0.500909
-0.353063 0.508709
-0.343442 0.515637
-0.352428 0.522564
-0.353128 0.530364
-0.353828 0.538164
-0.347346 0.545392
-0.35386 0.553192
-0.35456 0.560992
-0.35526 0.568792
-0.35596 0.576592
-0.35666 0.584392
-0.35701 0.592492
-0.35771 0.600292
-0.35841 0.60722
-0.35911 0.61502
-0.35981 0.62282
-0.36051 0.63062
-0.36121 0.63872
-0.36191 0.646229
-0.36261 0.653448
-0.36331 0.661248
-0.36366 0.669048
-0.36436 0.677148
-0.36506 0.684948
-0.36576 0.692748
-0.36646 0.700548
-0.36716 0.708648
-0.36786 0.716448
-0.36856 0.724248
-0.36926 0.732048
-0.36996 0.738976
-0.369643 0.746203
-0.370343 0.754003
-0.371043 0.761803
-0.371743 0.768731
-0.372443 0.775959
-0.373143 0.783759
-0.373843 0.790687
-0.374543 0.800522
-0.375243 0.804842
-0.375943 0.81177
-0.376643 0.81957
-0.377343 0.825626
-0.378043 0.832853
-0.378743 0.844433
-0.379443 0.852233
-0.380143 0.85509
-0.380843 0.865516
-0.381543 0.86692
-0.382243 0.872976
-0.382943 0.880776
-0.383993 0.888003
-0.384693 0.895513
-0.385393 0.901859
-0.386093 0.909959
-0.386793 0.917759
-0.387493 0.925559
-0.388193 0.933359
-0.388893 0.941459
-0.389593 0.949259
-0.390643 0.957059
-0.391343 0.964287
-0.392043 0.972087
-0.392743 0.979887
-0.393443 0.987987
-0.394143 0.998694
-0.394843 1.00737
-0.395893 1.0082
-0.396593 1.01891
-0.397293 1.02176
-0.397993 1.03102
-0.398693 1.03476
-0.399743 1.03994
-0.400443 1.04832
-0.401143 1.0538
-0.401843 1.05811
-0.402543 1.0633
-0.403593 1.06878
-0.404293 1.07396
-0.404993 1.07858
-0.405693 1.08143
-0.406743 1.08313
-0.407443 1.09181
-0.408143 1.09641
-0.408843 1.10072
-0.409893 1.10679
-0.410593 1.1111
-0.411293 1.11628
-0.412343 1.11682
-0.413043 1.12433
-0.413743 1.1269
-0.414443 1.12889
-0.415493 1.13291
-0.416193 1.13607
-0.416893 1.13835
-0.417943 1.13859
-0.418643 1.14465
-0.419343 1.14896
-0.420393 1.15183
-0.421093 1.15352
-0.421793 1.15522
-0.422843 1.15721
-0.423543 1.15862
-0.424243 1.15974
-0.425293 1.16318
-0.425993 1.164
-0.427043 1.16309
-0.427743 1.16565
-0.428443 1.16648
-0.429143 1.16411
-0.429843 1.16494
-0.430193 1.16227
-0.430893 1.16165
-0.431593 1.16044
-0.431943 1.15894
-0.432643 1.15453
-0.43401 1.15449
-0.43471 1.1495
-0.43541 1.15033
-0.43576 1.14825
-0.43646 1.13832
-0.43681 1.13216
-0.43751 1.13125
-0.43821 1.12452
-0.43856 1.11633
-0.43926 1.10524
-0.43996 1.09298
-0.44031 1.08422
-0.44101 1.06934
-0.44171 1.05709
-0.44206 1.04105
-0.44276 1.03083
-0.44346 1.01015
-0.44381 0.988294
-0.44451 0.971972
-0.44521 0.950698
-0.44591 0.922164
-0.44626 0.897411
-0.44696 0.865961
-0.44766 0.85022
-0.44801 0.826039
-0.44871 0.802157
-0.44941 0.788742
-0.45011 0.764561
-0.45046 0.743587
-0.45116 0.731326
-0.45186 0.717039
-0.45256 0.70595
-0.45326 0.693107
-0.45361 0.684344
-0.45431 0.670339
-0.45501 0.657505
-0.45571 0.641764
-0.45641 0.62834
-0.455743 0.60882
-0.456443 0.591916
-0.455108 0.57355
-0.435165 0.548214
-0.450111 0.5345
-0.427697 0.514398
-0.436334 0.497203
-0.451134 0.481453
-0.451834 0.464259
-0.452534 0.449972
-0.453234 0.43364
-0.453934 0.418481
-0.454634 0.403322
-0.455334 0.39077
-0.455684 0.384042
-0.456384 0.376151
-0.457084 0.372031
-0.457784 0.369664
-0.458484 0.369333
-0.459184 0.367539
-0.459884 0.369533
-0.460584 0.370074
-0.461284 0.369742
-0.461984 0.374926
-0.462684 0.378664
-0.463384 0.38095
-0.464084 0.384679
-0.464784 0.392489
-0.465484 0.397681
-0.465167 0.404609
-0.446242 0.412709
-0.439092 0.419064
-0.439065 0.420768
-0.438747 0.43322
-0.441919 0.440448
-0.460209 0.448548
-0.444772 0.455776
-0.453759 0.458924
-0.459256 0.470803
-0.458938 0.478031
-0.458621 0.485831
-0.458303 0.489279
-0.452171 0.500287
-0.451853 0.507514
-0.448046 0.514442
-0.45805 0.522542
-0.457733 0.52977
-0.458433 0.53787
-0.459133 0.54597
-0.456489 0.552898
-0.459515 0.560998
-0.460565 0.569098
-0.461265 0.577198
-0.461965 0.584998
-0.462665 0.593098
-0.463365 0.601198
-0.464065 0.609298
-0.464765 0.617398
-0.465465 0.624326
-0.466515 0.63795
-0.467215 0.639653
-0.467915 0.646881
-0.468615 0.654681
-0.469315 0.661909
-0.470015 0.670009
-0.471065 0.678109
-0.471765 0.686209
-0.472465 0.694309
-0.473165 0.702109
-0.473865 0.710209
-0.474915 0.718309
-0.475615 0.726409
-0.476315 0.734509
-0.477015 0.742309
-0.478065 0.750409
-0.478765 0.758509
-0.479465 0.766609
-0.480165 0.774709
-0.480865 0.782809
-0.481215 0.790909
-0.481915 0.799009
-0.482265 0.807109
-0.482615 0.815209
-0.483315 0.822437
-0.483665 0.830537
-0.484015 0.843289
-0.484715 0.850516
-0.485065 0.851929
-0.485765 0.860029
-0.486115 0.86842
-0.486465 0.87245
-0.487165 0.879387
-0.488533 0.88487
-0.489233 0.888609
-0.489583 0.892639
-0.490283 0.895505
-0.490633 0.901861
-0.491333 0.908798
-0.491683 0.914572
-0.492033 0.920927
-0.492733 0.921759
-0.493083 0.931894
-0.493783 0.939122
-0.494133 0.948094
-0.494833 0.953577
-0.495183 0.957898
-0.495883 0.965707
-0.496233 0.972353
-0.496933 0.983361
-0.497283 0.988844
-0.497983 0.990548
-0.498683 0.999811
-0.499033 1.00791
-0.499733 1.01252
-0.500083 1.01713
-0.500783 1.02116
-0.501133 1.02636
-0.501833 1.03534
-0.502533 1.04169
-0.502883 1.04456
-0.503583 1.04917
-0.503933 1.05291
-0.504633 1.05752
-0.505333 1.06126
-0.505683 1.065
-0.506383 1.06699
-0.506733 1.07335
-0.507433 1.07651
-0.508133 1.08113
-0.508483 1.08457
-0.509183 1.08918
-0.509883 1.09205
-0.510233 1.09579
-0.510933 1.09778
-0.511633 1.10152
-0.511983 1.10584
-0.512683 1.10668
-0.513383 1.1113
-0.513733 1.11387
-0.514433 1.11238
-0.515133 1.11379
-0.515833 1.11637
-0.516183 1.11807
-0.516883 1.11804
-0.517583 1.11654
-0.517933 1.11825
-0.518633 1.12024
-0.519333 1.11962
-0.520033 1.11725
-0.520733 1.11606
-0.521083 1.1134
-0.521783 1.11191
-0.522483 1.10954
-0.523183 1.10456
-0.523533 1.09987
-0.524233 1.10129
-0.524933 1.09543
-0.525633 1.08958
-0.526333 1.08605
-0.526683 1.07962
-0.527383 1.07202
-0.528083 1.06326
-0.528783 1.05798
-0.529483 1.04776
-0.530183 1.04134
-0.530883 1.03519
-0.531233 1.02352
-0.531933 1.0133
-0.532633 0.999898
-0.533333 0.99317
-0.534033 0.984407
-0.534733 0.977389
-0.535433 0.967753
-0.536133 0.950859
-0.536833 0.937153
-0.537183 0.915598
-0.537883 0.902183
-0.538583 0.883253
-0.539283 0.857627
-0.539983 0.836072
-0.540683 0.82005
-0.541383 0.801111
-0.542083 0.787405
-0.542783 0.768176
-0.543483 0.753026
-0.544183 0.737866
-0.544883 0.72765
-0.545583 0.715979
-0.546283 0.703737
-0.546983 0.695264
-0.547683 0.686792
-0.548383 0.678911
-0.549083 0.671311
-0.549783 0.662839
-0.550483 0.655539
-0.550833 0.649392
-0.550515 0.640339
-0.551215 0.636237
-0.551915 0.62602
-0.551597 0.619292
-0.53965 0.607922
-0.532355 0.601485
-0.550295 0.590687
-0.550995 0.583387
-0.550677 0.572298
-0.551377 0.560055
-0.552077 0.547222
-0.552777 0.539622
-0.553477 0.529996
-0.554177 0.52414
-0.554877 0.515677
-0.555577 0.510113
-0.555927 0.505129
-0.556627 0.501027
-0.557327 0.500405
-0.558027 0.501246
-0.558727 0.504113
-0.559427 0.505526
-0.560127 0.512181
-0.560827 0.513594
-0.561527 0.521703
-0.562227 0.527187
-0.562927 0.532379
-0.563627 0.534964
-0.564327 0.538122
-0.565027 0.544487
-0.565727 0.54997
-0.566427 0.549357
-0.567127 0.558911
-0.567827 0.565566
-0.568527 0.57105
-0.557597 0.576242
-0.569927 0.584642
-0.546496 0.590998
-0.569292 0.599398
-0.544552 0.606626
-0.570024 0.615026
-0.570724 0.623126
-0.571424 0.631526
-0.572124 0.639626
-0.572824 0.648026
-0.573524 0.656126
-0.574224 0.663653
-0.574924 0.671753
-0.575624 0.678409
-0.576324 0.686509
-0.577374 0.69549
-0.578074 0.701264
-0.578774 0.709664
-0.579474 0.716892
-0.580174 0.725001
-0.580874 0.73252
-0.581924 0.740048
-0.582624 0.7528
-0.583324 0.760327
-0.584024 0.764939
-0.584724 0.774792
-0.585424 0.778822
-0.586474 0.785187
-0.587174 0.790389
-0.587874 0.792674
-0.588574 0.798457
-0.589274 0.803359
-0.590324 0.813794
-0.591024 0.821894
-0.591724 0.826224
-0.592424 0.831126
-0.593474 0.844177
-0.594174 0.848216
-0.594874 0.851664
-0.595574 0.8621
-0.596624 0.866129
-0.597324 0.872785
-0.598024 0.884092
-0.599074 0.88347
-0.599774 0.896231
-0.600474 0.898516
-0.601174 0.907498
-0.602224 0.912409
-0.602924 0.915276
-0.603974 0.918442
-0.604674 0.921309
-0.605724 0.927092
-0.606424 0.929087
-0.607474 0.933126
-0.608524 0.938618
-0.609224 0.940031
-0.610274 0.94407
-0.611324 0.94839
-0.612024 0.951557
-0.613074 0.954724
-0.614124 0.955846
-0.614824 0.95814
-0.615874 0.959844
-0.616924 0.959813
-0.617624 0.962689
-0.618674 0.963811
-0.619724 0.965233
-0.620424 0.967227
-0.621474 0.969522
-0.622524 0.972689
-0.623224 0.974974
-0.624274 0.977268
-0.625324 0.981016
-0.626374 0.982429
-0.627074 0.983851
-0.628124 0.988763
-0.629174 0.992501
-0.630224 0.995668
-0.630924 1.00029
-0.631974 1.0017
-0.633024 1.004
-0.634074 1.00629
-0.635124 1.0109
-0.635824 1.01494
-0.636874 1.01723
-0.637924 1.02097
-0.638974 1.02181
-0.640024 1.02992
-0.640724 1.03105
-0.641774 1.03596
-0.642824 1.03854
-0.643874 1.04286
-0.644924 1.0437
-0.645974 1.04745
-0.646674 1.05149
-0.647724 1.05378
-0.648774 1.0584
-0.649824 1.06156
-0.650874 1.06443
-0.651924 1.0676
-0.652974 1.06989
-0.653674 1.07393
-0.654724 1.07621
-0.655774 1.07938
-0.656824 1.084
-0.657874 1.08717
-0.658924 1.09003
-0.659974 1.09233
-0.661024 1.09288
-0.662074 1.09779
-0.663124 1.09891
-0.664174 1.10121
-0.665224 1.10321
-0.666274 1.10725
-0.667324 1.10693
-0.668024 1.10892
-0.669074 1.1086
-0.670124 1.10973
-0.671174 1.10766
-0.672224 1.10443
-0.673274 1.10468
-0.674324 1.10523
-0.675374 1.10375
-0.676424 1.10081
-0.677474 1.09815
-0.678524 1.09434
-0.679574 1.0853
-0.680624 1.08061
-0.682024 1.07157
-0.683074 1.06601
-0.684124 1.05929
-0.685174 1.0546
-0.686224 1.04876
-0.687274 1.04378
-0.688324 1.03125
-0.689374 1.02453
-0.690424 1.01664
-0.691474 1.00876
-0.692524 0.997098
-0.693574 0.988344
-0.694624 0.97145
-0.695674 0.953683
-0.697074 0.937661
-0.697774 0.916987
-0.698124 0.905035
-0.698824 0.884942
-0.699524 0.86892
-0.700224 0.8497
-0.700924 0.833677
-0.701624 0.818527
-0.702324 0.800761
-0.703024 0.783285
-0.703724 0.768135
-0.704424 0.754157
-0.705124 0.74017
-0.705824 0.72502
-0.706524 0.716266
-0.707224 0.71042
-0.707924 0.697305
-0.707607 0.692331
-0.707289 0.68067
-0.706971 0.668727
-0.687029 0.661137
-0.705319 0.652092
-0.699186 0.644211
-0.700236 0.636039
-0.683637 0.627866
-0.704398 0.61824
-0.705098 0.614148
-0.698966 0.60772
-0.705481 0.605072
-0.693534 0.598935
-0.705863 0.59774
-0.706563 0.595392
-0.707263 0.59507
-0.708313 0.594166
-0.709013 0.595007
-0.709713 0.599046
-0.710413 0.600468
-0.711113 0.604226
-0.711813 0.609137
-0.712513 0.613176
-0.713563 0.619831
-0.714263 0.624461
-0.714963 0.631116
-0.715663 0.636027
-0.716363 0.644137
-0.717063 0.643814
-0.718113 0.65455
-0.718813 0.663531
-0.719513 0.664081
-0.720213 0.672481
-0.721263 0.685833
-0.721963 0.688709
-0.722663 0.697109
-0.723363 0.705509
-0.724063 0.714209
-0.725113 0.722609
-0.725813 0.731009
-0.726513 0.739709
-0.727563 0.748109
-0.728263 0.756509
-0.728963 0.764909
-0.729663 0.773609
-0.730713 0.782009
-0.731413 0.790409
-0.732113 0.799109
-0.733163 0.807509
-0.733863 0.815037
-0.734563 0.823437
-0.735613 0.836789
-0.736313 0.839664
-0.737013 0.84632
-0.738063 0.859672
-0.738763 0.865455
-0.739463 0.870366
-0.740513 0.879648
-0.741213 0.884559
-0.741913 0.890342
-0.742963 0.897298
-0.743663 0.902209
-0.744013 0.905676
-0.744363 0.912331
-0.744713 0.914053
-0.745063 0.920137
-0.745413 0.924757
-0.745763 0.928514
-0.746113 0.930237
-0.746463 0.936601
-0.746813 0.938324
-0.747163 0.94179
-0.747513 0.944085
-0.747863 0.947261
-0.748213 0.949855
-0.748563 0.951277
-0.748913 0.951837
-0.749263 0.953559
-0.749613 0.951783
-0.749963 0.953214
-0.750313 0.95232
-0.750663 0.954624
-0.751013 0.954592
-0.751363 0.952826
-0.751713 0.952803
-0.752063 0.950155
-0.752413 0.952459
-0.752763 0.951855
-0.753113 0.952705
-0.753813 0.953837
-0.754163 0.955559
-0.754513 0.954664
-0.754863 0.954933
-0.755213 0.956937
-0.755563 0.956042
-0.755913 0.957764
-0.756263 0.955998
-0.756613 0.956848
-0.757313 0.955072
-0.757663 0.95505
-0.758013 0.956772
-0.758363 0.958494
-0.758713 0.958472
-0.759063 0.961639
-0.759763 0.965977
-0.760113 0.965664
-0.760463 0.970585
-0.760813 0.974924
-0.761163 0.979835
-0.761863 0.983592
-0.762213 0.987059
-0.762563 0.989072
-0.762913 0.993411
-0.763613 1.00124
-0.763963 1.00295
-0.764313 1.01456
-0.764663 1.01512
-0.765363 1.02614
-0.765713 1.0331
-0.766063 1.04093
-0.766763 1.04788
-0.767113 1.05716
-0.767463 1.06091
-0.768163 1.06729
-0.768513 1.07599
-0.768863 1.08527
-0.769563 1.09717
-0.769913 1.10121
-0.770263 1.10991
-0.770963 1.11861
-0.771313 1.12731
-0.771663 1.13601
-0.772363 1.14441
-0.772713 1.15224
-0.773063 1.16007
-0.773763 1.1679
-0.774113 1.1766
-0.774813 1.18443
-0.775163 1.19225
-0.775513 1.20066
-0.776213 1.21169
-0.776563 1.21545
-0.777263 1.2224
-0.777613 1.22907
-0.778313 1.23835
-0.778663 1.24443
-0.779363 1.25139
-0.779713 1.25747
-0.779713 1.26123
-0.780063 1.26876
-0.780413 1.27398
-0.780763 1.27861
-0.780763 1.28208
-0.781113 1.28787
-0.781463 1.29047
-0.781813 1.29568
-0.782163 1.29886
-0.782163 1.30175
-0.782513 1.30347
-0.782863 1.30345
-0.783213 1.30575
-0.783563 1.30573
-0.783913 1.30688
-0.783913 1.30831
-0.784263 1.30306
-0.784613 1.30187
-0.784963 1.29662
-0.785313 1.2966
-0.785663 1.29135
-0.786013 1.28842
-0.786363 1.27851
-0.786713 1.27414
-0.786713 1.26626
-0.787063 1.25548
-0.787413 1.24325
-0.787763 1.23103
-0.788113 1.21443
-0.788463 1.20278
-0.788813 1.19172
-0.789163 1.18065
-0.789513 1.16493
-0.789863 1.1524
-0.790213 1.13698
-0.790563 1.12184
-0.790913 1.1035
-0.791263 1.08459
-0.791613 1.06509
-0.791963 1.04733
-0.792313 1.02086
-0.792663 1.00223
-0.793013 0.980694
-0.793363 0.962655
-0.793713 0.943444
-0.794063 0.916092
-0.794413 0.897181
-0.795113 0.875644
-0.795463 0.859922
-0.795813 0.840139
-0.796163 0.823544
-0.796513 0.810148
-0.796863 0.78862
-0.797213 0.772316
-0.797563 0.75137
-0.797913 0.72867
-0.797596 0.706842
-0.797946 0.689385
-0.775182 0.658835
-0.79661 0.631783
-0.786639 0.605885
-0.796293 0.57737
-0.79016 0.546539
-0.796325 0.523548
-0.796675 0.499113
-0.797025 0.476413
-0.797375 0.461281
-0.798075 0.447885
-0.798425 0.445246
-0.798775 0.437964
-0.799125 0.435616
-0.799825 0.430079
-0.800175 0.430929
-0.800525 0.431789
-0.800875 0.428568
-0.801575 0.429718
-0.801925 0.425916
-0.802625 0.422705
-0.802975 0.421811
-0.802308 0.420635
-0.803008 0.41945
-0.779226 0.421181
-0.797311 0.428137
-0.798302 0.436264
-0.788331 0.441185
-0.786996 0.45222
-0.795632 0.460339
-0.795314 0.465268
-0.769207 0.473096
-0.773336 0.482096
-0.765169 0.49225
-0.783545 0.498924
-0.756624 0.505879
-0.763225 0.513426
-0.750551 0.520963
-0.744359 0.52909
-0.753782 0.53809
-0.75355 0.543592
-0.733898 0.554046
-0.731196 0.56042
-0.725354 0.568548
-0.728611 0.579574
-0.726259 0.585957
-0.723556 0.593503
-0.728035 0.602785
-0.720535 0.617309
-0.726469 0.62252
-0.741415 0.629776
-0.727955 0.637903
-0.742756 0.644859
-0.742088 0.652987
-0.719674 0.661114
-0.742471 0.669814
-0.742821 0.678814
-0.743521 0.687814
-0.743871 0.696514
-0.744571 0.705514
-0.745271 0.714214
-0.745621 0.724668
-0.746321 0.731342
-0.747021 0.740624
-0.747371 0.74817
-0.748071 0.75717
-0.748771 0.771403
-0.749121 0.773998
-0.749821 0.783579
-0.750521 0.791126
-0.750871 0.799826
-0.751571 0.807953
-0.752271 0.819861
-0.752621 0.825653
-0.753321 0.834653
-0.754021 0.843653
-0.754721 0.852653
-0.755071 0.861353
-0.755771 0.870353
-0.756471 0.879353
-0.757171 0.889516
-0.757871 0.897344
-0.758221 0.90489
-0.758921 0.9136
-0.759621 0.91882
-0.760321 0.926648
-0.761021 0.938555
-0.761371 0.949009
-0.762071 0.951903
-0.762771 0.960031
-0.763471 0.968731
-0.764171 0.97744
-0.764871 0.985859
-0.765221 0.993987
-0.765921 1.00677
-0.766621 1.01169
-0.767321 1.02069
-0.768021 1.02969
-0.768721 1.03869
-0.769421 1.05147
-0.769771 1.05959
-0.770471 1.06772
-0.771171 1.06828
-0.771871 1.07641
-0.772221 1.08454
-0.772921 1.09644
-0.773621 1.10632
-0.774321 1.11415
-0.775021 1.11763
-0.775721 1.12343
-0.776071 1.13766
-0.776771 1.14259
-0.777471 1.14985
-0.778171 1.15623
-0.778871 1.16551
-0.779571 1.17219
-0.780271 1.17596
-0.780621 1.18001
-0.781321 1.19192
-0.782021 1.1983
-0.782721 1.20556
-0.783421 1.20874
-0.784121 1.21338
-0.784821 1.22296
-0.785521 1.2276
-0.786221 1.23486
-0.786921 1.24037
-0.787621 1.24501
-0.788321 1.24878
-0.789021 1.25138
-0.789371 1.25602
-0.790071 1.2563
-0.790771 1.26064
-0.791471 1.26092
-0.792171 1.26556
-0.792871 1.26555
-0.793571 1.2667
-0.794271 1.26698
-0.795321 1.26668
-0.796021 1.26347
-0.796721 1.26346
-0.797421 1.25937
-0.798121 1.25849
-0.798821 1.25673
-0.799521 1.25003
-0.800221 1.24566
-0.800921 1.2407
-0.801621 1.23487
-0.802321 1.22614
-0.803021 1.21682
-0.803721 1.20955
-0.804421 1.20285
-0.805471 1.19586
-0.806171 1.18829
-0.806871 1.17955
-0.807571 1.16558
-0.808271 1.15423
-0.808971 1.13242
-0.809671 1.11845
-0.810721 1.09344
-0.811421 1.07511
-0.812121 1.05009
-0.812821 1.02827
-0.813521 0.99745
-0.814571 0.977085
-0.815271 0.95265
-0.815971 0.933157
-0.816671 0.907268
-0.817371 0.890974
-0.818421 0.872653
-0.819471 0.847055
-0.820521 0.832214
-0.821221 0.806326
-0.822271 0.792066
-0.823321 0.777226
-0.824371 0.755116
-0.825071 0.731844
-0.826121 0.711479
-0.827171 0.690824
-0.828221 0.673085
-0.829271 0.654755
-0.807874 0.62625
-0.831021 0.60792
-0.832071 0.579705
-0.833121 0.552072
-0.834171 0.523276
-0.834871 0.499722
-0.835921 0.484009
-0.836971 0.469168
-0.838021 0.457526
-0.839071 0.44879
-0.840121 0.442381
-0.841171 0.4354
-0.842221 0.433933
-0.842921 0.431303
-0.843971 0.432453
-0.845021 0.430405
-0.846071 0.434181
-0.847121 0.435622
-0.848171 0.437644
-0.849221 0.439957
-0.850271 0.443724
-0.851321 0.446337
-0.852371 0.450976
-0.853421 0.457359
-0.854471 0.4588
-0.855521 0.466355
-0.856571 0.472448
-0.857621 0.481448
-0.857653 0.489576
-0.858703 0.499748
-0.843617 0.507876
-0.847429 0.514259
-0.856765 0.523259
-0.856797 0.531687
-0.85683 0.538361
-0.844215 0.546489
-0.836252 0.55259
-0.837738 0.56537
-0.833264 0.568846
-0.827772 0.580472
-0.819955 0.583948
-0.815481 0.598472
-0.829759 0.600503
-0.818453 0.614737
-0.822265 0.616759
-0.806452 0.627513
-0.817242 0.636222
-0.815589 0.642896
-0.799776 0.652777
-0.822341 0.656835
-0.826153 0.670487
-0.812521 0.67339
-0.800051 0.685298
-0.806044 0.692553
-0.796772 0.700981
-0.806459 0.708818
-0.822627 0.717537
-0.820334 0.725664
-0.823709 0.734664
-0.824759 0.748616
-0.826159 0.752092
-0.827209 0.76052
-0.828259 0.768648
-0.829309 0.776776
-0.830359 0.786076
-0.831759 0.796239
-0.832809 0.802631
-0.833859 0.811631
-0.834909 0.820931
-0.836309 0.829931
-0.837359 0.841266
-0.838409 0.847359
-0.839459 0.856659
-0.840859 0.865659
-0.841909 0.874659
-0.842959 0.883959
-0.844359 0.892959
-0.845409 0.902259
-0.846459 0.911259
-0.847859 0.920559
-0.848909 0.931594
-0.849959 0.937114
-0.851359 0.946114
-0.852409 0.95367
-0.853459 0.961798
-0.854859 0.971098
-0.855909 0.98475
-0.856959 0.989979
-0.858359 0.996953
-0.859409 1.00973
-0.860809 1.01351
-0.862877 1.02251
-0.863927 1.03094
-0.865327 1.04372
-0.866377 1.04836
-0.867777 1.05795
-0.868827 1.06579
-0.870227 1.07422
-0.871277 1.087
-0.872677 1.09078
-0.873727 1.0989
-0.874777 1.10733
-0.876177 1.11634
-0.877227 1.12941
-0.878627 1.13755
-0.879677 1.14015
-0.881077 1.14916
-0.882127 1.15991
-0.883527 1.16717
-0.884577 1.17327
-0.885977 1.18315
-0.887377 1.18866
-0.888427 1.19389
-0.889827 1.19651
-0.890877 1.20929
-0.892277 1.21684
-0.893327 1.2212
-0.894727 1.22584
-0.895777 1.23572
-0.897177 1.23921
-0.898577 1.24704
-0.899627 1.25111
-0.901027 1.25605
-0.902077 1.26388
-0.903477 1.26824
-0.904877 1.27463
-0.905927 1.27783
-0.907327 1.28421
-0.908727 1.28741
-0.909777 1.29118
-0.911177 1.29758
-0.912227 1.2964
-0.913627 1.30018
-0.915027 1.3025
-0.916427 1.30453
-0.917477 1.30568
-0.918877 1.30538
-0.920277 1.3048
-0.921327 1.30451
-0.922727 1.30362
-0.924127 1.29722
-0.925177 1.29344
-0.926577 1.28442
-0.927977 1.27686
-0.929377 1.26899
-0.930427 1.25911
-0.931827 1.2498
-0.933227 1.23816
-0.934277 1.22653
-0.935327 1.21461
-0.936377 1.19919
-0.937427 1.18553
-0.938477 1.16779
-0.939527 1.15237
-0.940577 1.14046
-0.941627 1.12505
-0.942677 1.10614
-0.943727 1.08317
-0.944777 1.05846
-0.945827 1.03345
-0.946877 1.00728
-0.947927 0.99797
-0.948977 0.979077
-0.950027 0.960757
-0.951077 0.929935
-0.952127 0.913068
-0.953177 0.892422
-0.954227 0.8776
-0.955277 0.865094
-0.956327 0.844448
-0.957727 0.83107
-0.958777 0.815076
-0.959827 0.800544
-0.960877 0.786003
-0.961927 0.765357
-0.962977 0.744711
-0.964027 0.724937
-0.965077 0.703137
-0.95348 0.683653
-0.966509 0.664751
-0.967559 0.642651
-0.968609 0.623177
-0.969659 0.599624
-0.970709 0.573453
-0.959112 0.546411
-0.972142 0.526064
-0.973192 0.506872
-0.974242 0.491459
-0.975292 0.478672
-0.976692 0.465003
-0.977742 0.455696
-0.978792 0.448142
-0.979842 0.443777
-0.974059 0.440285
-0.981274 0.44029
-0.982324 0.439124
-0.983374 0.438248
-0.984424 0.439126
-0.985824 0.440576
-0.986874 0.442898
-0.987924 0.442903
-0.989324 0.443772
-0.990374 0.445222
-0.991424 0.447844
-0.992824 0.451329
-0.993874 0.453942
-0.994924 0.461507
-0.980188 0.460922
-0.983709 0.46965
-0.982724 0.470809
-0.979618 0.479537
-0.994769 0.487964
-0.995819 0.497264
-0.995184 0.505992
-0.982569 0.513548
-0.968791 0.523148
-0.981239 0.529831
-0.989558 0.533035
-0.955487 0.545533
-0.954502 0.550763
-0.953953 0.55949
-0.947794 0.569372
-0.947245 0.575483
-0.941085 0.585655
-0.937047 0.590313
-0.935831 0.593798
-0.944585 0.60427
-0.932611 0.617059
-0.948866 0.624042
-0.928256 0.631026
-0.927211 0.637137
-0.93771 0.645864
-0.930415 0.654592
-0.939401 0.66332
-0.948737 0.672048
-0.949437 0.681648
-0.930862 0.690076
-0.95017 0.699676
-0.934734 0.708403
-0.950902 0.718003
-0.951602 0.727603
-0.952652 0.737203
-0.953352 0.746803
-0.954402 0.756403
-0.955102 0.765131
-0.956152 0.774731
-0.956852 0.784331
-0.957902 0.793931
-0.958602 0.804113
-0.959652 0.812259
-0.960352 0.821859
-0.961402 0.830587
-0.962102 0.840187
-0.963152 0.849787
-0.963852 0.859387
-0.964902 0.868987
-0.965602 0.877714
-0.966652 0.887314
-0.967702 0.896914
-0.968402 0.905942
-0.969452 0.915542
-0.970152 0.92805
-0.971202 0.932998
-0.972252 0.941726
-0.972952 0.950453
-0.974002 0.964705
-0.974702 0.970235
-0.975752 0.977509
-0.976802 0.992342
-0.977502 0.996137
-0.978552 1.00777
-0.979602 1.01824
-0.980302 1.02319
-0.981352 1.0357
-0.982402 1.04065
-0.983102 1.05287
-0.984152 1.05928
-0.985202 1.06888
-0.986252 1.08313
-0.986952 1.08924
-0.988002 1.09564
-0.989052 1.10234
-0.990102 1.11572
-0.990802 1.12358
-0.991852 1.12823
-0.992902 1.13872
-0.993952 1.1457
-0.994652 1.15268
-0.995702 1.16316
-0.996752 1.16839
-0.997802 1.17481
-0.998852 1.18353
-0.999902 1.1911
-1.0006 1.19751
-1.00165 1.20362
-1.0027 1.21118
-1.00375 1.21555
-1.0048 1.22196
-1.00585 1.2272
-1.00655 1.231
-1.00725 1.23594
-1.00795 1.24236
-1.00865 1.24092
-1.00935 1.24499
-1.01005 1.2421
-1.01075 1.24531
-1.01145 1.23863
-1.01215 1.24039
-1.01285 1.24215
-1.01355 1.24216
-1.01425 1.24304
-1.01495 1.2416
-1.01565 1.24162
-1.01635 1.23726
-1.01705 1.23728
-1.01775 1.23293
-1.01845 1.22946
-1.01915 1.22074
-1.01985 1.21378
-1.0209 1.20594
-1.0216 1.19433
-1.0223 1.18299
-1.023 1.17748
-1.0237 1.16471
-1.0244 1.15193
-1.0251 1.14409
-1.02615 1.12928
-1.02685 1.11678
-1.02755 1.10052
-1.02825 1.08483
-1.02895 1.06769
-1.03 1.04968
-1.0307 1.03167
-1.0314 1.01394
-1.0321 0.995059
-1.03315 0.975594
-1.03385 0.956711
-1.03455 0.937246
-1.03525 0.919235
-1.0363 0.90384
-1.037 0.888446
-1.0377 0.867527
-1.03875 0.853877
-1.03945 0.840227
-1.04015 0.826277
-1.04085 0.815826
-1.0419 0.801885
-1.0426 0.789398
-1.04365 0.769061
-1.04435 0.753376
-1.04505 0.736237
-1.0461 0.717063
-1.0468 0.697889
-1.02439 0.677551
-1.04753 0.654307
-1.04823 0.627864
-1.04928 0.603748
-1.04998 0.580794
-1.05068 0.555514
-1.05173 0.534305
-1.05243 0.51455
-1.05348 0.497701
-1.05418 0.481735
-1.05523 0.472737
-1.05593 0.462866
-1.05698 0.455031
-1.05768 0.431787
-1.05873 0.426568
-1.05943 0.426874
-1.06048 0.425726
-1.06118 0.428357
-1.06223 0.428081
-1.06293 0.430431
-1.06398 0.432772
-1.06468 0.434822
-1.06538 0.438616
-1.06608 0.442129
-1.06713 0.447668
-1.06682 0.449137
-1.06752 0.454394
-1.06822 0.461677
-1.06892 0.470705
-1.04932 0.475381
-1.06863 0.485281
-1.06933 0.495181
-1.05738 0.504509
-1.07006 0.514409
-1.04765 0.523437
-1.0671 0.532764
-1.06946 0.541792
-1.04952 0.548794
-1.04237 0.558403
-1.04002 0.565687
-1.05081 0.571235
-1.03799 0.581426
-1.0195 0.588427
-1.02578 0.596292
-1.02241 0.603876
-1.01904 0.612031
-1.00904 0.619033
-1.01265 0.625444
-1.0041 0.633027
-0.99492 0.640311
-0.990532 0.644696
-0.989837 0.653724
-0.988938 0.66247
-0.992896 0.668881
-0.99534 0.675592
-0.977056 0.682876
-0.986478 0.689587
-0.990435 0.695998
-0.968312 0.703581
-0.968431 0.709992
-0.968899 0.716703
-0.963058 0.723987
-0.961055 0.73157
-0.962191 0.739153
-0.97647 0.746437
-0.961324 0.75402
-0.965136 0.761303
-0.966622 0.768887
-0.960781 0.77647
-0.950492 0.784626
-0.948139 0.792209
-0.958929 0.799792
-0.947272 0.807076
-0.955591 0.815531
-0.950099 0.823114
-0.967371 0.83127
-0.940946 0.838853
-0.936122 0.847309
-0.930631 0.856046
-0.955231 0.863048
-0.957384 0.871503
-0.936629 0.879659
-0.929829 0.888114
-0.930965 0.895698
-0.932306 0.904153
-0.939316 0.912309
-0.950773 0.920764
-0.945282 0.928348
-0.934993 0.936803
-0.949126 0.950192
-0.929184 0.952542
-0.93032 0.959253
-0.926513 0.968581
-0.941459 0.976464
-0.927332 0.98492
-0.916693 0.994539
-0.925679 1.00096
-0.917366 1.00854
-0.924376 1.02165
-0.916063 1.02458
-0.927521 1.03334
-0.935489 1.04005
-0.922524 1.05083
-0.909414 1.05987
-0.932501 1.06687
-0.916047 1.07795
-0.908752 1.08553
-0.92617 1.08672
-0.909921 1.1007
-0.903788 1.10306
-0.926875 1.11675
-0.926558 1.12055
-0.910104 1.13046
-0.915601 1.13427
-0.911272 1.14418
-0.900488 1.14915
-0.911946 1.15819
-0.896509 1.16055
-0.895174 1.17191
-0.910325 1.17862
-0.899686 1.18563
-0.916959 1.18798
-0.916641 1.19644
-0.898066 1.20258
-0.909523 1.20667
-0.911677 1.21076
-0.901388 1.21429
-0.903396 1.22013
-0.892758 1.22423
-0.91003 1.23007
-0.909045 1.23067
-0.906692 1.23042
-0.880934 1.23248
-0.902336 1.22902
-0.895186 1.22526
-0.871087 1.22617
-0.873241 1.22823
-0.867399 1.2268
-0.870921 1.22451
-0.869585 1.21959
-0.87238 1.21148
-0.861741 1.20482
-0.864185 1.19613
-0.878464 1.18685
-0.881926 1.17554
-0.852012 1.16394
-0.854457 1.15089
-0.865246 1.14161
-0.852572 1.12914
-0.841266 1.11318
-0.841384 1.09082
-0.844179 1.07283
-0.848804 1.05541
-0.83052 1.03102
-0.829621 1.0011
-0.824129 0.972637
-0.830062 0.954935
-0.821227 0.924431
-0.817857 0.904403
-0.807859 0.884376
-0.82112 0.863757
-0.809463 0.843148
-0.802954 0.825737
-0.799584 0.808898
-0.799034 0.790033
-0.790054 0.776983
-0.786684 0.762179
-0.793984 0.749711
-0.779943 0.733172
-0.776572 0.71925
-0.775673 0.698931
-0.772303 0.684718
-0.761955 0.662074
-0.761056 0.644372
-0.757685 0.624344
-0.748791 0.595894
-0.752398 0.575866
-0.740015 0.542464
-0.755747 0.523018
-0.740602 0.503572
-0.736214 0.483835
-0.725866 0.470494
-0.732962 0.462677
-0.736424 0.453707
-0.720261 0.444437
-0.722415 0.442144
-0.719045 0.434909
-0.716692 0.433198
-0.714689 0.43265
-0.728618 0.433855
-0.706495 0.434179
-0.727256 0.437701
-0.709784 0.440351
-0.730546 0.445046
-0.711244 0.44537
-0.725172 0.450346
-0.716859 0.453287
-0.722502 0.456527
-0.701396 0.462666
-0.723525 0.471422
-0.723208 0.474653
-0.72289 0.484581
-0.721555 0.493337
-0.721587 0.497731
-0.722287 0.514637
-0.718626 0.523392
-0.722002 0.534764
-0.719359 0.544692
-0.721367 0.555192
-0.722417 0.565692
-0.706981 0.576492
-0.699685 0.58612
-0.705678 0.596048
-0.704343 0.605676
-0.719144 0.614722
-0.693736 0.622324
-0.716823 0.630207
-0.691066 0.644787
-0.703891 0.652379
-0.696596 0.666087
-0.7132 0.67397
-0.710557 0.683898
-0.711897 0.692653
-0.71158 0.703163
-0.71263 0.712209
-0.71333 0.722137
-0.71438 0.732637
-0.71508 0.742564
-0.71613 0.753064
-0.71683 0.763574
-0.71788 0.773492
-0.71858 0.78342
-0.71963 0.793629
-0.72033 0.803848
-0.72138 0.814648
-0.72208 0.825148
-0.72313 0.835948
-0.72383 0.846448
-0.72488 0.857248
-0.72593 0.868048
-0.72663 0.878548
-0.72698 0.889648
-0.72768 0.899576
-0.72803 0.909503
-0.72838 0.919731
-0.72908 0.928787
-0.72943 0.938714
-0.72978 0.948942
-0.73048 0.95887
-0.73083 0.968798
-0.73118 0.979026
-0.73188 0.990989
-0.73223 0.998309
-0.73293 1.01289
-0.73328 1.02224
-0.73398 1.03101
-0.73433 1.03891
-0.73468 1.04244
-0.73538 1.0576
-0.73573 1.06638
-0.73643 1.06991
-0.73678 1.08392
-0.73748 1.08832
-0.73783 1.10058
-0.73853 1.10994
-0.73888 1.11812
-0.73958 1.12602
-0.73993 1.13653
-0.74063 1.14821
-0.74133 1.15582
-0.74168 1.16575
-0.74238 1.17511
-0.74273 1.17922
-0.74343 1.18916
-0.74413 1.1956
-0.74448 1.20495
-0.74518 1.21344
-0.74588 1.219
-0.74623 1.22894
-0.74693 1.23423
-0.74763 1.24212
-0.74798 1.24973
-0.74868 1.25647
-0.74938 1.26233
-0.74973 1.26703
-0.75043 1.27435
-0.75113 1.27934
-0.75183 1.28434
-0.75218 1.28903
-0.75288 1.2949
-0.75358 1.30048
-0.75428 1.3046
-0.75498 1.30727
-0.75533 1.31109
-0.75603 1.31579
-0.75673 1.32079
-0.75743 1.32404
-0.75813 1.32816
-0.75883 1.33141
-0.75953 1.33437
-0.75988 1.33557
-0.76058 1.33853
-0.76128 1.34004
-0.76198 1.34125
-0.76268 1.34014
-0.76338 1.34078
-0.76408 1.33966
-0.76478 1.33913
-0.76548 1.33628
-0.76618 1.3343
-0.76688 1.33377
-0.76758 1.32917
-0.76828 1.32515
-0.76898 1.32055
-0.76968 1.3174
-0.77038 1.30931
-0.77108 1.30617
-0.77178 1.29808
-0.77248 1.29086
-0.77318 1.28364
-0.77388 1.27556
-0.77458 1.26748
-0.77563 1.26142
-0.77633 1.24636
-0.77703 1.23536
-0.77773 1.22494
-0.77843 1.20988
-0.77913 1.19452
-0.78018 1.17888
-0.78088 1.1612
-0.78158 1.1441
-0.78228 1.1238
-0.78298 1.10611
-0.78403 1.08698
-0.78473 1.06756
-0.78543 1.0458
-0.78613 1.02579
-0.78718 1.00754
-0.78788 0.989564
-0.78858 0.976824
-0.78928 0.959722
-0.79033 0.944955
-0.79103 0.934831
-0.79173 0.92209
-0.79278 0.908196
-0.79348 0.895164
-0.79418 0.876609
-0.79523 0.862133
-0.79593 0.842705
-0.79698 0.824159
-0.79768 0.80444
-0.79838 0.782396
-0.79943 0.758035
-0.80013 0.734827
-0.80118 0.707268
-0.80188 0.679409
-0.80293 0.65185
-0.80363 0.625444
-0.80468 0.610668
-0.80538 0.592122
-0.80643 0.578509
-0.80713 0.565777
-0.80818 0.557107
-0.80888 0.5499
-0.80993 0.542401
-0.81063 0.53722
-0.81168 0.538153
-0.81238 0.533553
-0.81343 0.534487
-0.81448 0.534248
-0.81518 0.532855
-0.81623 0.535242
-0.81693 0.531805
-0.81798 0.532739
-0.81903 0.535416
-0.81973 0.53605
-0.82078 0.534657
-0.82148 0.536463
-0.82253 0.537105
-0.82323 0.541227
-0.82428 0.547685
-0.82533 0.550072
-0.82603 0.555076
-0.82708 0.566476
-0.82778 0.578448
-0.82883 0.59072
-0.82988 0.60212
-0.83058 0.61352
-0.83163 0.62492
-0.831662 0.630796
-0.813755 0.647711
-0.833412 0.660564
-0.810331 0.67022
-0.831092 0.67784
-0.830107 0.691276
-0.806008 0.701803
-0.808511 0.712331
-0.807176 0.721987
-0.80968 0.732514
-0.801717 0.740716
-0.811198 0.748046
-0.806374 0.764098
-0.821525 0.774626
-0.801933 0.784281
-0.820572 0.794809
-0.818279 0.805337
-0.80799 0.814992
-0.797206 0.82552
-0.820352 0.83692
-0.820384 0.847448
-0.821434 0.858848
-0.822484 0.870548
-0.823534 0.881076
-0.824584 0.892476
-0.825634 0.903876
-0.826684 0.915276
-0.827734 0.925803
-0.828784 0.937203
-0.829834 0.950357
-0.830884 0.959431
-0.831934 0.974611
-0.832984 0.981359
-0.834034 0.995666
-0.835084 1.00359
-0.836134 1.01499
-0.837184 1.02697
-0.838234 1.03691
-0.839284 1.04774
-0.840334 1.05914
-0.841384 1.06967
-0.842434 1.0805
-0.843484 1.09103
-0.844534 1.10068
-0.845584 1.11151
-0.846984 1.12204
-0.848034 1.13489
-0.849084 1.1495
-0.850134 1.15915
-0.851184 1.16358
-0.852234 1.18051
-0.853634 1.18697
-0.854684 1.19867
-0.855734 1.2089
-0.856784 1.21741
-0.857834 1.22851
-0.859234 1.23295
-0.860284 1.24725
-0.861334 1.25634
-0.862384 1.26425
-0.863434 1.27304
-0.864484 1.2798
-0.865534 1.28916
-0.866584 1.2965
-0.867984 1.30384
-0.869034 1.31088
-0.870084 1.31822
-0.871134 1.32439
-0.872184 1.32941
-0.873234 1.33528
-0.874634 1.34088
-0.875684 1.34793
-0.876734 1.35178
-0.877784 1.35563
-0.878834 1.36237
-0.880234 1.36361
-0.881284 1.36658
-0.882334 1.36956
-0.883384 1.37138
-0.884784 1.37348
-0.885834 1.37413
-0.886884 1.37623
-0.888284 1.37543
-0.889334 1.3755
-0.890384 1.37557
-0.891784 1.37302
-0.892834 1.36466
-0.893884 1.3595
-0.895284 1.35085
-0.896334 1.34627
-0.897384 1.33529
-0.898784 1.32344
-0.899834 1.31304
-0.901234 1.30119
-0.902284 1.2876
-0.903334 1.274
-0.904734 1.26128
-0.905784 1.24594
-0.907184 1.23409
-0.908234 1.21643
-0.909634 1.20778
-0.910684 1.19505
-0.912084 1.18001
-0.913134 1.16991
-0.914534 1.15137
-0.915934 1.14039
-0.916984 1.12942
-0.918384 1.11757
-0.919434 1.10514
-0.920834 1.09155
-0.921884 1.08348
-0.923284 1.06872
-0.924684 1.05309
-0.925734 1.03805
-0.927134 1.02155
-0.928534 1.00418
-0.929584 0.980998
-0.930984 0.962751
-0.932384 0.938109
-0.933434 0.916664
-0.934834 0.890577
-0.936234 0.869133
-0.937634 0.846826
-0.938684 0.827416
-0.940084 0.806844
-0.941484 0.796166
-0.942884 0.782281
-0.943934 0.771013
-0.945334 0.763242
-0.946734 0.756044
-0.948134 0.753216
-0.948167 0.74719
-0.949217 0.744363
-0.950267 0.742407
-0.951317 0.738416
-0.952367 0.736461
-0.953417 0.735087
-0.954467 0.731387
-0.955517 0.727396
-0.956567 0.722251
-0.957617 0.715935
-0.958667 0.711363
-0.959717 0.701848
-0.961117 0.694077
-0.962167 0.690377
-0.963217 0.687268
-0.964267 0.683277
-0.965317 0.682485
-0.966367 0.684309
-0.967767 0.683526
-0.968817 0.693781
-0.969867 0.699966
-0.970917 0.710222
-0.972317 0.719614
-0.973367 0.732487
-0.974417 0.744487
-0.975817 0.756787
-0.976867 0.768787
-0.977917 0.780787
-0.977949 0.792214
-0.979349 0.804214
-0.980399 0.816514
-0.981449 0.828514
-0.982849 0.840514
-0.983899 0.852814
-0.984282 0.863942
-0.985332 0.876242
-0.986382 0.888242
-0.987782 0.900542
-0.965718 0.91167
-0.989214 0.92397
-0.970639 0.935098
-0.989629 0.946526
-0.989661 0.957953
-0.990044 0.969081
-0.990076 0.980509
-0.988133 0.991637
-0.971884 1.00306
-0.966451 1.01449
-0.991923 1.02649
-0.970209 1.03792
-0.993706 1.04992
-0.994756 1.06135
-0.996156 1.07336
-0.997206 1.08973
-0.998606 1.09678
-0.998988 1.11112
-1.00004 1.11528
-1.00144 1.13019
-1.00284 1.13667
-1.00389 1.14955
-1.00529 1.15429
-1.00669 1.16572
-1.00774 1.17743
-1.00914 1.18711
-1.01054 1.19593
-1.01194 1.20241
-1.01299 1.21268
-1.01439 1.22061
-1.01579 1.2303
-1.01719 1.23881
-1.01859 1.2482
-1.01964 1.25527
-1.02104 1.26321
-1.02244 1.27173
-1.02384 1.27967
-1.02524 1.28586
-1.02699 1.29088
-1.02874 1.29679
-1.03014 1.30239
-1.03189 1.30567
-1.03364 1.30896
-1.03539 1.31281
-1.03714 1.31173
-1.03889 1.31415
-1.03346 1.31452
-1.04102 1.31314
-1.04277 1.31032
-1.04452 1.30488
-1.02665 1.29625
-1.047 1.294
-1.04774 1.28449
-1.04949 1.27963
-1.03161 1.26867
-1.05197 1.26381
-1.02959 1.25256
-1.05343 1.24392
-1.03556 1.23674
-1.0549 1.22431
-1.05563 1.21394
-1.05738 1.20733
-1.04648 1.1987
-1.04024 1.18774
-1.04097 1.17706
-1.03821 1.16581
-1.03662 1.16037
-1.06177 1.14737
-1.06352 1.14106
-1.05394 1.13098
-1.06397 1.12408
-1.06572 1.1137
-1.0668 1.10071
-1.06855 1.09323
-1.06929 1.07994
-1.07002 1.06753
-1.07177 1.05279
-1.04808 1.03659
-1.07358 1.01778
-1.06603 1.00391
-1.07607 0.985683
-1.07782 0.972398
-1.07855 0.955905
-1.08065 0.940294
-1.05928 0.922357
-1.07877 0.902094
-1.08218 0.888227
-1.08291 0.876396
-1.08132 0.860494
-1.07507 0.845464
-1.08444 0.835959
-1.08517 0.831105
-1.06628 0.825661
-1.08597 0.822551
-1.08568 0.818279
-1.08677 0.817205
-1.06308 0.812351
-1.0766 0.811568
-1.08931 0.808468
-1.09005 0.807394
-1.09113 0.80254
-1.09186 0.79914
-1.09396 0.799811
-1.07958 0.795829
-1.07135 0.791848
-1.09651 0.78932
-1.09527 0.787955
-1.09934 0.788044
-1.10144 0.788724
-1.08357 0.790266
-1.10427 0.795589
-1.10602 0.799457
-1.10676 0.803916
-1.10816 0.814772
-1.08679 0.82272
-1.10962 0.834448
-1.11102 0.847048
-1.11277 0.859648
-1.09141 0.871376
-1.1149 0.884276
-1.09703 0.896003
-1.11739 0.908603
-1.11812 0.920331
-1.11987 0.932931
-1.10862 0.944659
-1.12098 0.957259
-1.12172 0.968987
-1.11213 0.980142
-1.12216 0.99187
-1.11092 1.0036
-1.10467 1.01533
-1.10191 1.02735
-1.10512 1.03821
-1.12446 1.04994
-1.11356 1.06166
-1.10048 1.07282
-1.12462 1.08368
-1.11372 1.0954
-1.10399 1.10743
-1.11751 1.11916
-1.12072 1.13001
-1.12828 1.14495
-1.11971 1.15377
-1.10765 1.1658
-1.12016 1.17578
-1.13019 1.18751
-1.13194 1.20506
-1.11058 1.21039
-1.13443 1.22475
-1.12934 1.23706
-1.13691 1.24443
-1.13866 1.25994
-1.13939 1.26557
-1.14114 1.28195
-1.14289 1.29369
-1.14397 1.30077
-1.14572 1.31337
-1.14747 1.32453
-1.14922 1.33596
-1.14995 1.34305
-1.15205 1.3574
-1.1538 1.36332
-1.15555 1.37273
-1.1573 1.38795
-1.1594 1.39619
-1.16115 1.40618
-1.13979 1.41298
-1.16364 1.42326
-1.16574 1.43208
-1.16749 1.43888
-1.16924 1.44713
-1.17134 1.45305
-1.17309 1.45635
-1.17149 1.46139
-1.17592 1.46383
-1.17665 1.46771
-1.17875 1.46928
-1.15986 1.46967
-1.1571 1.46949
-1.18028 1.46756
-1.18203 1.46709
-1.168 1.46749
-1.15942 1.46236
-1.16946 1.46014
-1.16255 1.4556
-1.18538 1.44989
-1.16299 1.44506
-1.18516 1.43878
-1.16379 1.42725
-1.1763 1.4262
-1.17636 1.41236
-1.16678 1.3988
-1.16998 1.38176
-1.16903 1.36587
-1.17223 1.34942
-1.15151 1.33411
-1.163 1.31387
-1.15239 1.29712
-1.15827 1.27862
-1.17325 1.2581
-1.15369 1.23931
-1.1489 1.21936
-1.13995 1.19766
-1.14809 1.17597
-1.13566 1.15689
-1.14715 1.13927
-1.15317 1.12339
-1.1419 1.10403
-1.14394 1.08524
-1.13615 1.0682
-1.13485 1.04418
-1.12939 1.019
-1.14123 0.994976
-1.13513 0.970089
-1.13549 0.94055
-1.14834 0.910711
-1.12495 0.881172
-1.14027 0.845818
-1.129 0.809292
-1.1277 0.780335
-1.12573 0.748761
-1.11678 0.723292
-1.12513 0.703629
-1.11002 0.686592
-1.11255 0.6713
-1.11407 0.654553
-1.12242 0.644194
-1.10833 0.635589
-1.10737 0.625529
-1.10991 0.618377
-1.10445 0.6089
-1.11382 0.600294
-1.12086 0.594014
-1.11061 0.584537
-1.11614 0.575931
-1.11039 0.567026
-1.13255 0.55842
-1.11153 0.550105
-1.13602 0.5415
-1.1371 0.532894
-1.12307 0.524579
-1.11717 0.517137
-1.11724 0.514064
-1.14041 0.506913
-1.1415 0.505576
-1.14258 0.502494
-1.12854 0.502901
-1.13311 0.504181
-1.14583 0.505751
-1.13528 0.512846
-1.14697 0.521403
-1.14806 0.529961
-1.14879 0.537937
-1.13126 0.550264
-1.1506 0.562892
-1.13206 0.574648
-1.1421 0.587276
-1.13039 0.599903
-1.15089 0.612531
-1.15328 0.624287
-1.15503 0.637787
-1.14448 0.650414
-1.13757 0.66217
-1.15691 0.674798
-1.15799 0.687426
-1.15771 0.699181
-1.14949 0.712109
-1.15057 0.724737
-1.15828 0.737364
-1.14657 0.749992
-1.14314 0.761748
-1.1512 0.774376
-1.15223 0.785559
-1.16261 0.798187
-1.14058 0.809942
-1.14065 0.821698
-1.14385 0.833753
-1.16121 0.846381
-1.14151 0.858137
-1.16367 0.869892
-1.14862 0.883111
-1.14237 0.894285
-1.14941 0.908666
-1.16561 0.914026
-1.13777 0.923746
-1.14365 0.938127
-1.16581 0.94872
-1.14828 0.959031
-1.16696 0.970496
-1.14594 0.97819
-1.1588 0.985585
-1.14607 0.991535
-1.16591 0.998057
-1.16931 1.00662
-1.1483 1.01373
-1.16465 1.02229
-1.1461 1.02737
-1.17161 1.03302
-1.14958 1.0381
-1.16011 1.04637
-1.1718 1.04883
-1.14977 1.0571
-1.17193 1.06131
-1.16653 1.06609
-1.15032 1.07116
-1.15387 1.07799
-1.16091 1.08045
-1.14717 1.08581
-1.14956 1.09088
-1.14896 1.09247
-1.156 1.09493
-1.14574 1.09711
-1.14813 1.09869
-1.14172 1.09969
-1.14658 1.09954
-1.14083 1.10025
-1.14604 1.09835
-1.14858 1.10081
-1.13483 1.09776
-1.14085 1.09616
-1.14537 1.09833
-1.1434 1.09441
-1.13895 1.09775
-1.14812 1.09644
-1.13437 1.09746
-1.12644 1.09847
-1.12447 1.0957
-1.13247 1.09904
-1.12571 1.09686
-1.12025 1.09701
-1.1286 1.09715
-1.12764 1.10078
-1.11637 1.09947
-1.12205 1.10194
-1.11412 1.10238
-1.11665 1.10485
-1.125 1.10616
-1.12056 1.1066
-1.1231 1.11169
-1.10833 1.11183
-1.11087 1.11459
-1.10643 1.11241
-1.12525 1.11576
-1.10903 1.11794
-1.11738 1.12071
-1.11294 1.11852
-1.10617 1.12187
-1.11452 1.12406
-1.10877 1.12536
-1.11398 1.12638
-1.09675 1.12857
-1.10859 1.13133
-1.10865 1.13496
-1.11817 1.1357
-1.10573 1.13904
-1.10347 1.14152
-1.09938 1.14428
-1.09741 1.14647
-1.10576 1.14981
-1.10481 1.15462
-1.09141 1.15622
-1.09293 1.15841
-1.09779 1.15913
-1.08788 1.16132
-1.08693 1.16205
-1.08845 1.16046
-1.09715 1.15741
-1.08341 1.15494
-1.08144 1.15248
-1.07981 1.14943
-1.08482 1.14522
-1.07274 1.1381
-1.07077 1.13157
-1.07263 1.12125
-1.06717 1.1121
-1.05872 1.10178
-1.06504 1.09176
-1.05658 1.08028
-1.05592 1.07055
-1.05258 1.06229
-1.03928 1.05431
-1.03492 1.04634
-1.02844 1.04128
-1.03107 1.03504
-1.02322 1.02911
-1.01573 1.02433
-1.01137 1.0152
-1.00155 1.00896
-1.00301 1.00041
-0.997986 0.993309
-0.99712 0.98534
-0.989625 0.979979
-0.98562 0.971429
-0.978938 0.963461
-0.974933 0.954611
-0.969559 0.946061
-0.971369 0.935766
-0.967363 0.927216
-0.956175 0.914005
-0.954496 0.9072
-0.943658 0.893707
-0.943141 0.887483
-0.937768 0.875735
-0.928238 0.865731
-0.919726 0.856881
-0.914703 0.84775
-0.908662 0.840363
-0.8998 0.83472
-0.901755 0.831403
-0.885393 0.824016
-0.886184 0.822153
-0.875637 0.821163
-0.873085 0.81582
-0.86123 0.812503
-0.857515 0.807442
-0.854963 0.804126
-0.83613 0.800518
-0.839393 0.794876
-0.82652 0.791268
-0.820479 0.785053
-0.813421 0.77912
-0.80738 0.774931
-0.801339 0.77017
-0.790792 0.768598
-0.787222 0.761792
-0.781182 0.757322
-0.784445 0.755459
-0.764944 0.750689
-0.771696 0.7468
-0.760858 0.745227
-0.75031 0.742211
-0.748776 0.739185
-0.742068 0.736168
-0.742859 0.735468
-0.734347 0.73594
-0.731446 0.736131
-0.726422 0.734577
-0.728027 0.737394
-0.714659 0.739329
-0.717281 0.744463
-0.712925 0.749596
-0.707902 0.752703
-0.716339 0.759581
-0.709512 0.765587
-0.702018 0.774509
-0.69868 0.782259
-0.704646 0.790009
-0.700349 0.80242
-0.703844 0.811042
-0.711177 0.821127
-0.713363 0.830622
-0.716917 0.846231
-0.712125 0.855144
-0.706375 0.866392
-0.718883 0.885781
-0.730577 0.893531
-0.706887 0.908559
-0.717273 0.923587
-0.733124 0.938314
-0.735224 0.954214
-0.737324 0.970114
-0.739074 0.986014
-0.725038 1.00104
-0.742257 1.01664
-0.744007 1.03254
-0.746107 1.04844
-0.748207 1.06434
-0.750307 1.08228
-0.752057 1.0944
-0.754157 1.11001
-0.756257 1.12445
-0.758357 1.14413
-0.760457 1.15887
-0.762557 1.171
-0.764657 1.18661
-0.766757 1.19902
-0.768857 1.21056
-0.770607 1.2253
-0.772707 1.23713
-0.774807 1.24693
-0.777257 1.25731
-0.779357 1.2706
-0.781457 1.27952
-0.783557 1.28873
-0.786674 1.29796
-0.788774 1.3092
-0.790874 1.31843
-0.792974 1.32589
-0.795074 1.33599
-0.797174 1.34608
-0.799624 1.35501
-0.801724 1.36423
-0.803824 1.37519
-0.805924 1.38412
-0.808374 1.39421
-0.788378 1.40343
-0.812574 1.41353
-0.814674 1.42158
-0.816107 1.43138
-0.793784 1.43944
-0.820657 1.44837
-0.822757 1.45585
-0.823839 1.45897
-0.813642 1.46208
-0.827371 1.47014
-0.829821 1.47558
-0.831921 1.48103
-0.834371 1.48066
-0.836471 1.48523
-0.838921 1.48631
-0.841371 1.48652
-0.843471 1.48325
-0.845921 1.48404
-0.848371 1.47785
-0.850471 1.47631
-0.852921 1.47188
-0.855371 1.46715
-0.857471 1.46939
-0.858904 1.45973
-0.861354 1.45034
-0.844179 1.44358
-0.863869 1.43158
-0.866319 1.41988
-0.849144 1.40526
-0.847087 1.38803
-0.847502 1.37052
-0.870681 1.35417
-0.871763 1.33666
-0.847406 1.32118
-0.869917 1.30484
-0.850211 1.28675
-0.864086 1.27215
-0.871129 1.25668
-0.849447 1.23888
-0.873934 1.22253
-0.853271 1.20997
-0.853335 1.19333
-0.876514 1.1767
-0.85585 1.1589
-0.860421 1.13878
-0.856039 1.11429
-0.881544 1.09213
-0.883994 1.06649
-0.885426 1.03997
-0.886509 1.0056
-0.876311 0.978211
-0.886697 0.94414
-0.878826 0.910642
-0.880259 0.876863
-0.893988 0.84947
-0.883791 0.818016
-0.877228 0.790042
-0.897268 0.763531
-0.896374 0.745733
-0.869836 0.723292
-0.88755 0.709564
-0.882005 0.695555
-0.877622 0.684453
-0.888359 0.67247
-0.905927 0.661659
-0.908377 0.649685
-0.910827 0.638583
-0.913277 0.627181
-0.915727 0.613753
-0.918177 0.593339
-0.920977 0.574387
-0.923427 0.553681
-0.925877 0.535892
-0.928677 0.511416
-0.931127 0.491001
-0.933577 0.472922
-0.936377 0.453098
-0.938827 0.439079
-0.941627 0.427396
-0.944077 0.418039
-0.946877 0.413914
-0.949327 0.410953
-0.952127 0.414098
-0.954577 0.417824
-0.957377 0.423585
-0.960177 0.430509
-0.962627 0.440631
-0.965427 0.446683
-0.968227 0.456805
-0.970677 0.4678
-0.973477 0.476468
-0.976277 0.489507
-0.978727 0.500501
-0.981527 0.512659
-0.984327 0.525398
-0.987127 0.535529
-0.989927 0.555537
-0.992727 0.57002
-0.994477 0.581642
-0.996227 0.601124
-0.997627 0.617998
-0.999377 0.642722
-1.00078 0.656398
-1.00253 0.675598
-1.00428 0.694798
-0.980237 0.713126
-0.979952 0.730581
-0.976178 0.748037
-0.976996 0.764048
-0.967698 0.779759
-0.960871 0.794598
-0.94823 0.809437
-0.952887 0.82632
-0.951875 0.842031
-0.949205 0.858042
-0.949356 0.872881
-0.955031 0.889764
