-1.01713 1.74109
-1.01698 1.74093
-1.01684 1.74077
-1.01669 1.74061
-1.01655 1.74045
-1.01641 1.74029
-1.01626 1.74013
-1.01612 1.73997
-1.01597 1.73981
-1.01583 1.73965
-1.01569 1.73949
-1.01554 1.73933
-1.01540 1.73917
-1.01525 1.73901
-1.01511 1.73885
-1.01496 1.73869
-1.01482 1.73853
-1.01468 1.73837
-1.01453 1.73821
-1.01439 1.73805
-1.01424 1.73789
-1.01410 1.73772
-1.01396 1.73756
-1.01381 1.73740
-1.01367 1.73724
-1.01352 1.73708
-1.01338 1.73692
-1.01324 1.73676
-1.01309 1.73660
-1.01295 1.73644
-1.01280 1.73628
-1.01266 1.73612
-1.01252 1.73596
-1.01237 1.73579
-1.01223 1.73563
-1.01208 1.73547
-1.01194 1.73531
-1.01180 1.73515
-1.01165 1.73499
-1.01151 1.73483
-1.01136 1.73467
-1.01122 1.73451
-1.01108 1.73434
-1.01093 1.73418
-1.01079 1.73402
-1.01064 1.73386
-1.01050 1.73370
-1.01035 1.73354
-1.01021 1.73338
-1.01007 1.73322
-1.00992 1.73305
-1.00978 1.73289
-1.00963 1.73273
-1.00949 1.73257
-1.00935 1.73241
-1.00920 1.73225
-1.00906 1.73209
-1.00892 1.73192
-1.00877 1.73176
-1.00863 1.73160
-1.00848 1.73144
-1.00834 1.73128
-1.00820 1.73112
-1.00805 1.73095
-1.00791 1.73079
-1.00776 1.73063
-1.00762 1.73047
-1.00748 1.73031
-1.00733 1.73015
-1.00719 1.72998
-1.00704 1.72982
-1.00690 1.72966
-1.00676 1.72950
-1.00661 1.72934
-1.00647 1.72918
-1.00632 1.72901
-1.00618 1.72885
-1.00604 1.72869
-1.00589 1.72853
-1.00575 1.72837
-1.00560 1.72820
-1.00546 1.72804
-1.00532 1.72788
-1.00517 1.72772
-1.00503 1.72756
-1.00488 1.72739
-1.00474 1.72723
-1.00460 1.72707
-1.00445 1.72691
-1.00431 1.72674
-1.00417 1.72658
-1.00402 1.72642
-1.00388 1.72626
-1.00373 1.72610
-1.00359 1.72593
-1.00345 1.72577
-1.00330 1.72561
-1.00316 1.72545
-1.00301 1.72528
-1.00287 1.72512
-1.00273 1.72496
-1.00258 1.72480
-1.00244 1.72463
-1.00230 1.72447
-1.00215 1.72431
-1.00201 1.72415
-1.00186 1.72398
-1.00172 1.72382
-1.00158 1.72366
-1.00143 1.72350
-1.00129 1.72333
-1.00114 1.72317
-1.00100 1.72301
-1.00086 1.72285
-1.00071 1.72268
-1.00057 1.72252
-1.00043 1.72236
-1.00028 1.72219
-1.00014 1.72203
-0.99999 1.72187
-0.99985 1.72171
-0.99971 1.72154
-0.99956 1.72138
-0.99942 1.72122
-0.99928 1.72105
-0.99913 1.72089
-0.99899 1.72073
-0.99884 1.72056
-0.99870 1.72040
-0.99856 1.72024
-0.99841 1.72008
-0.99827 1.71991
-0.99813 1.71975
-0.99798 1.71959
-0.99784 1.71942
-0.99769 1.71926
-0.99755 1.71910
-0.99741 1.71893
-0.99726 1.71877
-0.99712 1.71861
-0.99698 1.71844
-0.99683 1.71828
-0.99669 1.71812
-0.99654 1.71795
-0.99640 1.71779
-0.99626 1.71763
-0.99613 1.71745
-0.99603 1.71727
-0.99593 1.71708
-0.99583 1.71689
-0.99573 1.71671
-0.99563 1.71652
-0.99553 1.71633
-0.99543 1.71615
-0.99533 1.71596
-0.99523 1.71577
-0.99513 1.71559
-0.99503 1.71540
-0.99493 1.71521
-0.99483 1.71503
-0.99474 1.71484
-0.99464 1.71465
-0.99454 1.71447
-0.99444 1.71428
-0.99434 1.71409
-0.99424 1.71390
-0.99414 1.71372
-0.99404 1.71353
-0.99394 1.71334
-0.99384 1.71316
-0.99374 1.71297
-0.99364 1.71278
-0.99354 1.71260
-0.99344 1.71241
-0.99334 1.71222
-0.99324 1.71204
-0.99314 1.71185
-0.99304 1.71166
-0.99294 1.71147
-0.99284 1.71129
-0.99274 1.71110
-0.99264 1.71091
-0.99254 1.71073
-0.99244 1.71054
-0.99234 1.71035
-0.99224 1.71016
-0.99214 1.70998
-0.99204 1.70979
-0.99194 1.70960
-0.99184 1.70942
-0.99174 1.70923
-0.99164 1.70904
-0.99154 1.70885
-0.99144 1.70867
-0.99134 1.70848
-0.99124 1.70829
-0.99114 1.70811
-0.99104 1.70792
-0.99094 1.70773
-0.99084 1.70754
-0.99074 1.70736
-0.99064 1.70717
-0.99054 1.70698
-0.99044 1.70679
-0.99033 1.70661
-0.99023 1.70642
-0.99013 1.70623
-0.99003 1.70604
-0.98993 1.70586
-0.98983 1.70567
-0.98973 1.70548
-0.98963 1.70529
-0.98953 1.70511
-0.98943 1.70492
-0.98933 1.70473
-0.98923 1.70454
-0.98913 1.70436
-0.98903 1.70417
-0.98893 1.70398
-0.98883 1.70379
-0.98871 1.70362
-0.98859 1.70344
-0.98848 1.70326
-0.98836 1.70308
-0.98824 1.70290
-0.98812 1.70272
-0.98801 1.70254
-0.98789 1.70237
-0.98777 1.70219
-0.98765 1.70201
-0.98754 1.70183
-0.98742 1.70165
-0.98730 1.70147
-0.98718 1.70129
-0.98707 1.70111
-0.98695 1.70094
-0.98683 1.70076
-0.98671 1.70058
-0.98659 1.70040
-0.98648 1.70022
-0.98636 1.70004
-0.98624 1.69986
-0.98612 1.69968
-0.98601 1.69950
-0.98589 1.69933
-0.98577 1.69915
-0.98565 1.69897
-0.98554 1.69879
-0.98542 1.69861
-0.98530 1.69843
-0.98518 1.69825
-0.98507 1.69807
-0.98495 1.69789
-0.98483 1.69771
-0.98471 1.69754
-0.98460 1.69736
-0.98448 1.69718
-0.98436 1.69700
-0.98424 1.69682
-0.98412 1.69664
-0.98401 1.69646
-0.98389 1.69628
-0.98377 1.69610
-0.98365 1.69592
-0.98354 1.69574
-0.98342 1.69556
-0.98330 1.69539
-0.98318 1.69521
-0.98307 1.69503
-0.98295 1.69485
-0.98283 1.69467
-0.98271 1.69449
-0.98260 1.69431
-0.98248 1.69413
-0.98236 1.69395
-0.98224 1.69377
-0.98212 1.69359
-0.98201 1.69341
-0.98189 1.69323
-0.98177 1.69305
-0.98165 1.69287
-0.98154 1.69269
-0.98142 1.69251
-0.98130 1.69233
-0.98118 1.69215
-0.98107 1.69197
-0.98095 1.69179
-0.98083 1.69162
-0.98071 1.69144
-0.98059 1.69126
-0.98048 1.69108
-0.98036 1.69090
-0.98024 1.69072
-0.98012 1.69054
-0.98001 1.69036
-0.97989 1.69018
-0.97977 1.69000
-0.97965 1.68982
-0.97954 1.68964
-0.97942 1.68946
-0.97930 1.68928
-0.97918 1.68910
-0.97906 1.68892
-0.97895 1.68874
-0.97883 1.68856
-0.97871 1.68838
-0.97859 1.68820
-0.97848 1.68802
-0.97836 1.68784
-0.97824 1.68766
-0.97812 1.68748
-0.97801 1.68730
-0.97789 1.68712
-0.97777 1.68694
-0.97765 1.68676
-0.97753 1.68658
-0.97742 1.68640
-0.97730 1.68622
-0.97718 1.68604
-0.97706 1.68586
-0.97695 1.68568
-0.97683 1.68549
-0.97671 1.68531
-0.97659 1.68513
-0.97647 1.68495
-0.97636 1.68477
-0.97624 1.68459
-0.97612 1.68441
-0.97600 1.68423
-0.97589 1.68405
-0.97577 1.68387
-0.97565 1.68369
-0.97553 1.68351
-0.97542 1.68333
-0.97530 1.68315
-0.97518 1.68297
-0.97506 1.68279
-0.97494 1.68261
-0.97483 1.68243
-0.97471 1.68225
-0.97459 1.68207
-0.97447 1.68189
-0.97436 1.68170
-0.97424 1.68152
-0.97412 1.68134
-0.97400 1.68116
-0.97388 1.68098
-0.97377 1.68080
-0.97365 1.68062
-0.97353 1.68044
-0.97341 1.68026
-0.97330 1.68008
-0.97318 1.67990
-0.97306 1.67972
-0.97294 1.67953
-0.97282 1.67935
-0.97271 1.67917
-0.97259 1.67899
-0.97247 1.67881
-0.97235 1.67863
-0.97224 1.67845
-0.97212 1.67827
-0.97200 1.67809
-0.97188 1.67791
-0.97176 1.67772
-0.97165 1.67754
-0.97153 1.67736
-0.97141 1.67718
-0.97129 1.67700
-0.97117 1.67682
-0.97106 1.67664
-0.97094 1.67646
-0.97082 1.67628
-0.97070 1.67609
-0.97059 1.67591
-0.97047 1.67573
-0.97035 1.67555
-0.97023 1.67537
-0.97011 1.67519
-0.97000 1.67501
-0.96988 1.67483
-0.96976 1.67464
-0.96964 1.67446
-0.96953 1.67428
-0.96941 1.67410
-0.96929 1.67392
-0.96917 1.67374
-0.96905 1.67356
-0.96894 1.67337
-0.96882 1.67319
-0.96870 1.67301
-0.96858 1.67283
-0.96846 1.67265
-0.96835 1.67247
-0.96823 1.67228
-0.96811 1.67210
-0.96799 1.67192
-0.96787 1.67174
-0.96776 1.67156
-0.96764 1.67138
-0.96752 1.67119
-0.96740 1.67101
-0.96729 1.67083
-0.96717 1.67065
-0.96705 1.67047
-0.96693 1.67028
-0.96681 1.67010
-0.96670 1.66992
-0.96658 1.66974
-0.96646 1.66956
-0.96634 1.66938
-0.96622 1.66919
-0.96611 1.66901
-0.96599 1.66883
-0.96587 1.66865
-0.96575 1.66847
-0.96563 1.66828
-0.96552 1.66810
-0.96540 1.66792
-0.96528 1.66774
-0.96516 1.66756
-0.96505 1.66737
-0.96493 1.66719
-0.96481 1.66701
-0.96469 1.66683
-0.96457 1.66664
-0.96446 1.66646
-0.96434 1.66628
-0.96422 1.66610
-0.96410 1.66592
-0.96398 1.66573
-0.96387 1.66555
-0.96375 1.66537
-0.96363 1.66519
-0.96351 1.66500
-0.96339 1.66482
-0.96328 1.66464
-0.96316 1.66446
-0.96304 1.66427
-0.96292 1.66409
-0.96280 1.66391
-0.96269 1.66373
-0.96257 1.66354
-0.96245 1.66336
-0.96233 1.66318
-0.96221 1.66300
-0.96210 1.66281
-0.96198 1.66263
-0.96186 1.66245
-0.96174 1.66227
-0.96162 1.66208
-0.96151 1.66190
-0.96139 1.66172
-0.96127 1.66154
-0.96115 1.66135
-0.96103 1.66117
-0.96092 1.66099
-0.96080 1.66080
-0.96068 1.66062
-0.96056 1.66044
-0.96044 1.66026
-0.96033 1.66007
-0.96021 1.65989
-0.96009 1.65971
-0.95997 1.65952
-0.95985 1.65934
-0.95974 1.65916
-0.95962 1.65898
-0.95950 1.65879
-0.95938 1.65861
-0.95926 1.65843
-0.95915 1.65824
-0.95903 1.65806
-0.95891 1.65788
-0.95879 1.65769
-0.95867 1.65751
-0.95856 1.65733
-0.95844 1.65714
-0.95832 1.65696
-0.95820 1.65678
-0.95808 1.65660
-0.95797 1.65641
-0.95785 1.65623
-0.95773 1.65605
-0.95761 1.65586
-0.95749 1.65568
-0.95738 1.65550
-0.95726 1.65531
-0.95714 1.65513
-0.95702 1.65495
-0.95690 1.65476
-0.95679 1.65458
-0.95667 1.65439
-0.95655 1.65421
-0.95643 1.65403
-0.95631 1.65384
-0.95619 1.65366
-0.95608 1.65348
-0.95596 1.65329
-0.95584 1.65311
-0.95572 1.65293
-0.95560 1.65274
-0.95549 1.65256
-0.95537 1.65238
-0.95525 1.65219
-0.95513 1.65201
-0.95501 1.65182
-0.95490 1.65164
-0.95478 1.65146
-0.95466 1.65127
-0.95454 1.65109
-0.95442 1.65091
-0.95430 1.65072
-0.95419 1.65054
-0.95407 1.65035
-0.95395 1.65017
-0.95383 1.64999
-0.95371 1.64980
-0.95360 1.64962
-0.95348 1.64943
-0.95336 1.64925
-0.95324 1.64907
-0.95312 1.64888
-0.95301 1.64870
-0.95289 1.64851
-0.95277 1.64833
-0.95265 1.64815
-0.95253 1.64796
-0.95241 1.64778
-0.95230 1.64759
-0.95218 1.64741
-0.95206 1.64723
-0.95194 1.64704
-0.95182 1.64686
-0.95171 1.64667
-0.95159 1.64649
-0.95147 1.64630
-0.95135 1.64612
-0.95123 1.64594
-0.95111 1.64575
-0.95100 1.64557
-0.95088 1.64538
-0.95076 1.64520
-0.95064 1.64501
-0.95052 1.64483
-0.95040 1.64465
-0.95029 1.64446
-0.95017 1.64428
-0.95005 1.64409
-0.94993 1.64391
-0.94981 1.64372
-0.94970 1.64354
-0.94958 1.64335
-0.94946 1.64317
-0.94934 1.64298
-0.94922 1.64280
-0.94910 1.64261
-0.94899 1.64243
-0.94887 1.64225
-0.94875 1.64206
-0.94863 1.64188
-0.94851 1.64169
-0.94839 1.64151
-0.94828 1.64132
-0.94816 1.64114
-0.94804 1.64095
-0.94792 1.64077
-0.94780 1.64058
-0.94769 1.64040
-0.94757 1.64021
-0.94745 1.64003
-0.94733 1.63984
-0.94721 1.63966
-0.94709 1.63947
-0.94698 1.63929
-0.94686 1.63910
-0.94674 1.63892
-0.94662 1.63873
-0.94650 1.63855
-0.94638 1.63836
-0.94627 1.63818
-0.94615 1.63799
-0.94603 1.63781
-0.94591 1.63762
-0.94579 1.63744
-0.94567 1.63725
-0.94557 1.63706
-0.94547 1.63686
-0.94537 1.63667
-0.94527 1.63648
-0.94516 1.63628
-0.94506 1.63609
-0.94496 1.63589
-0.94486 1.63570
-0.94476 1.63551
-0.94466 1.63531
-0.94455 1.63512
-0.94445 1.63492
-0.94435 1.63473
-0.94425 1.63453
-0.94415 1.63434
-0.94405 1.63414
-0.94394 1.63395
-0.94384 1.63376
-0.94374 1.63356
-0.94364 1.63337
-0.94354 1.63317
-0.94344 1.63298
-0.94333 1.63278
-0.94323 1.63259
-0.94313 1.63239
-0.94303 1.63220
-0.94293 1.63201
-0.94283 1.63181
-0.94272 1.63162
-0.94262 1.63142
-0.94252 1.63123
-0.94242 1.63103
-0.94232 1.63084
-0.94222 1.63064
-0.94211 1.63045
-0.94201 1.63025
-0.94191 1.63006
-0.94181 1.62986
-0.94171 1.62967
-0.94161 1.62947
-0.94150 1.62928
-0.94140 1.62909
-0.94130 1.62889
-0.94120 1.62870
-0.94110 1.62850
-0.94099 1.62831
-0.94089 1.62811
-0.94079 1.62792
-0.94069 1.62772
-0.94059 1.62753
-0.94049 1.62733
-0.94038 1.62714
-0.94028 1.62694
-0.94018 1.62675
-0.94008 1.62655
-0.93998 1.62636
-0.93987 1.62616
-0.93977 1.62597
-0.93967 1.62577
-0.93957 1.62557
-0.93947 1.62538
-0.93936 1.62518
-0.93926 1.62499
-0.93916 1.62479
-0.93906 1.62460
-0.93896 1.62440
-0.93886 1.62421
-0.93875 1.62401
-0.93865 1.62382
-0.93855 1.62362
-0.93845 1.62343
-0.93835 1.62323
-0.93824 1.62304
-0.93814 1.62284
-0.93804 1.62265
-0.93794 1.62245
-0.93784 1.62225
-0.93773 1.62206
-0.93763 1.62186
-0.93753 1.62167
-0.93743 1.62147
-0.93733 1.62128
-0.93722 1.62108
-0.93712 1.62089
-0.93702 1.62069
-0.93692 1.62049
-0.93681 1.62030
-0.93671 1.62010
-0.93661 1.61991
-0.93651 1.61971
-0.93641 1.61952
-0.93630 1.61932
-0.93620 1.61912
-0.93610 1.61893
-0.93600 1.61873
-0.93590 1.61854
-0.93579 1.61834
-0.93569 1.61814
-0.93559 1.61795
-0.93549 1.61775
-0.93538 1.61756
-0.93528 1.61736
-0.93518 1.61716
-0.93508 1.61697
-0.93498 1.61677
-0.93487 1.61658
-0.93477 1.61638
-0.93467 1.61618
-0.93457 1.61599
-0.93446 1.61579
-0.93436 1.61560
-0.93426 1.61540
-0.93416 1.61520
-0.93406 1.61501
-0.93395 1.61481
-0.93385 1.61462
-0.93375 1.61442
-0.93365 1.61422
-0.93354 1.61403
-0.93344 1.61383
-0.93334 1.61363
-0.93324 1.61344
-0.93313 1.61324
-0.93303 1.61304
-0.93293 1.61285
-0.93283 1.61265
-0.93273 1.61246
-0.93262 1.61226
-0.93252 1.61206
-0.93242 1.61187
-0.93232 1.61167
-0.93221 1.61147
-0.93211 1.61128
-0.93201 1.61108
-0.93191 1.61088
-0.93180 1.61069
-0.93170 1.61049
-0.93160 1.61029
-0.93150 1.61010
-0.93139 1.60990
-0.93129 1.60970
-0.93119 1.60951
-0.93109 1.60931
-0.93098 1.60911
-0.93088 1.60892
-0.93078 1.60872
-0.93068 1.60852
-0.93057 1.60833
-0.93047 1.60813
-0.93037 1.60793
-0.93027 1.60774
-0.93016 1.60754
-0.93006 1.60734
-0.92996 1.60714
-0.92986 1.60695
-0.92975 1.60675
-0.92965 1.60655
-0.92955 1.60636
-0.92945 1.60616
-0.92934 1.60596
-0.92924 1.60577
-0.92914 1.60557
-0.92904 1.60537
-0.92893 1.60517
-0.92883 1.60498
-0.92873 1.60478
-0.92863 1.60458
-0.92852 1.60438
-0.92842 1.60419
-0.92832 1.60399
-0.92821 1.60379
-0.92811 1.60360
-0.92801 1.60340
-0.92791 1.60320
-0.92780 1.60300
-0.92770 1.60281
-0.92760 1.60261
-0.92750 1.60241
-0.92739 1.60221
-0.92729 1.60202
-0.92719 1.60182
-0.92708 1.60162
-0.92698 1.60142
-0.92688 1.60123
-0.92678 1.60103
-0.92667 1.60083
-0.92657 1.60063
-0.92647 1.60044
-0.92637 1.60024
-0.92626 1.60004
-0.92616 1.59984
-0.92606 1.59965
-0.92595 1.59945
-0.92585 1.59925
-0.92575 1.59905
-0.92565 1.59885
-0.92554 1.59866
-0.92544 1.59846
-0.92534 1.59826
-0.92523 1.59806
-0.92513 1.59787
-0.92503 1.59767
-0.92493 1.59747
-0.92482 1.59727
-0.92472 1.59707
-0.92462 1.59688
-0.92451 1.59668
-0.92441 1.59648
-0.92431 1.59628
-0.92420 1.59608
-0.92410 1.59589
-0.92400 1.59569
-0.92390 1.59549
-0.92379 1.59529
-0.92369 1.59509
-0.92359 1.59489
-0.92348 1.59470
-0.92338 1.59450
-0.92328 1.59430
-0.92317 1.59410
-0.92307 1.59390
-0.92297 1.59371
-0.92287 1.59351
-0.92276 1.59331
-0.92266 1.59311
-0.92256 1.59291
-0.92245 1.59271
-0.92235 1.59252
-0.92225 1.59232
-0.92214 1.59212
-0.92204 1.59192
-0.92194 1.59172
-0.92183 1.59152
-0.92173 1.59132
-0.92163 1.59113
-0.92153 1.59093
-0.92142 1.59073
-0.92132 1.59053
-0.92122 1.59033
-0.92111 1.59013
-0.92101 1.58993
-0.92091 1.58974
-0.92080 1.58954
-0.92070 1.58934
-0.92060 1.58914
-0.92049 1.58894
-0.92039 1.58874
-0.92029 1.58854
-0.92018 1.58834
-0.92008 1.58814
-0.91998 1.58795
-0.91987 1.58775
-0.91977 1.58755
-0.91967 1.58735
-0.91956 1.58715
-0.91946 1.58695
-0.91936 1.58675
-0.91925 1.58655
-0.91915 1.58635
-0.91905 1.58616
-0.91894 1.58596
-0.91884 1.58576
-0.91874 1.58556
-0.91863 1.58536
-0.91853 1.58516
-0.91843 1.58496
-0.91832 1.58476
-0.91822 1.58456
-0.91812 1.58436
-0.91801 1.58416
-0.91791 1.58396
-0.91781 1.58377
-0.91770 1.58357
-0.91760 1.58337
-0.91750 1.58317
-0.91739 1.58297
-0.91729 1.58277
-0.91719 1.58257
-0.91708 1.58237
-0.91698 1.58217
-0.91688 1.58197
-0.91677 1.58177
-0.91667 1.58157
-0.91657 1.58137
-0.91646 1.58117
-0.91636 1.58097
-0.91625 1.58077
-0.91615 1.58057
-0.91605 1.58037
-0.91594 1.58017
-0.91584 1.57997
-0.91574 1.57977
-0.91563 1.57958
-0.91553 1.57938
-0.91543 1.57918
-0.91532 1.57898
-0.91522 1.57878
-0.91512 1.57858
-0.91501 1.57838
-0.91491 1.57818
-0.91480 1.57798
-0.91470 1.57778
-0.91460 1.57758
-0.91449 1.57738
-0.91439 1.57718
-0.91429 1.57698
-0.91418 1.57678
-0.91408 1.57658
-0.91398 1.57638
-0.91387 1.57618
-0.91377 1.57598
-0.91366 1.57578
-0.91356 1.57558
-0.91346 1.57538
-0.91335 1.57518
-0.91325 1.57498
-0.91315 1.57478
-0.91304 1.57458
-0.91294 1.57438
-0.91283 1.57418
-0.91273 1.57397
-0.91263 1.57377
-0.91252 1.57357
-0.91242 1.57337
-0.91232 1.57317
-0.91221 1.57297
-0.91211 1.57277
-0.91200 1.57257
-0.91190 1.57237
-0.91180 1.57217
-0.91169 1.57197
-0.91159 1.57177
-0.91148 1.57157
-0.91138 1.57137
-0.91128 1.57117
-0.91117 1.57097
-0.91107 1.57077
-0.91096 1.57057
-0.91086 1.57037
-0.91076 1.57017
-0.91065 1.56996
-0.91055 1.56976
-0.91045 1.56956
-0.91034 1.56936
-0.91024 1.56916
-0.91013 1.56896
-0.91003 1.56876
-0.90993 1.56856
-0.90982 1.56836
-0.90972 1.56816
-0.90961 1.56796
-0.90951 1.56776
-0.90941 1.56755
-0.90930 1.56735
-0.90920 1.56715
-0.90909 1.56695
-0.90899 1.56675
-0.90888 1.56655
-0.90878 1.56635
-0.90868 1.56615
-0.90857 1.56595
-0.90847 1.56574
-0.90836 1.56554
-0.90826 1.56534
-0.90816 1.56514
-0.90805 1.56494
-0.90795 1.56474
-0.90784 1.56454
-0.90774 1.56434
-0.90764 1.56413
-0.90753 1.56393
-0.90743 1.56373
-0.90732 1.56353
-0.90722 1.56333
-0.90711 1.56313
-0.90701 1.56293
-0.90691 1.56273
-0.90680 1.56252
-0.90670 1.56232
-0.90659 1.56212
-0.90649 1.56192
-0.90638 1.56172
-0.90628 1.56152
-0.90618 1.56131
-0.90607 1.56111
-0.90597 1.56091
-0.90586 1.56071
-0.90576 1.56051
-0.90565 1.56031
-0.90555 1.56010
-0.90545 1.55990
-0.90534 1.55970
-0.90524 1.55950
-0.90513 1.55930
-0.90503 1.55910
-0.90492 1.55889
-0.90482 1.55869
-0.90472 1.55849
-0.90461 1.55829
-0.90451 1.55809
-0.90440 1.55788
-0.90430 1.55768
-0.90419 1.55748
-0.90409 1.55728
-0.90398 1.55708
-0.90388 1.55687
-0.90378 1.55667
-0.90367 1.55647
-0.90357 1.55627
-0.90346 1.55606
-0.90336 1.55586
-0.90325 1.55566
-0.90315 1.55546
-0.90304 1.55526
-0.90294 1.55505
-0.90283 1.55485
-0.90273 1.55465
-0.90263 1.55445
-0.90252 1.55424
-0.90242 1.55404
-0.90231 1.55384
-0.90221 1.55364
-0.90210 1.55343
-0.90200 1.55323
-0.90189 1.55303
-0.90179 1.55283
-0.90168 1.55262
-0.90158 1.55242
-0.90148 1.55222
-0.90137 1.55202
-0.90127 1.55181
-0.90116 1.55161
-0.90106 1.55141
-0.90095 1.55121
-0.90085 1.55100
-0.90074 1.55080
-0.90064 1.55060
-0.90053 1.55040
-0.90043 1.55019
-0.90032 1.54999
-0.90022 1.54979
-0.90011 1.54958
-0.90001 1.54938
-0.89990 1.54918
-0.89980 1.54898
-0.89969 1.54877
-0.89959 1.54857
-0.89949 1.54837
-0.89938 1.54816
-0.89928 1.54796
-0.89917 1.54776
-0.89907 1.54755
-0.89896 1.54735
-0.89886 1.54715
-0.89875 1.54695
-0.89865 1.54674
-0.89854 1.54654
-0.89844 1.54634
-0.89833 1.54613
-0.89823 1.54593
-0.89812 1.54573
-0.89802 1.54552
-0.89791 1.54532
-0.89781 1.54512
-0.89770 1.54491
-0.89760 1.54471
-0.89749 1.54451
-0.89739 1.54430
-0.89728 1.54410
-0.89718 1.54390
-0.89707 1.54369
-0.89697 1.54349
-0.89686 1.54329
-0.89676 1.54308
-0.89665 1.54288
-0.89655 1.54267
-0.89644 1.54247
-0.89634 1.54227
-0.89623 1.54206
-0.89613 1.54186
-0.89602 1.54166
-0.89592 1.54145
-0.89581 1.54125
-0.89571 1.54104
-0.89560 1.54084
-0.89550 1.54064
-0.89539 1.54043
-0.89529 1.54023
-0.89518 1.54003
-0.89508 1.53982
-0.89497 1.53962
-0.89487 1.53941
-0.89476 1.53921
-0.89466 1.53901
-0.89455 1.53880
-0.89444 1.53860
-0.89434 1.53839
-0.89423 1.53819
-0.89413 1.53799
-0.89402 1.53778
-0.89392 1.53758
-0.89381 1.53737
-0.89371 1.53717
-0.89360 1.53696
-0.89350 1.53676
-0.89339 1.53656
-0.89329 1.53635
-0.89318 1.53615
-0.89308 1.53594
-0.89297 1.53574
-0.89287 1.53553
-0.89276 1.53533
-0.89265 1.53513
-0.89255 1.53492
-0.89244 1.53472
-0.89234 1.53451
-0.89223 1.53431
-0.89213 1.53410
-0.89202 1.53390
-0.89192 1.53369
-0.89181 1.53349
-0.89171 1.53329
-0.89160 1.53308
-0.89150 1.53288
-0.89139 1.53267
-0.89128 1.53247
-0.89118 1.53226
-0.89107 1.53206
-0.89097 1.53185
-0.89086 1.53165
-0.89076 1.53144
-0.89065 1.53124
-0.89055 1.53103
-0.89044 1.53083
-0.89034 1.53062
-0.89023 1.53042
-0.89012 1.53021
-0.89002 1.53001
-0.88991 1.52980
-0.88981 1.52960
-0.88970 1.52939
-0.88960 1.52919
-0.88949 1.52898
-0.88938 1.52878
-0.88928 1.52857
-0.88917 1.52837
-0.88907 1.52816
-0.88896 1.52796
-0.88886 1.52775
-0.88875 1.52755
-0.88865 1.52734
-0.88854 1.52714
-0.88843 1.52693
-0.88833 1.52673
-0.88822 1.52652
-0.88812 1.52632
-0.88801 1.52611
-0.88791 1.52590
-0.88780 1.52570
-0.88769 1.52549
-0.88759 1.52529
-0.88748 1.52508
-0.88738 1.52488
-0.88727 1.52467
-0.88716 1.52447
-0.88706 1.52426
-0.88695 1.52405
-0.88685 1.52385
-0.88674 1.52364
-0.88664 1.52344
-0.88653 1.52323
-0.88642 1.52303
-0.88632 1.52282
-0.88621 1.52261
-0.88611 1.52241
-0.88600 1.52220
-0.88589 1.52200
-0.88579 1.52179
-0.88568 1.52159
-0.88558 1.52138
-0.88547 1.52117
-0.88536 1.52097
-0.88526 1.52076
-0.88515 1.52056
-0.88505 1.52035
-0.88494 1.52014
-0.88483 1.51994
-0.88473 1.51973
-0.88462 1.51953
-0.88452 1.51932
-0.88441 1.51911
-0.88430 1.51891
-0.88420 1.51870
-0.88409 1.51849
-0.88399 1.51829
-0.88388 1.51808
-0.88377 1.51788
-0.88367 1.51767
-0.88356 1.51746
-0.88346 1.51726
-0.88335 1.51705
-0.88324 1.51684
-0.88314 1.51664
-0.88303 1.51643
-0.88293 1.51622
-0.88282 1.51602
-0.88271 1.51581
-0.88261 1.51560
-0.88250 1.51540
-0.88239 1.51519
-0.88229 1.51498
-0.88218 1.51478
-0.88208 1.51457
-0.88197 1.51436
-0.88186 1.51416
-0.88176 1.51395
-0.88165 1.51374
-0.88154 1.51354
-0.88144 1.51333
-0.88133 1.51312
-0.88123 1.51292
-0.88112 1.51271
-0.88101 1.51250
-0.88091 1.51230
-0.88080 1.51209
-0.88069 1.51188
-0.88059 1.51168
-0.88048 1.51147
-0.88037 1.51126
-0.88027 1.51105
-0.88016 1.51085
-0.88006 1.51064
-0.87995 1.51043
-0.87984 1.51023
-0.87974 1.51002
-0.87963 1.50981
-0.87952 1.50960
-0.87942 1.50940
-0.87931 1.50919
-0.87920 1.50898
-0.87910 1.50877
-0.87899 1.50857
-0.87888 1.50836
-0.87878 1.50815
-0.87867 1.50795
-0.87857 1.50774
-0.87846 1.50753
-0.87835 1.50732
-0.87825 1.50712
-0.87814 1.50691
-0.87803 1.50670
-0.87793 1.50649
-0.87782 1.50628
-0.87771 1.50608
-0.87761 1.50587
-0.87750 1.50566
-0.87739 1.50545
-0.87729 1.50525
-0.87718 1.50504
-0.87707 1.50483
-0.87697 1.50462
-0.87686 1.50442
-0.87675 1.50421
-0.87665 1.50400
-0.87654 1.50379
-0.87643 1.50358
-0.87633 1.50338
-0.87622 1.50317
-0.87611 1.50296
-0.87601 1.50275
-0.87590 1.50254
-0.87579 1.50234
-0.87569 1.50213
-0.87558 1.50192
-0.87547 1.50171
-0.87536 1.50150
-0.87526 1.50129
-0.87515 1.50109
-0.87504 1.50088
-0.87494 1.50067
-0.87483 1.50046
-0.87472 1.50025
-0.87462 1.50005
-0.87451 1.49984
-0.87440 1.49963
-0.87430 1.49942
-0.87419 1.49921
-0.87408 1.49900
-0.87398 1.49879
-0.87387 1.49859
-0.87376 1.49838
-0.87365 1.49817
-0.87355 1.49796
-0.87344 1.49775
-0.87333 1.49754
-0.87323 1.49733
-0.87312 1.49713
-0.87301 1.49692
-0.87291 1.49671
-0.87280 1.49650
-0.87269 1.49629
-0.87258 1.49608
-0.87248 1.49587
-0.87237 1.49566
-0.87226 1.49546
-0.87216 1.49525
-0.87205 1.49504
-0.87194 1.49483
-0.87183 1.49462
-0.87173 1.49441
-0.87162 1.49420
-0.87151 1.49399
-0.87141 1.49378
-0.87130 1.49358
-0.87119 1.49337
-0.87108 1.49316
-0.87098 1.49295
-0.87087 1.49274
-0.87076 1.49253
-0.87066 1.49232
-0.87055 1.49211
-0.87044 1.49190
-0.87033 1.49169
-0.87023 1.49148
-0.87012 1.49127
-0.87001 1.49106
-0.86990 1.49086
-0.86980 1.49065
-0.86969 1.49044
-0.86958 1.49023
-0.86948 1.49002
-0.86937 1.48981
-0.86926 1.48960
-0.86915 1.48939
-0.86905 1.48918
-0.86894 1.48897
-0.86883 1.48876
-0.86872 1.48855
-0.86862 1.48834
-0.86851 1.48813
-0.86840 1.48792
-0.86829 1.48771
-0.86819 1.48750
-0.86808 1.48729
-0.86797 1.48708
-0.86786 1.48687
-0.86776 1.48666
-0.86765 1.48645
-0.86754 1.48624
-0.86743 1.48603
-0.86733 1.48582
-0.86722 1.48561
-0.86711 1.48540
-0.86700 1.48519
-0.86690 1.48498
-0.86679 1.48477
-0.86668 1.48456
-0.86657 1.48435
-0.86647 1.48414
-0.86636 1.48393
-0.86625 1.48372
-0.86614 1.48351
-0.86604 1.48330
-0.86593 1.48309
-0.86582 1.48288
-0.86571 1.48267
-0.86560 1.48246
-0.86550 1.48225
-0.86539 1.48204
-0.86528 1.48183
-0.86517 1.48162
-0.86507 1.48141
-0.86496 1.48120
-0.86485 1.48099
-0.86474 1.48078
-0.86464 1.48057
-0.86453 1.48035
-0.86442 1.48014
-0.86431 1.47993
-0.86420 1.47972
-0.86410 1.47951
-0.86399 1.47930
-0.86388 1.47909
-0.86377 1.47888
-0.86366 1.47867
-0.86356 1.47846
-0.86345 1.47825
-0.86334 1.47804
-0.86323 1.47783
-0.86313 1.47761
-0.86302 1.47740
-0.86291 1.47719
-0.86280 1.47698
-0.86269 1.47677
-0.86259 1.47656
-0.86248 1.47635
-0.86237 1.47614
-0.86226 1.47593
-0.86215 1.47571
-0.86205 1.47550
-0.86194 1.47529
-0.86183 1.47508
-0.86172 1.47487
-0.86161 1.47466
-0.86151 1.47445
-0.86140 1.47424
-0.86129 1.47402
-0.86118 1.47381
-0.86107 1.47360
-0.86096 1.47339
-0.86086 1.47318
-0.86075 1.47297
-0.86064 1.47276
-0.86053 1.47254
-0.86042 1.47233
-0.86032 1.47212
-0.86021 1.47191
-0.86010 1.47170
-0.85999 1.47149
-0.85988 1.47127
-0.85977 1.47106
-0.85967 1.47085
-0.85956 1.47064
-0.85945 1.47043
-0.85934 1.47022
-0.85923 1.47000
-0.85913 1.46979
-0.85902 1.46958
-0.85891 1.46937
-0.85880 1.46916
-0.85869 1.46894
-0.85858 1.46873
-0.85848 1.46852
-0.85837 1.46831
-0.85826 1.46810
-0.85815 1.46788
-0.85804 1.46767
-0.85793 1.46746
-0.85783 1.46725
-0.85772 1.46704
-0.85761 1.46682
-0.85750 1.46661
-0.85739 1.46640
-0.85728 1.46619
-0.85717 1.46597
-0.85707 1.46576
-0.85696 1.46555
-0.85685 1.46534
-0.85674 1.46512
-0.85663 1.46491
-0.85652 1.46470
-0.85641 1.46449
-0.85631 1.46427
-0.85620 1.46406
-0.85609 1.46385
-0.85598 1.46364
-0.85587 1.46342
-0.85576 1.46321
-0.85565 1.46300
-0.85555 1.46279
-0.85544 1.46257
-0.85533 1.46236
-0.85522 1.46215
-0.85511 1.46193
-0.85500 1.46172
-0.85489 1.46151
-0.85479 1.46130
-0.85468 1.46108
-0.85457 1.46087
-0.85446 1.46066
-0.85435 1.46044
-0.85424 1.46023
-0.85413 1.46002
-0.85402 1.45980
-0.85392 1.45959
-0.85381 1.45938
-0.85370 1.45917
-0.85359 1.45895
-0.85348 1.45874
-0.85337 1.45853
-0.85326 1.45831
-0.85315 1.45810
-0.85304 1.45789
-0.85294 1.45767
-0.85283 1.45746
-0.85272 1.45725
-0.85261 1.45703
-0.85250 1.45682
-0.85239 1.45661
-0.85228 1.45639
-0.85217 1.45618
-0.85206 1.45596
-0.85196 1.45575
-0.85185 1.45554
-0.85174 1.45532
-0.85163 1.45511
-0.85152 1.45490
-0.85141 1.45468
-0.85130 1.45447
-0.85119 1.45426
-0.85108 1.45404
-0.85097 1.45383
-0.85087 1.45361
-0.85076 1.45340
-0.85065 1.45319
-0.85054 1.45297
-0.85043 1.45276
-0.85032 1.45254
-0.85021 1.45233
-0.85010 1.45212
-0.84999 1.45190
-0.84988 1.45169
-0.84977 1.45147
-0.84966 1.45126
-0.84956 1.45105
-0.84945 1.45083
-0.84934 1.45062
-0.84923 1.45040
-0.84912 1.45019
-0.84901 1.44997
-0.84890 1.44976
-0.84879 1.44955
-0.84868 1.44933
-0.84857 1.44912
-0.84846 1.44890
-0.84835 1.44869
-0.84824 1.44847
-0.84813 1.44826
-0.84803 1.44805
-0.84792 1.44783
-0.84781 1.44762
-0.84770 1.44740
-0.84759 1.44719
-0.84748 1.44697
-0.84737 1.44676
-0.84726 1.44654
-0.84715 1.44633
-0.84704 1.44611
-0.84693 1.44590
-0.84682 1.44568
-0.84671 1.44547
-0.84660 1.44525
-0.84649 1.44504
-0.84638 1.44482
-0.84627 1.44461
-0.84616 1.44439
-0.84606 1.44418
-0.84595 1.44396
-0.84584 1.44375
-0.84573 1.44353
-0.84562 1.44332
-0.84551 1.44310
-0.84540 1.44289
-0.84529 1.44267
-0.84518 1.44246
-0.84507 1.44224
-0.84496 1.44203
-0.84485 1.44181
-0.84474 1.44160
-0.84463 1.44138
-0.84452 1.44117
-0.84441 1.44095
-0.84430 1.44074
-0.84419 1.44052
-0.84408 1.44030
-0.84397 1.44009
-0.84386 1.43987
-0.84375 1.43966
-0.84364 1.43944
-0.84353 1.43923
-0.84342 1.43901
-0.84331 1.43880
-0.84320 1.43858
-0.84309 1.43836
-0.84298 1.43815
-0.84287 1.43793
-0.84276 1.43772
-0.84265 1.43750
-0.84254 1.43728
-0.84243 1.43707
-0.84232 1.43685
-0.84221 1.43664
-0.84210 1.43642
-0.84199 1.43621
-0.84188 1.43599
-0.84177 1.43577
-0.84166 1.43556
-0.84155 1.43534
-0.84144 1.43512
-0.84133 1.43491
-0.84122 1.43469
-0.84111 1.43448
-0.84100 1.43426
-0.84089 1.43404
-0.84078 1.43383
-0.84067 1.43361
-0.84056 1.43339
-0.84045 1.43318
-0.84034 1.43296
-0.84023 1.43275
-0.84012 1.43253
-0.84001 1.43231
-0.83990 1.43210
-0.83979 1.43188
-0.83968 1.43166
-0.83957 1.43145
-0.83946 1.43123
-0.83935 1.43101
-0.83924 1.43080
-0.83913 1.43058
-0.83902 1.43036
-0.83891 1.43015
-0.83880 1.42993
-0.83869 1.42971
-0.83858 1.42950
-0.83847 1.42928
-0.83836 1.42906
-0.83825 1.42884
-0.83814 1.42863
-0.83803 1.42841
-0.83792 1.42819
-0.83781 1.42798
-0.83770 1.42776
-0.83759 1.42754
-0.83748 1.42733
-0.83737 1.42711
-0.83726 1.42689
-0.83715 1.42667
-0.83703 1.42646
-0.83692 1.42624
-0.83681 1.42602
-0.83670 1.42580
-0.83659 1.42559
-0.83648 1.42537
-0.83637 1.42515
-0.83626 1.42493
-0.83615 1.42472
-0.83604 1.42450
-0.83593 1.42428
-0.83582 1.42406
-0.83571 1.42385
-0.83560 1.42363
-0.83549 1.42341
-0.83538 1.42319
-0.83527 1.42298
-0.83516 1.42276
-0.83504 1.42254
-0.83493 1.42232
-0.83482 1.42211
-0.83471 1.42189
-0.83460 1.42167
-0.83449 1.42145
-0.83438 1.42123
-0.83427 1.42102
-0.83416 1.42080
-0.83405 1.42058
-0.83394 1.42036
-0.83383 1.42014
-0.83372 1.41993
-0.83360 1.41971
-0.83349 1.41949
-0.83338 1.41927
-0.83327 1.41905
-0.83316 1.41884
-0.83305 1.41862
-0.83294 1.41840
-0.83283 1.41818
-0.83272 1.41796
-0.83261 1.41774
-0.83250 1.41753
-0.83239 1.41731
-0.83227 1.41709
-0.83216 1.41687
-0.83205 1.41665
-0.83194 1.41643
-0.83183 1.41621
-0.83172 1.41600
-0.83161 1.41578
-0.83150 1.41556
-0.83139 1.41534
-0.83127 1.41512
-0.83116 1.41490
-0.83105 1.41468
-0.83094 1.41446
-0.83083 1.41425
-0.83072 1.41403
-0.83061 1.41381
-0.83050 1.41359
-0.83039 1.41337
-0.83027 1.41315
-0.83016 1.41293
-0.83005 1.41271
-0.82994 1.41249
-0.82983 1.41228
-0.82972 1.41206
-0.82961 1.41184
-0.82950 1.41162
-0.82939 1.41140
-0.82927 1.41118
-0.82916 1.41096
-0.82905 1.41074
-0.82894 1.41052
-0.82883 1.41030
-0.82872 1.41008
-0.82861 1.40986
-0.82849 1.40964
-0.82838 1.40942
-0.82827 1.40921
-0.82816 1.40899
-0.82805 1.40877
-0.82794 1.40855
-0.82783 1.40833
-0.82771 1.40811
-0.82760 1.40789
-0.82749 1.40767
-0.82738 1.40745
-0.82727 1.40723
-0.82716 1.40701
-0.82705 1.40679
-0.82693 1.40657
-0.82682 1.40635
-0.82671 1.40613
-0.82660 1.40591
-0.82649 1.40569
-0.82638 1.40547
-0.82626 1.40525
-0.82615 1.40503
-0.82604 1.40481
-0.82593 1.40459
-0.82582 1.40437
-0.82571 1.40415
-0.82560 1.40393
-0.82548 1.40371
-0.82537 1.40349
-0.82526 1.40327
-0.82515 1.40305
-0.82504 1.40283
-0.82492 1.40261
-0.82481 1.40239
-0.82470 1.40217
-0.82459 1.40195
-0.82448 1.40173
-0.82437 1.40150
-0.82425 1.40128
-0.82414 1.40106
-0.82403 1.40084
-0.82392 1.40062
-0.82381 1.40040
-0.82369 1.40018
-0.82358 1.39996
-0.82347 1.39974
-0.82336 1.39952
-0.82325 1.39930
-0.82314 1.39908
-0.82302 1.39886
-0.82291 1.39864
-0.82280 1.39841
-0.82269 1.39819
-0.82258 1.39797
-0.82246 1.39775
-0.82235 1.39753
-0.82224 1.39731
-0.82213 1.39709
-0.82202 1.39687
-0.82190 1.39665
-0.82179 1.39643
-0.82168 1.39620
-0.82157 1.39598
-0.82145 1.39576
-0.82134 1.39554
-0.82123 1.39532
-0.82112 1.39510
-0.82101 1.39488
-0.82089 1.39465
-0.82078 1.39443
-0.82067 1.39421
-0.82056 1.39399
-0.82045 1.39377
-0.82033 1.39355
-0.82022 1.39333
-0.82011 1.39310
-0.82000 1.39288
-0.81988 1.39266
-0.81977 1.39244
-0.81966 1.39222
-0.81955 1.39200
-0.81943 1.39177
-0.81932 1.39155
-0.81921 1.39133
-0.81910 1.39111
-0.81899 1.39089
-0.81887 1.39066
-0.81876 1.39044
-0.81865 1.39022
-0.81854 1.39000
-0.81842 1.38978
-0.81831 1.38955
-0.81820 1.38933
-0.81809 1.38911
-0.81797 1.38889
-0.81786 1.38867
-0.81775 1.38844
-0.81764 1.38822
-0.81752 1.38800
-0.81741 1.38778
-0.81730 1.38755
-0.81719 1.38733
-0.81707 1.38711
-0.81696 1.38689
-0.81685 1.38666
-0.81673 1.38644
-0.81662 1.38622
-0.81651 1.38600
-0.81640 1.38577
-0.81628 1.38555
-0.81617 1.38533
-0.81606 1.38511
-0.81595 1.38488
-0.81583 1.38466
-0.81572 1.38444
-0.81561 1.38421
-0.81549 1.38399
-0.81538 1.38377
-0.81527 1.38355
-0.81516 1.38332
-0.81504 1.38310
-0.81493 1.38288
-0.81482 1.38265
-0.81471 1.38243
-0.81459 1.38221
-0.81448 1.38198
-0.81437 1.38176
-0.81425 1.38154
-0.81414 1.38131
-0.81403 1.38109
-0.81391 1.38087
-0.81380 1.38064
-0.81369 1.38042
-0.81358 1.38020
-0.81346 1.37997
-0.81335 1.37975
-0.81324 1.37953
-0.81312 1.37930
-0.81301 1.37908
-0.81290 1.37886
-0.81278 1.37863
-0.81267 1.37841
-0.81256 1.37819
-0.81245 1.37796
-0.81233 1.37774
-0.81222 1.37751
-0.81211 1.37729
-0.81199 1.37707
-0.81188 1.37684
-0.81177 1.37662
-0.81165 1.37640
-0.81154 1.37617
-0.81143 1.37595
-0.81131 1.37572
-0.81120 1.37550
-0.81109 1.37528
-0.81097 1.37505
-0.81086 1.37483
-0.81075 1.37460
-0.81063 1.37438
-0.81052 1.37415
-0.81041 1.37393
-0.81029 1.37371
-0.81018 1.37348
-0.81007 1.37326
-0.80995 1.37303
-0.80984 1.37281
-0.80973 1.37258
-0.80961 1.37236
-0.80950 1.37214
-0.80939 1.37191
-0.80927 1.37169
-0.80916 1.37146
-0.80905 1.37124
-0.80893 1.37101
-0.80882 1.37079
-0.80870 1.37056
-0.80859 1.37034
-0.80848 1.37011
-0.80836 1.36989
-0.80825 1.36966
-0.80814 1.36944
-0.80802 1.36921
-0.80791 1.36899
-0.80780 1.36876
-0.80768 1.36854
-0.80757 1.36831
-0.80745 1.36809
-0.80734 1.36786
-0.80723 1.36764
-0.80711 1.36741
-0.80700 1.36719
-0.80689 1.36696
-0.80677 1.36674
-0.80666 1.36651
-0.80654 1.36629
-0.80643 1.36606
-0.80632 1.36584
-0.80620 1.36561
-0.80609 1.36539
-0.80598 1.36516
-0.80586 1.36493
-0.80575 1.36471
-0.80563 1.36448
-0.80552 1.36426
-0.80541 1.36403
-0.80529 1.36381
-0.80518 1.36358
-0.80506 1.36336
-0.80495 1.36313
-0.80484 1.36290
-0.80472 1.36268
-0.80461 1.36245
-0.80449 1.36223
-0.80439 1.36199
-0.80429 1.36176
-0.80419 1.36152
-0.80409 1.36129
-0.80399 1.36105
-0.80389 1.36082
-0.80380 1.36058
-0.80370 1.36035
-0.80360 1.36011
-0.80350 1.35987
-0.80340 1.35964
-0.80330 1.35940
-0.80320 1.35917
-0.80309 1.35893
-0.80299 1.35870
-0.80289 1.35846
-0.80279 1.35823
-0.80269 1.35799
-0.80259 1.35776
-0.80249 1.35752
-0.80239 1.35728
-0.80229 1.35705
-0.80219 1.35681
-0.80209 1.35658
-0.80199 1.35634
-0.80189 1.35611
-0.80179 1.35587
-0.80169 1.35563
-0.80159 1.35540
-0.80149 1.35516
-0.80139 1.35493
-0.80129 1.35469
-0.80119 1.35445
-0.80109 1.35422
-0.80099 1.35398
-0.80089 1.35375
-0.80079 1.35351
-0.80069 1.35327
-0.80059 1.35304
-0.80049 1.35280
-0.80039 1.35256
-0.80029 1.35233
-0.80019 1.35209
-0.80008 1.35186
-0.79998 1.35162
-0.79988 1.35138
-0.79978 1.35115
-0.79968 1.35091
-0.79958 1.35067
-0.79948 1.35044
-0.79938 1.35020
-0.79928 1.34996
-0.79918 1.34973
-0.79908 1.34949
-0.79898 1.34925
-0.79888 1.34902
-0.79878 1.34878
-0.79867 1.34854
-0.79857 1.34831
-0.79847 1.34807
-0.79837 1.34783
-0.79827 1.34759
-0.79817 1.34736
-0.79807 1.34712
-0.79797 1.34688
-0.79787 1.34665
-0.79777 1.34641
-0.79767 1.34617
-0.79756 1.34593
-0.79746 1.34570
-0.79736 1.34546
-0.79726 1.34522
-0.79716 1.34498
-0.79706 1.34475
-0.79696 1.34451
-0.79686 1.34427
-0.79675 1.34403
-0.79665 1.34380
-0.79655 1.34356
-0.79645 1.34332
-0.79635 1.34308
-0.79625 1.34285
-0.79615 1.34261
-0.79605 1.34237
-0.79594 1.34213
-0.79584 1.34190
-0.79574 1.34166
-0.79564 1.34142
-0.79554 1.34118
-0.79544 1.34094
-0.79534 1.34071
-0.79523 1.34047
-0.79513 1.34023
-0.79503 1.33999
-0.79493 1.33975
-0.79483 1.33951
-0.79473 1.33928
-0.79463 1.33904
-0.79452 1.33880
-0.79442 1.33856
-0.79432 1.33832
-0.79422 1.33808
-0.79412 1.33785
-0.79402 1.33761
-0.79391 1.33737
-0.79381 1.33713
-0.79371 1.33689
-0.79361 1.33665
-0.79351 1.33641
-0.79341 1.33618
-0.79330 1.33594
-0.79320 1.33570
-0.79310 1.33546
-0.79300 1.33522
-0.79290 1.33498
-0.79279 1.33474
-0.79269 1.33450
-0.79259 1.33426
-0.79249 1.33403
-0.79239 1.33379
-0.79228 1.33355
-0.79218 1.33331
-0.79208 1.33307
-0.79198 1.33283
-0.79188 1.33259
-0.79177 1.33235
-0.79167 1.33211
-0.79157 1.33187
-0.79147 1.33163
-0.79137 1.33139
-0.79126 1.33115
-0.79116 1.33091
-0.79106 1.33067
-0.79096 1.33043
-0.79085 1.33020
-0.79075 1.32996
-0.79065 1.32972
-0.79055 1.32948
-0.79044 1.32924
-0.79034 1.32900
-0.79024 1.32876
-0.79014 1.32852
-0.79004 1.32828
-0.78993 1.32804
-0.78983 1.32780
-0.78973 1.32756
-0.78963 1.32732
-0.78952 1.32708
-0.78942 1.32684
-0.78932 1.32660
-0.78922 1.32636
-0.78911 1.32612
-0.78901 1.32588
-0.78891 1.32564
-0.78880 1.32539
-0.78870 1.32515
-0.78860 1.32491
-0.78850 1.32467
-0.78839 1.32443
-0.78829 1.32419
-0.78819 1.32395
-0.78809 1.32371
-0.78798 1.32347
-0.78788 1.32323
-0.78778 1.32299
-0.78767 1.32275
-0.78757 1.32251
-0.78747 1.32227
-0.78737 1.32203
-0.78726 1.32178
-0.78716 1.32154
-0.78706 1.32130
-0.78695 1.32106
-0.78685 1.32082
-0.78675 1.32058
-0.78664 1.32034
-0.78654 1.32010
-0.78644 1.31986
-0.78634 1.31962
-0.78623 1.31937
-0.78613 1.31913
-0.78603 1.31889
-0.78592 1.31865
-0.78582 1.31841
-0.78572 1.31817
-0.78561 1.31793
-0.78551 1.31768
-0.78541 1.31744
-0.78530 1.31720
-0.78520 1.31696
-0.78510 1.31672
-0.78499 1.31648
-0.78489 1.31623
-0.78479 1.31599
-0.78468 1.31575
-0.78458 1.31551
-0.78448 1.31527
-0.78437 1.31502
-0.78427 1.31478
-0.78417 1.31454
-0.78406 1.31430
-0.78396 1.31406
-0.78386 1.31381
-0.78375 1.31357
-0.78365 1.31333
-0.78354 1.31309
-0.78344 1.31284
-0.78334 1.31260
-0.78323 1.31236
-0.78313 1.31212
-0.78303 1.31188
-0.78292 1.31163
-0.78282 1.31139
-0.78271 1.31115
-0.78261 1.31091
-0.78251 1.31066
-0.78240 1.31042
-0.78230 1.31018
-0.78220 1.30993
-0.78209 1.30969
-0.78199 1.30945
-0.78188 1.30921
-0.78178 1.30896
-0.78168 1.30872
-0.78157 1.30848
-0.78147 1.30823
-0.78136 1.30799
-0.78126 1.30775
-0.78116 1.30750
-0.78105 1.30726
-0.78095 1.30702
-0.78084 1.30677
-0.78074 1.30653
-0.78064 1.30629
-0.78053 1.30604
-0.78043 1.30580
-0.78032 1.30556
-0.78022 1.30531
-0.78011 1.30507
-0.78001 1.30483
-0.77991 1.30458
-0.77980 1.30434
-0.77970 1.30410
-0.77959 1.30385
-0.77949 1.30361
-0.77938 1.30337
-0.77928 1.30312
-0.77917 1.30288
-0.77907 1.30263
-0.77897 1.30239
-0.77886 1.30215
-0.77876 1.30190
-0.77865 1.30166
-0.77855 1.30141
-0.77844 1.30117
-0.77834 1.30093
-0.77823 1.30068
-0.77813 1.30044
-0.77802 1.30019
-0.77792 1.29995
-0.77782 1.29970
-0.77771 1.29946
-0.77761 1.29921
-0.77750 1.29897
-0.77740 1.29873
-0.77729 1.29848
-0.77719 1.29824
-0.77708 1.29799
-0.77698 1.29775
-0.77687 1.29750
-0.77677 1.29726
-0.77666 1.29701
-0.77656 1.29677
-0.77645 1.29652
-0.77635 1.29628
-0.77624 1.29603
-0.77614 1.29579
-0.77603 1.29554
-0.77593 1.29530
-0.77582 1.29505
-0.77572 1.29481
-0.77561 1.29456
-0.77551 1.29432
-0.77540 1.29407
-0.77530 1.29383
-0.77519 1.29358
-0.77509 1.29334
-0.77498 1.29309
-0.77488 1.29285
-0.77477 1.29260
-0.77466 1.29235
-0.77456 1.29211
-0.77445 1.29186
-0.77435 1.29162
-0.77424 1.29137
-0.77414 1.29113
-0.77403 1.29088
-0.77393 1.29063
-0.77382 1.29039
-0.77372 1.29014
-0.77361 1.28990
-0.77350 1.28965
-0.77340 1.28940
-0.77329 1.28916
-0.77319 1.28891
-0.77308 1.28867
-0.77298 1.28842
-0.77287 1.28817
-0.77277 1.28793
-0.77266 1.28768
-0.77255 1.28743
-0.77245 1.28719
-0.77234 1.28694
-0.77224 1.28670
-0.77213 1.28645
-0.77203 1.28620
-0.77192 1.28596
-0.77181 1.28571
-0.77171 1.28546
-0.77160 1.28522
-0.77150 1.28497
-0.77139 1.28472
-0.77128 1.28448
-0.77118 1.28423
-0.77107 1.28398
-0.77097 1.28373
-0.77086 1.28349
-0.77075 1.28324
-0.77065 1.28299
-0.77054 1.28275
-0.77044 1.28250
-0.77033 1.28225
-0.77022 1.28200
-0.77012 1.28176
-0.77001 1.28151
-0.76990 1.28126
-0.76980 1.28102
-0.76969 1.28077
-0.76959 1.28052
-0.76948 1.28027
-0.76937 1.28003
-0.76927 1.27978
-0.76916 1.27953
-0.76905 1.27928
-0.76895 1.27903
-0.76884 1.27879
-0.76873 1.27854
-0.76863 1.27829
-0.76852 1.27804
-0.76842 1.27780
-0.76831 1.27755
-0.76820 1.27730
-0.76810 1.27705
-0.76799 1.27680
-0.76788 1.27656
-0.76778 1.27631
-0.76767 1.27606
-0.76756 1.27581
-0.76746 1.27556
-0.76735 1.27531
-0.76724 1.27507
-0.76714 1.27482
-0.76703 1.27457
-0.76692 1.27432
-0.76682 1.27407
-0.76671 1.27382
-0.76659 1.27358
-0.76647 1.27334
-0.76635 1.27310
-0.76623 1.27286
-0.76611 1.27262
-0.76599 1.27238
-0.76587 1.27215
-0.76575 1.27191
-0.76563 1.27167
-0.76551 1.27143
-0.76539 1.27119
-0.76527 1.27095
-0.76515 1.27071
-0.76503 1.27047
-0.76491 1.27023
-0.76479 1.26999
-0.76467 1.26975
-0.76455 1.26951
-0.76443 1.26927
-0.76430 1.26903
-0.76418 1.26879
-0.76406 1.26855
-0.76394 1.26831
-0.76382 1.26807
-0.76370 1.26783
-0.76358 1.26759
-0.76346 1.26735
-0.76334 1.26711
-0.76322 1.26687
-0.76310 1.26663
-0.76298 1.26639
-0.76286 1.26615
-0.76274 1.26591
-0.76262 1.26567
-0.76249 1.26543
-0.76237 1.26519
-0.76225 1.26495
-0.76213 1.26471
-0.76201 1.26447
-0.76189 1.26422
-0.76177 1.26398
-0.76165 1.26374
-0.76153 1.26350
-0.76141 1.26326
-0.76129 1.26302
-0.76116 1.26278
-0.76104 1.26254
-0.76092 1.26230
-0.76080 1.26206
-0.76068 1.26182
-0.76056 1.26158
-0.76044 1.26133
-0.76032 1.26109
-0.76020 1.26085
-0.76007 1.26061
-0.75995 1.26037
-0.75983 1.26013
-0.75971 1.25989
-0.75959 1.25965
-0.75947 1.25940
-0.75935 1.25916
-0.75923 1.25892
-0.75910 1.25868
-0.75898 1.25844
-0.75886 1.25820
-0.75874 1.25795
-0.75862 1.25771
-0.75850 1.25747
-0.75838 1.25723
-0.75826 1.25699
-0.75813 1.25674
-0.75801 1.25650
-0.75789 1.25626
-0.75777 1.25602
-0.75765 1.25578
-0.75753 1.25553
-0.75740 1.25529
-0.75728 1.25505
-0.75716 1.25481
-0.75704 1.25457
-0.75692 1.25432
-0.75680 1.25408
-0.75668 1.25384
-0.75655 1.25360
-0.75643 1.25335
-0.75631 1.25311
-0.75619 1.25287
-0.75607 1.25263
-0.75595 1.25238
-0.75582 1.25214
-0.75570 1.25190
-0.75558 1.25166
-0.75546 1.25141
-0.75534 1.25117
-0.75521 1.25093
-0.75509 1.25068
-0.75497 1.25044
-0.75485 1.25020
-0.75473 1.24996
-0.75460 1.24971
-0.75448 1.24947
-0.75436 1.24923
-0.75424 1.24898
-0.75412 1.24874
-0.75399 1.24850
-0.75387 1.24825
-0.75375 1.24801
-0.75363 1.24777
-0.75351 1.24752
-0.75338 1.24728
-0.75326 1.24704
-0.75314 1.24679
-0.75302 1.24655
-0.75290 1.24630
-0.75277 1.24606
-0.75265 1.24582
-0.75253 1.24557
-0.75241 1.24533
-0.75228 1.24509
-0.75216 1.24484
-0.75204 1.24460
-0.75192 1.24435
-0.75180 1.24411
-0.75167 1.24387
-0.75155 1.24362
-0.75143 1.24338
-0.75131 1.24313
-0.75118 1.24289
-0.75106 1.24264
-0.75094 1.24240
-0.75082 1.24216
-0.75069 1.24191
-0.75057 1.24167
-0.75045 1.24142
-0.75033 1.24118
-0.75020 1.24093
-0.75008 1.24069
-0.74996 1.24044
-0.74984 1.24020
-0.74971 1.23995
-0.74959 1.23971
-0.74947 1.23946
-0.74934 1.23922
-0.74922 1.23897
-0.74910 1.23873
-0.74898 1.23848
-0.74885 1.23824
-0.74873 1.23799
-0.74861 1.23775
-0.74848 1.23750
-0.74836 1.23726
-0.74824 1.23701
-0.74812 1.23677
-0.74799 1.23652
-0.74787 1.23628
-0.74775 1.23603
-0.74762 1.23579
-0.74750 1.23554
-0.74738 1.23530
-0.74726 1.23505
-0.74713 1.23480
-0.74701 1.23456
-0.74689 1.23431
-0.74676 1.23407
-0.74664 1.23382
-0.74652 1.23357
-0.74639 1.23333
-0.74627 1.23308
-0.74615 1.23284
-0.74602 1.23259
-0.74590 1.23234
-0.74578 1.23210
-0.74565 1.23185
-0.74553 1.23161
-0.74541 1.23136
-0.74528 1.23111
-0.74516 1.23087
-0.74504 1.23062
-0.74491 1.23037
-0.74479 1.23013
-0.74467 1.22988
-0.74454 1.22963
-0.74442 1.22939
-0.74430 1.22914
-0.74417 1.22889
-0.74405 1.22865
-0.74393 1.22840
-0.74380 1.22815
-0.74368 1.22791
-0.74356 1.22766
-0.74343 1.22741
-0.74331 1.22717
-0.74318 1.22692
-0.74306 1.22667
-0.74294 1.22643
-0.74281 1.22618
-0.74269 1.22593
-0.74257 1.22568
-0.74244 1.22544
-0.74232 1.22519
-0.74219 1.22494
-0.74207 1.22469
-0.74195 1.22445
-0.74182 1.22420
-0.74170 1.22395
-0.74158 1.22370
-0.74145 1.22346
-0.74133 1.22321
-0.74120 1.22296
-0.74108 1.22271
-0.74096 1.22246
-0.74083 1.22222
-0.74071 1.22197
-0.74058 1.22172
-0.74046 1.22147
-0.74034 1.22123
-0.74021 1.22098
-0.74009 1.22073
-0.73996 1.22048
-0.73984 1.22023
-0.73971 1.21998
-0.73959 1.21974
-0.73947 1.21949
-0.73934 1.21924
-0.73922 1.21899
-0.73909 1.21874
-0.73897 1.21849
-0.73885 1.21824
-0.73872 1.21800
-0.73860 1.21775
-0.73847 1.21750
-0.73835 1.21725
-0.73822 1.21700
-0.73810 1.21675
-0.73797 1.21650
-0.73785 1.21625
-0.73773 1.21601
-0.73760 1.21576
-0.73748 1.21551
-0.73735 1.21526
-0.73723 1.21501
-0.73710 1.21476
-0.73698 1.21451
-0.73685 1.21426
-0.73673 1.21401
-0.73660 1.21376
-0.73648 1.21351
-0.73635 1.21326
-0.73623 1.21301
-0.73611 1.21276
-0.73598 1.21251
-0.73586 1.21226
-0.73573 1.21201
-0.73561 1.21176
-0.73548 1.21151
-0.73536 1.21127
-0.73523 1.21102
-0.73511 1.21077
-0.73498 1.21052
-0.73486 1.21027
-0.73473 1.21001
-0.73461 1.20976
-0.73448 1.20951
-0.73436 1.20926
-0.73423 1.20901
-0.73411 1.20876
-0.73398 1.20851
-0.73386 1.20826
-0.73373 1.20801
-0.73361 1.20776
-0.73348 1.20751
-0.73336 1.20726
-0.73323 1.20701
-0.73311 1.20676
-0.73298 1.20651
-0.73285 1.20626
-0.73273 1.20601
-0.73260 1.20576
-0.73248 1.20551
-0.73235 1.20525
-0.73223 1.20500
-0.73210 1.20475
-0.73198 1.20450
-0.73185 1.20425
-0.73173 1.20400
-0.73160 1.20375
-0.73148 1.20350
-0.73135 1.20324
-0.73122 1.20299
-0.73110 1.20274
-0.73097 1.20249
-0.73085 1.20224
-0.73072 1.20199
-0.73060 1.20174
-0.73047 1.20148
-0.73034 1.20123
-0.73022 1.20098
-0.73009 1.20073
-0.72997 1.20048
-0.72984 1.20022
-0.72972 1.19997
-0.72959 1.19972
-0.72946 1.19947
-0.72934 1.19922
-0.72921 1.19896
-0.72909 1.19871
-0.72896 1.19846
-0.72884 1.19821
-0.72871 1.19796
-0.72858 1.19770
-0.72846 1.19745
-0.72833 1.19720
-0.72821 1.19695
-0.72808 1.19669
-0.72795 1.19644
-0.72783 1.19619
-0.72770 1.19593
-0.72758 1.19568
-0.72745 1.19543
-0.72732 1.19518
-0.72720 1.19492
-0.72707 1.19467
-0.72694 1.19442
-0.72682 1.19416
-0.72669 1.19391
-0.72657 1.19366
-0.72644 1.19341
-0.72631 1.19315
-0.72619 1.19290
-0.72606 1.19265
-0.72593 1.19239
-0.72581 1.19214
-0.72568 1.19188
-0.72555 1.19163
-0.72543 1.19138
-0.72530 1.19112
-0.72517 1.19087
-0.72505 1.19062
-0.72492 1.19036
-0.72480 1.19011
-0.72467 1.18986
-0.72454 1.18960
-0.72442 1.18935
-0.72429 1.18909
-0.72416 1.18884
-0.72404 1.18859
-0.72391 1.18833
-0.72378 1.18808
-0.72365 1.18782
-0.72353 1.18757
-0.72340 1.18731
-0.72327 1.18706
-0.72315 1.18681
-0.72302 1.18655
-0.72289 1.18630
-0.72277 1.18604
-0.72264 1.18579
-0.72251 1.18553
-0.72239 1.18528
-0.72226 1.18502
-0.72213 1.18477
-0.72201 1.18451
-0.72188 1.18426
-0.72175 1.18400
-0.72162 1.18375
-0.72150 1.18349
-0.72137 1.18324
-0.72124 1.18298
-0.72112 1.18273
-0.72099 1.18247
-0.72086 1.18222
-0.72073 1.18196
-0.72061 1.18171
-0.72048 1.18145
-0.72035 1.18120
-0.72022 1.18094
-0.72010 1.18068
-0.71997 1.18043
-0.71984 1.18017
-0.71971 1.17992
-0.71959 1.17966
-0.71946 1.17940
-0.71933 1.17915
-0.71920 1.17889
-0.71908 1.17864
-0.71895 1.17838
-0.71882 1.17812
-0.71869 1.17787
-0.71857 1.17761
-0.71844 1.17736
-0.71831 1.17710
-0.71818 1.17684
-0.71806 1.17659
-0.71793 1.17633
-0.71780 1.17607
-0.71767 1.17582
-0.71755 1.17556
-0.71742 1.17530
-0.71729 1.17505
-0.71716 1.17479
-0.71703 1.17453
-0.71691 1.17428
-0.71678 1.17402
-0.71665 1.17376
-0.71652 1.17351
-0.71639 1.17325
-0.71627 1.17299
-0.71614 1.17273
-0.71601 1.17248
-0.71588 1.17222
-0.71575 1.17196
-0.71563 1.17171
-0.71550 1.17145
-0.71537 1.17119
-0.71524 1.17093
-0.71511 1.17068
-0.71498 1.17042
-0.71486 1.17016
-0.71473 1.16990
-0.71460 1.16965
-0.71447 1.16939
-0.71434 1.16913
-0.71421 1.16887
-0.71409 1.16861
-0.71396 1.16836
-0.71383 1.16810
-0.71370 1.16784
-0.71357 1.16758
-0.71344 1.16732
-0.71332 1.16706
-0.71319 1.16681
-0.71306 1.16655
-0.71293 1.16629
-0.71280 1.16603
-0.71267 1.16577
-0.71254 1.16551
-0.71242 1.16526
-0.71229 1.16500
-0.71216 1.16474
-0.71203 1.16448
-0.71190 1.16422
-0.71177 1.16396
-0.71164 1.16370
-0.71151 1.16344
-0.71138 1.16318
-0.71126 1.16293
-0.71113 1.16267
-0.71100 1.16241
-0.71087 1.16215
-0.71074 1.16189
-0.71061 1.16163
-0.71048 1.16137
-0.71035 1.16111
-0.71022 1.16085
-0.71010 1.16059
-0.70997 1.16033
-0.70984 1.16007
-0.70971 1.15981
-0.70958 1.15955
-0.70945 1.15929
-0.70932 1.15903
-0.70919 1.15877
-0.70906 1.15851
-0.70893 1.15825
-0.70880 1.15799
-0.70867 1.15773
-0.70854 1.15747
-0.70841 1.15721
-0.70829 1.15695
-0.70816 1.15669
-0.70803 1.15643
-0.70790 1.15617
-0.70777 1.15591
-0.70764 1.15565
-0.70751 1.15539
-0.70738 1.15513
-0.70725 1.15487
-0.70712 1.15461
-0.70699 1.15435
-0.70686 1.15408
-0.70673 1.15382
-0.70660 1.15356
-0.70647 1.15330
-0.70634 1.15304
-0.70621 1.15278
-0.70608 1.15252
-0.70595 1.15226
-0.70582 1.15200
-0.70569 1.15173
-0.70556 1.15147
-0.70543 1.15121
-0.70530 1.15095
-0.70517 1.15069
-0.70504 1.15043
-0.70491 1.15017
-0.70478 1.14990
-0.70465 1.14964
-0.70452 1.14938
-0.70439 1.14912
-0.70426 1.14886
-0.70413 1.14859
-0.70400 1.14833
-0.70387 1.14807
-0.70374 1.14781
-0.70361 1.14755
-0.70348 1.14728
-0.70335 1.14702
-0.70322 1.14676
-0.70309 1.14650
-0.70296 1.14623
-0.70283 1.14597
-0.70270 1.14571
-0.70257 1.14545
-0.70245 1.14517
-0.70234 1.14489
-0.70223 1.14461
-0.70213 1.14433
-0.70202 1.14405
-0.70191 1.14377
-0.70180 1.14349
-0.70168 1.14321
-0.70157 1.14293
-0.70146 1.14265
-0.70135 1.14237
-0.70124 1.14209
-0.70113 1.14181
-0.70102 1.14153
-0.70091 1.14125
-0.70080 1.14097
-0.70069 1.14069
-0.70058 1.14041
-0.70047 1.14013
-0.70036 1.13985
-0.70025 1.13957
-0.70014 1.13929
-0.70003 1.13901
-0.69992 1.13873
-0.69981 1.13845
-0.69970 1.13817
-0.69959 1.13788
-0.69948 1.13760
-0.69937 1.13732
-0.69926 1.13704
-0.69914 1.13676
-0.69903 1.13648
-0.69892 1.13620
-0.69881 1.13592
-0.69870 1.13563
-0.69859 1.13535
-0.69848 1.13507
-0.69837 1.13479
-0.69826 1.13451
-0.69815 1.13423
-0.69804 1.13394
-0.69792 1.13366
-0.69781 1.13338
-0.69770 1.13310
-0.69759 1.13282
-0.69748 1.13253
-0.69737 1.13225
-0.69726 1.13197
-0.69714 1.13169
-0.69703 1.13140
-0.69692 1.13112
-0.69681 1.13084
-0.69670 1.13056
-0.69659 1.13027
-0.69648 1.12999
-0.69636 1.12971
-0.69625 1.12943
-0.69614 1.12914
-0.69603 1.12886
-0.69592 1.12858
-0.69581 1.12829
-0.69569 1.12801
-0.69558 1.12773
-0.69547 1.12744
-0.69536 1.12716
-0.69525 1.12688
-0.69513 1.12659
-0.69502 1.12631
-0.69491 1.12603
-0.69480 1.12574
-0.69469 1.12546
-0.69457 1.12518
-0.69446 1.12489
-0.69435 1.12461
-0.69424 1.12432
-0.69413 1.12404
-0.69401 1.12376
-0.69390 1.12347
-0.69379 1.12319
-0.69368 1.12290
-0.69356 1.12262
-0.69345 1.12233
-0.69334 1.12205
-0.69323 1.12176
-0.69311 1.12148
-0.69300 1.12120
-0.69289 1.12091
-0.69278 1.12063
-0.69266 1.12034
-0.69255 1.12006
-0.69244 1.11977
-0.69232 1.11949
-0.69221 1.11920
-0.69210 1.11892
-0.69199 1.11863
-0.69187 1.11834
-0.69176 1.11806
-0.69165 1.11777
-0.69153 1.11749
-0.69142 1.11720
-0.69131 1.11692
-0.69119 1.11663
-0.69108 1.11635
-0.69097 1.11606
-0.69085 1.11577
-0.69074 1.11549
-0.69063 1.11520
-0.69051 1.11492
-0.69040 1.11463
-0.69029 1.11434
-0.69017 1.11406
-0.69006 1.11377
-0.68995 1.11348
-0.68983 1.11320
-0.68972 1.11291
-0.68961 1.11262
-0.68949 1.11234
-0.68938 1.11205
-0.68927 1.11176
-0.68915 1.11148
-0.68904 1.11119
-0.68892 1.11090
-0.68881 1.11062
-0.68870 1.11033
-0.68858 1.11004
-0.68847 1.10975
-0.68835 1.10947
-0.68824 1.10918
-0.68813 1.10889
-0.68801 1.10860
-0.68790 1.10832
-0.68778 1.10803
-0.68767 1.10774
-0.68756 1.10745
-0.68744 1.10716
-0.68733 1.10688
-0.68721 1.10659
-0.68710 1.10630
-0.68698 1.10601
-0.68687 1.10572
-0.68675 1.10544
-0.68664 1.10515
-0.68653 1.10486
-0.68641 1.10457
-0.68630 1.10428
-0.68618 1.10399
-0.68607 1.10370
-0.68595 1.10341
-0.68584 1.10313
-0.68572 1.10284
-0.68561 1.10255
-0.68549 1.10226
-0.68538 1.10197
-0.68526 1.10168
-0.68515 1.10139
-0.68503 1.10110
-0.68492 1.10081
-0.68480 1.10052
-0.68469 1.10023
-0.68457 1.09994
-0.68446 1.09965
-0.68434 1.09936
-0.68423 1.09907
-0.68411 1.09878
-0.68400 1.09849
-0.68388 1.09820
-0.68377 1.09791
-0.68365 1.09762
-0.68353 1.09733
-0.68342 1.09704
-0.68330 1.09675
-0.68319 1.09646
-0.68307 1.09617
-0.68296 1.09588
-0.68284 1.09559
-0.68273 1.09530
-0.68261 1.09501
-0.68249 1.09472
-0.68238 1.09443
-0.68226 1.09414
-0.68215 1.09385
-0.68203 1.09355
-0.68191 1.09326
-0.68180 1.09297
-0.68168 1.09268
-0.68157 1.09239
-0.68145 1.09210
-0.68133 1.09181
-0.68122 1.09151
-0.68110 1.09122
-0.68099 1.09093
-0.68087 1.09064
-0.68075 1.09035
-0.68064 1.09005
-0.68052 1.08976
-0.68040 1.08947
-0.68029 1.08918
-0.68017 1.08889
-0.68005 1.08859
-0.67994 1.08830
-0.67982 1.08801
-0.67970 1.08772
-0.67959 1.08742
-0.67947 1.08713
-0.67935 1.08684
-0.67924 1.08655
-0.67912 1.08625
-0.67900 1.08596
-0.67889 1.08567
-0.67877 1.08537
-0.67865 1.08508
-0.67854 1.08479
-0.67842 1.08449
-0.67830 1.08420
-0.67818 1.08391
-0.67807 1.08361
-0.67795 1.08332
-0.67783 1.08303
-0.67772 1.08273
-0.67760 1.08244
