-0.41215 1.11011
-0.41207 1.11002
-0.41199 1.10994
-0.41190 1.10985
-0.41182 1.10976
-0.41174 1.10967
-0.41166 1.10958
-0.41157 1.10950
-0.41149 1.10941
-0.41141 1.10932
-0.41133 1.10923
-0.41125 1.10915
-0.41116 1.10906
-0.41108 1.10897
-0.41100 1.10888
-0.41092 1.10879
-0.41083 1.10871
-0.41075 1.10862
-0.41067 1.10853
-0.41059 1.10844
-0.41051 1.10835
-0.41042 1.10827
-0.41034 1.10818
-0.41026 1.10809
-0.41018 1.10800
-0.41009 1.10791
-0.41001 1.10783
-0.40993 1.10774
-0.40985 1.10765
-0.40976 1.10756
-0.40968 1.10747
-0.40960 1.10739
-0.40952 1.10730
-0.40944 1.10721
-0.40935 1.10712
-0.40927 1.10703
-0.40919 1.10695
-0.40911 1.10686
-0.40902 1.10677
-0.40894 1.10668
-0.40886 1.10659
-0.40878 1.10650
-0.40869 1.10642
-0.40861 1.10633
-0.40853 1.10624
-0.40845 1.10615
-0.40837 1.10606
-0.40828 1.10597
-0.40820 1.10589
-0.40812 1.10580
-0.40804 1.10571
-0.40795 1.10562
-0.40787 1.10553
-0.40779 1.10544
-0.40771 1.10536
-0.40762 1.10527
-0.40754 1.10518
-0.40746 1.10509
-0.40738 1.10500
-0.40729 1.10491
-0.40721 1.10483
-0.40713 1.10474
-0.40705 1.10465
-0.40697 1.10456
-0.40688 1.10447
-0.40680 1.10438
-0.40672 1.10429
-0.40664 1.10421
-0.40655 1.10412
-0.40647 1.10403
-0.40639 1.10394
-0.40631 1.10385
-0.40622 1.10376
-0.40614 1.10367
-0.40606 1.10359
-0.40598 1.10350
-0.40589 1.10341
-0.40581 1.10332
-0.40573 1.10323
-0.40565 1.10314
-0.40556 1.10305
-0.40548 1.10296
-0.40540 1.10288
-0.40532 1.10279
-0.40523 1.10270
-0.40515 1.10261
-0.40507 1.10252
-0.40499 1.10243
-0.40490 1.10234
-0.40482 1.10225
-0.40474 1.10217
-0.40466 1.10208
-0.40457 1.10199
-0.40449 1.10190
-0.40441 1.10181
-0.40433 1.10172
-0.40424 1.10163
-0.40416 1.10154
-0.40408 1.10145
-0.40400 1.10137
-0.40391 1.10128
-0.40383 1.10119
-0.40375 1.10110
-0.40367 1.10101
-0.40358 1.10092
-0.40350 1.10083
-0.40342 1.10074
-0.40334 1.10065
-0.40325 1.10056
-0.40317 1.10048
-0.40309 1.10039
-0.40301 1.10030
-0.40292 1.10021
-0.40284 1.10012
-0.40276 1.10003
-0.40268 1.09994
-0.40259 1.09985
-0.40251 1.09976
-0.40243 1.09967
-0.40235 1.09958
-0.40226 1.09949
-0.40218 1.09941
-0.40210 1.09932
-0.40201 1.09923
-0.40193 1.09914
-0.40185 1.09905
-0.40177 1.09896
-0.40168 1.09887
-0.40160 1.09878
-0.40152 1.09869
-0.40144 1.09860
-0.40135 1.09851
-0.40127 1.09842
-0.40119 1.09833
-0.40111 1.09824
-0.40102 1.09815
-0.40094 1.09807
-0.40086 1.09798
-0.40078 1.09789
-0.40069 1.09780
-0.40061 1.09771
-0.40053 1.09762
-0.40044 1.09753
-0.40036 1.09744
-0.40028 1.09735
-0.40020 1.09726
-0.40011 1.09717
-0.40003 1.09708
-0.39995 1.09699
-0.39987 1.09690
-0.39978 1.09681
-0.39970 1.09672
-0.39962 1.09663
-0.39953 1.09654
-0.39945 1.09645
-0.39937 1.09636
-0.39929 1.09627
-0.39920 1.09618
-0.39912 1.09609
-0.39904 1.09600
-0.39896 1.09591
-0.39887 1.09583
-0.39879 1.09574
-0.39871 1.09565
-0.39862 1.09556
-0.39854 1.09547
-0.39846 1.09538
-0.39838 1.09529
-0.39829 1.09520
-0.39821 1.09511
-0.39813 1.09502
-0.39805 1.09493
-0.39796 1.09484
-0.39788 1.09475
-0.39780 1.09466
-0.39771 1.09457
-0.39763 1.09448
-0.39755 1.09439
-0.39747 1.09430
-0.39738 1.09421
-0.39730 1.09412
-0.39722 1.09403
-0.39713 1.09394
-0.39705 1.09385
-0.39697 1.09376
-0.39689 1.09367
-0.39680 1.09358
-0.39672 1.09349
-0.39664 1.09340
-0.39655 1.09331
-0.39647 1.09322
-0.39639 1.09313
-0.39631 1.09304
-0.39622 1.09295
-0.39614 1.09286
-0.39606 1.09277
-0.39597 1.09268
-0.39589 1.09259
-0.39581 1.09250
-0.39573 1.09241
-0.39564 1.09231
-0.39556 1.09222
-0.39548 1.09213
-0.39539 1.09204
-0.39531 1.09195
-0.39523 1.09186
-0.39515 1.09177
-0.39506 1.09168
-0.39498 1.09159
-0.39490 1.09150
-0.39481 1.09141
-0.39473 1.09132
-0.39465 1.09123
-0.39457 1.09114
-0.39448 1.09105
-0.39440 1.09096
-0.39432 1.09087
-0.39423 1.09078
-0.39415 1.09069
-0.39407 1.09060
-0.39398 1.09051
-0.39390 1.09042
-0.39382 1.09033
-0.39374 1.09024
-0.39365 1.09014
-0.39357 1.09005
-0.39349 1.08996
-0.39340 1.08987
-0.39332 1.08978
-0.39324 1.08969
-0.39315 1.08960
-0.39307 1.08951
-0.39299 1.08942
-0.39291 1.08933
-0.39282 1.08924
-0.39274 1.08915
-0.39266 1.08906
-0.39257 1.08897
-0.39249 1.08888
-0.39241 1.08878
-0.39232 1.08869
-0.39224 1.08860
-0.39216 1.08851
-0.39208 1.08842
-0.39199 1.08833
-0.39191 1.08824
-0.39183 1.08815
-0.39174 1.08806
-0.39166 1.08797
-0.39158 1.08788
-0.39149 1.08779
-0.39141 1.08769
-0.39133 1.08760
-0.39125 1.08751
-0.39116 1.08742
-0.39108 1.08733
-0.39100 1.08724
-0.39091 1.08715
-0.39083 1.08706
-0.39075 1.08697
-0.39066 1.08688
-0.39058 1.08679
-0.39050 1.08669
-0.39041 1.08660
-0.39033 1.08651
-0.39025 1.08642
-0.39016 1.08633
-0.39008 1.08624
-0.38298 1.08406
-0.38287 1.08396
-0.38276 1.08386
-0.38265 1.08376
-0.38254 1.08366
-0.38243 1.08356
-0.38232 1.08346
-0.38221 1.08336
-0.38210 1.08326
-0.38199 1.08316
-0.38188 1.08306
-0.38177 1.08296
-0.38166 1.08286
-0.38155 1.08276
-0.38144 1.08266
-0.38133 1.08256
-0.38122 1.08246
-0.38111 1.08236
-0.38100 1.08226
-0.38089 1.08216
-0.38078 1.08206
-0.38067 1.08196
-0.38057 1.08186
-0.38046 1.08175
-0.38035 1.08165
-0.38024 1.08155
-0.38013 1.08145
-0.38002 1.08135
-0.37991 1.08125
-0.37980 1.08115
-0.37969 1.08105
-0.37958 1.08095
-0.37947 1.08085
-0.37936 1.08075
-0.37925 1.08065
-0.37914 1.08054
-0.37903 1.08044
-0.37892 1.08034
-0.37881 1.08024
-0.37870 1.08014
-0.37859 1.08004
-0.37848 1.07994
-0.37837 1.07984
-0.37826 1.07974
-0.37815 1.07963
-0.37804 1.07953
-0.37793 1.07943
-0.37782 1.07933
-0.37771 1.07923
-0.37760 1.07913
-0.37749 1.07903
-0.37738 1.07893
-0.37727 1.07882
-0.37716 1.07872
-0.37705 1.07862
-0.37694 1.07852
-0.37683 1.07842
-0.37672 1.07832
-0.37661 1.07822
-0.37650 1.07811
-0.37639 1.07801
-0.37628 1.07791
-0.37617 1.07781
-0.37606 1.07771
-0.37595 1.07761
-0.37584 1.07751
-0.37573 1.07740
-0.37562 1.07730
-0.37551 1.07720
-0.37540 1.07710
-0.37529 1.07700
-0.37518 1.07689
-0.37507 1.07679
-0.37496 1.07669
-0.37485 1.07659
-0.37474 1.07649
-0.37463 1.07639
-0.37452 1.07628
-0.37441 1.07618
-0.37430 1.07608
-0.37419 1.07598
-0.37408 1.07588
-0.37397 1.07577
-0.37386 1.07567
-0.37375 1.07557
-0.37364 1.07547
-0.37353 1.07537
-0.37342 1.07526
-0.37331 1.07516
-0.37320 1.07506
-0.37309 1.07496
-0.37298 1.07485
-0.37287 1.07475
-0.37276 1.07465
-0.37265 1.07455
-0.37254 1.07444
-0.37243 1.07434
-0.37232 1.07424
-0.37221 1.07414
-0.37210 1.07404
-0.37199 1.07393
-0.37188 1.07383
-0.37177 1.07373
-0.37166 1.07363
-0.37154 1.07352
-0.37143 1.07342
-0.37132 1.07332
-0.37121 1.07321
-0.37110 1.07311
-0.37099 1.07301
-0.37088 1.07291
-0.37077 1.07280
-0.37066 1.07270
-0.37055 1.07260
-0.37044 1.07250
-0.37033 1.07239
-0.37022 1.07229
-0.37011 1.07219
-0.37000 1.07208
-0.36989 1.07198
-0.36978 1.07188
-0.36967 1.07178
-0.36956 1.07167
-0.36945 1.07157
-0.36934 1.07147
-0.36923 1.07136
-0.36912 1.07126
-0.36901 1.07116
-0.36890 1.07105
-0.36879 1.07095
-0.36868 1.07085
-0.36856 1.07075
-0.36845 1.07064
-0.36834 1.07054
-0.36823 1.07044
-0.36812 1.07033
-0.36801 1.07023
-0.36790 1.07013
-0.36779 1.07002
-0.36768 1.06992
-0.36757 1.06982
-0.36746 1.06971
-0.36735 1.06961
-0.36724 1.06950
-0.36713 1.06940
-0.36702 1.06930
-0.36691 1.06919
-0.36680 1.06909
-0.36669 1.06899
-0.36658 1.06888
-0.36647 1.06878
-0.36635 1.06868
-0.36624 1.06857
-0.36613 1.06847
-0.36602 1.06837
-0.36591 1.06826
-0.36580 1.06816
-0.36569 1.06805
-0.36558 1.06795
-0.36547 1.06785
-0.36536 1.06774
-0.36525 1.06764
-0.36514 1.06753
-0.36503 1.06743
-0.36492 1.06733
-0.36481 1.06722
-0.36469 1.06712
-0.36458 1.06701
-0.36447 1.06691
-0.36436 1.06681
-0.36425 1.06670
-0.36414 1.06660
-0.36403 1.06649
-0.36392 1.06639
-0.36381 1.06629
-0.36370 1.06618
-0.36359 1.06608
-0.36348 1.06597
-0.36337 1.06587
-0.36326 1.06576
-0.36314 1.06566
-0.36303 1.06556
-0.36292 1.06545
-0.36281 1.06535
-0.36270 1.06524
-0.36259 1.06514
-0.36248 1.06503
-0.36237 1.06493
-0.36226 1.06482
-0.36215 1.06472
-0.36204 1.06462
-0.36193 1.06451
-0.36181 1.06441
-0.36170 1.06430
-0.36159 1.06420
-0.36148 1.06409
-0.36137 1.06399
-0.36126 1.06388
-0.36115 1.06378
-0.36104 1.06367
-0.36093 1.06357
-0.36082 1.06346
-0.36071 1.06336
-0.36059 1.06325
-0.36048 1.06315
-0.36037 1.06304
-0.36026 1.06294
-0.36015 1.06283
-0.36004 1.06273
-0.35993 1.06262
-0.35982 1.06252
-0.35971 1.06241
-0.35960 1.06231
-0.35948 1.06220
-0.35937 1.06210
-0.35926 1.06199
-0.35915 1.06189
-0.35904 1.06178
-0.35893 1.06168
-0.35882 1.06157
-0.35871 1.06147
-0.35860 1.06136
-0.35849 1.06126
-0.35837 1.06115
-0.35826 1.06105
-0.35815 1.06094
-0.35804 1.06084
-0.35793 1.06073
-0.35782 1.06062
-0.35771 1.06052
-0.35760 1.06041
-0.35749 1.06031
-0.35737 1.06020
-0.35726 1.06010
-0.35715 1.05999
-0.35704 1.05989
-0.35693 1.05978
-0.35682 1.05967
-0.35671 1.05957
-0.35660 1.05946
-0.35648 1.05936
-0.35637 1.05925
-0.35626 1.05914
-0.35615 1.05904
-0.35604 1.05893
-0.35593 1.05883
-0.35582 1.05872
-0.35571 1.05862
-0.35560 1.05851
-0.35548 1.05840
-0.35537 1.05830
-0.35526 1.05819
-0.35515 1.05809
-0.35504 1.05798
-0.35493 1.05787
-0.35482 1.05777
-0.35470 1.05766
-0.35459 1.05755
-0.35448 1.05745
-0.35437 1.05734
-0.35426 1.05724
-0.35415 1.05713
-0.35404 1.05702
-0.35393 1.05692
-0.35381 1.05681
-0.35370 1.05670
-0.35359 1.05660
-0.35348 1.05649
-0.35337 1.05639
-0.35331 1.05630
-0.35325 1.05621
-0.35319 1.05612
-0.35314 1.05604
-0.35308 1.05595
-0.35302 1.05586
-0.35296 1.05577
-0.35290 1.05569
-0.35285 1.05560
-0.35279 1.05551
-0.35273 1.05542
-0.35267 1.05534
-0.35261 1.05525
-0.35255 1.05516
-0.35250 1.05507
-0.35244 1.05499
-0.35238 1.05490
-0.35232 1.05481
-0.35226 1.05472
-0.35221 1.05464
-0.35215 1.05455
-0.35209 1.05446
-0.35203 1.05437
-0.35197 1.05429
-0.35192 1.05420
-0.35186 1.05411
-0.35180 1.05402
-0.35174 1.05394
-0.35168 1.05385
-0.35162 1.05376
-0.35157 1.05367
-0.35151 1.05358
-0.35145 1.05350
-0.35139 1.05341
-0.35133 1.05332
-0.35128 1.05323
-0.35122 1.05315
-0.35116 1.05306
-0.35110 1.05297
-0.35104 1.05288
-0.35098 1.05280
-0.35093 1.05271
-0.35087 1.05262
-0.35081 1.05253
-0.35075 1.05244
-0.35069 1.05236
-0.35063 1.05227
-0.35058 1.05218
-0.35052 1.05209
-0.35046 1.05201
-0.35040 1.05192
-0.35034 1.05183
-0.35029 1.05174
-0.35023 1.05165
-0.35017 1.05157
-0.35011 1.05148
-0.35005 1.05139
-0.34999 1.05130
-0.34994 1.05122
-0.34988 1.05113
-0.34982 1.05104
-0.34976 1.05095
-0.34970 1.05086
-0.34964 1.05078
-0.34959 1.05069
-0.34953 1.05060
-0.34947 1.05051
-0.34941 1.05042
-0.34935 1.05034
-0.34929 1.05025
-0.34924 1.05016
-0.34918 1.05007
-0.34912 1.04998
-0.34906 1.04990
-0.34900 1.04981
-0.34895 1.04972
-0.34889 1.04963
-0.34883 1.04955
-0.34877 1.04946
-0.34871 1.04937
-0.34865 1.04928
-0.34860 1.04919
-0.34854 1.04910
-0.34848 1.04902
-0.34842 1.04893
-0.34836 1.04884
-0.34830 1.04875
-0.34825 1.04866
-0.34819 1.04858
-0.34813 1.04849
-0.34807 1.04840
-0.34801 1.04831
-0.34795 1.04822
-0.34790 1.04814
-0.34784 1.04805
-0.34778 1.04796
-0.34772 1.04787
-0.34766 1.04778
-0.34760 1.04770
-0.34754 1.04761
-0.34749 1.04752
-0.34743 1.04743
-0.34737 1.04734
-0.34731 1.04725
-0.34725 1.04717
-0.34719 1.04708
-0.34714 1.04699
-0.34708 1.04690
-0.34702 1.04681
-0.34696 1.04672
-0.34690 1.04664
-0.34684 1.04655
-0.34679 1.04646
-0.34673 1.04637
-0.34667 1.04628
-0.34661 1.04619
-0.34655 1.04611
-0.34649 1.04602
-0.34644 1.04593
-0.34638 1.04584
-0.34632 1.04575
-0.34626 1.04566
-0.34620 1.04558
-0.34614 1.04549
-0.34608 1.04540
-0.34603 1.04531
-0.34597 1.04522
-0.34591 1.04513
-0.34585 1.04505
-0.34579 1.04496
-0.34573 1.04487
-0.34568 1.04478
-0.34562 1.04469
-0.34556 1.04460
-0.34550 1.04452
-0.34544 1.04443
-0.34538 1.04434
-0.34532 1.04425
-0.34527 1.04416
-0.34521 1.04407
-0.34515 1.04398
-0.34509 1.04390
-0.34503 1.04381
-0.34497 1.04372
-0.34492 1.04363
-0.34486 1.04354
-0.34480 1.04345
-0.34474 1.04336
-0.34468 1.04328
-0.34462 1.04319
-0.34456 1.04310
-0.34451 1.04301
-0.34445 1.04292
-0.34439 1.04283
-0.34433 1.04274
-0.34427 1.04266
-0.34421 1.04257
-0.34415 1.04248
-0.34410 1.04239
-0.34404 1.04230
-0.34398 1.04221
-0.34392 1.04212
-0.34386 1.04204
-0.34380 1.04195
-0.34374 1.04186
-0.34369 1.04177
-0.34363 1.04168
-0.34357 1.04159
-0.34351 1.04150
-0.34345 1.04141
-0.34339 1.04133
-0.34333 1.04124
-0.34328 1.04115
-0.34322 1.04106
-0.34316 1.04097
-0.34310 1.04088
-0.34304 1.04079
-0.34298 1.04070
-0.34292 1.04062
-0.34287 1.04053
-0.34281 1.04044
-0.34275 1.04035
-0.34269 1.04026
-0.34263 1.04017
-0.34257 1.04008
-0.34251 1.03999
-0.34246 1.03990
-0.34240 1.03982
-0.34234 1.03973
-0.34228 1.03964
-0.34222 1.03955
-0.34216 1.03946
-0.34210 1.03937
-0.34205 1.03928
-0.34199 1.03919
-0.34193 1.03910
-0.34187 1.03901
-0.34181 1.03893
-0.34175 1.03884
-0.34169 1.03875
-0.34163 1.03866
-0.34158 1.03857
-0.34152 1.03848
-0.34146 1.03839
-0.34140 1.03830
-0.34134 1.03821
-0.34128 1.03812
-0.34122 1.03804
-0.34117 1.03795
-0.34111 1.03786
-0.34105 1.03777
-0.34099 1.03768
-0.34093 1.03759
-0.34087 1.03750
-0.34081 1.03741
-0.34075 1.03732
-0.34070 1.03723
-0.34064 1.03714
-0.34058 1.03706
-0.34052 1.03697
-0.34046 1.03688
-0.34040 1.03679
-0.34034 1.03670
-0.34028 1.03661
-0.34023 1.03652
-0.34017 1.03643
-0.34011 1.03634
-0.34005 1.03625
-0.33999 1.03616
-0.33993 1.03607
-0.33987 1.03598
-0.33981 1.03590
-0.33976 1.03581
-0.33970 1.03572
-0.33964 1.03563
-0.33958 1.03554
-0.33952 1.03545
-0.33946 1.03536
-0.33940 1.03527
-0.33934 1.03518
-0.33929 1.03509
-0.33923 1.03500
-0.33917 1.03491
-0.33911 1.03482
-0.33905 1.03473
-0.33899 1.03465
-0.33893 1.03456
-0.33887 1.03447
-0.33882 1.03438
-0.33876 1.03429
-0.33870 1.03420
-0.33864 1.03411
-0.33858 1.03402
-0.33852 1.03393
-0.33846 1.03384
-0.33840 1.03375
-0.33834 1.03366
-0.33829 1.03357
-0.33823 1.03348
-0.33817 1.03339
-0.33811 1.03330
-0.33805 1.03321
-0.33799 1.03312
-0.33793 1.03304
-0.33787 1.03295
-0.33782 1.03286
-0.33776 1.03277
-0.33770 1.03268
-0.33764 1.03259
-0.33758 1.03250
-0.33752 1.03241
-0.33746 1.03232
-0.33740 1.03223
-0.33734 1.03214
-0.33729 1.03205
-0.33723 1.03196
-0.33717 1.03187
-0.33711 1.03178
-0.33705 1.03169
-0.33699 1.03160
-0.33693 1.03151
-0.33687 1.03142
-0.33681 1.03133
-0.33676 1.03124
-0.33670 1.03115
-0.33664 1.03106
-0.33658 1.03097
-0.33652 1.03088
-0.33646 1.03079
-0.33640 1.03070
-0.33634 1.03061
-0.33628 1.03052
-0.33622 1.03044
-0.33617 1.03035
-0.33611 1.03026
-0.33605 1.03017
-0.33599 1.03008
-0.33593 1.02999
-0.33587 1.02990
-0.33581 1.02981
-0.33575 1.02972
-0.33569 1.02963
-0.33564 1.02954
-0.33558 1.02945
-0.33552 1.02936
-0.33546 1.02927
-0.33540 1.02918
-0.33534 1.02909
-0.33528 1.02900
-0.33522 1.02891
-0.33516 1.02882
-0.33510 1.02873
-0.33505 1.02864
-0.33499 1.02855
-0.33493 1.02846
-0.33487 1.02837
-0.33481 1.02828
-0.33475 1.02819
-0.33469 1.02810
-0.33463 1.02801
-0.33457 1.02792
-0.33451 1.02783
-0.33446 1.02774
-0.33440 1.02765
-0.33434 1.02756
-0.33428 1.02747
-0.33422 1.02738
-0.33416 1.02729
-0.33410 1.02720
-0.33404 1.02711
-0.33398 1.02702
-0.33392 1.02693
-0.33387 1.02684
-0.33381 1.02675
-0.33375 1.02666
-0.33369 1.02657
-0.33363 1.02648
-0.33357 1.02639
-0.33351 1.02630
-0.33345 1.02621
-0.33339 1.02612
-0.33333 1.02603
-0.33327 1.02594
-0.33322 1.02585
-0.33316 1.02576
-0.33310 1.02567
-0.33304 1.02557
-0.33298 1.02548
-0.33292 1.02539
-0.33286 1.02530
-0.33280 1.02521
-0.33274 1.02512
-0.33268 1.02503
-0.33262 1.02494
-0.33257 1.02485
-0.33251 1.02476
-0.33245 1.02467
-0.33239 1.02458
-0.33233 1.02449
-0.33227 1.02440
-0.33221 1.02431
-0.33215 1.02422
-0.33209 1.02413
-0.33203 1.02404
-0.33197 1.02395
-0.33191 1.02386
-0.33186 1.02377
-0.33180 1.02368
-0.33174 1.02359
-0.33168 1.02350
-0.33162 1.02341
-0.33156 1.02332
-0.33150 1.02323
-0.33144 1.02314
-0.33138 1.02304
-0.33132 1.02295
-0.33126 1.02286
-0.33120 1.02277
-0.33115 1.02268
-0.33109 1.02259
-0.33103 1.02250
-0.33097 1.02241
-0.33091 1.02232
-0.33085 1.02223
-0.33079 1.02214
-0.33073 1.02205
-0.33067 1.02196
-0.33061 1.02187
-0.33055 1.02178
-0.33049 1.02169
-0.33043 1.02160
-0.33038 1.02151
-0.33032 1.02142
-0.33026 1.02132
-0.33020 1.02123
-0.33014 1.02114
-0.33008 1.02105
-0.33002 1.02096
-0.32996 1.02087
-0.32990 1.02078
-0.32984 1.02069
-0.32978 1.02060
-0.32972 1.02051
-0.32966 1.02042
-0.32960 1.02033
-0.32955 1.02024
-0.32949 1.02015
-0.32943 1.02005
-0.32937 1.01996
-0.32931 1.01987
-0.32925 1.01978
-0.32919 1.01969
-0.32913 1.01960
-0.32907 1.01951
-0.32901 1.01942
-0.32895 1.01933
-0.32889 1.01924
-0.32883 1.01915
-0.32877 1.01906
-0.32872 1.01896
-0.32866 1.01887
-0.32860 1.01878
-0.32854 1.01869
-0.32848 1.01860
-0.32842 1.01851
-0.32836 1.01842
-0.32830 1.01833
-0.32824 1.01824
-0.32818 1.01815
-0.32812 1.01806
-0.32806 1.01796
-0.32800 1.01787
-0.32794 1.01778
-0.32788 1.01769
-0.32783 1.01760
-0.32777 1.01751
-0.32771 1.01742
-0.32765 1.01733
-0.32759 1.01724
-0.32753 1.01715
-0.32747 1.01705
-0.32741 1.01696
-0.32735 1.01687
-0.32729 1.01678
-0.32723 1.01669
-0.32717 1.01660
-0.32711 1.01651
-0.32705 1.01642
-0.32699 1.01633
-0.32693 1.01624
-0.32687 1.01614
-0.32682 1.01605
-0.32676 1.01596
-0.32670 1.01587
-0.32664 1.01578
-0.32658 1.01569
-0.32652 1.01560
-0.32646 1.01551
-0.32640 1.01541
-0.32634 1.01532
-0.32628 1.01523
-0.32622 1.01514
-0.32616 1.01505
-0.32610 1.01496
-0.32604 1.01487
-0.32598 1.01478
-0.32592 1.01468
-0.32586 1.01459
-0.32580 1.01450
-0.32575 1.01441
-0.32569 1.01432
-0.32563 1.01423
-0.32557 1.01414
-0.32551 1.01405
-0.32545 1.01395
-0.32539 1.01386
-0.32533 1.01377
-0.32527 1.01368
-0.32521 1.01359
-0.32515 1.01350
-0.32509 1.01341
-0.32503 1.01331
-0.32497 1.01322
-0.32491 1.01313
-0.32485 1.01304
-0.32479 1.01295
-0.32473 1.01286
-0.32467 1.01277
-0.32461 1.01267
-0.32455 1.01258
-0.32450 1.01249
-0.32444 1.01240
-0.32438 1.01231
-0.32432 1.01222
-0.32426 1.01213
-0.32420 1.01203
-0.32414 1.01194
-0.32408 1.01185
-0.32402 1.01176
-0.32396 1.01167
-0.32390 1.01158
-0.32384 1.01148
-0.32378 1.01139
-0.32372 1.01130
-0.32366 1.01121
-0.32360 1.01112
-0.32354 1.01103
-0.32348 1.01093
-0.32342 1.01084
-0.32336 1.01075
-0.32330 1.01066
-0.32324 1.01057
-0.32318 1.01048
-0.32312 1.01038
-0.32306 1.01029
-0.32301 1.01020
-0.32295 1.01011
-0.32289 1.01002
-0.32283 1.00993
-0.32277 1.00983
-0.32271 1.00974
-0.32265 1.00965
-0.32259 1.00956
-0.32253 1.00947
-0.32247 1.00938
-0.32241 1.00928
-0.32235 1.00919
-0.32229 1.00910
-0.32223 1.00901
-0.32217 1.00892
-0.32211 1.00882
-0.32205 1.00873
-0.32199 1.00864
-0.32193 1.00855
-0.32187 1.00846
-0.32181 1.00837
-0.32175 1.00827
