-1.11136 2.07506
-1.11121 2.07496
-1.11105 2.07487
-1.11090 2.07478
-1.11074 2.07468
-1.11059 2.07459
-1.11043 2.07449
-1.11028 2.07440
-1.11012 2.07430
-1.10997 2.07421
-1.10981 2.07411
-1.10966 2.07402
-1.10950 2.07392
-1.10935 2.07383
-1.10919 2.07373
-1.10904 2.07364
-1.10888 2.07354
-1.10873 2.07345
-1.10857 2.07335
-1.10842 2.07326
-1.10826 2.07316
-1.10811 2.07307
-1.10795 2.07297
-1.10780 2.07288
-1.10764 2.07278
-1.10749 2.07269
-1.10733 2.07259
-1.10718 2.07250
-1.10703 2.07240
-1.10687 2.07231
-1.10672 2.07221
-1.10656 2.07212
-1.10641 2.07202
-1.10625 2.07193
-1.10610 2.07183
-1.10594 2.07174
-1.10579 2.07164
-1.10563 2.07155
-1.10548 2.07145
-1.10532 2.07136
-1.10517 2.07126
-1.10501 2.07117
-1.10486 2.07107
-1.10471 2.07098
-1.10455 2.07088
-1.10440 2.07079
-1.10424 2.07069
-1.10409 2.07059
-1.10393 2.07050
-1.10378 2.07040
-1.10362 2.07031
-1.10347 2.07021
-1.10331 2.07012
-1.10316 2.07002
-1.10301 2.06993
-1.10285 2.06983
-1.10270 2.06973
-1.10254 2.06964
-1.10239 2.06954
-1.10223 2.06945
-1.10208 2.06935
-1.10192 2.06926
-1.10177 2.06916
-1.10161 2.06906
-1.10146 2.06897
-1.10131 2.06887
-1.10115 2.06878
-1.10100 2.06868
-1.10084 2.06858
-1.10069 2.06849
-1.10053 2.06839
-1.10038 2.06830
-1.10023 2.06820
-1.10007 2.06810
-1.09992 2.06801
-1.09976 2.06791
-1.09961 2.06782
-1.09945 2.06772
-1.09930 2.06762
-1.09915 2.06753
-1.09899 2.06743
-1.09884 2.06734
-1.09868 2.06724
-1.09853 2.06714
-1.09837 2.06705
-1.09822 2.06695
-1.09807 2.06685
-1.09791 2.06676
-1.09776 2.06666
-1.09760 2.06657
-1.09745 2.06647
-1.09730 2.06637
-1.09714 2.06628
-1.09699 2.06618
-1.09683 2.06608
-1.09668 2.06599
-1.09652 2.06589
-1.09637 2.06579
-1.09623 2.06569
-1.09617 2.06557
-1.09611 2.06545
-1.09605 2.06532
-1.09598 2.06520
-1.09592 2.06507
-1.09586 2.06495
-1.09580 2.06483
-1.09573 2.06470
-1.09567 2.06458
-1.09561 2.06446
-1.09554 2.06433
-1.09548 2.06421
-1.09542 2.06409
-1.09536 2.06396
-1.09529 2.06384
-1.09523 2.06372
-1.09517 2.06359
-1.09511 2.06347
-1.09504 2.06335
-1.09498 2.06322
-1.09492 2.06310
-1.09485 2.06298
-1.09479 2.06285
-1.09473 2.06273
-1.09467 2.06260
-1.09460 2.06248
-1.09454 2.06236
-1.09448 2.06223
-1.09442 2.06211
-1.09435 2.06199
-1.09429 2.06186
-1.09423 2.06174
-1.09416 2.06162
-1.09410 2.06149
-1.09404 2.06137
-1.09398 2.06124
-1.09391 2.06112
-1.09385 2.06100
-1.09379 2.06087
-1.09373 2.06075
-1.09366 2.06063
-1.09360 2.06050
-1.09354 2.06038
-1.09347 2.06026
-1.09341 2.06013
-1.09335 2.06001
-1.09329 2.05988
-1.09322 2.05976
-1.09316 2.05964
-1.09310 2.05951
-1.09304 2.05939
-1.09297 2.05927
-1.09291 2.05914
-1.09285 2.05902
-1.09278 2.05889
-1.09272 2.05877
-1.09266 2.05865
-1.09260 2.05852
-1.09253 2.05840
-1.09247 2.05828
-1.09241 2.05815
-1.09234 2.05803
-1.09228 2.05790
-1.09222 2.05778
-1.09216 2.05766
-1.09209 2.05753
-1.09203 2.05741
-1.09197 2.05729
-1.09191 2.05716
-1.09184 2.05704
-1.09178 2.05691
-1.09172 2.05679
-1.09165 2.05667
-1.09159 2.05654
-1.09153 2.05642
-1.09147 2.05630
-1.09140 2.05617
-1.09134 2.05605
-1.09128 2.05592
-1.09121 2.05580
-1.09115 2.05568
-1.09109 2.05555
-1.09103 2.05543
-1.09096 2.05531
-1.09090 2.05518
-1.09084 2.05506
-1.09077 2.05493
-1.09071 2.05481
-1.09065 2.05469
-1.09059 2.05456
-1.09052 2.05444
-1.09046 2.05431
-1.09040 2.05419
-1.09034 2.05407
-1.09027 2.05394
-1.09021 2.05382
-1.09015 2.05369
-1.09008 2.05357
-1.09004 2.05344
-1.09002 2.05330
-1.09000 2.05317
-1.08999 2.05303
-1.08997 2.05289
-1.08995 2.05275
-1.08993 2.05262
-1.08991 2.05248
-1.08990 2.05234
-1.08988 2.05221
-1.08986 2.05207
-1.08984 2.05193
-1.08983 2.05179
-1.08981 2.05166
-1.08979 2.05152
-1.08977 2.05138
-1.08975 2.05124
-1.08974 2.05111
-1.08972 2.05097
-1.08970 2.05083
-1.08968 2.05069
-1.08967 2.05056
-1.08965 2.05042
-1.08963 2.05028
-1.08961 2.05014
-1.08959 2.05001
-1.08958 2.04987
-1.08956 2.04973
-1.08954 2.04959
-1.08952 2.04946
-1.08950 2.04932
-1.08949 2.04918
-1.08947 2.04904
-1.08945 2.04891
-1.08943 2.04877
-1.08941 2.04863
-1.08940 2.04849
-1.08938 2.04836
-1.08936 2.04822
-1.08934 2.04808
-1.08932 2.04794
-1.08930 2.04781
-1.08929 2.04767
-1.08927 2.04753
-1.08925 2.04739
-1.08923 2.04726
-1.08921 2.04712
-1.08920 2.04698
-1.08918 2.04684
-1.08916 2.04671
-1.08914 2.04657
-1.08912 2.04643
-1.08910 2.04629
-1.08909 2.04616
-1.08907 2.04602
-1.08905 2.04588
-1.08903 2.04574
-1.08901 2.04561
-1.08899 2.04547
-1.08898 2.04533
-1.08896 2.04519
-1.08894 2.04505
-1.08892 2.04492
-1.08890 2.04478
-1.08888 2.04464
-1.08886 2.04450
-1.08885 2.04437
-1.08883 2.04423
-1.08881 2.04409
-1.08879 2.04395
-1.08877 2.04382
-1.08875 2.04368
-1.08873 2.04354
-1.08872 2.04340
-1.08870 2.04326
-1.08868 2.04313
-1.08866 2.04299
-1.08864 2.04285
-1.08862 2.04271
-1.08860 2.04258
-1.08859 2.04244
-1.08857 2.04230
-1.08855 2.04216
-1.08853 2.04202
-1.08851 2.04189
-1.08849 2.04175
-1.08847 2.04161
-1.08845 2.04147
-1.08844 2.04133
-1.08842 2.04120
-1.08840 2.04106
-1.08838 2.04092
-1.08836 2.04078
-1.08834 2.04065
-1.08832 2.04051
-1.08830 2.04037
-1.08828 2.04023
-1.08827 2.04009
-1.08825 2.03996
-1.08823 2.03982
-1.08821 2.03968
-1.08819 2.03954
-1.08817 2.03940
-1.08815 2.03927
-1.08813 2.03913
-1.08811 2.03899
-1.08810 2.03885
-1.08808 2.03871
-1.08806 2.03858
-1.08804 2.03844
-1.08802 2.03830
-1.08800 2.03816
-1.08798 2.03802
-1.08796 2.03789
-1.08794 2.03775
-1.08792 2.03761
-1.08790 2.03747
-1.08789 2.03733
-1.08787 2.03720
-1.08785 2.03706
-1.08783 2.03692
-1.08781 2.03678
-1.08779 2.03664
-1.08777 2.03651
-1.08775 2.03637
-1.08773 2.03623
-1.08771 2.03609
-1.08769 2.03595
-1.08767 2.03582
-1.08765 2.03568
-1.08763 2.03554
-1.08762 2.03540
-1.08760 2.03526
-1.08758 2.03513
-1.08756 2.03499
-1.08754 2.03485
-1.08752 2.03471
-1.08750 2.03457
-1.08748 2.03443
-1.08746 2.03430
-1.08744 2.03416
-1.08742 2.03402
-1.08740 2.03388
-1.08738 2.03374
-1.08736 2.03361
-1.08734 2.03347
-1.08732 2.03333
-1.08730 2.03319
-1.08728 2.03305
-1.08726 2.03291
-1.08725 2.03278
-1.08723 2.03264
-1.08721 2.03250
-1.08719 2.03236
-1.08717 2.03222
-1.08715 2.03208
-1.08713 2.03195
-1.08711 2.03181
-1.08709 2.03167
-1.08707 2.03153
-1.08705 2.03139
-1.08703 2.03125
-1.08701 2.03112
-1.08699 2.03098
-1.08697 2.03084
-1.08695 2.03070
-1.08693 2.03056
-1.08691 2.03042
-1.08689 2.03029
-1.08687 2.03015
-1.08685 2.03001
-1.08683 2.02987
-1.08681 2.02973
-1.08679 2.02959
-1.08677 2.02946
-1.08675 2.02932
-1.08673 2.02918
-1.08671 2.02904
-1.08669 2.02890
-1.08667 2.02876
-1.08665 2.02863
-1.08663 2.02849
-1.08661 2.02835
-1.08659 2.02821
-1.08657 2.02807
-1.08655 2.02793
-1.08653 2.02779
-1.08651 2.02766
-1.08649 2.02752
-1.08647 2.02738
-1.08645 2.02724
-1.08643 2.02710
-1.08641 2.02696
-1.08639 2.02683
-1.08637 2.02669
-1.08635 2.02655
-1.08633 2.02641
-1.08631 2.02627
-1.08629 2.02613
-1.08627 2.02599
-1.08625 2.02586
-1.08623 2.02572
-1.08621 2.02558
-1.08619 2.02544
-1.08617 2.02530
-1.08615 2.02516
-1.08613 2.02502
-1.08611 2.02489
-1.08609 2.02475
-1.08607 2.02461
-1.08605 2.02447
-1.08603 2.02433
-1.08601 2.02419
-1.08599 2.02405
-1.08596 2.02391
-1.08594 2.02378
-1.08592 2.02364
-1.08590 2.02350
-1.08588 2.02336
-1.08586 2.02322
-1.08584 2.02308
-1.08582 2.02294
-1.08580 2.02281
-1.08578 2.02267
-1.08576 2.02253
-1.08574 2.02239
-1.08572 2.02225
-1.08570 2.02211
-1.08568 2.02197
-1.08566 2.02183
-1.08564 2.02170
-1.08562 2.02156
-1.08560 2.02142
-1.08557 2.02128
-1.08555 2.02114
-1.08553 2.02100
-1.08551 2.02086
-1.08549 2.02072
-1.08547 2.02059
-1.08545 2.02045
-1.08543 2.02031
-1.08541 2.02017
-1.08539 2.02003
-1.08537 2.01989
-1.08535 2.01975
-1.08533 2.01961
-1.08530 2.01947
-1.08528 2.01934
-1.08526 2.01920
-1.08524 2.01906
-1.08522 2.01892
-1.08520 2.01878
-1.08518 2.01864
-1.08516 2.01850
-1.08514 2.01836
-1.08512 2.01822
-1.08510 2.01809
-1.08507 2.01795
-1.08505 2.01781
-1.08503 2.01767
-1.08501 2.01753
-1.08499 2.01739
-1.08497 2.01725
-1.08495 2.01711
-1.08493 2.01697
-1.08491 2.01683
-1.08489 2.01670
-1.08486 2.01656
-1.08484 2.01642
-1.08482 2.01628
-1.08480 2.01614
-1.08478 2.01600
-1.08476 2.01586
-1.08474 2.01572
-1.08472 2.01558
-1.08470 2.01544
-1.08467 2.01531
-1.08465 2.01517
-1.08463 2.01503
-1.08461 2.01489
-1.08459 2.01475
-1.08457 2.01461
-1.08455 2.01447
-1.08453 2.01433
-1.08450 2.01419
-1.08448 2.01405
-1.08446 2.01391
-1.08444 2.01378
-1.08442 2.01364
-1.08440 2.01350
-1.08438 2.01336
-1.08435 2.01322
-1.08433 2.01308
-1.08431 2.01294
-1.08429 2.01280
-1.08427 2.01266
-1.08425 2.01252
-1.08423 2.01238
-1.08420 2.01224
-1.08418 2.01211
-1.08416 2.01197
-1.08414 2.01183
-1.08412 2.01169
-1.08410 2.01155
-1.08408 2.01141
-1.08405 2.01127
-1.08403 2.01113
-1.08401 2.01099
-1.08399 2.01085
-1.08397 2.01071
-1.08395 2.01057
-1.08392 2.01043
-1.08390 2.01029
-1.08388 2.01016
-1.08386 2.01002
-1.08384 2.00988
-1.08382 2.00974
-1.08379 2.00960
-1.08377 2.00946
-1.08375 2.00932
-1.08373 2.00918
-1.08371 2.00904
-1.08369 2.00890
-1.08366 2.00876
-1.08364 2.00862
-1.08362 2.00848
-1.08360 2.00834
-1.08358 2.00820
-1.08355 2.00807
-1.08353 2.00793
-1.08351 2.00779
-1.08349 2.00765
-1.08347 2.00751
-1.08345 2.00737
-1.08342 2.00723
-1.08340 2.00709
-1.08338 2.00695
-1.08336 2.00681
-1.08334 2.00667
-1.08331 2.00653
-1.08329 2.00639
-1.08327 2.00625
-1.08325 2.00611
-1.08323 2.00597
-1.08320 2.00583
-1.08318 2.00569
-1.08316 2.00555
-1.08314 2.00542
-1.08311 2.00528
-1.08309 2.00514
-1.08307 2.00500
-1.08305 2.00486
-1.08303 2.00472
-1.08300 2.00458
-1.08298 2.00444
-1.08296 2.00430
-1.08294 2.00416
-1.08292 2.00402
-1.08289 2.00388
-1.08287 2.00374
-1.08285 2.00360
-1.08283 2.00346
-1.08280 2.00332
-1.08278 2.00318
-1.08276 2.00304
-1.08274 2.00290
-1.08271 2.00276
-1.08269 2.00262
-1.08267 2.00248
-1.08265 2.00234
-1.08263 2.00220
-1.08260 2.00206
-1.08258 2.00192
-1.08256 2.00178
-1.08254 2.00165
-1.08251 2.00151
-1.08249 2.00137
-1.08247 2.00123
-1.08245 2.00109
-1.08242 2.00095
-1.08240 2.00081
-1.08238 2.00067
-1.08236 2.00053
-1.08233 2.00039
-1.08231 2.00025
-1.08229 2.00011
-1.08227 1.99997
-1.08224 1.99983
-1.08222 1.99969
-1.08220 1.99955
-1.08218 1.99941
-1.08215 1.99927
-1.08213 1.99913
-1.08211 1.99899
-1.08208 1.99885
-1.08207 1.99871
-1.08209 1.99855
-1.08211 1.99840
-1.08213 1.99824
-1.08215 1.99809
-1.08217 1.99794
-1.08219 1.99778
-1.08221 1.99763
-1.08223 1.99747
-1.08225 1.99732
-1.08227 1.99717
-1.08229 1.99701
-1.08231 1.99686
-1.08232 1.99670
-1.08234 1.99655
-1.08236 1.99639
-1.08238 1.99624
-1.08240 1.99609
-1.08242 1.99593
-1.08244 1.99578
-1.08246 1.99562
-1.08248 1.99547
-1.08250 1.99531
-1.08252 1.99516
-1.08254 1.99500
-1.08256 1.99485
-1.08258 1.99470
-1.08259 1.99454
-1.08261 1.99439
-1.08263 1.99423
-1.08265 1.99408
-1.08267 1.99392
-1.08269 1.99377
-1.08271 1.99361
-1.08273 1.99346
-1.08275 1.99330
-1.08277 1.99315
-1.08278 1.99300
-1.08280 1.99284
-1.08282 1.99269
-1.08284 1.99253
-1.08286 1.99238
-1.08288 1.99222
-1.08290 1.99207
-1.08292 1.99191
-1.08293 1.99176
-1.08295 1.99160
-1.08297 1.99145
-1.08299 1.99129
-1.08301 1.99114
-1.08303 1.99098
-1.08305 1.99083
-1.08306 1.99067
-1.08308 1.99052
-1.08310 1.99036
-1.08312 1.99021
-1.08314 1.99005
-1.08316 1.98990
-1.08317 1.98974
-1.08319 1.98959
-1.08321 1.98943
-1.08323 1.98928
-1.08325 1.98912
-1.08326 1.98897
-1.08328 1.98881
-1.08330 1.98866
-1.08332 1.98850
-1.08334 1.98835
-1.08335 1.98819
-1.08337 1.98804
-1.08339 1.98788
-1.08341 1.98773
-1.08343 1.98757
-1.08344 1.98742
-1.08346 1.98726
-1.08348 1.98711
-1.08350 1.98695
-1.08352 1.98680
-1.08353 1.98664
-1.08355 1.98649
-1.08357 1.98633
-1.08359 1.98618
-1.08360 1.98602
-1.08362 1.98587
-1.08364 1.98571
-1.08366 1.98556
-1.08367 1.98540
-1.08369 1.98525
-1.08371 1.98509
-1.08373 1.98493
-1.08374 1.98478
-1.08376 1.98462
-1.08378 1.98447
-1.08380 1.98431
-1.08381 1.98416
-1.08383 1.98400
-1.08385 1.98385
-1.08386 1.98369
-1.08388 1.98354
-1.08388 1.98339
-1.08386 1.98324
-1.08383 1.98310
-1.08381 1.98296
-1.08379 1.98282
-1.08376 1.98268
-1.08374 1.98254
-1.08371 1.98240
-1.08369 1.98226
-1.08366 1.98212
-1.08364 1.98198
-1.08361 1.98184
-1.08359 1.98170
-1.08356 1.98155
-1.08354 1.98141
-1.08351 1.98127
-1.08349 1.98113
-1.08346 1.98099
-1.08344 1.98085
-1.08342 1.98071
-1.08339 1.98057
-1.08337 1.98043
-1.08334 1.98029
-1.08332 1.98015
-1.08329 1.98001
-1.08327 1.97986
-1.08324 1.97972
-1.08322 1.97958
-1.08319 1.97944
-1.08317 1.97930
-1.08314 1.97916
-1.08312 1.97902
-1.08309 1.97888
-1.08307 1.97874
-1.08304 1.97860
-1.08302 1.97845
-1.08299 1.97831
-1.08297 1.97817
-1.08294 1.97803
-1.08292 1.97789
-1.08289 1.97775
-1.08287 1.97761
-1.08284 1.97747
-1.08282 1.97733
-1.08279 1.97719
-1.08277 1.97704
-1.08274 1.97690
-1.08272 1.97676
-1.08269 1.97662
-1.08267 1.97648
-1.08264 1.97634
-1.08262 1.97620
-1.08259 1.97606
-1.08257 1.97592
-1.08254 1.97577
-1.08252 1.97563
-1.08249 1.97549
-1.08247 1.97535
-1.08244 1.97521
-1.08242 1.97507
-1.08239 1.97493
-1.08236 1.97479
-1.08234 1.97465
-1.08231 1.97450
-1.08229 1.97436
-1.08226 1.97422
-1.08224 1.97408
-1.08221 1.97394
-1.08219 1.97380
-1.08216 1.97366
-1.08214 1.97352
-1.08211 1.97337
-1.08209 1.97323
-1.08206 1.97309
-1.08204 1.97295
-1.08201 1.97281
-1.08198 1.97267
-1.08196 1.97253
-1.08193 1.97239
-1.08191 1.97224
-1.08188 1.97210
-1.08186 1.97196
-1.08183 1.97182
-1.08181 1.97168
-1.08178 1.97154
-1.08176 1.97140
-1.08173 1.97125
-1.08170 1.97111
-1.08168 1.97097
-1.08165 1.97083
-1.08163 1.97069
-1.08160 1.97055
-1.08158 1.97041
-1.08155 1.97027
-1.08152 1.97012
-1.08150 1.96998
-1.08147 1.96984
-1.08145 1.96970
-1.08142 1.96956
-1.08140 1.96942
-1.08137 1.96928
-1.08134 1.96913
-1.08132 1.96899
-1.08129 1.96885
-1.08127 1.96871
-1.08124 1.96857
-1.08122 1.96843
-1.08119 1.96828
-1.08116 1.96814
-1.08114 1.96800
-1.08111 1.96786
-1.08109 1.96772
-1.08106 1.96758
-1.08103 1.96744
-1.08101 1.96729
-1.08098 1.96715
-1.08096 1.96701
-1.08093 1.96687
-1.08091 1.96673
-1.08088 1.96659
-1.08085 1.96644
-1.08083 1.96630
-1.08080 1.96616
-1.08078 1.96602
-1.08075 1.96588
-1.08072 1.96574
-1.08070 1.96559
-1.08067 1.96545
-1.08065 1.96531
-1.08062 1.96517
-1.08059 1.96503
-1.08057 1.96489
-1.08054 1.96474
-1.08051 1.96460
-1.08049 1.96446
-1.08046 1.96432
-1.08044 1.96418
-1.08041 1.96404
-1.08038 1.96389
-1.08036 1.96375
-1.08033 1.96361
-1.08031 1.96347
-1.08028 1.96333
-1.08025 1.96319
-1.08023 1.96304
-1.08020 1.96290
-1.08017 1.96276
-1.08015 1.96262
-1.08012 1.96248
-1.08010 1.96234
-1.08007 1.96219
-1.08004 1.96205
-1.08002 1.96191
-1.07999 1.96177
-1.07996 1.96163
-1.07994 1.96148
-1.07991 1.96134
-1.07988 1.96120
-1.07986 1.96106
-1.07983 1.96092
-1.07981 1.96078
-1.07978 1.96063
-1.07975 1.96049
-1.07973 1.96035
-1.07970 1.96021
-1.07967 1.96007
-1.07965 1.95992
-1.07962 1.95978
-1.07959 1.95964
-1.07957 1.95950
-1.07954 1.95936
-1.07951 1.95921
-1.07949 1.95907
-1.07946 1.95893
-1.07943 1.95879
-1.07941 1.95865
-1.07938 1.95850
-1.07935 1.95836
-1.07933 1.95822
-1.07930 1.95808
-1.07927 1.95794
-1.07925 1.95779
-1.07922 1.95765
-1.07919 1.95751
-1.07917 1.95737
-1.07914 1.95723
-1.07911 1.95708
-1.07909 1.95694
-1.07906 1.95680
-1.07903 1.95666
-1.07901 1.95652
-1.07898 1.95637
-1.07895 1.95623
-1.07893 1.95609
-1.07890 1.95595
-1.07887 1.95580
-1.07885 1.95566
-1.07882 1.95552
-1.07882 1.95537
-1.07884 1.95521
-1.07885 1.95505
-1.07886 1.95490
-1.07888 1.95474
-1.07889 1.95458
-1.07890 1.95442
-1.07892 1.95427
-1.07893 1.95411
-1.07894 1.95395
-1.07896 1.95379
-1.07897 1.95364
-1.07898 1.95348
-1.07900 1.95332
-1.07901 1.95316
-1.07902 1.95301
-1.07904 1.95285
-1.07905 1.95269
-1.07906 1.95253
-1.07908 1.95237
-1.07909 1.95222
-1.07910 1.95206
-1.07911 1.95190
-1.07913 1.95174
-1.07914 1.95159
-1.07915 1.95143
-1.07917 1.95127
-1.07918 1.95111
-1.07919 1.95096
-1.07920 1.95080
-1.07922 1.95064
-1.07923 1.95048
-1.07924 1.95032
-1.07926 1.95017
-1.07927 1.95001
-1.07928 1.94985
-1.07929 1.94969
-1.07931 1.94953
-1.07932 1.94938
-1.07933 1.94922
-1.07934 1.94906
-1.07936 1.94890
-1.07937 1.94875
-1.07938 1.94859
-1.07939 1.94843
-1.07941 1.94827
-1.07942 1.94811
-1.07943 1.94795
-1.07944 1.94780
-1.07945 1.94764
-1.07947 1.94748
-1.07948 1.94732
-1.07949 1.94716
-1.07950 1.94701
-1.07952 1.94685
-1.07953 1.94669
-1.07954 1.94653
-1.07955 1.94637
-1.07956 1.94622
-1.07958 1.94606
-1.07959 1.94590
-1.07960 1.94574
-1.07961 1.94558
-1.07962 1.94542
-1.07964 1.94527
-1.07965 1.94511
-1.07966 1.94495
-1.07967 1.94479
-1.07968 1.94463
-1.07970 1.94447
-1.07971 1.94432
-1.07972 1.94416
-1.07973 1.94400
-1.07974 1.94384
-1.07975 1.94368
-1.07977 1.94352
-1.07978 1.94337
-1.07979 1.94321
-1.07980 1.94305
-1.07981 1.94289
-1.07982 1.94273
-1.07983 1.94257
-1.07985 1.94241
-1.07986 1.94226
-1.07987 1.94210
-1.07988 1.94194
-1.07989 1.94178
-1.07990 1.94162
-1.07991 1.94146
-1.07992 1.94130
-1.07994 1.94115
-1.07995 1.94099
-1.07996 1.94083
-1.07997 1.94067
-1.07998 1.94051
-1.07999 1.94035
-1.08000 1.94019
-1.08001 1.94003
-1.08002 1.93988
-1.08002 1.93972
-1.08001 1.93957
-1.08000 1.93942
-1.07999 1.93927
-1.07998 1.93912
-1.07997 1.93897
-1.07996 1.93882
-1.07995 1.93867
-1.07995 1.93852
-1.07994 1.93836
-1.07993 1.93821
-1.07992 1.93806
-1.07991 1.93791
-1.07990 1.93776
-1.07989 1.93761
-1.07988 1.93746
-1.07987 1.93731
-1.07986 1.93716
-1.07986 1.93701
-1.07985 1.93685
-1.07984 1.93670
-1.07983 1.93655
-1.07982 1.93640
-1.07981 1.93625
-1.07980 1.93610
-1.07979 1.93595
-1.07978 1.93580
-1.07977 1.93564
-1.07976 1.93549
-1.07975 1.93534
-1.07974 1.93519
-1.07973 1.93504
-1.07973 1.93489
-1.07972 1.93474
-1.07971 1.93459
-1.07970 1.93443
-1.07969 1.93428
-1.07968 1.93413
-1.07967 1.93398
-1.07966 1.93383
-1.07965 1.93368
-1.07964 1.93353
-1.07963 1.93337
-1.07962 1.93322
-1.07961 1.93307
-1.07960 1.93292
-1.07959 1.93277
-1.07958 1.93262
-1.07957 1.93247
-1.07956 1.93231
-1.07955 1.93216
-1.07954 1.93201
-1.07953 1.93186
-1.07952 1.93171
-1.07951 1.93156
-1.07950 1.93141
-1.07949 1.93125
-1.07948 1.93110
-1.07948 1.93095
-1.07947 1.93080
-1.07946 1.93065
-1.07945 1.93050
-1.07944 1.93035
-1.07943 1.93019
-1.07942 1.93004
-1.07941 1.92989
-1.07940 1.92974
-1.07939 1.92959
-1.07938 1.92944
-1.07937 1.92928
-1.07936 1.92913
-1.07935 1.92898
-1.07934 1.92883
-1.07933 1.92868
-1.07931 1.92853
-1.07930 1.92837
-1.07929 1.92822
-1.07928 1.92807
-1.07927 1.92792
-1.07926 1.92777
-1.07925 1.92761
-1.07924 1.92746
-1.07923 1.92731
-1.07922 1.92716
-1.07921 1.92701
-1.07920 1.92686
-1.07919 1.92670
-1.07918 1.92655
-1.07917 1.92640
-1.07916 1.92625
-1.07915 1.92610
-1.07914 1.92594
-1.07913 1.92579
-1.07912 1.92564
-1.07911 1.92549
-1.07910 1.92534
-1.07909 1.92518
-1.07908 1.92503
-1.07907 1.92488
-1.07906 1.92473
-1.07904 1.92458
-1.07903 1.92442
-1.07902 1.92427
-1.07901 1.92412
-1.07900 1.92397
-1.07899 1.92382
-1.07898 1.92366
-1.07897 1.92351
-1.07896 1.92336
-1.07895 1.92321
-1.07894 1.92306
-1.07893 1.92290
-1.07892 1.92275
-1.07891 1.92260
-1.07889 1.92245
-1.07888 1.92230
-1.07887 1.92214
-1.07886 1.92199
-1.07885 1.92184
-1.07884 1.92169
-1.07883 1.92154
-1.07882 1.92138
-1.07881 1.92123
-1.07880 1.92108
-1.07879 1.92093
-1.07877 1.92077
-1.07876 1.92062
-1.07875 1.92047
-1.07874 1.92032
-1.07873 1.92016
-1.07872 1.92001
-1.07871 1.91986
-1.07870 1.91971
-1.07869 1.91956
-1.07867 1.91940
-1.07866 1.91925
-1.07865 1.91910
-1.07864 1.91895
-1.07863 1.91879
-1.07862 1.91864
-1.07861 1.91849
-1.07859 1.91834
-1.07858 1.91818
-1.07857 1.91803
-1.07856 1.91788
-1.07855 1.91773
-1.07854 1.91757
-1.07853 1.91742
-1.07852 1.91727
-1.07850 1.91712
-1.07849 1.91696
-1.07848 1.91681
-1.07847 1.91666
-1.07846 1.91651
-1.07845 1.91635
-1.07843 1.91620
-1.07842 1.91605
-1.07841 1.91590
-1.07840 1.91574
-1.07839 1.91559
-1.07838 1.91544
-1.07836 1.91529
-1.07835 1.91513
-1.07834 1.91498
-1.07833 1.91483
-1.07832 1.91468
-1.07831 1.91452
-1.07829 1.91437
-1.07828 1.91422
-1.07827 1.91406
-1.07826 1.91391
-1.07825 1.91376
-1.07824 1.91361
-1.07822 1.91345
-1.07821 1.91330
-1.07820 1.91315
-1.07819 1.91300
-1.07818 1.91284
-1.07816 1.91269
-1.07815 1.91254
-1.07814 1.91238
-1.07813 1.91223
-1.07812 1.91208
-1.07810 1.91193
-1.07809 1.91177
-1.07808 1.91162
-1.07807 1.91147
-1.07805 1.91131
-1.07804 1.91116
-1.07803 1.91101
-1.07802 1.91086
-1.07801 1.91070
-1.07799 1.91055
-1.07798 1.91040
-1.07797 1.91024
-1.07796 1.91009
-1.07794 1.90994
-1.07793 1.90978
-1.07792 1.90963
-1.07791 1.90948
-1.07790 1.90933
-1.07788 1.90917
-1.07787 1.90902
-1.07786 1.90887
-1.07785 1.90871
-1.07783 1.90856
-1.07782 1.90841
-1.07781 1.90825
-1.07780 1.90810
-1.07778 1.90795
-1.07777 1.90779
-1.07776 1.90764
-1.07775 1.90749
-1.07773 1.90733
-1.07772 1.90718
-1.07771 1.90703
-1.07770 1.90688
-1.07768 1.90672
-1.07767 1.90657
-1.07766 1.90642
-1.07764 1.90626
-1.07763 1.90611
-1.07762 1.90596
-1.07761 1.90580
-1.07759 1.90565
-1.07758 1.90550
-1.07757 1.90534
-1.07756 1.90519
-1.07754 1.90504
-1.07753 1.90488
-1.07752 1.90473
-1.07750 1.90458
-1.07749 1.90442
-1.07748 1.90427
-1.07746 1.90412
-1.07745 1.90396
-1.07744 1.90381
-1.07743 1.90366
-1.07741 1.90350
-1.07740 1.90335
-1.07739 1.90319
-1.07737 1.90304
-1.07736 1.90289
-1.07735 1.90273
-1.07733 1.90258
-1.07732 1.90243
-1.07731 1.90227
-1.07729 1.90212
-1.07728 1.90197
-1.07727 1.90181
-1.07726 1.90166
-1.07724 1.90151
-1.07723 1.90135
-1.07722 1.90120
-1.07720 1.90105
-1.07719 1.90089
-1.07718 1.90074
-1.07716 1.90058
-1.07715 1.90043
-1.07714 1.90028
-1.07712 1.90012
-1.07711 1.89997
-1.07710 1.89982
-1.07708 1.89966
-1.07707 1.89951
-1.07705 1.89935
-1.07704 1.89920
-1.07703 1.89905
-1.07701 1.89889
-1.07700 1.89874
-1.07699 1.89859
-1.07697 1.89843
-1.07696 1.89828
-1.07695 1.89812
-1.07693 1.89797
-1.07692 1.89782
-1.07691 1.89766
-1.07689 1.89751
-1.07688 1.89735
-1.07686 1.89720
-1.07685 1.89705
-1.07684 1.89689
-1.07682 1.89674
-1.07681 1.89659
-1.07680 1.89643
-1.07678 1.89628
-1.07677 1.89612
-1.07675 1.89597
-1.07674 1.89582
-1.07673 1.89566
-1.07671 1.89551
-1.07670 1.89535
-1.07668 1.89520
-1.07667 1.89505
-1.07666 1.89489
-1.07664 1.89474
-1.07663 1.89458
-1.07661 1.89443
-1.07660 1.89428
-1.07659 1.89412
-1.07657 1.89397
-1.07656 1.89381
-1.07654 1.89366
-1.07653 1.89350
-1.07652 1.89335
-1.07650 1.89320
-1.07649 1.89304
-1.07647 1.89289
-1.07646 1.89273
-1.07644 1.89258
-1.07643 1.89243
-1.07642 1.89227
-1.07640 1.89212
-1.07639 1.89196
-1.07637 1.89181
-1.07636 1.89165
-1.07634 1.89150
-1.07633 1.89135
-1.07632 1.89119
-1.07630 1.89104
-1.07629 1.89088
-1.07627 1.89073
-1.07626 1.89057
-1.07624 1.89042
-1.07623 1.89026
-1.07621 1.89011
-1.07620 1.88996
-1.07618 1.88980
-1.07617 1.88965
-1.07616 1.88949
-1.07614 1.88934
-1.07613 1.88918
-1.07611 1.88903
-1.07610 1.88887
-1.07608 1.88872
-1.07607 1.88857
-1.07605 1.88841
-1.07604 1.88826
-1.07602 1.88810
-1.07601 1.88795
-1.07599 1.88779
-1.07598 1.88764
-1.07596 1.88748
-1.07595 1.88733
-1.07593 1.88718
-1.07592 1.88702
-1.07591 1.88687
-1.07589 1.88671
-1.07588 1.88656
-1.07586 1.88640
-1.07585 1.88625
-1.07583 1.88609
-1.07582 1.88594
-1.07580 1.88578
-1.07579 1.88563
-1.07577 1.88547
-1.07576 1.88532
-1.07574 1.88516
-1.07573 1.88501
-1.07571 1.88485
-1.07570 1.88470
-1.07568 1.88455
-1.07566 1.88439
-1.07565 1.88424
-1.07563 1.88408
-1.07562 1.88393
-1.07560 1.88377
-1.07559 1.88362
-1.07557 1.88346
-1.07556 1.88331
-1.07554 1.88315
-1.07553 1.88300
-1.07551 1.88284
-1.07550 1.88269
-1.07548 1.88253
-1.07547 1.88238
-1.07545 1.88222
-1.07544 1.88207
-1.07542 1.88191
-1.07540 1.88176
-1.07539 1.88160
-1.07537 1.88145
-1.07536 1.88129
-1.07534 1.88114
-1.07533 1.88098
-1.07531 1.88083
-1.07530 1.88067
-1.07528 1.88052
-1.07526 1.88036
-1.07525 1.88021
-1.07523 1.88005
-1.07522 1.87990
-1.07520 1.87974
-1.07519 1.87959
-1.07517 1.87943
-1.07517 1.87927
-1.07517 1.87911
-1.07517 1.87894
-1.07518 1.87878
-1.07518 1.87861
-1.07518 1.87845
-1.07518 1.87829
-1.07519 1.87812
-1.07519 1.87796
-1.07519 1.87780
-1.07519 1.87763
-1.07520 1.87747
-1.07520 1.87730
-1.07520 1.87714
-1.07520 1.87698
-1.07521 1.87681
-1.07521 1.87665
-1.07521 1.87648
-1.07521 1.87632
-1.07522 1.87616
-1.07522 1.87599
-1.07522 1.87583
-1.07522 1.87566
-1.07522 1.87550
-1.07523 1.87534
-1.07523 1.87517
-1.07523 1.87501
-1.07523 1.87484
-1.07523 1.87468
-1.07524 1.87451
-1.07524 1.87435
-1.07524 1.87419
-1.07524 1.87402
-1.07524 1.87386
-1.07525 1.87369
-1.07525 1.87353
-1.07525 1.87337
-1.07525 1.87320
-1.07525 1.87304
-1.07526 1.87287
-1.07526 1.87271
-1.07526 1.87254
-1.07526 1.87238
-1.07526 1.87221
-1.07526 1.87205
-1.07527 1.87189
-1.07527 1.87172
-1.07527 1.87156
-1.07527 1.87139
-1.07527 1.87123
-1.07527 1.87106
-1.07528 1.87090
-1.07528 1.87073
-1.07528 1.87057
-1.07528 1.87041
-1.07528 1.87024
-1.07528 1.87008
-1.07528 1.86991
-1.07528 1.86975
-1.07529 1.86958
-1.07529 1.86942
-1.07529 1.86925
-1.07529 1.86909
-1.07529 1.86892
-1.07529 1.86876
-1.07529 1.86859
-1.07529 1.86843
-1.07530 1.86826
-1.07530 1.86810
-1.07530 1.86793
-1.07530 1.86777
-1.07530 1.86760
-1.07530 1.86744
-1.07530 1.86728
-1.07530 1.86711
-1.07530 1.86695
-1.07530 1.86678
-1.07531 1.86662
-1.07531 1.86645
-1.07531 1.86629
-1.07531 1.86612
-1.07531 1.86596
-1.07531 1.86579
-1.07531 1.86563
-1.07531 1.86546
-1.07531 1.86530
-1.07531 1.86513
-1.07531 1.86497
-1.07531 1.86480
-1.07531 1.86464
-1.07531 1.86447
-1.07532 1.86430
-1.07532 1.86414
-1.07532 1.86397
-1.07532 1.86381
-1.07532 1.86364
-1.07532 1.86348
-1.07532 1.86331
-1.07532 1.86315
-1.07532 1.86298
-1.07532 1.86282
-1.07532 1.86265
-1.07532 1.86249
-1.07532 1.86232
-1.07532 1.86216
-1.07532 1.86199
-1.07532 1.86183
-1.07532 1.86166
-1.07532 1.86150
-1.07532 1.86133
-1.07532 1.86116
-1.07532 1.86100
-1.07532 1.86083
-1.07532 1.86067
-1.07532 1.86050
-1.07532 1.86034
-1.07532 1.86017
-1.07532 1.86001
-1.07532 1.85984
-1.07532 1.85967
-1.07532 1.85951
-1.07532 1.85934
-1.07532 1.85918
-1.07532 1.85901
-1.07532 1.85885
-1.07532 1.85868
-1.07532 1.85851
-1.07532 1.85835
-1.07532 1.85818
-1.07532 1.85802
-1.07532 1.85785
-1.07532 1.85769
-1.07532 1.85752
-1.07532 1.85735
-1.07532 1.85719
-1.07531 1.85702
-1.07531 1.85686
-1.07531 1.85669
-1.07531 1.85653
-1.07531 1.85636
-1.07531 1.85619
-1.07531 1.85603
-1.07531 1.85586
-1.07531 1.85570
-1.07531 1.85553
-1.07531 1.85536
-1.07531 1.85520
-1.07531 1.85503
-1.07531 1.85487
-1.07531 1.85470
-1.07530 1.85453
-1.07530 1.85437
-1.07530 1.85420
-1.07530 1.85404
-1.07530 1.85387
-1.07530 1.85370
-1.07530 1.85354
-1.07530 1.85337
-1.07530 1.85320
-1.07530 1.85304
-1.07529 1.85287
-1.07529 1.85271
-1.07529 1.85254
-1.07529 1.85237
-1.07529 1.85221
-1.07529 1.85204
-1.07529 1.85187
-1.07529 1.85171
-1.07528 1.85154
-1.07528 1.85138
-1.07528 1.85121
-1.07528 1.85104
-1.07528 1.85088
-1.07528 1.85071
-1.07528 1.85054
-1.07527 1.85038
-1.07527 1.85021
-1.07527 1.85004
-1.07527 1.84988
-1.07527 1.84971
-1.07527 1.84954
-1.07527 1.84938
-1.07526 1.84921
-1.07526 1.84904
-1.07526 1.84888
-1.07526 1.84871
-1.07526 1.84854
-1.07526 1.84838
-1.07525 1.84821
-1.07525 1.84804
-1.07525 1.84788
-1.07525 1.84771
-1.07525 1.84754
-1.07524 1.84738
-1.07524 1.84721
-1.07524 1.84704
-1.07524 1.84688
-1.07524 1.84671
-1.07523 1.84654
-1.07523 1.84638
-1.07523 1.84621
-1.07523 1.84604
-1.07523 1.84588
-1.07522 1.84571
-1.07522 1.84554
-1.07522 1.84538
-1.07522 1.84521
-1.07522 1.84504
-1.07521 1.84487
-1.07521 1.84471
-1.07521 1.84454
-1.07521 1.84437
-1.07520 1.84421
-1.07520 1.84404
-1.07520 1.84387
-1.07520 1.84370
-1.07519 1.84354
-1.07519 1.84337
-1.07519 1.84320
-1.07519 1.84304
-1.07518 1.84287
-1.07518 1.84270
-1.07518 1.84253
-1.07518 1.84237
-1.07517 1.84220
-1.07517 1.84203
-1.07517 1.84187
-1.07517 1.84170
-1.07516 1.84153
-1.07516 1.84136
-1.07516 1.84120
-1.07515 1.84103
-1.07515 1.84086
-1.07515 1.84069
-1.07515 1.84053
-1.07514 1.84036
-1.07514 1.84019
-1.07514 1.84002
-1.07513 1.83986
-1.07513 1.83969
-1.07513 1.83952
-1.07513 1.83935
-1.07512 1.83919
-1.07512 1.83902
-1.07512 1.83885
-1.07511 1.83868
-1.07511 1.83852
-1.07511 1.83835
-1.07510 1.83818
-1.07510 1.83801
-1.07510 1.83785
-1.07509 1.83768
-1.07509 1.83751
-1.07509 1.83734
-1.07508 1.83718
-1.07508 1.83701
-1.07508 1.83684
-1.07507 1.83667
-1.07507 1.83650
-1.07507 1.83634
-1.07506 1.83617
-1.07506 1.83600
-1.07506 1.83583
-1.07505 1.83567
-1.07505 1.83550
-1.07505 1.83533
-1.07504 1.83516
-1.07504 1.83499
-1.07504 1.83483
-1.07503 1.83466
-1.07503 1.83449
-1.07502 1.83432
-1.07502 1.83415
-1.07502 1.83399
-1.07501 1.83382
-1.07501 1.83365
-1.07501 1.83348
-1.07500 1.83331
-1.07500 1.83315
-1.07499 1.83298
-1.07499 1.83281
-1.07499 1.83264
-1.07498 1.83247
-1.07498 1.83230
-1.07497 1.83214
-1.07497 1.83197
-1.07497 1.83180
-1.07496 1.83163
-1.07496 1.83146
-1.07495 1.83130
-1.07495 1.83113
-1.07495 1.83096
-1.07494 1.83079
-1.07494 1.83062
-1.07493 1.83045
-1.07493 1.83029
-1.07492 1.83012
-1.07489 1.82996
-1.07486 1.82981
-1.07483 1.82965
-1.07481 1.82950
-1.07478 1.82934
-1.07475 1.82918
-1.07473 1.82903
-1.07470 1.82887
-1.07467 1.82872
-1.07464 1.82856
-1.07462 1.82840
-1.07459 1.82825
-1.07456 1.82809
-1.07453 1.82794
-1.07451 1.82778
-1.07448 1.82762
-1.07445 1.82747
-1.07442 1.82731
-1.07439 1.82716
-1.07437 1.82700
-1.07434 1.82684
-1.07431 1.82669
-1.07428 1.82653
-1.07426 1.82637
-1.07423 1.82622
-1.07420 1.82606
-1.07417 1.82591
-1.07415 1.82575
-1.07412 1.82559
-1.07409 1.82544
-1.07406 1.82528
-1.07403 1.82512
-1.07401 1.82497
-1.07398 1.82481
-1.07395 1.82466
-1.07392 1.82450
-1.07390 1.82434
-1.07387 1.82419
-1.07384 1.82403
-1.07381 1.82387
-1.07378 1.82372
-1.07376 1.82356
-1.07373 1.82340
-1.07370 1.82325
-1.07367 1.82309
-1.07364 1.82294
-1.07362 1.82278
-1.07359 1.82262
-1.07356 1.82247
-1.07353 1.82231
-1.07350 1.82215
-1.07348 1.82200
-1.07345 1.82184
-1.07342 1.82168
-1.07339 1.82153
-1.07336 1.82137
-1.07333 1.82121
-1.07331 1.82106
-1.07328 1.82090
-1.07325 1.82074
-1.07322 1.82059
-1.07319 1.82043
-1.07317 1.82027
-1.07314 1.82012
-1.07311 1.81996
-1.07308 1.81980
-1.07305 1.81965
-1.07302 1.81949
-1.07300 1.81933
-1.07297 1.81918
-1.07294 1.81902
-1.07291 1.81886
-1.07288 1.81871
-1.07285 1.81855
-1.07283 1.81839
-1.07280 1.81824
-1.07277 1.81808
-1.07274 1.81792
-1.07271 1.81777
-1.07268 1.81761
-1.07265 1.81745
-1.07263 1.81730
-1.07260 1.81714
-1.07257 1.81698
-1.07254 1.81683
-1.07251 1.81667
-1.07248 1.81651
-1.07246 1.81636
-1.07243 1.81620
-1.07240 1.81604
-1.07237 1.81588
-1.07234 1.81573
-1.07231 1.81557
-1.07228 1.81541
-1.07225 1.81526
-1.07223 1.81510
-1.07220 1.81494
-1.07217 1.81479
-1.07214 1.81463
-1.07211 1.81447
-1.07208 1.81431
-1.07205 1.81416
-1.07202 1.81400
-1.07200 1.81384
-1.07197 1.81369
-1.07194 1.81353
-1.07191 1.81337
-1.07188 1.81321
-1.07185 1.81306
-1.07182 1.81290
-1.07179 1.81274
-1.07176 1.81259
-1.07174 1.81243
-1.07171 1.81227
-1.07168 1.81211
-1.07165 1.81196
-1.07162 1.81180
-1.07159 1.81164
-1.07156 1.81149
-1.07153 1.81133
-1.07150 1.81117
-1.07147 1.81101
-1.07145 1.81086
-1.07142 1.81070
-1.07139 1.81054
-1.07136 1.81039
-1.07133 1.81023
-1.07130 1.81007
-1.07127 1.80991
-1.07124 1.80976
-1.07121 1.80960
-1.07118 1.80944
-1.07115 1.80928
-1.07113 1.80913
-1.07110 1.80897
-1.07107 1.80881
-1.07104 1.80865
-1.07101 1.80850
-1.07098 1.80834
-1.07095 1.80818
-1.07092 1.80802
-1.07089 1.80787
-1.07086 1.80771
-1.07083 1.80755
-1.07080 1.80739
-1.07077 1.80724
-1.07074 1.80708
-1.07071 1.80692
-1.07069 1.80676
-1.07066 1.80661
-1.07063 1.80645
-1.07060 1.80629
-1.07057 1.80613
-1.07054 1.80598
-1.07051 1.80582
-1.07048 1.80566
-1.07045 1.80550
-1.07042 1.80535
-1.07039 1.80519
-1.07036 1.80503
-1.07033 1.80487
-1.07030 1.80471
-1.07027 1.80456
-1.07024 1.80440
-1.07021 1.80424
-1.07018 1.80408
-1.07015 1.80393
-1.07012 1.80377
-1.07009 1.80361
-1.07006 1.80345
-1.07003 1.80329
-1.07000 1.80314
-1.06997 1.80298
-1.06994 1.80282
-1.06992 1.80266
-1.06989 1.80251
-1.06986 1.80235
-1.06983 1.80219
-1.06980 1.80203
-1.06977 1.80187
-1.06974 1.80172
-1.06971 1.80156
-1.06968 1.80140
-1.06965 1.80124
-1.06962 1.80108
-1.06959 1.80093
-1.06956 1.80077
-1.06953 1.80061
-1.06950 1.80045
-1.06947 1.80029
-1.06944 1.80014
-1.06941 1.79998
-1.06938 1.79982
-1.06935 1.79966
-1.06932 1.79950
-1.06929 1.79935
-1.06926 1.79919
-1.06923 1.79903
-1.06920 1.79887
-1.06917 1.79871
-1.06914 1.79856
-1.06911 1.79840
-1.06908 1.79824
-1.06905 1.79808
-1.06901 1.79792
-1.06898 1.79776
-1.06895 1.79761
-1.06892 1.79745
-1.06889 1.79729
-1.06886 1.79713
-1.06883 1.79697
-1.06880 1.79682
-1.06877 1.79666
-1.06874 1.79650
-1.06871 1.79634
-1.06868 1.79618
-1.06865 1.79602
-1.06862 1.79587
-1.06859 1.79571
-1.06856 1.79555
-1.06853 1.79539
-1.06850 1.79523
-1.06847 1.79507
-1.06844 1.79492
-1.06841 1.79476
-1.06838 1.79460
-1.06835 1.79444
-1.06832 1.79428
-1.06829 1.79412
-1.06826 1.79396
-1.06822 1.79381
-1.06819 1.79365
-1.06816 1.79349
-1.06813 1.79333
-1.06810 1.79317
-1.06807 1.79301
-1.06804 1.79286
-1.06801 1.79270
-1.06798 1.79254
-1.06795 1.79238
-1.06792 1.79222
-1.06789 1.79206
-1.06786 1.79190
-1.06783 1.79175
-1.06780 1.79159
-1.06776 1.79143
-1.06773 1.79127
-1.06770 1.79111
-1.06767 1.79095
-1.06764 1.79079
-1.06761 1.79063
-1.06758 1.79048
-1.06755 1.79032
-1.06752 1.79016
-1.06749 1.79000
-1.06746 1.78984
-1.06743 1.78968
-1.06739 1.78952
-1.06736 1.78936
-1.06733 1.78921
-1.06730 1.78905
-1.06727 1.78889
-1.06724 1.78873
-1.06721 1.78857
-1.06718 1.78841
-1.06715 1.78825
-1.06712 1.78809
-1.06708 1.78794
-1.06705 1.78778
-1.06702 1.78762
-1.06699 1.78746
-1.06696 1.78730
-1.06693 1.78714
-1.06690 1.78698
-1.06687 1.78682
-1.06683 1.78666
-1.06680 1.78650
-1.06677 1.78635
-1.06674 1.78619
-1.06671 1.78603
-1.06668 1.78587
-1.06665 1.78571
-1.06662 1.78555
-1.06659 1.78539
-1.06655 1.78523
-1.06652 1.78507
-1.06649 1.78491
-1.06646 1.78475
-1.06643 1.78460
-1.06640 1.78444
-1.06637 1.78428
-1.06633 1.78412
-1.06630 1.78396
-1.06627 1.78380
-1.06624 1.78364
-1.06621 1.78348
-1.06620 1.78331
-1.06619 1.78314
-1.06618 1.78297
-1.06617 1.78279
-1.06616 1.78262
-1.06615 1.78245
-1.06614 1.78228
-1.06613 1.78210
-1.06612 1.78193
-1.06611 1.78176
-1.06610 1.78159
-1.06609 1.78141
-1.06608 1.78124
-1.06607 1.78107
-1.06606 1.78090
-1.06605 1.78072
-1.06604 1.78055
-1.06603 1.78038
-1.06602 1.78021
-1.06601 1.78003
-1.06600 1.77986
-1.06599 1.77969
-1.06598 1.77952
-1.06597 1.77934
-1.06596 1.77917
-1.06595 1.77900
-1.06594 1.77883
-1.06593 1.77865
-1.06592 1.77848
-1.06591 1.77831
-1.06590 1.77813
-1.06589 1.77796
-1.06588 1.77779
-1.06587 1.77762
-1.06586 1.77744
-1.06585 1.77727
-1.06584 1.77710
-1.06582 1.77692
-1.06581 1.77675
-1.06580 1.77658
-1.06579 1.77641
-1.06578 1.77623
-1.06577 1.77606
-1.06576 1.77589
-1.06575 1.77571
-1.06574 1.77554
-1.06573 1.77537
-1.06572 1.77519
-1.06571 1.77502
-1.06570 1.77485
-1.06569 1.77467
-1.06568 1.77450
-1.06567 1.77433
-1.06565 1.77416
-1.06564 1.77398
-1.06563 1.77381
-1.06562 1.77364
-1.06561 1.77346
-1.06560 1.77329
-1.06559 1.77312
-1.06558 1.77294
-1.06557 1.77277
-1.06556 1.77260
-1.06555 1.77242
-1.06553 1.77225
-1.06552 1.77208
-1.06551 1.77190
-1.06550 1.77173
-1.06549 1.77156
-1.06548 1.77138
-1.06547 1.77121
-1.06546 1.77103
-1.06545 1.77086
-1.06543 1.77069
-1.06542 1.77051
-1.06541 1.77034
-1.06540 1.77017
-1.06539 1.76999
-1.06538 1.76982
-1.06537 1.76965
-1.06535 1.76947
-1.06534 1.76930
-1.06533 1.76913
-1.06532 1.76895
-1.06531 1.76878
-1.06530 1.76860
-1.06529 1.76843
-1.06527 1.76826
-1.06526 1.76808
-1.06525 1.76791
-1.06524 1.76773
-1.06523 1.76756
-1.06522 1.76739
-1.06520 1.76721
-1.06519 1.76704
-1.06518 1.76687
-1.06517 1.76669
-1.06516 1.76652
-1.06515 1.76634
-1.06513 1.76617
-1.06512 1.76600
-1.06511 1.76582
-1.06510 1.76565
-1.06509 1.76547
-1.06507 1.76530
-1.06506 1.76513
-1.06505 1.76495
-1.06504 1.76478
-1.06503 1.76460
-1.06501 1.76443
-1.06500 1.76425
-1.06499 1.76408
-1.06498 1.76391
-1.06497 1.76373
-1.06495 1.76356
-1.06494 1.76338
-1.06493 1.76321
-1.06492 1.76303
-1.06490 1.76286
-1.06489 1.76269
-1.06488 1.76251
-1.06487 1.76234
-1.06485 1.76216
-1.06484 1.76199
-1.06483 1.76181
-1.06482 1.76164
-1.06481 1.76147
-1.06479 1.76129
-1.06478 1.76112
-1.06477 1.76094
-1.06476 1.76077
-1.06474 1.76059
-1.06473 1.76042
-1.06472 1.76024
-1.06471 1.76007
-1.06469 1.75989
-1.06468 1.75972
-1.06467 1.75955
-1.06465 1.75937
-1.06464 1.75920
-1.06463 1.75902
-1.06462 1.75885
-1.06460 1.75867
-1.06459 1.75850
-1.06458 1.75832
-1.06456 1.75815
-1.06455 1.75797
-1.06454 1.75780
-1.06453 1.75762
-1.06451 1.75745
-1.06450 1.75727
-1.06449 1.75710
-1.06447 1.75692
-1.06446 1.75675
-1.06445 1.75657
-1.06444 1.75640
-1.06442 1.75622
-1.06441 1.75605
-1.06440 1.75587
-1.06438 1.75570
-1.06437 1.75552
-1.06436 1.75535
-1.06434 1.75517
-1.06433 1.75500
-1.06432 1.75482
-1.06430 1.75465
-1.06429 1.75447
-1.06428 1.75430
-1.06426 1.75412
-1.06425 1.75395
-1.06424 1.75377
-1.06422 1.75360
-1.06421 1.75342
-1.06420 1.75325
-1.06418 1.75307
-1.06417 1.75290
-1.06416 1.75272
-1.06414 1.75255
-1.06413 1.75237
-1.06411 1.75219
-1.06410 1.75202
-1.06409 1.75184
-1.06407 1.75167
-1.06406 1.75149
-1.06405 1.75132
-1.06403 1.75114
-1.06402 1.75097
-1.06400 1.75079
-1.06399 1.75062
-1.06398 1.75044
-1.06396 1.75026
-1.06395 1.75009
-1.06394 1.74991
-1.06392 1.74974
-1.06391 1.74956
-1.06389 1.74939
-1.06388 1.74921
-1.06387 1.74903
-1.06385 1.74886
-1.06384 1.74868
-1.06382 1.74851
-1.06381 1.74833
-1.06380 1.74816
-1.06378 1.74798
-1.06377 1.74780
-1.06375 1.74763
-1.06374 1.74745
-1.06372 1.74728
-1.06371 1.74710
-1.06370 1.74693
-1.06368 1.74675
-1.06367 1.74657
-1.06365 1.74640
-1.06364 1.74622
-1.06362 1.74605
-1.06361 1.74587
-1.06360 1.74569
-1.06358 1.74552
-1.06357 1.74534
-1.06355 1.74517
-1.06354 1.74499
-1.06352 1.74481
-1.06351 1.74464
-1.06349 1.74446
-1.06348 1.74428
-1.06346 1.74411
-1.06345 1.74393
-1.06344 1.74376
-1.06342 1.74358
-1.06341 1.74340
-1.06339 1.74323
-1.06338 1.74305
-1.06336 1.74287
-1.06335 1.74270
-1.06333 1.74252
-1.06332 1.74235
-1.06330 1.74217
-1.06329 1.74199
-1.06327 1.74182
-1.06326 1.74164
-1.06324 1.74146
-1.06323 1.74129
-1.06321 1.74111
-1.06320 1.74093
-1.06318 1.74076
-1.06317 1.74058
-1.06315 1.74040
-1.06314 1.74023
-1.06312 1.74005
-1.06311 1.73987
-1.06309 1.73970
-1.06308 1.73952
-1.06306 1.73934
-1.06305 1.73917
-1.06303 1.73899
-1.06302 1.73881
-1.06300 1.73864
-1.06298 1.73846
-1.06297 1.73828
-1.06295 1.73811
-1.06294 1.73793
-1.06292 1.73775
-1.06291 1.73758
-1.06289 1.73740
-1.06288 1.73722
-1.06286 1.73705
-1.06285 1.73687
-1.06283 1.73669
-1.06281 1.73652
-1.06280 1.73634
-1.06278 1.73616
-1.06277 1.73598
-1.06275 1.73581
-1.06274 1.73563
-1.06272 1.73545
-1.06270 1.73528
-1.06269 1.73510
-1.06267 1.73492
-1.06266 1.73474
-1.06264 1.73457
-1.06263 1.73439
-1.06261 1.73421
-1.06259 1.73404
-1.06258 1.73386
-1.06256 1.73368
-1.06255 1.73350
-1.06253 1.73333
-1.06251 1.73315
-1.06250 1.73297
-1.06248 1.73279
-1.06247 1.73262
-1.06245 1.73244
-1.06243 1.73226
-1.06242 1.73209
-1.06240 1.73191
-1.06239 1.73173
-1.06237 1.73155
-1.06235 1.73138
-1.06234 1.73120
-1.06232 1.73102
-1.06230 1.73084
-1.06229 1.73067
-1.06227 1.73049
-1.06226 1.73031
-1.06224 1.73013
-1.06222 1.72996
-1.06221 1.72978
-1.06219 1.72960
-1.06217 1.72942
-1.06216 1.72924
-1.06214 1.72907
-1.06212 1.72889
-1.06211 1.72871
-1.06209 1.72853
-1.06207 1.72836
-1.06206 1.72818
-1.06204 1.72800
-1.06202 1.72782
-1.06201 1.72764
-1.06199 1.72747
-1.06197 1.72729
-1.06196 1.72711
-1.06194 1.72693
-1.06192 1.72675
-1.06191 1.72658
-1.06189 1.72640
-1.06187 1.72622
-1.06186 1.72604
-1.06184 1.72586
-1.06182 1.72569
-1.06181 1.72551
-1.06179 1.72533
-1.06177 1.72515
-1.06176 1.72497
-1.06174 1.72480
-1.06172 1.72462
-1.06170 1.72444
-1.06169 1.72426
-1.06167 1.72408
-1.06165 1.72391
-1.06164 1.72373
-1.06162 1.72355
-1.06160 1.72337
-1.06158 1.72319
-1.06157 1.72301
-1.06155 1.72284
-1.06153 1.72266
-1.06151 1.72248
-1.06150 1.72230
-1.06148 1.72212
-1.06146 1.72194
-1.06145 1.72177
-1.06143 1.72159
-1.06141 1.72141
-1.06139 1.72123
-1.06138 1.72105
-1.06136 1.72087
-1.06134 1.72069
-1.06132 1.72052
-1.06131 1.72034
-1.06129 1.72016
-1.06127 1.71998
-1.06125 1.71980
-1.06123 1.71962
-1.06122 1.71944
-1.06120 1.71926
-1.06118 1.71909
-1.06116 1.71891
-1.06115 1.71873
-1.06113 1.71855
-1.06111 1.71837
-1.06109 1.71819
-1.06108 1.71801
-1.06106 1.71783
-1.06104 1.71766
-1.06102 1.71748
-1.06100 1.71730
-1.06099 1.71712
-1.06097 1.71694
-1.06095 1.71676
-1.06093 1.71658
-1.06091 1.71640
-1.06090 1.71622
-1.06088 1.71604
-1.06086 1.71587
-1.06084 1.71569
-1.06082 1.71551
-1.06080 1.71533
-1.06079 1.71515
-1.06077 1.71497
-1.06075 1.71479
-1.06073 1.71461
-1.06071 1.71443
-1.06070 1.71425
-1.06068 1.71407
-1.06066 1.71389
-1.06064 1.71372
-1.06062 1.71354
-1.06060 1.71336
-1.06058 1.71318
-1.06057 1.71300
-1.06055 1.71282
-1.06053 1.71264
-1.06051 1.71246
-1.06049 1.71228
-1.06047 1.71210
-1.06046 1.71192
-1.06044 1.71174
-1.06042 1.71156
-1.06040 1.71138
-1.06038 1.71120
-1.06036 1.71102
-1.06034 1.71084
-1.06032 1.71067
-1.06031 1.71049
-1.06029 1.71031
-1.06027 1.71013
-1.06025 1.70995
-1.06023 1.70977
-1.06021 1.70959
-1.06019 1.70941
-1.06017 1.70923
-1.06015 1.70905
-1.06014 1.70887
-1.06012 1.70869
-1.06010 1.70851
-1.06008 1.70833
-1.06006 1.70815
-1.06004 1.70797
-1.06002 1.70779
-1.06000 1.70761
-1.05998 1.70743
-1.05996 1.70725
-1.05995 1.70707
-1.05993 1.70689
-1.05991 1.70671
-1.05989 1.70653
-1.05987 1.70635
-1.05985 1.70617
-1.05983 1.70599
-1.05981 1.70581
-1.05979 1.70563
-1.05977 1.70545
-1.05975 1.70527
-1.05973 1.70509
-1.05971 1.70491
-1.05969 1.70473
-1.05967 1.70455
-1.05965 1.70437
-1.05964 1.70419
-1.05962 1.70401
-1.05960 1.70383
-1.05958 1.70365
-1.05956 1.70347
-1.05954 1.70329
-1.05952 1.70311
-1.05950 1.70292
-1.05948 1.70274
-1.05946 1.70256
-1.05944 1.70238
-1.05942 1.70220
-1.05940 1.70202
-1.05938 1.70184
-1.05936 1.70166
-1.05934 1.70148
-1.05932 1.70130
-1.05930 1.70112
-1.05928 1.70094
-1.05926 1.70076
-1.05924 1.70058
-1.05922 1.70040
-1.05920 1.70022
-1.05918 1.70004
-1.05916 1.69986
-1.05914 1.69967
-1.05912 1.69949
-1.05910 1.69931
-1.05908 1.69913
-1.05906 1.69895
-1.05904 1.69877
-1.05902 1.69859
-1.05900 1.69841
-1.05898 1.69823
-1.05896 1.69805
-1.05894 1.69787
-1.05892 1.69769
-1.05890 1.69750
-1.05888 1.69732
-1.05886 1.69714
-1.05884 1.69696
-1.05882 1.69678
-1.05880 1.69660
-1.05878 1.69642
-1.05875 1.69624
-1.05873 1.69606
-1.05871 1.69587
-1.05869 1.69569
-1.05867 1.69551
-1.05865 1.69533
-1.05863 1.69515
-1.05861 1.69497
-1.05859 1.69479
-1.05857 1.69461
-1.05855 1.69443
-1.05853 1.69424
-1.05851 1.69406
-1.05849 1.69388
-1.05847 1.69370
-1.05845 1.69352
-1.05842 1.69334
-1.05840 1.69316
-1.05838 1.69297
-1.05836 1.69279
-1.05834 1.69261
-1.05832 1.69243
-1.05830 1.69225
-1.05828 1.69207
-1.05826 1.69189
-1.05824 1.69170
-1.05821 1.69152
-1.05819 1.69134
-1.05817 1.69116
-1.05815 1.69098
-1.05813 1.69080
-1.05811 1.69061
-1.05809 1.69043
-1.05807 1.69025
-1.05805 1.69007
-1.05802 1.68989
-1.05800 1.68971
-1.05798 1.68952
-1.05796 1.68934
-1.05794 1.68916
-1.05792 1.68898
-1.05790 1.68880
-1.05788 1.68861
-1.05785 1.68843
-1.05783 1.68825
-1.05781 1.68807
-1.05779 1.68789
-1.05777 1.68770
-1.05775 1.68752
-1.05773 1.68734
-1.05770 1.68716
-1.05768 1.68698
-1.05766 1.68679
-1.05764 1.68661
-1.05762 1.68643
-1.05760 1.68625
-1.05757 1.68607
-1.05755 1.68588
-1.05753 1.68570
-1.05751 1.68552
-1.05749 1.68534
-1.05747 1.68515
-1.05744 1.68497
-1.05742 1.68479
-1.05740 1.68461
-1.05738 1.68443
-1.05736 1.68424
-1.05733 1.68406
-1.05731 1.68388
-1.05729 1.68370
-1.05727 1.68351
-1.05725 1.68333
-1.05722 1.68315
-1.05720 1.68297
-1.05718 1.68278
-1.05716 1.68260
-1.05714 1.68242
-1.05711 1.68224
-1.05709 1.68205
-1.05707 1.68187
-1.05705 1.68169
-1.05702 1.68151
-1.05700 1.68132
-1.05698 1.68114
-1.05696 1.68096
-1.05694 1.68078
-1.05691 1.68059
-1.05689 1.68041
-1.05687 1.68023
-1.05685 1.68004
-1.05682 1.67986
-1.05680 1.67968
-1.05678 1.67950
-1.05676 1.67931
-1.05673 1.67913
-1.05671 1.67895
-1.05669 1.67876
-1.05667 1.67858
-1.05664 1.67840
-1.05662 1.67822
-1.05660 1.67803
-1.05658 1.67785
-1.05655 1.67767
-1.05653 1.67748
-1.05651 1.67730
-1.05648 1.67712
-1.05646 1.67693
-1.05644 1.67675
-1.05642 1.67657
-1.05639 1.67638
-1.05637 1.67620
-1.05635 1.67602
-1.05633 1.67583
-1.05630 1.67565
-1.05628 1.67547
-1.05626 1.67528
-1.05623 1.67510
-1.05621 1.67492
-1.05619 1.67473
-1.05616 1.67455
-1.05614 1.67437
-1.05612 1.67418
-1.05610 1.67400
-1.05607 1.67382
-1.05605 1.67363
-1.05603 1.67345
-1.05600 1.67327
-1.05598 1.67308
-1.05596 1.67290
-1.05593 1.67272
-1.05591 1.67253
-1.05589 1.67235
-1.05586 1.67217
-1.05584 1.67198
-1.05582 1.67180
-1.05579 1.67161
-1.05577 1.67143
-1.05575 1.67125
-1.05572 1.67106
-1.05570 1.67088
-1.05568 1.67070
-1.05565 1.67051
-1.05563 1.67033
-1.05560 1.67014
-1.05558 1.66996
-1.05556 1.66978
-1.05553 1.66959
-1.05551 1.66941
-1.05549 1.66923
-1.05546 1.66904
-1.05544 1.66886
-1.05542 1.66867
-1.05539 1.66849
-1.05537 1.66831
-1.05534 1.66812
-1.05532 1.66794
-1.05530 1.66775
-1.05527 1.66757
-1.05525 1.66738
-1.05523 1.66720
-1.05520 1.66702
-1.05518 1.66683
-1.05515 1.66665
-1.05513 1.66646
-1.05511 1.66628
-1.05508 1.66610
-1.05506 1.66591
-1.05503 1.66573
-1.05501 1.66554
-1.05499 1.66536
-1.05496 1.66517
-1.05494 1.66499
-1.05491 1.66481
-1.05489 1.66462
-1.05486 1.66444
-1.05484 1.66425
-1.05482 1.66407
-1.05479 1.66388
-1.05477 1.66370
-1.05474 1.66351
-1.05472 1.66333
-1.05469 1.66314
-1.05467 1.66296
-1.05465 1.66278
-1.05462 1.66259
-1.05460 1.66241
-1.05457 1.66222
-1.05455 1.66204
-1.05452 1.66185
-1.05450 1.66167
-1.05447 1.66148
-1.05445 1.66130
-1.05442 1.66111
-1.05440 1.66093
-1.05438 1.66074
-1.05435 1.66056
-1.05433 1.66037
-1.05430 1.66019
-1.05428 1.66000
-1.05425 1.65982
-1.05423 1.65963
-1.05420 1.65945
-1.05418 1.65926
-1.05415 1.65908
-1.05413 1.65889
-1.05410 1.65871
-1.05408 1.65852
-1.05405 1.65834
-1.05403 1.65815
-1.05400 1.65797
-1.05398 1.65778
-1.05395 1.65760
-1.05393 1.65741
-1.05390 1.65723
-1.05388 1.65704
-1.05385 1.65686
-1.05383 1.65667
-1.05380 1.65649
-1.05378 1.65630
-1.05375 1.65612
-1.05373 1.65593
-1.05370 1.65574
-1.05368 1.65556
-1.05365 1.65537
-1.05363 1.65519
-1.05360 1.65500
-1.05358 1.65482
-1.05355 1.65463
-1.05352 1.65445
-1.05350 1.65426
-1.05347 1.65408
-1.05345 1.65389
-1.05342 1.65370
-1.05340 1.65352
-1.05337 1.65333
-1.05335 1.65315
-1.05332 1.65296
-1.05330 1.65278
-1.05327 1.65259
-1.05324 1.65240
-1.05322 1.65222
-1.05319 1.65203
-1.05317 1.65185
-1.05314 1.65166
-1.05312 1.65148
-1.05309 1.65129
-1.05306 1.65110
-1.05304 1.65092
-1.05301 1.65073
-1.05299 1.65055
-1.05296 1.65036
-1.05293 1.65017
-1.05291 1.64999
-1.05288 1.64980
-1.05286 1.64962
-1.05283 1.64943
-1.05281 1.64924
-1.05278 1.64906
-1.05275 1.64887
-1.05273 1.64869
-1.05270 1.64850
-1.05268 1.64831
-1.05265 1.64813
-1.05262 1.64794
-1.05260 1.64775
-1.05257 1.64757
-1.05254 1.64738
-1.05252 1.64720
-1.05249 1.64701
-1.05247 1.64682
-1.05244 1.64664
-1.05241 1.64645
-1.05239 1.64626
-1.05236 1.64608
-1.05233 1.64589
-1.05231 1.64570
-1.05228 1.64552
-1.05225 1.64533
-1.05223 1.64515
-1.05220 1.64496
-1.05218 1.64477
-1.05215 1.64459
-1.05212 1.64440
-1.05210 1.64421
-1.05207 1.64403
-1.05204 1.64384
-1.05202 1.64365
-1.05199 1.64347
-1.05196 1.64328
-1.05194 1.64309
-1.05191 1.64291
-1.05188 1.64272
-1.05186 1.64253
-1.05183 1.64234
-1.05180 1.64216
-1.05178 1.64197
-1.05175 1.64178
-1.05172 1.64160
-1.05170 1.64141
-1.05167 1.64122
-1.05164 1.64104
-1.05161 1.64085
-1.05159 1.64066
-1.05156 1.64048
-1.05153 1.64029
-1.05151 1.64010
-1.05148 1.63991
-1.05145 1.63973
-1.05143 1.63954
-1.05140 1.63935
-1.05137 1.63917
-1.05134 1.63898
-1.05132 1.63879
-1.05129 1.63860
-1.05126 1.63842
-1.05123 1.63823
-1.05121 1.63804
-1.05118 1.63785
-1.05115 1.63767
-1.05113 1.63748
-1.05110 1.63729
-1.05107 1.63711
-1.05104 1.63692
-1.05102 1.63673
-1.05099 1.63654
-1.05096 1.63636
-1.05093 1.63617
-1.05091 1.63598
-1.05088 1.63579
-1.05085 1.63561
-1.05082 1.63542
-1.05080 1.63523
-1.05077 1.63504
-1.05074 1.63485
-1.05071 1.63467
-1.05069 1.63448
-1.05066 1.63429
-1.05063 1.63410
-1.05060 1.63392
-1.05057 1.63373
-1.05055 1.63354
-1.05052 1.63335
-1.05049 1.63317
-1.05046 1.63298
-1.05044 1.63279
-1.05041 1.63260
-1.05038 1.63241
-1.05035 1.63223
-1.05032 1.63204
-1.05030 1.63185
-1.05027 1.63166
-1.05024 1.63147
-1.05021 1.63129
-1.05018 1.63110
-1.05016 1.63091
-1.05013 1.63072
-1.05010 1.63053
-1.05007 1.63035
-1.05004 1.63016
-1.05002 1.62997
-1.04999 1.62978
-1.04996 1.62959
-1.04993 1.62940
-1.04990 1.62922
-1.04987 1.62903
-1.04985 1.62884
-1.04982 1.62865
-1.04979 1.62846
-1.04976 1.62827
-1.04973 1.62809
-1.04970 1.62790
-1.04968 1.62771
-1.04965 1.62752
-1.04962 1.62733
-1.04959 1.62714
-1.04956 1.62695
-1.04953 1.62677
-1.04950 1.62658
-1.04948 1.62639
-1.04945 1.62620
-1.04942 1.62601
-1.04939 1.62582
-1.04936 1.62563
-1.04933 1.62545
-1.04930 1.62526
-1.04928 1.62507
-1.04925 1.62488
-1.04922 1.62469
-1.04919 1.62450
-1.04916 1.62431
-1.04913 1.62412
-1.04910 1.62394
-1.04907 1.62375
-1.04904 1.62356
-1.04902 1.62337
-1.04899 1.62318
-1.04896 1.62299
-1.04893 1.62280
-1.04890 1.62261
-1.04887 1.62242
-1.04884 1.62223
-1.04881 1.62205
-1.04878 1.62186
-1.04875 1.62167
-1.04873 1.62148
-1.04870 1.62129
-1.04867 1.62110
-1.04864 1.62091
-1.04861 1.62072
-1.04858 1.62053
-1.04855 1.62034
-1.04852 1.62015
-1.04849 1.61996
-1.04846 1.61978
-1.04843 1.61959
-1.04840 1.61940
-1.04837 1.61921
-1.04835 1.61902
-1.04832 1.61883
-1.04829 1.61864
-1.04826 1.61845
-1.04823 1.61826
-1.04820 1.61807
-1.04817 1.61788
-1.04814 1.61769
-1.04811 1.61750
-1.04808 1.61731
-1.04805 1.61712
-1.04802 1.61693
-1.04799 1.61674
-1.04796 1.61655
-1.04793 1.61636
-1.04790 1.61617
-1.04787 1.61598
-1.04784 1.61579
-1.04781 1.61561
-1.04778 1.61542
-1.04775 1.61523
-1.04772 1.61504
-1.04769 1.61485
-1.04766 1.61466
-1.04763 1.61447
-1.04760 1.61428
-1.04757 1.61409
-1.04754 1.61390
-1.04751 1.61371
-1.04748 1.61352
-1.04745 1.61333
-1.04742 1.61314
-1.04739 1.61295
-1.04736 1.61276
-1.04733 1.61257
-1.04730 1.61238
-1.04727 1.61219
-1.04724 1.61200
-1.04721 1.61181
-1.04718 1.61161
-1.04715 1.61142
-1.04712 1.61123
-1.04709 1.61104
-1.04706 1.61085
-1.04703 1.61066
-1.04700 1.61047
-1.04697 1.61028
-1.04694 1.61009
-1.04691 1.60990
-1.04688 1.60971
-1.04685 1.60952
-1.04682 1.60933
-1.04679 1.60914
-1.04676 1.60895
-1.04673 1.60876
-1.04669 1.60857
-1.04666 1.60838
-1.04663 1.60819
-1.04660 1.60800
-1.04657 1.60781
-1.04654 1.60761
-1.04651 1.60742
-1.04648 1.60723
-1.04645 1.60704
-1.04642 1.60685
-1.04639 1.60666
-1.04636 1.60647
-1.04633 1.60628
-1.04630 1.60609
-1.04626 1.60590
-1.04623 1.60571
-1.04620 1.60552
-1.04617 1.60533
-1.04614 1.60513
-1.04611 1.60494
-1.04608 1.60475
-1.04605 1.60456
-1.04602 1.60437
-1.04599 1.60418
-1.04595 1.60399
-1.04592 1.60380
-1.04589 1.60361
-1.04586 1.60341
-1.04583 1.60322
-1.04580 1.60303
-1.04577 1.60284
-1.04574 1.60265
-1.04570 1.60246
-1.04567 1.60227
-1.04564 1.60208
-1.04561 1.60188
-1.04558 1.60169
-1.04555 1.60150
-1.04552 1.60131
-1.04549 1.60112
-1.04545 1.60093
-1.04542 1.60074
-1.04539 1.60054
-1.04536 1.60035
-1.04533 1.60016
-1.04530 1.59997
-1.04526 1.59978
-1.04523 1.59959
-1.04520 1.59940
-1.04517 1.59920
-1.04514 1.59901
-1.04511 1.59882
-1.04508 1.59863
-1.04504 1.59844
-1.04501 1.59825
-1.04498 1.59805
-1.04495 1.59786
-1.04492 1.59767
-1.04488 1.59748
-1.04485 1.59729
-1.04482 1.59709
-1.04479 1.59690
-1.04476 1.59671
-1.04473 1.59652
-1.04469 1.59633
-1.04466 1.59613
-1.04463 1.59594
-1.04460 1.59575
-1.04457 1.59556
-1.04453 1.59537
-1.04450 1.59517
-1.04447 1.59498
-1.04444 1.59479
-1.04440 1.59460
-1.04437 1.59441
-1.04434 1.59421
-1.04431 1.59402
-1.04428 1.59383
-1.04424 1.59364
-1.04421 1.59344
-1.04418 1.59325
-1.04415 1.59306
-1.04411 1.59287
-1.04408 1.59268
-1.04405 1.59248
-1.04402 1.59229
-1.04398 1.59210
-1.04395 1.59191
-1.04392 1.59171
-1.04389 1.59152
-1.04385 1.59133
-1.04382 1.59114
-1.04379 1.59094
-1.04376 1.59075
-1.04372 1.59056
-1.04369 1.59036
-1.04366 1.59017
-1.04363 1.58998
-1.04359 1.58979
-1.04356 1.58959
-1.04353 1.58940
-1.04350 1.58921
-1.04346 1.58902
-1.04343 1.58882
-1.04340 1.58863
-1.04336 1.58844
-1.04333 1.58824
-1.04330 1.58805
-1.04327 1.58786
-1.04323 1.58767
-1.04320 1.58747
-1.04317 1.58728
-1.04313 1.58709
-1.04310 1.58689
-1.04307 1.58670
-1.04304 1.58651
-1.04300 1.58631
-1.04297 1.58612
-1.04294 1.58593
-1.04290 1.58573
-1.04287 1.58554
-1.04284 1.58535
-1.04286 1.58510
-1.04287 1.58486
-1.04289 1.58461
-1.04291 1.58437
-1.04292 1.58413
-1.04294 1.58388
-1.04296 1.58364
-1.04297 1.58339
-1.04299 1.58315
-1.04301 1.58290
-1.04302 1.58266
-1.04304 1.58242
-1.04306 1.58217
-1.04307 1.58193
-1.04309 1.58168
-1.04311 1.58144
-1.04312 1.58119
-1.04314 1.58095
-1.04315 1.58070
-1.04317 1.58046
-1.04319 1.58021
-1.04320 1.57997
-1.04322 1.57972
-1.04323 1.57948
-1.04325 1.57923
-1.04327 1.57898
-1.04328 1.57874
-1.04330 1.57849
-1.04331 1.57825
-1.04333 1.57800
-1.04334 1.57776
-1.04336 1.57751
-1.04337 1.57727
-1.04339 1.57702
-1.04340 1.57677
-1.04342 1.57653
-1.04344 1.57628
-1.04345 1.57604
-1.04347 1.57579
-1.04348 1.57554
-1.04349 1.57530
-1.04351 1.57505
-1.04352 1.57480
-1.04354 1.57456
-1.04355 1.57431
-1.04357 1.57406
-1.04358 1.57382
-1.04360 1.57357
-1.04361 1.57332
-1.04363 1.57308
-1.04364 1.57283
-1.04365 1.57258
-1.04367 1.57234
-1.04368 1.57209
-1.04370 1.57184
-1.04371 1.57160
-1.04373 1.57135
-1.04374 1.57110
-1.04375 1.57085
-1.04377 1.57061
-1.04378 1.57036
-1.04379 1.57011
-1.04381 1.56986
-1.04382 1.56962
-1.04383 1.56937
-1.04385 1.56912
-1.04386 1.56887
-1.04388 1.56863
-1.04389 1.56838
-1.04390 1.56813
-1.04391 1.56788
-1.04393 1.56763
-1.04394 1.56739
-1.04395 1.56714
-1.04397 1.56689
-1.04398 1.56664
-1.04399 1.56639
-1.04401 1.56614
-1.04402 1.56590
-1.04403 1.56565
-1.04404 1.56540
-1.04406 1.56515
-1.04407 1.56490
-1.04408 1.56465
-1.04409 1.56440
-1.04411 1.56416
-1.04412 1.56391
-1.04413 1.56366
-1.04414 1.56341
-1.04415 1.56316
-1.04417 1.56291
-1.04418 1.56266
-1.04419 1.56241
-1.04420 1.56216
-1.04421 1.56191
-1.04423 1.56166
-1.04424 1.56141
-1.04425 1.56117
-1.04425 1.56093
-1.04421 1.56073
-1.04418 1.56053
-1.04414 1.56034
-1.04410 1.56014
-1.04407 1.55994
-1.04403 1.55975
-1.04399 1.55955
-1.04396 1.55935
-1.04392 1.55916
-1.04388 1.55896
-1.04385 1.55876
-1.04381 1.55857
-1.04377 1.55837
-1.04374 1.55817
-1.04370 1.55798
-1.04366 1.55778
-1.04362 1.55758
-1.04359 1.55738
-1.04355 1.55719
-1.04351 1.55699
-1.04348 1.55679
-1.04344 1.55660
-1.04340 1.55640
-1.04336 1.55620
-1.04333 1.55600
-1.04329 1.55581
-1.04325 1.55561
-1.04322 1.55541
-1.04318 1.55522
-1.04314 1.55502
-1.04310 1.55482
-1.04307 1.55462
-1.04303 1.55443
-1.04299 1.55423
-1.04296 1.55403
-1.04292 1.55383
-1.04288 1.55364
-1.04284 1.55344
-1.04281 1.55324
-1.04277 1.55304
-1.04273 1.55285
-1.04269 1.55265
-1.04266 1.55245
-1.04262 1.55225
-1.04258 1.55206
-1.04254 1.55186
-1.04251 1.55166
-1.04247 1.55146
-1.04243 1.55127
-1.04239 1.55107
-1.04235 1.55087
-1.04232 1.55067
-1.04228 1.55047
-1.04224 1.55028
-1.04220 1.55008
-1.04217 1.54988
-1.04213 1.54968
-1.04209 1.54948
-1.04205 1.54929
-1.04201 1.54909
-1.04198 1.54889
-1.04194 1.54869
-1.04190 1.54849
-1.04186 1.54830
-1.04182 1.54810
-1.04179 1.54790
-1.04175 1.54770
-1.04171 1.54750
-1.04167 1.54731
-1.04163 1.54711
-1.04160 1.54691
-1.04156 1.54671
-1.04152 1.54651
-1.04148 1.54631
-1.04144 1.54612
-1.04141 1.54592
-1.04137 1.54572
-1.04133 1.54552
-1.04129 1.54532
-1.04125 1.54512
-1.04121 1.54493
-1.04118 1.54473
-1.04114 1.54453
-1.04110 1.54433
-1.04106 1.54413
-1.04102 1.54393
-1.04098 1.54373
-1.04094 1.54354
-1.04091 1.54334
-1.04087 1.54314
-1.04083 1.54294
-1.04079 1.54274
-1.04075 1.54254
-1.04071 1.54234
-1.04067 1.54214
-1.04064 1.54194
-1.04060 1.54175
-1.04056 1.54155
-1.04052 1.54135
-1.04048 1.54115
-1.04044 1.54095
-1.04040 1.54075
-1.04036 1.54055
-1.04033 1.54035
-1.04029 1.54015
-1.04025 1.53995
-1.04021 1.53976
-1.04017 1.53956
-1.04013 1.53936
-1.04009 1.53916
-1.04005 1.53896
-1.04001 1.53876
-1.03998 1.53856
-1.03994 1.53836
-1.03990 1.53816
-1.03986 1.53796
-1.03982 1.53776
-1.03978 1.53756
-1.03974 1.53736
-1.03970 1.53717
-1.03966 1.53697
-1.03962 1.53677
-1.03958 1.53657
-1.03954 1.53637
-1.03951 1.53617
-1.03947 1.53597
-1.03943 1.53577
-1.03939 1.53557
-1.03935 1.53537
-1.03931 1.53517
-1.03927 1.53497
-1.03923 1.53477
-1.03919 1.53457
-1.03915 1.53437
-1.03911 1.53417
-1.03907 1.53397
-1.03903 1.53377
-1.03899 1.53357
-1.03895 1.53337
-1.03891 1.53317
-1.03887 1.53297
-1.03883 1.53277
-1.03879 1.53257
-1.03876 1.53237
-1.03872 1.53217
-1.03868 1.53197
-1.03864 1.53177
-1.03860 1.53157
-1.03856 1.53137
-1.03852 1.53117
-1.03848 1.53097
-1.03844 1.53077
-1.03840 1.53057
-1.03836 1.53037
-1.03832 1.53017
-1.03828 1.52997
-1.03824 1.52977
-1.03820 1.52957
-1.03816 1.52937
-1.03812 1.52917
-1.03808 1.52897
-1.03804 1.52877
-1.03800 1.52857
-1.03796 1.52837
-1.03792 1.52817
-1.03788 1.52796
-1.03784 1.52776
-1.03780 1.52756
-1.03776 1.52736
-1.03772 1.52716
-1.03768 1.52696
-1.03764 1.52676
-1.03759 1.52656
-1.03755 1.52636
-1.03751 1.52616
-1.03747 1.52596
-1.03743 1.52576
-1.03739 1.52556
-1.03735 1.52536
-1.03731 1.52515
-1.03727 1.52495
-1.03723 1.52475
-1.03719 1.52455
-1.03715 1.52435
-1.03711 1.52415
-1.03707 1.52395
-1.03703 1.52375
-1.03699 1.52355
-1.03695 1.52335
-1.03691 1.52314
-1.03687 1.52294
-1.03682 1.52274
-1.03678 1.52254
-1.03674 1.52234
-1.03670 1.52214
-1.03666 1.52194
-1.03662 1.52174
-1.03658 1.52153
-1.03654 1.52133
-1.03650 1.52113
-1.03646 1.52093
-1.03642 1.52073
-1.03638 1.52053
-1.03633 1.52033
-1.03629 1.52012
-1.03625 1.51992
-1.03621 1.51972
-1.03617 1.51952
-1.03613 1.51932
-1.03609 1.51912
-1.03605 1.51891
-1.03601 1.51871
-1.03596 1.51851
-1.03592 1.51831
-1.03588 1.51811
-1.03584 1.51791
-1.03580 1.51770
-1.03576 1.51750
-1.03572 1.51730
-1.03568 1.51710
-1.03563 1.51690
-1.03559 1.51669
-1.03555 1.51649
-1.03551 1.51629
-1.03547 1.51609
-1.03543 1.51589
-1.03539 1.51568
-1.03534 1.51548
-1.03530 1.51528
-1.03526 1.51508
-1.03522 1.51488
-1.03518 1.51467
-1.03514 1.51447
-1.03509 1.51427
-1.03505 1.51407
-1.03501 1.51386
-1.03497 1.51366
-1.03493 1.51346
-1.03489 1.51326
-1.03484 1.51305
-1.03480 1.51285
-1.03476 1.51265
-1.03472 1.51245
-1.03468 1.51224
-1.03464 1.51204
-1.03459 1.51184
-1.03455 1.51164
-1.03451 1.51143
-1.03447 1.51123
-1.03443 1.51103
-1.03438 1.51083
-1.03434 1.51062
-1.03430 1.51042
-1.03426 1.51022
-1.03422 1.51002
-1.03417 1.50981
-1.03413 1.50961
-1.03409 1.50941
-1.03405 1.50920
-1.03400 1.50900
-1.03396 1.50880
-1.03392 1.50860
-1.03388 1.50839
-1.03384 1.50819
-1.03379 1.50799
-1.03375 1.50778
-1.03371 1.50758
-1.03367 1.50738
-1.03362 1.50717
-1.03358 1.50697
-1.03354 1.50677
-1.03350 1.50656
-1.03345 1.50636
-1.03341 1.50616
-1.03337 1.50595
-1.03333 1.50575
-1.03328 1.50555
-1.03324 1.50534
-1.03320 1.50514
-1.03316 1.50494
-1.03311 1.50473
-1.03307 1.50453
-1.03303 1.50433
-1.03299 1.50412
-1.03294 1.50392
-1.03290 1.50372
-1.03286 1.50351
-1.03281 1.50331
-1.03277 1.50311
-1.03273 1.50290
-1.03269 1.50270
-1.03264 1.50249
-1.03260 1.50229
-1.03256 1.50209
-1.03251 1.50188
-1.03247 1.50168
-1.03243 1.50148
-1.03239 1.50127
-1.03234 1.50107
-1.03230 1.50086
-1.03226 1.50066
-1.03221 1.50046
-1.03217 1.50025
-1.03213 1.50005
-1.03208 1.49984
-1.03204 1.49964
-1.03200 1.49944
-1.03195 1.49923
-1.03191 1.49903
-1.03187 1.49882
-1.03182 1.49862
-1.03178 1.49841
-1.03174 1.49821
-1.03169 1.49801
-1.03165 1.49780
-1.03161 1.49760
-1.03156 1.49739
-1.03152 1.49719
-1.03148 1.49698
-1.03143 1.49678
-1.03139 1.49658
-1.03135 1.49637
-1.03130 1.49617
-1.03126 1.49596
-1.03122 1.49576
-1.03117 1.49555
-1.03113 1.49535
-1.03108 1.49514
-1.03104 1.49494
-1.03100 1.49473
-1.03095 1.49453
-1.03091 1.49432
-1.03087 1.49412
-1.03082 1.49392
-1.03078 1.49371
-1.03073 1.49351
-1.03069 1.49330
-1.03065 1.49310
-1.03060 1.49289
-1.03056 1.49269
-1.03052 1.49248
-1.03047 1.49228
-1.03043 1.49207
-1.03038 1.49187
-1.03034 1.49166
-1.03029 1.49146
-1.03025 1.49125
-1.03021 1.49105
-1.03016 1.49084
-1.03012 1.49063
-1.03007 1.49043
-1.03003 1.49022
-1.02999 1.49002
-1.02994 1.48981
-1.02990 1.48961
-1.02985 1.48940
-1.02981 1.48920
-1.02976 1.48899
-1.02972 1.48879
-1.02968 1.48858
-1.02963 1.48838
-1.02959 1.48817
-1.02954 1.48796
-1.02950 1.48776
-1.02945 1.48755
-1.02941 1.48735
-1.02936 1.48714
-1.02932 1.48694
-1.02928 1.48673
-1.02923 1.48652
-1.02919 1.48632
-1.02914 1.48611
-1.02910 1.48591
-1.02905 1.48570
-1.02901 1.48550
-1.02896 1.48529
-1.02892 1.48508
-1.02887 1.48488
-1.02883 1.48467
-1.02878 1.48447
-1.02874 1.48426
-1.02869 1.48405
-1.02865 1.48385
-1.02860 1.48364
-1.02856 1.48343
-1.02851 1.48323
-1.02847 1.48302
-1.02842 1.48282
-1.02838 1.48261
-1.02833 1.48240
-1.02829 1.48220
-1.02824 1.48199
-1.02820 1.48178
-1.02815 1.48158
-1.03230 1.47561
