-0.93971 1.96759
-0.93946 1.96759
-0.93922 1.96758
-0.93898 1.96758
-0.93873 1.96758
-0.93849 1.96758
-0.93825 1.96758
-0.93801 1.96758
-0.93776 1.96758
-0.93752 1.96757
-0.93728 1.96757
-0.93703 1.96757
-0.93679 1.96757
-0.93655 1.96757
-0.93630 1.96756
-0.93606 1.96756
-0.93582 1.96756
-0.93557 1.96756
-0.93533 1.96755
-0.93509 1.96755
-0.93484 1.96755
-0.93460 1.96754
-0.93436 1.96754
-0.93411 1.96754
-0.93387 1.96754
-0.93363 1.96753
-0.93338 1.96753
-0.93314 1.96753
-0.93289 1.96752
-0.93265 1.96752
-0.93241 1.96752
-0.93216 1.96751
-0.93192 1.96751
-0.93168 1.96750
-0.93143 1.96750
-0.93119 1.96750
-0.93095 1.96750
-0.93072 1.96753
-0.93049 1.96756
-0.93026 1.96759
-0.93003 1.96762
-0.92980 1.96765
-0.92957 1.96768
-0.92934 1.96771
-0.92911 1.96774
-0.92888 1.96777
-0.92865 1.96780
-0.92842 1.96783
-0.92819 1.96786
-0.92796 1.96789
-0.92773 1.96792
-0.92750 1.96795
-0.92727 1.96797
-0.92704 1.96800
-0.92681 1.96803
-0.92658 1.96806
-0.92635 1.96809
-0.92612 1.96812
-0.92589 1.96815
-0.92566 1.96818
-0.92542 1.96820
-0.92519 1.96823
-0.92496 1.96826
-0.92473 1.96829
-0.92450 1.96832
-0.92427 1.96835
-0.92404 1.96837
-0.92381 1.96840
-0.92358 1.96843
-0.92335 1.96846
-0.92312 1.96849
-0.92289 1.96851
-0.92266 1.96854
-0.92242 1.96857
-0.92219 1.96860
-0.92196 1.96862
-0.92173 1.96865
-0.92150 1.96868
-0.92127 1.96870
-0.92104 1.96873
-0.92081 1.96876
-0.92058 1.96879
-0.92034 1.96881
-0.92011 1.96884
-0.91988 1.96887
-0.91965 1.96889
-0.91942 1.96892
-0.91919 1.96895
-0.91896 1.96898
-0.91873 1.96901
-0.91850 1.96904
-0.91827 1.96907
-0.91804 1.96910
-0.91781 1.96914
-0.91758 1.96917
-0.91735 1.96920
-0.91712 1.96923
-0.91689 1.96926
-0.91666 1.96929
-0.91643 1.96932
-0.91620 1.96935
-0.91597 1.96939
-0.91574 1.96942
-0.91551 1.96945
-0.91528 1.96948
-0.91505 1.96951
-0.91482 1.96954
-0.91459 1.96957
-0.91436 1.96960
-0.91413 1.96963
-0.91390 1.96966
-0.91367 1.96969
-0.91344 1.96972
-0.91321 1.96975
-0.91298 1.96978
-0.91275 1.96981
-0.91252 1.96984
-0.91229 1.96987
-0.91206 1.96990
-0.91183 1.96993
-0.91160 1.96996
-0.91137 1.96999
-0.91114 1.97002
-0.91091 1.97005
-0.91068 1.97007
-0.91045 1.97010
-0.91022 1.97013
-0.90999 1.97016
-0.90976 1.97019
-0.90952 1.97022
-0.90929 1.97025
-0.90906 1.97028
-0.90883 1.97030
-0.90860 1.97033
-0.90837 1.97036
-0.90814 1.97039
-0.90791 1.97042
-0.90768 1.97044
-0.90744 1.97047
-0.90721 1.97050
-0.90698 1.97053
-0.90675 1.97056
-0.90652 1.97058
-0.90629 1.97061
-0.90606 1.97064
-0.90583 1.97067
-0.90560 1.97072
-0.90538 1.97077
-0.90516 1.97082
-0.90493 1.97087
-0.90471 1.97091
-0.90449 1.97096
-0.90426 1.97101
-0.90404 1.97106
-0.90382 1.97110
-0.90359 1.97115
-0.90337 1.97120
-0.90315 1.97125
-0.90292 1.97129
-0.90270 1.97134
-0.90247 1.97139
-0.90225 1.97144
-0.90203 1.97148
-0.90180 1.97153
-0.90158 1.97158
-0.90135 1.97162
-0.90113 1.97167
-0.90091 1.97172
-0.90068 1.97176
-0.90046 1.97181
-0.90023 1.97186
-0.90001 1.97190
-0.89978 1.97195
-0.89956 1.97199
-0.89934 1.97204
-0.89911 1.97209
-0.89889 1.97213
-0.89866 1.97218
-0.89844 1.97222
-0.89821 1.97227
-0.89799 1.97231
-0.89776 1.97236
-0.89754 1.97241
-0.89731 1.97245
-0.89709 1.97250
-0.89686 1.97254
-0.89664 1.97259
-0.89641 1.97263
-0.89619 1.97268
-0.89596 1.97272
-0.89574 1.97277
-0.89551 1.97281
-0.89529 1.97286
-0.89506 1.97290
-0.89484 1.97294
-0.89461 1.97299
-0.89438 1.97303
-0.89416 1.97308
-0.89393 1.97312
-0.89371 1.97317
-0.89348 1.97321
-0.89326 1.97325
-0.89303 1.97330
-0.89281 1.97334
-0.89258 1.97338
-0.89235 1.97343
-0.89213 1.97347
-0.89190 1.97351
-0.89168 1.97356
-0.89145 1.97360
-0.89122 1.97364
-0.89100 1.97369
-0.89077 1.97373
-0.89054 1.97377
-0.89032 1.97382
-0.89009 1.97386
-0.88987 1.97392
-0.88965 1.97398
-0.88943 1.97403
-0.88921 1.97409
-0.88899 1.97415
-0.88877 1.97421
-0.88855 1.97427
-0.88833 1.97433
-0.88811 1.97439
-0.88789 1.97445
-0.88767 1.97450
-0.88745 1.97456
-0.88723 1.97462
-0.88701 1.97468
-0.88678 1.97474
-0.88656 1.97479
-0.88634 1.97485
-0.88612 1.97491
-0.88590 1.97497
-0.88568 1.97502
-0.88546 1.97508
-0.88524 1.97514
-0.88502 1.97520
-0.88480 1.97525
-0.88457 1.97531
-0.88435 1.97537
-0.88413 1.97543
-0.88391 1.97548
-0.88369 1.97554
-0.88347 1.97560
-0.88325 1.97565
-0.88302 1.97571
-0.88280 1.97577
-0.88258 1.97582
-0.88236 1.97588
-0.88214 1.97594
-0.88192 1.97599
-0.88169 1.97605
-0.88147 1.97610
-0.88125 1.97616
-0.88103 1.97622
-0.88081 1.97627
-0.88058 1.97633
-0.88036 1.97638
-0.88014 1.97644
-0.87992 1.97649
-0.87969 1.97655
-0.87947 1.97661
-0.87925 1.97666
-0.87903 1.97672
-0.87880 1.97677
-0.87858 1.97683
-0.87836 1.97688
-0.87814 1.97694
-0.87791 1.97699
-0.87769 1.97705
-0.87747 1.97710
-0.87724 1.97715
-0.87702 1.97721
-0.87680 1.97726
-0.87658 1.97732
-0.87635 1.97737
-0.87613 1.97743
-0.87591 1.97748
-0.87568 1.97753
-0.87546 1.97759
-0.87524 1.97764
-0.87501 1.97770
-0.87479 1.97775
-0.87457 1.97780
-0.87434 1.97786
-0.87412 1.97791
-0.87390 1.97796
-0.87367 1.97802
-0.87345 1.97807
-0.87323 1.97813
-0.87301 1.97820
-0.87279 1.97826
-0.87257 1.97832
-0.87235 1.97838
-0.87212 1.97844
-0.87190 1.97850
-0.87168 1.97856
-0.87146 1.97862
-0.87124 1.97868
-0.87102 1.97874
-0.87080 1.97881
-0.87058 1.97887
-0.87036 1.97893
-0.87013 1.97899
-0.86991 1.97905
-0.86969 1.97911
-0.86947 1.97917
-0.86925 1.97923
-0.86903 1.97929
-0.86880 1.97935
-0.86858 1.97941
-0.86836 1.97947
-0.86814 1.97953
-0.86792 1.97959
-0.86770 1.97965
-0.86747 1.97971
-0.86725 1.97976
-0.86703 1.97982
-0.86681 1.97988
-0.86658 1.97994
-0.86636 1.98000
-0.86614 1.98006
-0.86592 1.98012
-0.86570 1.98018
-0.86547 1.98024
-0.86525 1.98029
-0.86503 1.98035
-0.86481 1.98041
-0.86458 1.98047
-0.86436 1.98053
-0.86414 1.98059
-0.86391 1.98064
-0.86369 1.98070
-0.86347 1.98076
-0.86325 1.98082
-0.86302 1.98088
-0.86280 1.98093
-0.86258 1.98099
-0.86235 1.98105
-0.86213 1.98111
-0.86191 1.98116
-0.86168 1.98122
-0.86146 1.98128
-0.86124 1.98134
-0.86101 1.98139
-0.86079 1.98145
-0.86057 1.98151
-0.86034 1.98156
-0.86012 1.98162
-0.85990 1.98168
-0.85967 1.98173
-0.85945 1.98179
-0.85922 1.98185
-0.85900 1.98190
-0.85878 1.98196
-0.85855 1.98202
-0.85833 1.98207
-0.85810 1.98213
-0.85788 1.98218
-0.85766 1.98224
-0.85743 1.98230
-0.85721 1.98235
-0.85698 1.98241
-0.85676 1.98246
-0.85653 1.98252
-0.85631 1.98257
-0.85609 1.98263
-0.85586 1.98268
-0.85564 1.98274
-0.85541 1.98279
-0.85519 1.98285
-0.85496 1.98290
-0.85474 1.98296
-0.85451 1.98302
-0.85429 1.98308
-0.85407 1.98313
-0.85384 1.98319
-0.85362 1.98325
-0.85339 1.98330
-0.85317 1.98336
-0.85295 1.98342
-0.85272 1.98347
-0.85250 1.98353
-0.85227 1.98359
-0.85205 1.98364
-0.85182 1.98370
-0.85160 1.98376
-0.85137 1.98381
-0.85115 1.98387
-0.85092 1.98393
-0.85070 1.98398
-0.85048 1.98404
-0.85025 1.98409
-0.85003 1.98415
-0.84980 1.98421
-0.84958 1.98426
-0.84935 1.98432
-0.84913 1.98437
-0.84890 1.98443
-0.84867 1.98448
-0.84845 1.98454
-0.84822 1.98459
-0.84800 1.98465
-0.84777 1.98471
-0.84755 1.98476
-0.84732 1.98481
-0.84710 1.98487
-0.84687 1.98492
-0.84665 1.98498
-0.84642 1.98503
-0.84619 1.98509
-0.84597 1.98514
-0.84574 1.98520
-0.84552 1.98525
-0.84529 1.98531
-0.84506 1.98536
-0.84484 1.98541
-0.84461 1.98547
-0.84439 1.98552
-0.84416 1.98557
-0.84393 1.98563
-0.84371 1.98568
-0.84348 1.98574
-0.84326 1.98579
-0.84303 1.98584
-0.84280 1.98590
-0.84258 1.98595
-0.84235 1.98600
-0.84212 1.98606
-0.84190 1.98611
-0.84167 1.98616
-0.84144 1.98621
-0.84122 1.98627
-0.84099 1.98632
-0.84076 1.98637
-0.84054 1.98642
-0.84031 1.98648
-0.84008 1.98653
-0.83985 1.98658
-0.83963 1.98663
-0.83940 1.98669
-0.83917 1.98674
-0.83894 1.98679
-0.83872 1.98684
-0.83849 1.98689
-0.83826 1.98694
-0.83804 1.98700
-0.83781 1.98705
-0.83758 1.98710
-0.83735 1.98715
-0.83712 1.98720
-0.83690 1.98725
-0.83667 1.98730
-0.83644 1.98736
-0.83622 1.98742
-0.83600 1.98748
-0.83577 1.98755
-0.83555 1.98761
-0.83532 1.98767
-0.83510 1.98773
-0.83487 1.98779
-0.83465 1.98785
-0.83442 1.98791
-0.83420 1.98797
-0.83397 1.98803
-0.83375 1.98810
-0.83352 1.98816
-0.83330 1.98822
-0.83307 1.98828
-0.83285 1.98834
-0.83262 1.98840
-0.83240 1.98846
-0.83217 1.98852
-0.83195 1.98858
-0.83172 1.98864
-0.83150 1.98870
-0.83127 1.98876
-0.83105 1.98882
-0.83082 1.98888
-0.83060 1.98894
-0.83037 1.98900
-0.83014 1.98906
-0.82992 1.98911
-0.82969 1.98917
-0.82947 1.98923
-0.82924 1.98929
-0.82902 1.98935
-0.82879 1.98941
-0.82856 1.98947
-0.82834 1.98953
-0.82811 1.98959
-0.82788 1.98964
-0.82766 1.98970
-0.82743 1.98976
-0.82721 1.98982
-0.82698 1.98988
-0.82675 1.98994
-0.82653 1.98999
-0.82630 1.99005
-0.82607 1.99011
-0.82585 1.99017
-0.82562 1.99023
-0.82539 1.99028
-0.82517 1.99034
-0.82494 1.99040
-0.82471 1.99046
-0.82449 1.99051
-0.82426 1.99057
-0.82403 1.99063
-0.82380 1.99068
-0.82358 1.99074
-0.82335 1.99080
-0.82312 1.99085
-0.82290 1.99091
-0.82267 1.99097
-0.82244 1.99102
-0.82221 1.99108
-0.82199 1.99114
-0.82176 1.99119
-0.82153 1.99125
-0.82130 1.99131
-0.82108 1.99136
-0.82085 1.99142
-0.82062 1.99147
-0.82039 1.99153
-0.82016 1.99159
-0.81994 1.99164
-0.81971 1.99170
-0.81948 1.99175
-0.81925 1.99181
-0.81902 1.99186
-0.81880 1.99192
-0.81857 1.99197
-0.81834 1.99203
-0.81811 1.99208
-0.81788 1.99214
-0.81765 1.99219
-0.81743 1.99225
-0.81720 1.99230
-0.81697 1.99236
-0.81675 1.99243
-0.81652 1.99250
-0.81630 1.99257
-0.81607 1.99264
-0.81585 1.99271
-0.81563 1.99278
-0.81540 1.99285
-0.81518 1.99292
-0.81495 1.99299
-0.81473 1.99306
-0.81451 1.99313
-0.81428 1.99320
-0.81406 1.99327
-0.81383 1.99334
-0.81361 1.99340
-0.81338 1.99347
-0.81316 1.99354
-0.81293 1.99361
-0.81271 1.99368
-0.81248 1.99375
-0.81226 1.99382
-0.81203 1.99388
-0.81181 1.99395
-0.81158 1.99402
-0.81136 1.99409
-0.81113 1.99416
-0.81091 1.99422
-0.81068 1.99429
-0.81046 1.99436
-0.81023 1.99443
-0.81001 1.99450
-0.80978 1.99456
-0.80956 1.99463
-0.80933 1.99470
-0.80911 1.99476
-0.80888 1.99483
-0.80865 1.99490
-0.80843 1.99497
-0.80820 1.99503
-0.80798 1.99510
-0.80775 1.99517
-0.80753 1.99523
-0.80730 1.99530
-0.80707 1.99537
-0.80685 1.99543
-0.80662 1.99550
-0.80639 1.99556
-0.80617 1.99563
-0.80594 1.99570
-0.80572 1.99576
-0.80549 1.99583
-0.80526 1.99589
-0.80504 1.99596
-0.80481 1.99603
-0.80458 1.99609
-0.80436 1.99616
-0.80413 1.99622
-0.80390 1.99629
-0.80367 1.99635
-0.80345 1.99642
-0.80322 1.99648
-0.80299 1.99655
-0.80277 1.99661
-0.80254 1.99668
-0.80231 1.99674
-0.80208 1.99681
-0.80186 1.99687
-0.80163 1.99693
-0.80140 1.99700
-0.80117 1.99706
-0.80095 1.99713
-0.80072 1.99719
-0.80049 1.99726
-0.80026 1.99732
-0.80004 1.99738
-0.79981 1.99745
-0.79958 1.99751
-0.79935 1.99757
-0.79912 1.99764
-0.79890 1.99770
-0.79867 1.99776
-0.79843 1.99781
-0.79820 1.99785
-0.79796 1.99789
-0.79773 1.99793
-0.79749 1.99797
-0.79726 1.99801
-0.79702 1.99805
-0.79679 1.99809
-0.79655 1.99813
-0.79632 1.99817
-0.79608 1.99822
-0.79585 1.99826
-0.79561 1.99830
-0.79538 1.99834
-0.79514 1.99838
-0.79491 1.99842
-0.79467 1.99846
-0.79444 1.99850
-0.79420 1.99854
-0.79396 1.99858
-0.79373 1.99862
-0.79349 1.99866
-0.79326 1.99870
-0.79302 1.99874
-0.79279 1.99877
-0.79255 1.99881
-0.79231 1.99885
-0.79208 1.99889
-0.79184 1.99893
-0.79161 1.99897
-0.79137 1.99901
-0.79113 1.99905
-0.79090 1.99909
-0.79066 1.99913
-0.79042 1.99916
-0.79019 1.99920
-0.78995 1.99924
-0.78972 1.99928
-0.78948 1.99932
-0.78924 1.99936
-0.78901 1.99939
-0.78877 1.99943
-0.78853 1.99947
-0.78830 1.99951
-0.78806 1.99955
-0.78782 1.99958
-0.78759 1.99962
-0.78735 1.99966
-0.78711 1.99970
-0.78687 1.99973
-0.78664 1.99977
-0.78640 1.99981
-0.78616 1.99985
-0.78593 1.99988
-0.78569 1.99992
-0.78545 1.99996
-0.78521 1.99999
-0.78498 2.00003
-0.78474 2.00007
-0.78450 2.00010
-0.78427 2.00014
-0.78403 2.00018
-0.78379 2.00021
-0.78355 2.00025
-0.78332 2.00028
-0.78308 2.00032
-0.78284 2.00036
-0.78260 2.00039
-0.78236 2.00043
-0.78213 2.00046
-0.78189 2.00050
-0.78165 2.00053
-0.78141 2.00057
-0.78118 2.00061
-0.78094 2.00064
-0.78070 2.00068
-0.78046 2.00071
-0.78022 2.00075
-0.77998 2.00078
-0.77975 2.00082
-0.77951 2.00085
-0.77927 2.00089
-0.77903 2.00092
-0.77879 2.00096
-0.77856 2.00100
-0.77832 2.00104
-0.77809 2.00109
-0.77785 2.00113
-0.77761 2.00117
-0.77738 2.00121
-0.77714 2.00125
-0.77690 2.00129
-0.77667 2.00133
-0.77643 2.00138
-0.77619 2.00142
-0.77596 2.00146
-0.77572 2.00150
-0.77548 2.00154
-0.77525 2.00158
-0.77501 2.00162
-0.77477 2.00166
-0.77453 2.00170
-0.77430 2.00174
-0.77406 2.00178
-0.77382 2.00183
-0.77359 2.00187
-0.77335 2.00191
-0.77311 2.00195
-0.77287 2.00199
-0.77264 2.00203
-0.77240 2.00207
-0.77216 2.00211
-0.77192 2.00215
-0.77169 2.00218
-0.77145 2.00222
-0.77121 2.00226
-0.77097 2.00230
-0.77074 2.00234
-0.77050 2.00238
-0.77026 2.00242
-0.77002 2.00246
-0.76978 2.00250
-0.76955 2.00254
-0.76931 2.00258
-0.76907 2.00262
-0.76883 2.00265
-0.76859 2.00269
-0.76836 2.00273
-0.76812 2.00277
-0.76788 2.00281
-0.76764 2.00285
-0.76740 2.00288
-0.76716 2.00292
-0.76693 2.00296
-0.76669 2.00300
-0.76645 2.00304
-0.76621 2.00307
-0.76597 2.00311
-0.76573 2.00315
-0.76549 2.00319
-0.76526 2.00322
-0.76502 2.00326
-0.76478 2.00330
-0.76454 2.00334
-0.76430 2.00337
-0.76406 2.00341
-0.76382 2.00345
-0.76358 2.00348
-0.76334 2.00352
-0.76310 2.00356
-0.76287 2.00359
-0.76263 2.00363
-0.76239 2.00367
-0.76215 2.00370
-0.76191 2.00374
-0.76167 2.00377
-0.76143 2.00381
-0.76119 2.00385
-0.76095 2.00388
-0.76071 2.00392
-0.76047 2.00394
-0.76023 2.00397
-0.75998 2.00400
-0.75974 2.00402
-0.75950 2.00405
-0.75926 2.00408
-0.75902 2.00410
-0.75877 2.00413
-0.75853 2.00416
-0.75829 2.00418
-0.75805 2.00421
-0.75780 2.00423
-0.75756 2.00426
-0.75732 2.00429
-0.75708 2.00431
-0.75683 2.00434
-0.75659 2.00436
-0.75635 2.00439
-0.75611 2.00441
-0.75586 2.00444
-0.75562 2.00446
-0.75538 2.00449
-0.75513 2.00451
-0.75489 2.00454
-0.75465 2.00456
-0.75441 2.00459
-0.75416 2.00461
-0.75392 2.00464
-0.75368 2.00466
-0.75343 2.00469
-0.75319 2.00471
-0.75295 2.00474
-0.75270 2.00476
-0.75246 2.00479
-0.75222 2.00481
-0.75197 2.00483
-0.75173 2.00486
-0.75149 2.00488
-0.75124 2.00491
-0.75100 2.00493
-0.75076 2.00495
-0.75051 2.00498
-0.75027 2.00500
-0.75003 2.00502
-0.74978 2.00505
-0.74954 2.00507
-0.74929 2.00509
-0.74905 2.00512
-0.74881 2.00514
-0.74856 2.00516
-0.74832 2.00518
-0.74807 2.00521
-0.74783 2.00523
-0.74759 2.00525
-0.74734 2.00527
-0.74710 2.00530
-0.74685 2.00532
-0.74661 2.00534
-0.74637 2.00536
-0.74612 2.00539
-0.74588 2.00541
-0.74563 2.00543
-0.74539 2.00545
-0.74514 2.00547
-0.74490 2.00549
-0.74466 2.00552
-0.74441 2.00554
-0.74417 2.00556
-0.74392 2.00558
-0.74368 2.00560
-0.74343 2.00562
-0.74319 2.00564
-0.74294 2.00566
-0.74270 2.00569
-0.74245 2.00571
-0.74221 2.00573
-0.74196 2.00575
-0.74172 2.00577
-0.74147 2.00579
-0.74123 2.00581
-0.74098 2.00583
-0.74074 2.00585
-0.74049 2.00586
-0.74024 2.00586
-0.73999 2.00587
-0.73974 2.00587
-0.73950 2.00588
-0.73925 2.00589
-0.73900 2.00589
-0.73875 2.00590
-0.73850 2.00590
-0.73825 2.00590
-0.73800 2.00591
-0.73775 2.00591
-0.73750 2.00592
-0.73725 2.00592
-0.73700 2.00593
-0.73676 2.00593
-0.73651 2.00594
-0.73626 2.00594
-0.73601 2.00594
-0.73576 2.00595
-0.73551 2.00595
-0.73526 2.00596
-0.73501 2.00596
-0.73476 2.00596
-0.73451 2.00597
-0.73426 2.00597
-0.73401 2.00597
-0.73376 2.00598
-0.73351 2.00598
-0.73326 2.00598
-0.73301 2.00599
-0.73276 2.00599
-0.73251 2.00599
-0.73226 2.00600
-0.73201 2.00600
-0.73176 2.00600
-0.73151 2.00600
-0.73126 2.00601
-0.73101 2.00601
-0.73076 2.00601
-0.73051 2.00601
-0.73026 2.00602
-0.73001 2.00602
-0.72976 2.00602
-0.72951 2.00602
-0.72926 2.00602
-0.72901 2.00603
-0.72876 2.00603
-0.72851 2.00603
-0.72826 2.00603
-0.72801 2.00603
-0.72776 2.00603
-0.72751 2.00603
-0.72726 2.00604
-0.72701 2.00604
-0.72676 2.00604
-0.72651 2.00604
-0.72626 2.00604
-0.72601 2.00604
-0.72576 2.00604
-0.72551 2.00604
-0.72526 2.00604
-0.72501 2.00604
-0.72476 2.00604
-0.72451 2.00604
-0.72425 2.00604
-0.72400 2.00604
-0.72375 2.00604
-0.72350 2.00604
-0.72325 2.00604
-0.72300 2.00604
-0.72275 2.00604
-0.72250 2.00604
-0.72225 2.00604
-0.72200 2.00604
-0.72175 2.00605
-0.72150 2.00605
-0.72125 2.00605
-0.72100 2.00606
-0.72075 2.00606
-0.72050 2.00606
-0.72025 2.00607
-0.72000 2.00607
-0.71975 2.00607
-0.71950 2.00608
-0.71925 2.00608
-0.71900 2.00608
-0.71875 2.00609
-0.71849 2.00609
-0.71824 2.00609
-0.71799 2.00609
-0.71774 2.00610
-0.71749 2.00610
-0.71724 2.00610
-0.71699 2.00610
-0.71674 2.00610
-0.71649 2.00611
-0.71624 2.00611
-0.71599 2.00611
-0.71574 2.00611
-0.71549 2.00611
-0.71524 2.00611
-0.71499 2.00612
-0.71474 2.00612
-0.71449 2.00612
-0.71423 2.00612
-0.71398 2.00612
-0.71373 2.00612
-0.71348 2.00612
-0.71323 2.00612
-0.71298 2.00612
-0.71273 2.00613
-0.71248 2.00613
-0.71223 2.00613
-0.71198 2.00613
-0.71172 2.00613
-0.71147 2.00613
-0.71122 2.00613
-0.71097 2.00613
-0.71072 2.00613
-0.71047 2.00613
-0.71022 2.00613
-0.70997 2.00613
-0.70971 2.00613
-0.70946 2.00613
-0.70921 2.00613
-0.70896 2.00613
-0.70871 2.00613
-0.70846 2.00613
-0.70820 2.00612
-0.70795 2.00612
-0.70770 2.00612
-0.70745 2.00612
-0.70720 2.00612
-0.70695 2.00612
-0.70670 2.00612
-0.70644 2.00612
-0.70619 2.00612
-0.70594 2.00611
-0.70569 2.00611
-0.70544 2.00611
-0.70518 2.00611
-0.70493 2.00611
-0.70468 2.00611
-0.70443 2.00610
-0.70418 2.00610
-0.70392 2.00610
-0.70367 2.00610
-0.70342 2.00609
-0.70317 2.00609
-0.70292 2.00609
-0.70266 2.00609
-0.70241 2.00608
-0.70216 2.00608
-0.70191 2.00608
-0.70165 2.00608
-0.70140 2.00607
-0.70115 2.00607
-0.70090 2.00607
-0.70064 2.00605
-0.70039 2.00604
-0.70013 2.00602
-0.69988 2.00601
-0.69962 2.00600
-0.69937 2.00598
-0.69911 2.00597
-0.69886 2.00595
-0.69860 2.00594
-0.69835 2.00592
-0.69809 2.00591
-0.69784 2.00589
-0.69758 2.00588
-0.69733 2.00586
-0.69707 2.00585
-0.69682 2.00583
-0.69656 2.00582
-0.69631 2.00580
-0.69605 2.00579
-0.69580 2.00577
-0.69554 2.00576
-0.69529 2.00574
-0.69503 2.00573
-0.69478 2.00571
-0.69452 2.00569
-0.69427 2.00568
-0.69401 2.00566
-0.69376 2.00565
-0.69350 2.00563
-0.69324 2.00561
-0.69299 2.00560
-0.69273 2.00558
-0.69248 2.00556
-0.69222 2.00555
-0.69197 2.00553
-0.69171 2.00551
-0.69146 2.00550
-0.69120 2.00548
-0.69095 2.00546
-0.69069 2.00545
-0.69043 2.00543
-0.69018 2.00541
-0.68992 2.00539
-0.68967 2.00538
-0.68941 2.00536
-0.68916 2.00534
-0.68890 2.00532
-0.68864 2.00531
-0.68839 2.00529
-0.68813 2.00527
-0.68788 2.00525
-0.68762 2.00523
-0.68736 2.00522
-0.68711 2.00520
-0.68685 2.00518
-0.68660 2.00516
-0.68634 2.00514
-0.68608 2.00512
-0.68583 2.00511
-0.68557 2.00509
-0.68532 2.00507
-0.68506 2.00505
-0.68480 2.00503
-0.68455 2.00501
-0.68429 2.00499
-0.68404 2.00497
-0.68378 2.00495
-0.68352 2.00493
-0.68327 2.00492
-0.68301 2.00490
-0.68275 2.00488
-0.68250 2.00486
-0.68224 2.00484
-0.68198 2.00482
-0.68173 2.00480
-0.68147 2.00479
-0.68122 2.00478
-0.68097 2.00477
-0.68071 2.00475
-0.68046 2.00474
-0.68020 2.00473
-0.67995 2.00472
-0.67969 2.00471
-0.67944 2.00470
-0.67918 2.00469
-0.67893 2.00467
-0.67867 2.00466
-0.67842 2.00465
-0.67816 2.00464
-0.67791 2.00463
-0.67765 2.00462
-0.67740 2.00460
-0.67714 2.00459
-0.67689 2.00458
-0.67663 2.00457
-0.67638 2.00455
-0.67612 2.00454
-0.67587 2.00453
-0.67561 2.00452
-0.67536 2.00450
-0.67510 2.00449
-0.67485 2.00448
-0.67459 2.00446
-0.67434 2.00445
-0.67408 2.00444
-0.67383 2.00442
-0.67357 2.00441
-0.67332 2.00440
-0.67306 2.00438
-0.67281 2.00437
-0.67255 2.00436
-0.67230 2.00434
-0.67204 2.00433
-0.67179 2.00432
-0.67153 2.00430
-0.67128 2.00429
-0.67102 2.00427
-0.67076 2.00426
-0.67051 2.00424
-0.67025 2.00423
-0.67000 2.00422
-0.66974 2.00420
-0.66949 2.00419
-0.66923 2.00417
-0.66898 2.00416
-0.66872 2.00414
-0.66846 2.00413
-0.66821 2.00411
-0.66795 2.00410
-0.66770 2.00408
-0.66744 2.00407
-0.66718 2.00405
-0.66693 2.00403
-0.66667 2.00402
-0.66642 2.00400
-0.66616 2.00399
-0.66591 2.00397
-0.66565 2.00396
-0.66539 2.00394
-0.66514 2.00392
-0.66488 2.00391
-0.66463 2.00389
-0.66437 2.00387
-0.66411 2.00386
-0.66386 2.00384
-0.66360 2.00383
-0.66335 2.00381
-0.66309 2.00379
-0.66283 2.00378
-0.66258 2.00376
-0.66232 2.00374
-0.66206 2.00372
-0.66181 2.00371
-0.66155 2.00369
-0.66130 2.00367
-0.66104 2.00365
-0.66078 2.00364
-0.66053 2.00362
-0.66027 2.00360
-0.66001 2.00359
-0.65976 2.00357
-0.65950 2.00355
-0.65925 2.00354
-0.65899 2.00352
-0.65873 2.00350
-0.65848 2.00349
-0.65822 2.00347
-0.65796 2.00345
-0.65771 2.00344
-0.65745 2.00342
-0.65719 2.00340
-0.65694 2.00339
-0.65668 2.00337
-0.65643 2.00335
-0.65617 2.00333
-0.65591 2.00332
-0.65566 2.00330
-0.65540 2.00328
-0.65514 2.00326
-0.65489 2.00324
-0.65463 2.00323
-0.65437 2.00321
-0.65412 2.00319
-0.65386 2.00317
-0.65360 2.00315
-0.65335 2.00314
-0.65309 2.00312
-0.65283 2.00310
-0.65258 2.00308
-0.65232 2.00306
-0.65206 2.00304
-0.65181 2.00302
-0.65155 2.00300
-0.65129 2.00299
-0.65103 2.00297
-0.65078 2.00295
-0.65052 2.00293
-0.65026 2.00291
-0.65001 2.00289
-0.64975 2.00287
-0.64949 2.00285
-0.64924 2.00283
-0.64898 2.00281
-0.64872 2.00279
-0.64846 2.00277
-0.64821 2.00275
-0.64795 2.00273
-0.64769 2.00271
-0.64744 2.00269
-0.64718 2.00267
-0.64692 2.00265
-0.64666 2.00263
-0.64641 2.00261
-0.64615 2.00259
-0.64589 2.00257
-0.64563 2.00254
-0.64538 2.00252
-0.64512 2.00250
-0.64486 2.00248
-0.64460 2.00246
-0.64435 2.00244
-0.64409 2.00242
-0.64383 2.00240
-0.64357 2.00237
-0.64332 2.00235
-0.64306 2.00233
-0.64280 2.00231
-0.64254 2.00229
-0.64229 2.00227
-0.64203 2.00224
-0.64177 2.00222
-0.64151 2.00220
-0.64126 2.00218
-0.64100 2.00215
-0.64074 2.00213
-0.64048 2.00211
-0.64023 2.00209
-0.63997 2.00207
-0.63971 2.00206
-0.63946 2.00204
-0.63920 2.00202
-0.63894 2.00200
-0.63868 2.00199
-0.63843 2.00197
-0.63817 2.00195
-0.63791 2.00193
-0.63766 2.00192
-0.63740 2.00190
-0.63714 2.00188
-0.63688 2.00186
-0.63663 2.00184
-0.63637 2.00182
-0.63611 2.00180
-0.63586 2.00179
-0.63560 2.00177
-0.63534 2.00175
-0.63508 2.00173
-0.63483 2.00171
-0.63457 2.00169
-0.63431 2.00167
-0.63405 2.00165
-0.63380 2.00163
-0.63354 2.00161
-0.63328 2.00160
-0.63303 2.00158
-0.63277 2.00156
-0.63251 2.00154
-0.63225 2.00152
-0.63200 2.00150
-0.63174 2.00148
-0.63148 2.00146
-0.63122 2.00144
-0.63096 2.00142
-0.63071 2.00140
-0.63045 2.00138
-0.63019 2.00135
-0.62993 2.00133
-0.62968 2.00131
-0.62942 2.00129
-0.62916 2.00127
-0.62890 2.00125
-0.62865 2.00123
-0.62839 2.00121
-0.62813 2.00119
-0.62787 2.00117
-0.62761 2.00115
-0.62736 2.00112
-0.62710 2.00110
-0.62684 2.00108
-0.62658 2.00106
-0.62632 2.00104
-0.62607 2.00102
-0.62581 2.00099
-0.62555 2.00097
-0.62529 2.00095
-0.62503 2.00093
-0.62478 2.00091
-0.62452 2.00088
-0.62426 2.00086
-0.62400 2.00084
-0.62374 2.00082
-0.62348 2.00079
-0.62323 2.00077
-0.62297 2.00075
-0.62271 2.00072
-0.62245 2.00070
-0.62219 2.00068
-0.62193 2.00066
-0.62168 2.00063
-0.62142 2.00061
-0.62116 2.00059
-0.62090 2.00056
-0.62064 2.00054
-0.62038 2.00051
-0.62013 2.00049
-0.61987 2.00047
-0.61961 2.00044
-0.61935 2.00042
-0.61909 2.00040
-0.61883 2.00037
-0.61857 2.00035
-0.61831 2.00032
-0.61805 2.00028
-0.61779 2.00025
-0.61753 2.00021
-0.61727 2.00018
-0.61701 2.00015
-0.61675 2.00011
-0.61649 2.00008
-0.61623 2.00004
-0.61597 2.00001
-0.61571 1.99997
-0.61545 1.99994
-0.61519 1.99990
-0.61493 1.99987
-0.61467 1.99983
-0.61441 1.99980
-0.61415 1.99976
-0.61389 1.99973
-0.61363 1.99969
-0.61337 1.99965
-0.61311 1.99962
-0.61285 1.99958
-0.61259 1.99955
-0.61233 1.99951
-0.61207 1.99948
-0.61181 1.99944
-0.61154 1.99940
-0.61128 1.99937
-0.61102 1.99933
-0.61076 1.99929
-0.61050 1.99926
-0.61024 1.99922
-0.60998 1.99919
-0.60972 1.99915
-0.60946 1.99911
-0.60920 1.99907
-0.60894 1.99904
-0.60868 1.99900
-0.60842 1.99896
-0.60816 1.99893
-0.60789 1.99889
-0.60763 1.99885
-0.60737 1.99881
-0.60711 1.99878
-0.60685 1.99874
-0.60659 1.99870
-0.60633 1.99866
-0.60607 1.99863
-0.60581 1.99859
-0.60555 1.99855
-0.60529 1.99851
-0.60502 1.99847
-0.60476 1.99844
-0.60450 1.99840
-0.60424 1.99836
-0.60398 1.99832
-0.60372 1.99828
-0.60346 1.99824
-0.60320 1.99820
-0.60294 1.99817
-0.60268 1.99813
-0.60241 1.99809
-0.60215 1.99805
-0.60189 1.99801
-0.60163 1.99797
-0.60137 1.99793
-0.60111 1.99789
-0.60085 1.99785
-0.60059 1.99781
-0.60033 1.99777
-0.60006 1.99773
-0.59980 1.99769
-0.59954 1.99765
-0.59928 1.99761
-0.59902 1.99757
-0.59876 1.99753
-0.59850 1.99749
-0.59823 1.99745
-0.59797 1.99741
-0.59771 1.99738
-0.59745 1.99735
-0.59719 1.99732
-0.59693 1.99730
-0.59667 1.99727
-0.59642 1.99724
-0.59616 1.99721
-0.59590 1.99718
-0.59564 1.99715
-0.59538 1.99712
-0.59512 1.99709
-0.59486 1.99706
-0.59460 1.99703
-0.59434 1.99700
-0.59408 1.99697
-0.59382 1.99694
-0.59356 1.99691
-0.59330 1.99688
-0.59304 1.99685
-0.59278 1.99682
-0.59252 1.99678
-0.59226 1.99675
-0.59200 1.99672
-0.59174 1.99669
-0.59148 1.99666
-0.59122 1.99663
-0.59096 1.99660
-0.59070 1.99657
-0.59044 1.99654
-0.59018 1.99650
-0.58992 1.99647
-0.58965 1.99644
-0.58939 1.99641
-0.58913 1.99638
-0.58887 1.99635
-0.58861 1.99631
-0.58835 1.99628
-0.58809 1.99625
-0.58783 1.99622
-0.58757 1.99619
-0.58731 1.99615
-0.58705 1.99612
-0.58679 1.99609
-0.58653 1.99606
-0.58627 1.99602
-0.58601 1.99599
-0.58575 1.99596
-0.58549 1.99592
-0.58523 1.99589
-0.58497 1.99586
-0.58471 1.99582
-0.58445 1.99579
-0.58419 1.99576
-0.58393 1.99572
-0.58366 1.99569
-0.58340 1.99566
-0.58314 1.99562
-0.58288 1.99559
-0.58262 1.99556
-0.58236 1.99552
-0.58210 1.99549
-0.58184 1.99545
-0.58158 1.99542
-0.58132 1.99539
-0.58106 1.99535
-0.58080 1.99532
-0.58054 1.99528
-0.58028 1.99525
-0.58001 1.99521
-0.57975 1.99518
-0.57949 1.99514
-0.57923 1.99511
-0.57897 1.99507
-0.57871 1.99504
-0.57845 1.99500
-0.57819 1.99497
-0.57793 1.99493
-0.57767 1.99490
-0.57741 1.99486
-0.57714 1.99483
-0.57688 1.99479
-0.57662 1.99476
-0.57636 1.99472
-0.57610 1.99468
-0.57584 1.99465
-0.57558 1.99462
-0.57532 1.99460
-0.57506 1.99458
-0.57480 1.99456
-0.57454 1.99454
-0.57428 1.99452
-0.57403 1.99450
-0.57377 1.99448
-0.57351 1.99446
-0.57325 1.99444
-0.57299 1.99442
-0.57273 1.99440
-0.57247 1.99438
-0.57221 1.99436
-0.57195 1.99434
-0.57169 1.99432
-0.57143 1.99430
-0.57117 1.99428
-0.57091 1.99426
-0.57066 1.99424
-0.57040 1.99422
-0.57014 1.99420
-0.56988 1.99417
-0.56962 1.99415
-0.56936 1.99413
-0.56910 1.99411
-0.56884 1.99409
-0.56858 1.99407
-0.56832 1.99404
-0.56806 1.99402
-0.56780 1.99400
-0.56754 1.99398
-0.56728 1.99396
-0.56702 1.99393
-0.56676 1.99391
-0.56650 1.99389
-0.56624 1.99387
-0.56598 1.99385
-0.56572 1.99382
-0.56546 1.99380
-0.56520 1.99378
-0.56494 1.99375
-0.56468 1.99373
-0.56442 1.99371
-0.56416 1.99369
-0.56390 1.99366
-0.56364 1.99364
-0.56339 1.99362
-0.56313 1.99359
-0.56287 1.99357
-0.56261 1.99354
-0.56235 1.99352
-0.56209 1.99350
-0.56182 1.99347
-0.56156 1.99345
-0.56130 1.99343
-0.56104 1.99340
-0.56078 1.99338
-0.56052 1.99335
-0.56026 1.99333
-0.56000 1.99330
-0.55974 1.99328
-0.55948 1.99325
-0.55922 1.99323
-0.55896 1.99320
-0.55870 1.99318
-0.55844 1.99316
-0.55818 1.99313
-0.55792 1.99310
-0.55766 1.99308
-0.55740 1.99305
-0.55714 1.99303
-0.55688 1.99300
-0.55662 1.99298
-0.55636 1.99295
-0.55610 1.99293
-0.55584 1.99290
-0.55558 1.99287
-0.55532 1.99284
-0.55505 1.99280
-0.55479 1.99276
-0.55453 1.99271
-0.55427 1.99267
-0.55400 1.99263
-0.55374 1.99259
-0.55348 1.99255
-0.55322 1.99251
-0.55295 1.99247
-0.55269 1.99243
-0.55243 1.99239
-0.55217 1.99234
-0.55190 1.99230
-0.55164 1.99226
-0.55138 1.99222
-0.55112 1.99218
-0.55086 1.99214
-0.55059 1.99209
-0.55033 1.99205
-0.55007 1.99201
-0.54981 1.99197
-0.54954 1.99193
-0.54928 1.99188
-0.54902 1.99184
-0.54875 1.99180
-0.54849 1.99176
-0.54823 1.99171
-0.54797 1.99167
-0.54770 1.99163
-0.54744 1.99158
-0.54718 1.99154
-0.54692 1.99150
-0.54665 1.99145
-0.54639 1.99141
-0.54613 1.99137
-0.54587 1.99132
-0.54560 1.99128
-0.54534 1.99124
-0.54508 1.99119
-0.54481 1.99115
-0.54455 1.99111
-0.54429 1.99106
-0.54403 1.99102
-0.54376 1.99097
-0.54350 1.99093
-0.54324 1.99089
-0.54297 1.99084
-0.54271 1.99080
-0.54245 1.99075
-0.54219 1.99071
-0.54192 1.99066
-0.54166 1.99062
-0.54140 1.99057
-0.54113 1.99053
-0.54087 1.99048
-0.54061 1.99044
-0.54035 1.99039
-0.54008 1.99035
-0.53982 1.99030
-0.53956 1.99026
-0.53929 1.99021
-0.53903 1.99017
-0.53877 1.99012
-0.53850 1.99008
-0.53824 1.99003
-0.53798 1.98998
-0.53771 1.98994
-0.53745 1.98989
-0.53719 1.98985
-0.53693 1.98980
-0.53666 1.98975
-0.53640 1.98971
-0.53614 1.98966
-0.53587 1.98961
-0.53561 1.98957
-0.53535 1.98952
-0.53508 1.98947
-0.53482 1.98943
-0.53456 1.98938
-0.53429 1.98933
-0.53403 1.98929
-0.53377 1.98924
-0.53350 1.98919
-0.53324 1.98914
-0.53298 1.98910
-0.53271 1.98905
-0.53245 1.98900
-0.53219 1.98895
-0.53192 1.98891
-0.53166 1.98886
-0.53140 1.98881
-0.53113 1.98876
-0.53087 1.98871
-0.53061 1.98867
-0.53034 1.98862
-0.53008 1.98857
-0.52982 1.98852
-0.52955 1.98847
-0.52929 1.98843
-0.52903 1.98838
-0.52876 1.98833
-0.52850 1.98828
-0.52823 1.98823
-0.52797 1.98818
-0.52771 1.98813
-0.52744 1.98808
-0.52718 1.98803
-0.52692 1.98799
-0.52665 1.98794
-0.52639 1.98789
-0.52613 1.98784
-0.52586 1.98779
-0.52560 1.98774
-0.52534 1.98769
-0.52507 1.98764
-0.52481 1.98759
-0.52454 1.98754
-0.52428 1.98749
-0.52402 1.98744
-0.52375 1.98739
-0.52349 1.98734
-0.52323 1.98729
-0.52296 1.98724
-0.52270 1.98719
-0.52243 1.98714
-0.52217 1.98709
-0.52191 1.98703
-0.52164 1.98698
-0.52138 1.98693
-0.52112 1.98688
-0.52085 1.98683
-0.52059 1.98678
-0.52032 1.98673
-0.52006 1.98668
-0.51980 1.98663
-0.51953 1.98657
-0.51927 1.98652
-0.51900 1.98647
-0.51874 1.98642
-0.51848 1.98637
-0.51821 1.98631
-0.51795 1.98626
-0.51769 1.98621
-0.51742 1.98616
-0.51716 1.98611
-0.51689 1.98605
-0.51663 1.98600
-0.51637 1.98595
-0.51610 1.98590
-0.51584 1.98584
-0.51557 1.98579
-0.51531 1.98574
-0.51505 1.98569
-0.51478 1.98563
-0.51452 1.98558
-0.51425 1.98553
-0.51399 1.98547
-0.51372 1.98542
-0.51346 1.98537
-0.51320 1.98531
-0.51293 1.98525
-0.51267 1.98518
-0.51240 1.98511
-0.51214 1.98505
-0.51187 1.98498
-0.51161 1.98491
-0.51134 1.98485
-0.51107 1.98478
-0.51081 1.98471
-0.51054 1.98465
-0.51028 1.98458
-0.51001 1.98451
-0.50975 1.98445
-0.50948 1.98438
-0.50922 1.98431
-0.50895 1.98425
-0.50869 1.98418
-0.50842 1.98411
-0.50816 1.98404
-0.50789 1.98397
-0.50763 1.98391
-0.50736 1.98384
-0.50710 1.98377
-0.50683 1.98370
-0.50656 1.98364
-0.50630 1.98357
-0.50603 1.98350
-0.50577 1.98343
-0.50550 1.98336
-0.50524 1.98329
-0.50497 1.98323
-0.50471 1.98316
-0.50444 1.98309
-0.50418 1.98302
-0.50391 1.98295
-0.50365 1.98288
-0.50338 1.98281
-0.50311 1.98274
-0.50285 1.98267
-0.50258 1.98261
-0.50232 1.98254
-0.50205 1.98247
-0.50179 1.98240
-0.50152 1.98233
-0.50126 1.98226
-0.50099 1.98219
-0.50073 1.98212
-0.50046 1.98205
-0.50020 1.98198
-0.49993 1.98191
-0.49966 1.98184
-0.49940 1.98177
-0.49913 1.98170
-0.49887 1.98163
-0.49860 1.98156
-0.49834 1.98149
-0.49807 1.98142
-0.49781 1.98135
-0.49754 1.98127
-0.49728 1.98120
-0.49701 1.98113
-0.49674 1.98106
-0.49648 1.98099
-0.49621 1.98092
-0.49595 1.98085
-0.49568 1.98078
-0.49542 1.98071
-0.49515 1.98063
-0.49489 1.98056
-0.49462 1.98049
-0.49435 1.98042
-0.49409 1.98035
-0.49382 1.98028
-0.49356 1.98020
-0.49329 1.98013
-0.49303 1.98006
-0.49276 1.97999
-0.49250 1.97991
-0.49223 1.97984
-0.49197 1.97977
-0.49170 1.97970
-0.49143 1.97963
-0.49117 1.97955
-0.49090 1.97948
-0.49064 1.97941
-0.49037 1.97933
-0.49011 1.97926
-0.48984 1.97918
-0.48957 1.97909
-0.48931 1.97900
-0.48904 1.97891
-0.48877 1.97882
-0.48851 1.97873
-0.48824 1.97864
-0.48797 1.97855
-0.48771 1.97847
-0.48744 1.97838
-0.48717 1.97829
-0.48691 1.97820
-0.48664 1.97811
-0.48637 1.97802
-0.48611 1.97793
-0.48584 1.97784
-0.48557 1.97775
-0.48531 1.97766
-0.48504 1.97757
-0.48477 1.97748
-0.48451 1.97739
-0.48424 1.97730
-0.48397 1.97721
-0.48371 1.97712
-0.48344 1.97703
-0.48317 1.97694
-0.48291 1.97685
-0.48264 1.97675
-0.48237 1.97666
-0.48211 1.97657
-0.48184 1.97648
-0.48157 1.97639
-0.48131 1.97630
-0.48104 1.97621
-0.48077 1.97612
-0.48051 1.97603
-0.48024 1.97594
-0.47997 1.97584
-0.47971 1.97575
-0.47944 1.97566
-0.47917 1.97557
-0.47891 1.97548
-0.47864 1.97539
-0.47837 1.97529
-0.47811 1.97520
-0.47784 1.97511
-0.47757 1.97502
-0.47731 1.97492
-0.47704 1.97483
-0.47678 1.97474
-0.47651 1.97465
-0.47624 1.97456
-0.47598 1.97446
-0.47571 1.97437
-0.47544 1.97428
-0.47518 1.97418
-0.47491 1.97409
-0.47464 1.97400
-0.47438 1.97391
-0.47411 1.97381
-0.47384 1.97372
-0.47358 1.97363
-0.47331 1.97353
-0.47304 1.97344
-0.47278 1.97335
-0.47251 1.97325
-0.47224 1.97316
-0.47198 1.97306
-0.47171 1.97297
-0.47144 1.97288
-0.47118 1.97278
-0.47091 1.97269
-0.47065 1.97259
-0.47038 1.97250
-0.47011 1.97241
-0.46985 1.97231
-0.46958 1.97222
-0.46931 1.97212
-0.46905 1.97203
-0.46878 1.97193
-0.46851 1.97184
-0.46825 1.97174
-0.46798 1.97165
-0.46771 1.97155
-0.46745 1.97145
-0.46718 1.97134
-0.46691 1.97122
-0.46664 1.97111
-0.46638 1.97099
-0.46611 1.97088
-0.46584 1.97076
-0.46557 1.97065
-0.46531 1.97054
-0.46504 1.97042
-0.46477 1.97031
-0.46450 1.97019
-0.46424 1.97008
-0.46397 1.96996
-0.46370 1.96985
-0.46343 1.96973
-0.46317 1.96962
-0.46290 1.96950
-0.46263 1.96939
-0.46237 1.96927
-0.46210 1.96916
-0.46183 1.96904
-0.46156 1.96893
-0.46130 1.96881
-0.46103 1.96869
-0.46076 1.96858
-0.46049 1.96846
-0.46023 1.96835
-0.45996 1.96823
-0.45969 1.96811
-0.45942 1.96800
-0.45916 1.96788
-0.45889 1.96777
-0.45862 1.96765
-0.45836 1.96753
-0.45809 1.96742
-0.45782 1.96730
-0.45755 1.96718
-0.45729 1.96707
-0.45702 1.96695
-0.45675 1.96683
-0.45649 1.96672
-0.45622 1.96660
-0.45595 1.96648
-0.45568 1.96637
-0.45542 1.96625
-0.45515 1.96613
-0.45488 1.96601
-0.45462 1.96590
-0.45435 1.96578
-0.45408 1.96566
-0.45381 1.96554
-0.45355 1.96543
-0.45328 1.96531
-0.45301 1.96519
-0.45275 1.96507
-0.45248 1.96495
-0.45221 1.96484
-0.45194 1.96472
-0.45168 1.96460
-0.45141 1.96448
-0.45114 1.96436
-0.45088 1.96424
-0.45061 1.96413
-0.45034 1.96401
-0.45008 1.96389
-0.44981 1.96377
-0.44954 1.96365
-0.44928 1.96353
-0.44901 1.96341
-0.44874 1.96329
-0.44847 1.96317
-0.44821 1.96306
-0.44794 1.96294
-0.44767 1.96282
-0.44741 1.96270
-0.44714 1.96258
-0.44687 1.96246
-0.44661 1.96234
-0.44634 1.96222
-0.44607 1.96210
-0.44581 1.96198
-0.44554 1.96186
-0.44527 1.96174
-0.44501 1.96162
-0.44474 1.96150
-0.44447 1.96137
-0.44420 1.96125
-0.44394 1.96112
-0.44367 1.96100
-0.44340 1.96088
-0.44314 1.96075
-0.44287 1.96063
-0.44260 1.96050
-0.44234 1.96038
-0.44207 1.96025
-0.44180 1.96013
-0.44154 1.96000
-0.44127 1.95988
-0.44100 1.95976
-0.44074 1.95963
-0.44047 1.95951
-0.44020 1.95938
-0.43994 1.95926
-0.43967 1.95913
-0.43940 1.95900
-0.43914 1.95888
-0.43887 1.95875
-0.43860 1.95863
-0.43834 1.95850
-0.43807 1.95838
-0.43780 1.95825
-0.43754 1.95813
-0.43727 1.95800
-0.43700 1.95787
-0.43674 1.95775
-0.43647 1.95762
-0.43620 1.95750
-0.43594 1.95737
-0.43567 1.95724
-0.43540 1.95712
-0.43514 1.95699
-0.43487 1.95686
-0.43460 1.95674
-0.43434 1.95661
-0.43407 1.95648
-0.43380 1.95636
-0.43354 1.95623
-0.43327 1.95610
-0.43301 1.95598
-0.43274 1.95585
-0.43247 1.95572
-0.43221 1.95559
-0.43194 1.95547
-0.43167 1.95534
-0.43141 1.95521
-0.43114 1.95508
-0.43087 1.95496
-0.43061 1.95483
-0.43034 1.95470
-0.43008 1.95457
-0.42981 1.95445
-0.42954 1.95432
-0.42928 1.95419
-0.42901 1.95406
-0.42874 1.95393
-0.42848 1.95381
-0.42821 1.95368
-0.42794 1.95355
-0.42768 1.95342
-0.42741 1.95329
-0.42715 1.95316
-0.42688 1.95303
-0.42661 1.95291
-0.42635 1.95278
-0.42608 1.95265
-0.42582 1.95252
-0.42555 1.95239
-0.42528 1.95226
-0.42502 1.95213
-0.42475 1.95200
-0.42448 1.95186
-0.42422 1.95171
-0.42395 1.95157
-0.42368 1.95142
-0.42342 1.95128
-0.42315 1.95113
-0.42288 1.95099
-0.42262 1.95084
-0.42235 1.95069
-0.42209 1.95055
-0.42182 1.95040
-0.42155 1.95026
-0.42129 1.95011
-0.42102 1.94996
-0.42075 1.94982
-0.42049 1.94967
-0.42022 1.94952
-0.41995 1.94938
-0.41969 1.94923
-0.41942 1.94908
-0.41915 1.94894
-0.41889 1.94879
-0.41862 1.94864
-0.41836 1.94850
-0.41809 1.94835
-0.41782 1.94820
-0.41756 1.94805
-0.41729 1.94791
-0.41702 1.94776
-0.41676 1.94761
-0.41649 1.94746
-0.41623 1.94732
-0.41596 1.94717
-0.41569 1.94702
-0.41543 1.94687
-0.41516 1.94673
-0.41489 1.94658
-0.41463 1.94643
-0.41436 1.94628
-0.41410 1.94613
-0.41383 1.94599
-0.41356 1.94584
-0.41330 1.94569
-0.41303 1.94554
-0.41277 1.94539
-0.41250 1.94524
-0.41223 1.94509
-0.41197 1.94495
-0.41170 1.94480
-0.41144 1.94465
-0.41117 1.94450
-0.41090 1.94435
-0.41064 1.94420
-0.41037 1.94405
-0.41011 1.94390
-0.40984 1.94375
-0.40957 1.94360
-0.40931 1.94345
-0.40904 1.94330
-0.40878 1.94315
-0.40851 1.94301
-0.40825 1.94286
-0.40798 1.94271
-0.40771 1.94256
-0.40745 1.94241
-0.40718 1.94226
-0.40692 1.94211
-0.40665 1.94196
-0.40639 1.94181
-0.40612 1.94166
-0.40586 1.94150
-0.40559 1.94135
-0.40532 1.94118
-0.40506 1.94100
-0.40479 1.94083
-0.40452 1.94065
-0.40426 1.94048
-0.40399 1.94030
-0.40373 1.94013
-0.40346 1.93996
-0.40319 1.93978
-0.40293 1.93961
-0.40266 1.93943
-0.40240 1.93926
-0.40213 1.93908
-0.40186 1.93891
-0.40160 1.93873
-0.40133 1.93856
-0.40107 1.93838
-0.40080 1.93821
-0.40053 1.93803
-0.40027 1.93786
-0.40000 1.93768
-0.39974 1.93751
-0.39947 1.93733
-0.39920 1.93715
-0.39894 1.93698
-0.39867 1.93680
-0.39841 1.93663
-0.39814 1.93645
-0.39787 1.93628
-0.39761 1.93610
-0.39734 1.93592
-0.39708 1.93575
-0.39681 1.93557
-0.39655 1.93539
-0.39628 1.93522
-0.39602 1.93504
-0.39575 1.93487
-0.39548 1.93469
-0.39522 1.93451
-0.39495 1.93434
-0.39469 1.93416
-0.39442 1.93398
-0.39416 1.93381
-0.39389 1.93363
-0.39363 1.93345
-0.39336 1.93327
-0.39310 1.93310
-0.39283 1.93292
-0.39256 1.93274
-0.39230 1.93256
-0.39203 1.93239
-0.39177 1.93221
-0.39150 1.93203
-0.39124 1.93185
-0.39097 1.93168
-0.39071 1.93150
-0.39044 1.93132
-0.39018 1.93114
-0.38991 1.93096
-0.38965 1.93078
-0.38938 1.93060
-0.38912 1.93042
-0.38885 1.93023
-0.38859 1.93005
-0.38832 1.92987
-0.38806 1.92969
-0.38779 1.92950
-0.38753 1.92932
-0.38726 1.92914
-0.38700 1.92895
-0.38673 1.92877
-0.38647 1.92859
-0.38620 1.92841
-0.38594 1.92822
-0.38567 1.92804
-0.38541 1.92786
-0.38514 1.92767
-0.38488 1.92749
-0.38461 1.92730
-0.38435 1.92712
-0.38408 1.92694
-0.38382 1.92675
-0.38355 1.92657
-0.38329 1.92639
-0.38302 1.92620
-0.38276 1.92602
-0.38249 1.92583
-0.38223 1.92565
-0.38196 1.92547
-0.38170 1.92528
-0.38143 1.92510
-0.38117 1.92491
-0.38091 1.92473
-0.38064 1.92454
-0.38038 1.92436
-0.38011 1.92417
-0.37985 1.92399
-0.37958 1.92380
-0.37932 1.92362
-0.37905 1.92343
-0.37879 1.92325
-0.37853 1.92306
-0.37826 1.92288
-0.37800 1.92269
-0.37773 1.92251
-0.37747 1.92232
-0.37720 1.92214
-0.37694 1.92195
-0.37668 1.92177
-0.37641 1.92157
-0.37615 1.92135
-0.37588 1.92113
-0.37562 1.92091
-0.37535 1.92069
-0.37509 1.92047
-0.37482 1.92024
-0.37456 1.92002
-0.37429 1.91980
-0.37403 1.91958
-0.37376 1.91936
-0.37350 1.91914
-0.37323 1.91891
-0.37297 1.91869
-0.37270 1.91847
-0.37244 1.91825
-0.37217 1.91803
-0.37191 1.91780
-0.37164 1.91758
-0.37138 1.91736
-0.37112 1.91714
-0.37085 1.91691
-0.37059 1.91669
-0.37032 1.91647
-0.37006 1.91625
-0.36979 1.91602
-0.36953 1.91580
-0.36926 1.91558
-0.36900 1.91535
-0.36874 1.91513
-0.36847 1.91491
-0.36821 1.91469
-0.36794 1.91446
-0.36768 1.91424
-0.36741 1.91402
-0.36715 1.91379
-0.36689 1.91357
