-0.86081 2.28106
-0.86051 2.28101
-0.86020 2.28095
-0.85990 2.28090
-0.85959 2.28085
-0.85929 2.28079
-0.85898 2.28074
-0.85867 2.28068
-0.85837 2.28063
-0.85806 2.28058
-0.85776 2.28052
-0.85745 2.28047
-0.85715 2.28041
-0.85684 2.28036
-0.85654 2.28030
-0.85623 2.28025
-0.85593 2.28019
-0.85562 2.28014
-0.85532 2.28008
-0.85501 2.28003
-0.85471 2.27997
-0.85440 2.27992
-0.85410 2.27986
-0.85379 2.27981
-0.85349 2.27975
-0.85318 2.27970
-0.85288 2.27964
-0.85257 2.27959
-0.85227 2.27953
-0.85196 2.27947
-0.85166 2.27942
-0.85135 2.27936
-0.85105 2.27931
-0.85074 2.27925
-0.85044 2.27919
-0.85013 2.27914
-0.84983 2.27911
-0.84953 2.27908
-0.84923 2.27906
-0.84893 2.27904
-0.84863 2.27901
-0.84833 2.27899
-0.84803 2.27896
-0.84773 2.27894
-0.84743 2.27891
-0.84713 2.27889
-0.84683 2.27886
-0.84653 2.27884
-0.84623 2.27881
-0.84593 2.27879
-0.84563 2.27876
-0.84533 2.27874
-0.84503 2.27871
-0.84473 2.27869
-0.84443 2.27866
-0.84413 2.27864
-0.84383 2.27861
-0.84353 2.27859
-0.84323 2.27856
-0.84293 2.27853
-0.84263 2.27851
-0.84233 2.27848
-0.84203 2.27846
-0.84173 2.27843
-0.84143 2.27840
-0.84113 2.27838
-0.84083 2.27835
-0.84053 2.27832
-0.84023 2.27830
-0.83993 2.27827
-0.83963 2.27824
-0.83933 2.27822
-0.83903 2.27819
-0.83873 2.27816
-0.83843 2.27813
-0.83813 2.27811
-0.83783 2.27808
-0.83753 2.27805
-0.83723 2.27803
-0.83693 2.27800
-0.83663 2.27797
-0.83633 2.27794
-0.83603 2.27791
-0.83573 2.27789
-0.83543 2.27786
-0.83513 2.27783
-0.83483 2.27780
-0.83453 2.27778
-0.83423 2.27776
-0.83393 2.27773
-0.83363 2.27771
-0.83333 2.27769
-0.83303 2.27766
-0.83273 2.27764
-0.83243 2.27762
-0.83213 2.27759
-0.83184 2.27757
-0.83154 2.27755
-0.83124 2.27752
-0.83094 2.27750
-0.83064 2.27747
-0.83034 2.27745
-0.83004 2.27743
-0.82974 2.27740
-0.82944 2.27738
-0.82914 2.27735
-0.82884 2.27733
-0.82854 2.27730
-0.82824 2.27728
-0.82794 2.27725
-0.82764 2.27723
-0.82734 2.27720
-0.82704 2.27718
-0.82674 2.27715
-0.82644 2.27713
-0.82614 2.27710
-0.82584 2.27708
-0.82554 2.27705
-0.82524 2.27703
-0.82494 2.27700
-0.82464 2.27698
-0.82434 2.27695
-0.82405 2.27692
-0.82375 2.27690
-0.82345 2.27687
-0.82315 2.27685
-0.82285 2.27682
-0.82255 2.27679
-0.82225 2.27677
-0.82195 2.27674
-0.82165 2.27671
-0.82135 2.27669
-0.82105 2.27666
-0.82075 2.27663
-0.82045 2.27661
-0.82015 2.27658
-0.81985 2.27655
-0.81955 2.27653
-0.81925 2.27650
-0.81895 2.27647
-0.81865 2.27644
-0.81835 2.27642
-0.81805 2.27639
-0.81775 2.27636
-0.81745 2.27634
-0.81715 2.27632
-0.81685 2.27630
-0.81656 2.27629
-0.81626 2.27627
-0.81596 2.27625
-0.81566 2.27623
-0.81536 2.27621
-0.81506 2.27619
-0.81476 2.27617
-0.81446 2.27615
-0.81416 2.27613
-0.81387 2.27611
-0.81357 2.27609
-0.81327 2.27607
-0.81297 2.27605
-0.81267 2.27603
-0.81237 2.27601
-0.81207 2.27598
-0.81177 2.27596
-0.81147 2.27594
-0.81117 2.27592
-0.81088 2.27590
-0.81058 2.27588
-0.81028 2.27586
-0.80998 2.27584
-0.80968 2.27582
-0.80938 2.27580
-0.80908 2.27577
-0.80878 2.27575
-0.80848 2.27573
-0.80818 2.27571
-0.80789 2.27569
-0.80759 2.27567
-0.80729 2.27564
-0.80699 2.27562
-0.80669 2.27560
-0.80639 2.27558
-0.80609 2.27555
-0.80579 2.27553
-0.80549 2.27551
-0.80519 2.27549
-0.80489 2.27546
-0.80460 2.27544
-0.80430 2.27542
-0.80400 2.27540
-0.80370 2.27537
-0.80340 2.27535
-0.80310 2.27533
-0.80280 2.27530
-0.80250 2.27528
-0.80220 2.27526
-0.80190 2.27523
-0.80160 2.27521
-0.80130 2.27519
-0.80101 2.27516
-0.80071 2.27514
-0.80041 2.27511
-0.80011 2.27509
-0.79981 2.27507
-0.79951 2.27504
-0.79921 2.27502
-0.79891 2.27499
-0.79861 2.27497
-0.79831 2.27495
-0.79801 2.27492
-0.79771 2.27490
-0.79741 2.27487
-0.79711 2.27485
-0.79682 2.27482
-0.79652 2.27482
-0.79622 2.27481
-0.79592 2.27481
-0.79563 2.27481
-0.79533 2.27481
-0.79503 2.27480
-0.79473 2.27480
-0.79444 2.27480
-0.79414 2.27480
-0.79384 2.27479
-0.79355 2.27479
-0.79325 2.27479
-0.79295 2.27478
-0.79265 2.27478
-0.79236 2.27478
-0.79206 2.27477
-0.79176 2.27477
-0.79146 2.27477
-0.79117 2.27476
-0.79087 2.27476
-0.79057 2.27475
-0.79027 2.27475
-0.78998 2.27475
-0.78968 2.27474
-0.78938 2.27474
-0.78908 2.27473
-0.78879 2.27473
-0.78849 2.27472
-0.78819 2.27472
-0.78789 2.27472
-0.78760 2.27471
-0.78730 2.27471
-0.78700 2.27470
-0.78670 2.27470
-0.78641 2.27469
-0.78611 2.27469
-0.78581 2.27468
-0.78551 2.27467
-0.78521 2.27467
-0.78492 2.27466
-0.78462 2.27466
-0.78432 2.27465
-0.78402 2.27465
-0.78373 2.27464
-0.78343 2.27463
-0.78313 2.27463
-0.78283 2.27462
-0.78253 2.27462
-0.78224 2.27461
-0.78194 2.27460
-0.78164 2.27460
-0.78134 2.27459
-0.78104 2.27458
-0.78075 2.27458
-0.78045 2.27457
-0.78015 2.27456
-0.77985 2.27456
-0.77955 2.27455
-0.77925 2.27454
-0.77896 2.27454
-0.77866 2.27453
-0.77836 2.27452
-0.77806 2.27451
-0.77776 2.27451
-0.77747 2.27450
-0.77717 2.27449
-0.77687 2.27448
-0.77657 2.27447
-0.77627 2.27447
-0.77597 2.27446
-0.77568 2.27445
-0.77538 2.27444
-0.77508 2.27443
-0.77478 2.27442
-0.77448 2.27442
-0.77418 2.27442
-0.77389 2.27443
-0.77359 2.27443
-0.77329 2.27444
-0.77299 2.27444
-0.77270 2.27444
-0.77240 2.27445
-0.77210 2.27445
-0.77180 2.27446
-0.77151 2.27446
-0.77121 2.27446
-0.77091 2.27447
-0.77061 2.27447
-0.77032 2.27447
-0.77002 2.27448
-0.76972 2.27448
-0.76942 2.27448
-0.76912 2.27448
-0.76883 2.27449
-0.76853 2.27449
-0.76823 2.27449
-0.76793 2.27450
-0.76763 2.27450
-0.76734 2.27450
-0.76704 2.27450
-0.76674 2.27450
-0.76644 2.27451
-0.76614 2.27451
-0.76585 2.27451
-0.76555 2.27451
-0.76525 2.27451
-0.76495 2.27452
-0.76465 2.27452
-0.76436 2.27452
-0.76406 2.27452
-0.76376 2.27452
-0.76346 2.27452
-0.76316 2.27452
-0.76286 2.27453
-0.76257 2.27453
-0.76227 2.27453
-0.76197 2.27453
-0.76167 2.27453
-0.76137 2.27453
-0.76107 2.27453
-0.76077 2.27453
-0.76048 2.27453
-0.76018 2.27453
-0.75988 2.27453
-0.75958 2.27453
-0.75928 2.27453
-0.75898 2.27453
-0.75868 2.27453
-0.75839 2.27453
-0.75809 2.27453
-0.75779 2.27453
-0.75749 2.27453
-0.75719 2.27453
-0.75689 2.27453
-0.75659 2.27453
-0.75629 2.27453
-0.75600 2.27453
-0.75570 2.27453
-0.75540 2.27453
-0.75510 2.27452
-0.75480 2.27452
-0.75450 2.27452
-0.75420 2.27452
-0.75390 2.27452
-0.75360 2.27452
-0.75330 2.27452
-0.75301 2.27451
-0.75271 2.27451
-0.75241 2.27451
-0.75211 2.27451
-0.75181 2.27451
-0.75151 2.27450
-0.75121 2.27450
-0.75091 2.27450
-0.75061 2.27450
-0.75031 2.27449
-0.75001 2.27449
-0.74971 2.27449
-0.74942 2.27449
-0.74912 2.27450
-0.74882 2.27451
-0.74852 2.27453
-0.74822 2.27455
-0.74792 2.27457
-0.74762 2.27458
-0.74733 2.27460
-0.74703 2.27462
-0.74673 2.27463
-0.74643 2.27465
-0.74613 2.27467
-0.74583 2.27469
-0.74553 2.27470
-0.74524 2.27472
-0.74494 2.27473
-0.74464 2.27475
-0.74434 2.27477
-0.74404 2.27478
-0.74374 2.27480
-0.74344 2.27482
-0.74314 2.27483
-0.74284 2.27485
-0.74255 2.27486
-0.74225 2.27488
-0.74195 2.27489
-0.74165 2.27491
-0.74135 2.27492
-0.74105 2.27494
-0.74075 2.27496
-0.74045 2.27497
-0.74015 2.27499
-0.73985 2.27500
-0.73955 2.27501
-0.73925 2.27503
-0.73895 2.27504
-0.73866 2.27506
-0.73836 2.27507
-0.73806 2.27509
-0.73776 2.27510
-0.73746 2.27512
-0.73716 2.27513
-0.73686 2.27514
-0.73656 2.27516
-0.73626 2.27517
-0.73596 2.27519
-0.73566 2.27520
-0.73536 2.27521
-0.73506 2.27523
-0.73476 2.27524
-0.73446 2.27525
-0.73416 2.27527
-0.73386 2.27528
-0.73356 2.27529
-0.73326 2.27531
-0.73296 2.27532
-0.73266 2.27533
-0.73236 2.27534
-0.73206 2.27536
-0.73176 2.27537
-0.73146 2.27538
-0.73116 2.27539
-0.73086 2.27541
-0.73056 2.27542
-0.73026 2.27543
-0.72996 2.27544
-0.72966 2.27545
-0.72936 2.27547
-0.72906 2.27548
-0.72876 2.27549
-0.72846 2.27550
-0.72815 2.27551
-0.72785 2.27552
-0.72755 2.27553
-0.72725 2.27554
-0.72695 2.27556
-0.72665 2.27557
-0.72635 2.27558
-0.72605 2.27559
-0.72575 2.27560
-0.72545 2.27561
-0.72515 2.27562
-0.72485 2.27563
-0.72455 2.27564
-0.72425 2.27565
-0.72394 2.27566
-0.72364 2.27567
-0.72334 2.27568
-0.72304 2.27569
-0.72274 2.27570
-0.72244 2.27571
-0.72214 2.27572
-0.72184 2.27573
-0.72154 2.27574
-0.72123 2.27575
-0.72093 2.27576
-0.72063 2.27577
-0.72033 2.27578
-0.72003 2.27579
-0.71973 2.27580
-0.71943 2.27580
-0.71913 2.27581
-0.71882 2.27582
-0.71852 2.27583
-0.71822 2.27584
-0.71792 2.27585
-0.71762 2.27586
-0.71732 2.27586
-0.71701 2.27587
-0.71671 2.27588
-0.71641 2.27589
-0.71611 2.27590
-0.71581 2.27590
-0.71551 2.27591
-0.71520 2.27592
-0.71490 2.27593
-0.71460 2.27593
-0.71430 2.27594
-0.71400 2.27595
-0.71370 2.27596
-0.71339 2.27596
-0.71309 2.27597
-0.71279 2.27598
-0.71249 2.27598
-0.71219 2.27599
-0.71188 2.27600
-0.71158 2.27600
-0.71128 2.27601
-0.71098 2.27602
-0.71068 2.27602
-0.71037 2.27603
-0.71007 2.27603
-0.70977 2.27604
-0.70947 2.27605
-0.70916 2.27605
-0.70886 2.27606
-0.70856 2.27606
-0.70826 2.27607
-0.70795 2.27607
-0.70765 2.27608
-0.70735 2.27609
-0.70705 2.27609
-0.70675 2.27610
-0.70644 2.27610
-0.70614 2.27611
-0.70584 2.27611
-0.70553 2.27612
-0.70523 2.27612
-0.70493 2.27612
-0.70463 2.27613
-0.70432 2.27613
-0.70402 2.27614
-0.70372 2.27614
-0.70342 2.27615
-0.70311 2.27615
-0.70281 2.27615
-0.70251 2.27616
-0.70220 2.27616
-0.70190 2.27617
-0.70160 2.27617
-0.70130 2.27617
-0.70099 2.27618
-0.70069 2.27618
-0.70039 2.27618
-0.70008 2.27619
-0.69978 2.27619
-0.69948 2.27619
-0.69917 2.27619
-0.69887 2.27620
-0.69857 2.27620
-0.69827 2.27620
-0.69796 2.27621
-0.69766 2.27621
-0.69736 2.27621
-0.69705 2.27621
-0.69675 2.27621
-0.69645 2.27622
-0.69614 2.27622
-0.69584 2.27622
-0.69554 2.27622
-0.69523 2.27622
-0.69493 2.27623
-0.69463 2.27623
-0.69432 2.27624
-0.69402 2.27624
-0.69371 2.27625
-0.69341 2.27625
-0.69311 2.27626
-0.69280 2.27626
-0.69250 2.27626
-0.69220 2.27627
-0.69189 2.27627
-0.69159 2.27628
-0.69128 2.27628
-0.69098 2.27628
-0.69068 2.27629
-0.69037 2.27629
-0.69007 2.27629
-0.68977 2.27630
-0.68946 2.27630
-0.68916 2.27630
-0.68885 2.27631
-0.68855 2.27631
-0.68825 2.27631
-0.68794 2.27632
-0.68764 2.27632
-0.68733 2.27632
-0.68703 2.27632
-0.68672 2.27633
-0.68642 2.27633
-0.68612 2.27633
-0.68581 2.27633
-0.68551 2.27634
-0.68520 2.27634
-0.68490 2.27634
-0.68460 2.27634
-0.68429 2.27634
-0.68399 2.27635
-0.68368 2.27635
-0.68338 2.27635
-0.68307 2.27635
-0.68277 2.27635
-0.68246 2.27635
-0.68216 2.27635
-0.68186 2.27636
-0.68155 2.27636
-0.68125 2.27636
-0.68094 2.27636
-0.68064 2.27636
-0.68033 2.27636
-0.68003 2.27636
-0.67972 2.27636
-0.67942 2.27636
-0.67911 2.27636
-0.67881 2.27636
-0.67850 2.27636
-0.67820 2.27636
-0.67789 2.27636
-0.67759 2.27636
-0.67728 2.27636
-0.67698 2.27636
-0.67667 2.27636
-0.67637 2.27636
-0.67606 2.27636
-0.67576 2.27636
-0.67545 2.27636
-0.67515 2.27636
-0.67484 2.27636
-0.67454 2.27635
-0.67423 2.27635
-0.67393 2.27635
-0.67362 2.27635
-0.67332 2.27635
-0.67301 2.27635
-0.67271 2.27635
-0.67240 2.27634
-0.67210 2.27634
-0.67179 2.27634
-0.67149 2.27634
-0.67118 2.27634
-0.67088 2.27633
-0.67057 2.27633
-0.67027 2.27633
-0.66996 2.27633
-0.66966 2.27632
-0.66935 2.27632
-0.66904 2.27632
-0.66874 2.27632
-0.66843 2.27631
-0.66813 2.27631
-0.66782 2.27631
-0.66752 2.27630
-0.66721 2.27629
-0.66691 2.27627
-0.66660 2.27626
-0.66630 2.27624
-0.66599 2.27623
-0.66569 2.27621
-0.66538 2.27620
-0.66508 2.27618
-0.66477 2.27616
-0.66447 2.27615
-0.66416 2.27613
-0.66385 2.27612
-0.66355 2.27610
-0.66324 2.27608
-0.66294 2.27607
-0.66263 2.27605
-0.66233 2.27603
-0.66202 2.27602
-0.66172 2.27600
-0.66141 2.27598
-0.66111 2.27597
-0.66080 2.27595
-0.66050 2.27593
-0.66019 2.27591
-0.65989 2.27590
-0.65958 2.27588
-0.65928 2.27586
-0.65897 2.27584
-0.65866 2.27583
-0.65836 2.27581
-0.65805 2.27579
-0.65775 2.27577
-0.65744 2.27575
-0.65714 2.27574
-0.65683 2.27572
-0.65653 2.27570
-0.65622 2.27568
-0.65592 2.27566
-0.65561 2.27564
-0.65530 2.27563
-0.65500 2.27561
-0.65469 2.27559
-0.65439 2.27557
-0.65408 2.27555
-0.65378 2.27553
-0.65347 2.27551
-0.65317 2.27549
-0.65286 2.27547
-0.65255 2.27545
-0.65225 2.27543
-0.65194 2.27541
-0.65164 2.27539
-0.65133 2.27537
-0.65103 2.27535
-0.65072 2.27533
-0.65041 2.27531
-0.65011 2.27529
-0.64980 2.27527
-0.64950 2.27525
-0.64919 2.27523
-0.64889 2.27521
-0.64858 2.27519
-0.64827 2.27517
-0.64797 2.27515
-0.64766 2.27513
-0.64736 2.27511
-0.64705 2.27509
-0.64675 2.27507
-0.64644 2.27504
-0.64613 2.27502
-0.64583 2.27500
-0.64552 2.27498
-0.64522 2.27496
-0.64491 2.27494
-0.64460 2.27492
-0.64430 2.27489
-0.64399 2.27487
-0.64369 2.27485
-0.64338 2.27483
-0.64307 2.27481
-0.64277 2.27478
-0.64246 2.27476
-0.64216 2.27474
-0.64185 2.27472
-0.64155 2.27469
-0.64124 2.27467
-0.64093 2.27465
-0.64063 2.27462
-0.64032 2.27459
-0.64002 2.27456
-0.63971 2.27454
-0.63940 2.27451
-0.63910 2.27448
-0.63879 2.27445
-0.63849 2.27443
-0.63818 2.27440
-0.63788 2.27437
-0.63757 2.27434
-0.63727 2.27431
-0.63696 2.27428
-0.63665 2.27426
-0.63635 2.27423
-0.63604 2.27420
-0.63574 2.27417
-0.63543 2.27414
-0.63512 2.27411
-0.63482 2.27408
-0.63451 2.27405
-0.63421 2.27402
-0.63390 2.27399
-0.63360 2.27397
-0.63329 2.27394
-0.63298 2.27391
-0.63268 2.27388
-0.63237 2.27385
-0.63207 2.27382
-0.63176 2.27379
-0.63146 2.27376
-0.63115 2.27373
-0.63084 2.27370
-0.63054 2.27367
-0.63023 2.27364
-0.62993 2.27361
-0.62962 2.27358
-0.62931 2.27354
-0.62901 2.27351
-0.62870 2.27348
-0.62840 2.27345
-0.62809 2.27342
-0.62779 2.27339
-0.62748 2.27336
-0.62717 2.27333
-0.62687 2.27330
-0.62656 2.27327
-0.62626 2.27323
-0.62595 2.27320
-0.62564 2.27317
-0.62534 2.27314
-0.62503 2.27311
-0.62473 2.27307
-0.62442 2.27304
-0.62412 2.27301
-0.62381 2.27298
-0.62350 2.27295
-0.62320 2.27291
-0.62289 2.27288
-0.62259 2.27285
-0.62228 2.27282
-0.62197 2.27278
-0.62167 2.27275
-0.62136 2.27272
-0.62106 2.27269
-0.62075 2.27265
-0.62044 2.27262
-0.62014 2.27259
-0.61983 2.27255
-0.61953 2.27252
-0.61922 2.27249
-0.61891 2.27245
-0.61861 2.27242
-0.61830 2.27238
-0.61800 2.27235
-0.61769 2.27232
-0.61739 2.27228
-0.61708 2.27225
-0.61677 2.27220
-0.61647 2.27215
-0.61617 2.27211
-0.61586 2.27206
-0.61556 2.27201
-0.61525 2.27197
-0.61495 2.27192
-0.61464 2.27187
-0.61434 2.27182
-0.61403 2.27178
-0.61373 2.27173
-0.61342 2.27168
-0.61312 2.27163
-0.61281 2.27158
-0.61251 2.27154
-0.61220 2.27149
-0.61190 2.27144
-0.61160 2.27139
-0.61129 2.27134
-0.61099 2.27129
-0.61068 2.27125
-0.61038 2.27120
-0.61007 2.27115
-0.60977 2.27110
-0.60946 2.27105
-0.60916 2.27100
-0.60885 2.27095
-0.60855 2.27090
-0.60825 2.27085
-0.60794 2.27080
-0.60764 2.27075
-0.60733 2.27070
-0.60703 2.27066
-0.60672 2.27061
-0.60642 2.27056
-0.60611 2.27051
-0.60581 2.27046
-0.60550 2.27041
-0.60520 2.27036
-0.60490 2.27031
-0.60459 2.27026
-0.60429 2.27020
-0.60398 2.27015
-0.60368 2.27010
-0.60337 2.27005
-0.60307 2.27000
-0.60276 2.26995
-0.60246 2.26990
-0.60216 2.26985
-0.60185 2.26980
-0.60155 2.26975
-0.60124 2.26970
-0.60094 2.26965
-0.60063 2.26959
-0.60033 2.26954
-0.60003 2.26949
-0.59972 2.26944
-0.59942 2.26939
-0.59911 2.26934
-0.59881 2.26928
-0.59850 2.26923
-0.59820 2.26918
-0.59790 2.26913
-0.59759 2.26908
-0.59729 2.26902
-0.59698 2.26897
-0.59668 2.26892
-0.59637 2.26887
-0.59607 2.26881
-0.59577 2.26876
-0.59546 2.26871
-0.59516 2.26865
-0.59485 2.26860
-0.59455 2.26855
-0.59425 2.26849
-0.59394 2.26842
-0.59364 2.26835
-0.59334 2.26829
-0.59304 2.26822
-0.59273 2.26815
-0.59243 2.26808
-0.59213 2.26802
-0.59183 2.26795
-0.59152 2.26788
-0.59122 2.26781
-0.59092 2.26775
-0.59062 2.26768
-0.59031 2.26761
-0.59001 2.26754
-0.58971 2.26747
-0.58941 2.26740
-0.58911 2.26734
-0.58880 2.26727
-0.58850 2.26720
-0.58820 2.26713
-0.58790 2.26706
-0.58759 2.26699
-0.58729 2.26692
-0.58699 2.26685
-0.58669 2.26678
-0.58639 2.26672
-0.58608 2.26665
-0.58578 2.26658
-0.58548 2.26651
-0.58518 2.26644
-0.58488 2.26637
-0.58457 2.26630
-0.58427 2.26623
-0.58397 2.26616
-0.58367 2.26609
-0.58337 2.26602
-0.58306 2.26595
-0.58276 2.26588
-0.58246 2.26581
-0.58216 2.26574
-0.58186 2.26567
-0.58155 2.26560
-0.58125 2.26553
-0.58095 2.26546
-0.58065 2.26539
-0.58035 2.26531
-0.58005 2.26524
-0.57974 2.26517
-0.57944 2.26510
-0.57914 2.26503
-0.57884 2.26496
-0.57854 2.26489
-0.57824 2.26482
-0.57793 2.26475
-0.57763 2.26467
-0.57733 2.26460
-0.57703 2.26453
-0.57673 2.26446
-0.57643 2.26439
-0.57612 2.26431
-0.57582 2.26424
-0.57552 2.26417
-0.57522 2.26409
-0.57492 2.26402
-0.57462 2.26394
-0.57432 2.26386
-0.57402 2.26379
-0.57372 2.26371
-0.57342 2.26364
-0.57312 2.26356
-0.57281 2.26348
-0.57251 2.26341
-0.57221 2.26333
-0.57191 2.26325
-0.57161 2.26317
-0.57131 2.26310
-0.57101 2.26302
-0.57071 2.26294
-0.57041 2.26287
-0.57011 2.26279
-0.56981 2.26271
-0.56951 2.26263
-0.56921 2.26256
-0.56891 2.26248
-0.56861 2.26240
-0.56831 2.26232
-0.56800 2.26225
-0.56770 2.26217
-0.56740 2.26209
-0.56710 2.26201
-0.56680 2.26193
-0.56650 2.26185
-0.56620 2.26178
-0.56590 2.26170
-0.56560 2.26162
-0.56530 2.26154
-0.56500 2.26146
-0.56470 2.26138
-0.56440 2.26130
-0.56410 2.26123
-0.56380 2.26115
-0.56350 2.26107
-0.56320 2.26099
-0.56290 2.26091
-0.56260 2.26083
-0.56230 2.26075
-0.56200 2.26067
-0.56170 2.26059
-0.56140 2.26051
-0.56110 2.26043
-0.56080 2.26035
-0.56050 2.26027
-0.56020 2.26019
-0.55990 2.26011
-0.55960 2.26003
-0.55930 2.25995
-0.55900 2.25987
-0.55870 2.25978
-0.55841 2.25968
-0.55811 2.25957
-0.55781 2.25947
-0.55752 2.25937
-0.55722 2.25926
-0.55693 2.25916
-0.55663 2.25906
-0.55633 2.25895
-0.55604 2.25885
-0.55574 2.25875
-0.55545 2.25864
-0.55515 2.25854
-0.55485 2.25843
-0.55456 2.25833
-0.55426 2.25823
-0.55397 2.25812
-0.55367 2.25802
-0.55337 2.25791
-0.55308 2.25781
-0.55278 2.25771
-0.55249 2.25760
-0.55219 2.25750
-0.55189 2.25739
-0.55160 2.25729
-0.55130 2.25718
-0.55101 2.25708
-0.55071 2.25697
-0.55042 2.25687
-0.55012 2.25676
-0.54983 2.25666
-0.54953 2.25655
-0.54923 2.25645
-0.54894 2.25634
-0.54864 2.25624
-0.54835 2.25613
-0.54805 2.25603
-0.54776 2.25592
-0.54746 2.25582
-0.54717 2.25571
-0.54687 2.25560
-0.54658 2.25550
