-0.47556 1.24102
-0.47534 1.24080
-0.47512 1.24057
-0.47491 1.24034
-0.47469 1.24011
-0.47447 1.23989
-0.47425 1.23966
-0.47403 1.23943
-0.47382 1.23921
-0.47360 1.23898
-0.47338 1.23875
-0.47316 1.23852
-0.47295 1.23830
-0.47273 1.23807
-0.47251 1.23784
-0.47229 1.23761
-0.47207 1.23739
-0.47186 1.23716
-0.47164 1.23693
-0.47142 1.23670
-0.47120 1.23647
-0.47098 1.23624
-0.47077 1.23602
-0.47055 1.23579
-0.47033 1.23556
-0.47011 1.23533
-0.46989 1.23510
-0.46968 1.23487
-0.46946 1.23464
-0.46924 1.23442
-0.46902 1.23419
-0.46880 1.23396
-0.46859 1.23373
-0.46837 1.23350
-0.46815 1.23327
-0.46793 1.23304
-0.46772 1.23283
-0.46751 1.23263
-0.46731 1.23243
-0.46710 1.23222
-0.46689 1.23202
-0.46668 1.23182
-0.46648 1.23162
-0.46627 1.23141
-0.46606 1.23121
-0.46585 1.23101
-0.46565 1.23080
-0.46544 1.23060
-0.46523 1.23040
-0.46502 1.23020
-0.46482 1.22999
-0.46461 1.22979
-0.46440 1.22959
-0.46419 1.22938
-0.46399 1.22918
-0.46378 1.22898
-0.46357 1.22877
-0.46336 1.22857
-0.46316 1.22836
-0.46295 1.22816
-0.46274 1.22796
-0.46253 1.22775
-0.46233 1.22755
-0.46212 1.22734
-0.46191 1.22714
-0.46170 1.22694
-0.46149 1.22673
-0.46129 1.22653
-0.46108 1.22632
-0.46087 1.22612
-0.46066 1.22591
-0.46046 1.22571
-0.46025 1.22550
-0.46004 1.22530
-0.45983 1.22509
-0.45962 1.22489
-0.45942 1.22468
-0.45921 1.22448
-0.45900 1.22427
-0.45879 1.22407
-0.45858 1.22386
-0.45838 1.22366
-0.45817 1.22345
-0.45796 1.22326
-0.45776 1.22307
-0.45756 1.22288
-0.45736 1.22269
-0.45716 1.22250
-0.45696 1.22231
-0.45676 1.22213
-0.45656 1.22194
-0.45635 1.22175
-0.45615 1.22156
-0.45595 1.22137
-0.45575 1.22118
-0.45555 1.22099
-0.45535 1.22080
-0.45515 1.22061
-0.45494 1.22042
-0.45474 1.22023
-0.45454 1.22004
-0.45434 1.21985
-0.45414 1.21966
-0.45394 1.21947
-0.45374 1.21928
-0.45353 1.21909
-0.45333 1.21890
-0.45313 1.21871
-0.45293 1.21852
-0.45273 1.21833
-0.45253 1.21814
-0.45232 1.21795
-0.45212 1.21776
-0.45192 1.21757
-0.45172 1.21738
-0.45152 1.21719
-0.45132 1.21700
-0.45111 1.21681
-0.45091 1.21662
-0.45071 1.21643
-0.45051 1.21624
-0.45031 1.21604
-0.45011 1.21585
-0.44990 1.21566
-0.44970 1.21547
-0.44950 1.21528
-0.44930 1.21509
-0.44910 1.21490
-0.44889 1.21470
-0.44869 1.21451
-0.44849 1.21432
-0.44829 1.21413
-0.44809 1.21394
-0.44789 1.21375
-0.44768 1.21355
-0.44748 1.21336
-0.44728 1.21318
-0.44709 1.21300
-0.44689 1.21283
-0.44669 1.21265
-0.44650 1.21247
-0.44630 1.21229
-0.44611 1.21211
-0.44591 1.21194
-0.44571 1.21176
-0.44552 1.21158
-0.44532 1.21140
-0.44512 1.21123
-0.44493 1.21105
-0.44473 1.21087
-0.44454 1.21069
-0.44434 1.21051
-0.44414 1.21033
-0.44395 1.21016
-0.44375 1.20998
-0.44355 1.20980
-0.44336 1.20962
-0.44316 1.20944
-0.44296 1.20926
-0.44277 1.20908
-0.44257 1.20890
-0.44238 1.20873
-0.44218 1.20855
-0.44198 1.20837
-0.44179 1.20819
-0.44159 1.20801
-0.44139 1.20783
-0.44120 1.20765
-0.44100 1.20747
-0.44080 1.20729
-0.44061 1.20711
-0.44041 1.20693
-0.44021 1.20675
-0.44002 1.20657
-0.43982 1.20639
-0.43962 1.20621
-0.43943 1.20603
-0.43923 1.20585
-0.43903 1.20567
-0.43884 1.20549
-0.43864 1.20531
-0.43844 1.20513
-0.43825 1.20495
-0.43805 1.20477
-0.43785 1.20459
-0.43766 1.20441
-0.43746 1.20423
-0.43726 1.20405
-0.43706 1.20387
-0.43687 1.20369
-0.43668 1.20352
-0.43648 1.20335
-0.43629 1.20319
-0.43610 1.20303
-0.43591 1.20286
-0.43572 1.20270
-0.43553 1.20253
-0.43534 1.20237
-0.43515 1.20220
-0.43496 1.20204
-0.43477 1.20187
-0.43458 1.20171
-0.43439 1.20154
-0.43420 1.20138
-0.43401 1.20122
-0.43382 1.20105
-0.43363 1.20089
-0.43344 1.20072
-0.43325 1.20056
-0.43306 1.20039
-0.43287 1.20022
-0.43268 1.20006
-0.43249 1.19989
-0.43230 1.19973
-0.43211 1.19956
-0.43192 1.19940
-0.43172 1.19923
-0.43153 1.19907
-0.43134 1.19890
-0.43115 1.19874
-0.43096 1.19857
-0.43077 1.19840
-0.43058 1.19824
-0.43039 1.19807
-0.43020 1.19791
-0.43001 1.19774
-0.42982 1.19757
-0.42963 1.19741
-0.42944 1.19724
-0.42925 1.19707
-0.42906 1.19691
-0.42886 1.19674
-0.42867 1.19657
-0.42848 1.19641
-0.42829 1.19624
-0.42810 1.19607
-0.42791 1.19591
-0.42772 1.19574
-0.42753 1.19557
-0.42734 1.19541
-0.42715 1.19525
-0.42697 1.19511
-0.42679 1.19497
-0.42661 1.19483
-0.42643 1.19469
-0.42625 1.19454
-0.42607 1.19440
-0.42589 1.19426
-0.42570 1.19412
-0.42552 1.19398
-0.42534 1.19383
-0.42516 1.19369
-0.42498 1.19355
-0.42480 1.19341
-0.42462 1.19327
-0.42444 1.19312
-0.42426 1.19298
-0.42408 1.19284
-0.42389 1.19270
-0.42371 1.19255
-0.42353 1.19241
-0.42335 1.19227
-0.42317 1.19212
-0.42299 1.19198
-0.42281 1.19184
-0.42263 1.19170
-0.42245 1.19155
-0.42226 1.19141
-0.42208 1.19127
-0.42190 1.19112
-0.42172 1.19098
-0.42154 1.19084
-0.42136 1.19069
-0.42118 1.19055
-0.42100 1.19041
-0.42082 1.19026
-0.42063 1.19012
-0.42045 1.18998
-0.42027 1.18983
-0.42009 1.18969
-0.41991 1.18955
-0.41973 1.18940
