-1.27252 2.40282
-1.27247 2.40259
-1.27242 2.40236
-1.27237 2.40214
-1.27231 2.40191
-1.27226 2.40168
-1.27221 2.40145
-1.27216 2.40122
-1.27211 2.40099
-1.27206 2.40076
-1.27201 2.40053
-1.27195 2.40031
-1.27190 2.40008
-1.27185 2.39985
-1.27180 2.39962
-1.27175 2.39939
-1.27169 2.39916
-1.27164 2.39893
-1.27159 2.39871
-1.27154 2.39848
-1.27149 2.39825
-1.27143 2.39802
-1.27138 2.39779
-1.27133 2.39756
-1.27128 2.39733
-1.27123 2.39710
-1.27117 2.39688
-1.27112 2.39665
-1.27107 2.39642
-1.27102 2.39619
-1.27097 2.39596
-1.27091 2.39573
-1.27086 2.39550
-1.27081 2.39527
-1.27076 2.39504
-1.27070 2.39482
-1.27065 2.39459
-1.27060 2.39436
-1.27055 2.39413
-1.27049 2.39390
-1.27044 2.39367
-1.27039 2.39344
-1.27033 2.39321
-1.27028 2.39299
-1.27023 2.39275
-1.27021 2.39252
-1.27018 2.39228
-1.27016 2.39205
-1.27013 2.39181
-1.27011 2.39157
-1.27008 2.39134
-1.27006 2.39110
-1.27003 2.39086
-1.27001 2.39063
-1.26998 2.39039
-1.26996 2.39015
-1.26993 2.38992
-1.26990 2.38968
-1.26988 2.38944
-1.26985 2.38921
-1.26983 2.38897
-1.26980 2.38873
-1.26977 2.38850
-1.26975 2.38826
-1.26972 2.38802
-1.26970 2.38779
-1.26967 2.38755
-1.26964 2.38731
-1.26962 2.38708
-1.26959 2.38684
-1.26957 2.38660
-1.26954 2.38637
-1.26951 2.38613
-1.26949 2.38589
-1.26946 2.38566
-1.26943 2.38542
-1.26941 2.38518
-1.26938 2.38495
-1.26935 2.38471
-1.26933 2.38447
-1.26930 2.38424
-1.26927 2.38400
-1.26924 2.38376
-1.26922 2.38353
-1.26919 2.38329
-1.26916 2.38305
-1.26914 2.38282
-1.26911 2.38258
-1.26908 2.38234
-1.26905 2.38211
-1.26903 2.38187
-1.26900 2.38163
-1.26897 2.38140
-1.26894 2.38116
-1.26892 2.38092
-1.26889 2.38069
-1.26886 2.38045
-1.26883 2.38021
-1.26880 2.37998
-1.26878 2.37974
-1.26875 2.37950
-1.26872 2.37926
-1.26871 2.37902
-1.26870 2.37878
-1.26870 2.37854
-1.26870 2.37829
-1.26870 2.37805
-1.26869 2.37780
-1.26869 2.37756
-1.26869 2.37732
-1.26868 2.37707
-1.26868 2.37683
-1.26868 2.37658
-1.26867 2.37634
-1.26867 2.37610
-1.26867 2.37585
-1.26866 2.37561
-1.26866 2.37536
-1.26866 2.37512
-1.26865 2.37487
-1.26865 2.37463
-1.26865 2.37439
-1.26864 2.37414
-1.26864 2.37390
-1.26863 2.37365
-1.26863 2.37341
-1.26863 2.37317
-1.26862 2.37292
-1.26862 2.37268
-1.26861 2.37243
-1.26861 2.37219
-1.26860 2.37194
-1.26860 2.37170
-1.26859 2.37146
-1.26859 2.37121
-1.26858 2.37097
-1.26858 2.37072
-1.26857 2.37048
-1.26857 2.37023
-1.26856 2.36999
-1.26856 2.36975
-1.26855 2.36950
-1.26855 2.36926
-1.26854 2.36901
-1.26854 2.36877
-1.26853 2.36852
-1.26853 2.36828
-1.26852 2.36803
-1.26852 2.36779
-1.26851 2.36755
-1.26850 2.36730
-1.26850 2.36706
-1.26849 2.36681
-1.26849 2.36657
-1.26848 2.36632
-1.26847 2.36608
-1.26847 2.36583
-1.26846 2.36559
-1.26846 2.36534
-1.26845 2.36510
-1.26844 2.36486
-1.26844 2.36461
-1.26843 2.36437
-1.26842 2.36412
-1.26842 2.36388
-1.26841 2.36363
-1.26840 2.36339
-1.26840 2.36314
-1.26840 2.36290
-1.26840 2.36265
-1.26840 2.36240
-1.26840 2.36216
-1.26840 2.36191
-1.26840 2.36166
-1.26840 2.36142
-1.26840 2.36117
-1.26840 2.36092
-1.26840 2.36067
-1.26840 2.36043
-1.26840 2.36018
-1.26840 2.35993
-1.26840 2.35969
-1.26840 2.35944
-1.26839 2.35919
-1.26839 2.35895
-1.26839 2.35870
-1.26839 2.35845
-1.26839 2.35821
-1.26839 2.35796
-1.26839 2.35771
-1.26839 2.35746
-1.26839 2.35722
-1.26838 2.35697
-1.26838 2.35672
-1.26838 2.35648
-1.26838 2.35623
-1.26838 2.35598
-1.26838 2.35574
-1.26837 2.35549
-1.26837 2.35524
-1.26837 2.35499
-1.26837 2.35475
-1.26837 2.35450
-1.26836 2.35425
-1.26836 2.35401
-1.26836 2.35376
-1.26836 2.35351
-1.26835 2.35326
-1.26835 2.35302
-1.26835 2.35277
-1.26835 2.35252
-1.26834 2.35228
-1.26834 2.35203
-1.26834 2.35178
-1.26833 2.35153
-1.26833 2.35129
-1.26833 2.35104
-1.26833 2.35079
-1.26832 2.35054
-1.26832 2.35030
-1.26832 2.35005
-1.26831 2.34980
-1.26831 2.34956
-1.26830 2.34931
-1.26830 2.34906
-1.26830 2.34881
-1.26829 2.34857
-1.26829 2.34832
-1.26829 2.34807
-1.26828 2.34782
-1.26828 2.34758
-1.26827 2.34733
-1.26827 2.34708
-1.26826 2.34683
-1.26826 2.34659
-1.26826 2.34634
-1.26825 2.34609
-1.26825 2.34584
-1.26824 2.34560
-1.26824 2.34535
-1.26823 2.34510
-1.26823 2.34485
-1.26822 2.34461
-1.26822 2.34436
-1.26821 2.34411
-1.26821 2.34386
-1.26820 2.34362
-1.26821 2.34336
-1.26822 2.34311
-1.26823 2.34286
-1.26823 2.34261
-1.26824 2.34236
-1.26825 2.34211
-1.26826 2.34186
-1.26826 2.34160
-1.26827 2.34135
-1.26828 2.34110
-1.26828 2.34085
-1.26829 2.34060
-1.26830 2.34035
-1.26830 2.34009
-1.26831 2.33984
-1.26832 2.33959
-1.26832 2.33934
-1.26833 2.33909
-1.26834 2.33884
-1.26834 2.33858
-1.26835 2.33833
-1.26835 2.33808
-1.26836 2.33783
-1.26837 2.33758
-1.26837 2.33732
-1.26838 2.33707
-1.26838 2.33682
-1.26839 2.33657
-1.26839 2.33632
-1.26840 2.33607
-1.26840 2.33581
-1.26841 2.33556
-1.26841 2.33531
-1.26842 2.33506
-1.26842 2.33481
-1.26843 2.33455
-1.26843 2.33430
-1.26844 2.33405
-1.26844 2.33380
-1.26845 2.33355
-1.26845 2.33329
-1.26846 2.33304
-1.26846 2.33279
-1.26847 2.33254
-1.26847 2.33229
-1.26847 2.33203
-1.26848 2.33178
-1.26848 2.33153
-1.26849 2.33128
-1.26849 2.33102
-1.26849 2.33077
-1.26850 2.33052
-1.26850 2.33027
-1.26851 2.33002
-1.26851 2.32976
-1.26851 2.32951
-1.26852 2.32926
-1.26852 2.32901
-1.26852 2.32876
-1.26853 2.32850
-1.26853 2.32825
-1.26853 2.32800
-1.26853 2.32775
-1.26854 2.32749
-1.26854 2.32724
-1.26854 2.32699
-1.26855 2.32674
-1.26855 2.32648
-1.26855 2.32623
-1.26855 2.32598
-1.26855 2.32573
-1.26856 2.32547
-1.26856 2.32522
-1.26856 2.32497
-1.26857 2.32471
-1.26859 2.32446
-1.26861 2.32420
-1.26863 2.32394
-1.26865 2.32368
-1.26867 2.32342
-1.26869 2.32317
-1.26870 2.32291
-1.26872 2.32265
-1.26874 2.32239
-1.26876 2.32213
-1.26878 2.32188
-1.26880 2.32162
-1.26882 2.32136
-1.26883 2.32110
-1.26885 2.32084
-1.26887 2.32058
-1.26889 2.32033
-1.26891 2.32007
-1.26892 2.31981
-1.26894 2.31955
-1.26896 2.31929
-1.26898 2.31903
-1.26900 2.31878
-1.26901 2.31852
-1.26903 2.31826
-1.26905 2.31800
-1.26906 2.31774
-1.26908 2.31748
-1.26910 2.31723
-1.26912 2.31697
-1.26913 2.31671
-1.26915 2.31645
-1.26917 2.31619
-1.26918 2.31593
-1.26920 2.31567
-1.26922 2.31542
-1.26923 2.31516
-1.26925 2.31490
-1.26926 2.31464
-1.26928 2.31438
-1.26930 2.31412
-1.26931 2.31386
-1.26933 2.31361
-1.26934 2.31335
-1.26936 2.31309
-1.26937 2.31283
-1.26939 2.31257
-1.26941 2.31231
-1.26942 2.31205
-1.26944 2.31179
-1.26945 2.31154
-1.26947 2.31128
-1.26948 2.31102
-1.26950 2.31076
-1.26951 2.31050
-1.26953 2.31024
-1.26954 2.30998
-1.26955 2.30972
-1.26957 2.30946
-1.26958 2.30921
-1.26960 2.30895
-1.26961 2.30869
-1.26963 2.30843
-1.26964 2.30817
-1.26965 2.30791
-1.26967 2.30765
-1.26968 2.30739
-1.26970 2.30713
-1.26971 2.30687
-1.26972 2.30662
-1.26974 2.30636
-1.26975 2.30610
-1.26976 2.30584
-1.26978 2.30558
-1.26979 2.30532
-1.26980 2.30506
-1.26981 2.30480
-1.26983 2.30454
-1.26984 2.30428
-1.26985 2.30402
-1.26987 2.30376
-1.26988 2.30350
-1.26989 2.30324
-1.26990 2.30298
-1.26992 2.30272
-1.26995 2.30246
-1.26997 2.30220
-1.26999 2.30194
-1.27001 2.30167
-1.27003 2.30141
-1.27004 2.30115
-1.27006 2.30089
-1.27008 2.30063
-1.27010 2.30036
-1.27012 2.30010
-1.27014 2.29984
-1.27016 2.29958
-1.27018 2.29931
-1.27020 2.29905
-1.27022 2.29879
-1.27024 2.29853
-1.27026 2.29827
-1.27028 2.29800
-1.27029 2.29774
-1.27031 2.29748
-1.27033 2.29722
-1.27035 2.29695
-1.27037 2.29669
-1.27039 2.29643
-1.27040 2.29617
-1.27042 2.29590
-1.27044 2.29564
-1.27046 2.29538
-1.27048 2.29512
-1.27049 2.29485
-1.27051 2.29459
-1.27053 2.29433
-1.27055 2.29406
-1.27056 2.29380
-1.27058 2.29354
-1.27060 2.29328
-1.27061 2.29301
-1.27063 2.29275
-1.27065 2.29249
-1.27066 2.29223
-1.27068 2.29196
-1.27070 2.29170
-1.27071 2.29144
-1.27073 2.29117
-1.27075 2.29091
-1.27076 2.29065
-1.27078 2.29039
-1.27080 2.29012
-1.27081 2.28986
-1.27083 2.28960
-1.27084 2.28933
-1.27086 2.28907
-1.27087 2.28881
-1.27089 2.28855
-1.27091 2.28828
-1.27092 2.28802
-1.27094 2.28776
-1.27095 2.28749
-1.27097 2.28723
-1.27098 2.28697
-1.27100 2.28670
-1.27101 2.28644
-1.27103 2.28618
-1.27104 2.28591
-1.27106 2.28565
-1.27107 2.28539
-1.27109 2.28512
-1.27110 2.28486
-1.27111 2.28460
-1.27113 2.28433
-1.27114 2.28407
-1.27116 2.28381
-1.27117 2.28354
-1.27118 2.28328
-1.27120 2.28302
-1.27121 2.28275
-1.27123 2.28249
-1.27124 2.28223
-1.27125 2.28196
-1.27127 2.28170
-1.27128 2.28144
-1.27129 2.28117
-1.27131 2.28091
-1.27132 2.28065
-1.27133 2.28038
-1.27134 2.28012
-1.27136 2.27985
-1.27137 2.27959
-1.27140 2.27932
-1.27143 2.27905
-1.27147 2.27878
-1.27150 2.27851
-1.27154 2.27823
-1.27157 2.27796
-1.27160 2.27769
-1.27164 2.27742
-1.27167 2.27715
-1.27171 2.27688
-1.27174 2.27660
-1.27177 2.27633
-1.27181 2.27606
-1.27184 2.27579
-1.27187 2.27552
-1.27191 2.27525
-1.27194 2.27497
-1.27197 2.27470
-1.27200 2.27443
-1.27204 2.27416
-1.27207 2.27389
-1.27210 2.27361
-1.27213 2.27334
-1.27217 2.27307
-1.27220 2.27280
-1.27223 2.27253
-1.27226 2.27225
-1.27229 2.27198
-1.27233 2.27171
-1.27236 2.27144
-1.27239 2.27117
-1.27242 2.27089
-1.27245 2.27062
-1.27248 2.27035
-1.27252 2.27008
-1.27255 2.26980
-1.27258 2.26953
-1.27261 2.26926
-1.27264 2.26899
-1.27267 2.26871
-1.27270 2.26844
-1.27273 2.26817
-1.27276 2.26790
-1.27279 2.26762
-1.27282 2.26735
-1.27285 2.26708
-1.27288 2.26681
-1.27291 2.26653
-1.27294 2.26626
-1.27297 2.26599
-1.27300 2.26572
-1.27303 2.26544
-1.27306 2.26517
-1.27309 2.26490
-1.27312 2.26463
-1.27315 2.26435
-1.27318 2.26408
-1.27320 2.26381
-1.27323 2.26353
-1.27326 2.26326
-1.27329 2.26299
-1.27332 2.26272
-1.27335 2.26244
-1.27338 2.26217
-1.27340 2.26190
-1.27343 2.26162
-1.27346 2.26135
-1.27349 2.26108
-1.27352 2.26080
-1.27354 2.26053
-1.27357 2.26026
-1.27360 2.25998
-1.27363 2.25971
-1.27365 2.25944
-1.27368 2.25917
-1.27371 2.25889
-1.27374 2.25862
-1.27376 2.25835
-1.27379 2.25807
-1.27382 2.25780
-1.27384 2.25753
-1.27387 2.25725
-1.27390 2.25698
-1.27392 2.25671
-1.27395 2.25643
-1.27397 2.25616
-1.27400 2.25588
-1.27403 2.25561
-1.27405 2.25534
-1.27408 2.25506
-1.27412 2.25478
-1.27417 2.25450
-1.27422 2.25422
-1.27427 2.25394
-1.27432 2.25365
-1.27437 2.25337
-1.27441 2.25309
-1.27446 2.25281
-1.27451 2.25252
-1.27456 2.25224
-1.27461 2.25196
-1.27465 2.25167
-1.27470 2.25139
-1.27475 2.25111
-1.27480 2.25082
-1.27485 2.25054
-1.27489 2.25026
-1.27494 2.24998
-1.27499 2.24969
-1.27503 2.24941
-1.27508 2.24913
-1.27513 2.24884
-1.27517 2.24856
-1.27522 2.24828
-1.27527 2.24799
-1.27531 2.24771
-1.27536 2.24743
-1.27541 2.24714
-1.27545 2.24686
-1.27550 2.24658
-1.27554 2.24629
-1.27559 2.24601
-1.27564 2.24572
-1.27568 2.24544
-1.27573 2.24516
-1.27577 2.24487
-1.27582 2.24459
-1.27586 2.24431
-1.27591 2.24402
-1.27595 2.24374
-1.27600 2.24346
-1.27604 2.24317
-1.27609 2.24289
-1.27613 2.24260
-1.27617 2.24232
-1.27622 2.24204
-1.27626 2.24175
-1.27631 2.24147
-1.27635 2.24118
-1.27639 2.24090
-1.27644 2.24062
-1.27648 2.24033
-1.27652 2.24005
-1.27657 2.23976
-1.27661 2.23948
-1.27665 2.23919
-1.27670 2.23891
-1.27674 2.23863
-1.27678 2.23834
-1.27682 2.23806
-1.27687 2.23777
-1.27691 2.23749
-1.27695 2.23720
-1.27699 2.23692
-1.27703 2.23663
-1.27708 2.23635
-1.27712 2.23607
-1.27716 2.23578
-1.27720 2.23550
-1.27724 2.23521
-1.27728 2.23493
-1.27733 2.23464
-1.27737 2.23436
-1.27741 2.23407
-1.27745 2.23379
-1.27749 2.23350
-1.27753 2.23322
-1.27757 2.23293
-1.27761 2.23265
-1.27765 2.23236
-1.27769 2.23208
-1.27773 2.23179
-1.27777 2.23151
-1.27781 2.23122
-1.27786 2.23093
-1.27790 2.23065
-1.27794 2.23036
-1.27798 2.23008
-1.27803 2.22979
-1.27807 2.22950
-1.27811 2.22922
-1.27815 2.22893
-1.27819 2.22864
-1.27823 2.22836
-1.27828 2.22807
-1.27832 2.22778
-1.27836 2.22750
-1.27840 2.22721
-1.27844 2.22692
-1.27848 2.22664
-1.27852 2.22635
-1.27856 2.22606
-1.27860 2.22578
-1.27864 2.22549
-1.27868 2.22520
-1.27872 2.22492
-1.27876 2.22463
-1.27880 2.22434
-1.27884 2.22405
-1.27888 2.22377
-1.27892 2.22348
-1.27896 2.22319
-1.27900 2.22291
-1.27904 2.22262
-1.27908 2.22233
-1.27912 2.22204
-1.27916 2.22176
-1.27920 2.22147
-1.27924 2.22118
-1.27927 2.22090
-1.27931 2.22061
-1.27935 2.22032
-1.27939 2.22003
-1.27943 2.21975
-1.27946 2.21946
-1.27950 2.21917
-1.27954 2.21888
-1.27958 2.21860
-1.27962 2.21831
-1.27965 2.21802
-1.27969 2.21773
-1.27973 2.21744
-1.27977 2.21716
-1.27980 2.21687
-1.27984 2.21658
-1.27988 2.21629
-1.27991 2.21601
-1.27995 2.21572
-1.27999 2.21543
-1.28002 2.21514
-1.28006 2.21485
-1.28010 2.21456
-1.28013 2.21428
-1.28017 2.21399
-1.28020 2.21370
-1.28024 2.21341
-1.28027 2.21312
-1.28031 2.21284
-1.28035 2.21255
-1.28038 2.21226
-1.28042 2.21197
-1.28045 2.21168
-1.28049 2.21139
-1.28052 2.21111
-1.28056 2.21082
-1.28059 2.21053
-1.28062 2.21024
-1.28066 2.20995
-1.28069 2.20966
-1.28073 2.20937
-1.28076 2.20909
-1.28080 2.20880
-1.28083 2.20851
-1.28086 2.20822
-1.28090 2.20793
-1.28093 2.20764
-1.28096 2.20735
-1.28100 2.20706
-1.28103 2.20678
-1.28106 2.20649
-1.28109 2.20620
-1.28113 2.20591
-1.28116 2.20562
-1.28119 2.20533
-1.28122 2.20504
-1.28126 2.20475
-1.28129 2.20446
-1.28132 2.20418
-1.28135 2.20389
-1.28138 2.20360
-1.28141 2.20331
-1.28145 2.20302
-1.28148 2.20273
-1.28151 2.20244
-1.28154 2.20215
-1.28157 2.20186
-1.28160 2.20157
-1.28163 2.20128
-1.28166 2.20099
-1.28169 2.20071
-1.28172 2.20042
-1.28176 2.20013
-1.28179 2.19984
-1.28182 2.19955
-1.28185 2.19926
-1.28188 2.19897
-1.28191 2.19868
-1.28194 2.19839
-1.28196 2.19810
-1.28199 2.19781
-1.28202 2.19752
-1.28205 2.19723
-1.28208 2.19694
-1.28211 2.19665
-1.28214 2.19636
-1.28217 2.19607
-1.28220 2.19578
-1.28223 2.19549
-1.28226 2.19520
-1.28228 2.19491
-1.28231 2.19462
-1.28234 2.19433
-1.28237 2.19404
-1.28240 2.19375
-1.28243 2.19346
-1.28245 2.19317
-1.28248 2.19288
-1.28251 2.19259
-1.28254 2.19230
-1.28256 2.19201
-1.28259 2.19172
-1.28262 2.19143
-1.28265 2.19114
-1.28267 2.19085
-1.28270 2.19056
-1.28273 2.19027
-1.28275 2.18998
-1.28278 2.18968
-1.28281 2.18939
-1.28283 2.18910
-1.28286 2.18881
-1.28289 2.18852
-1.28291 2.18823
-1.28294 2.18794
-1.28296 2.18765
-1.28299 2.18736
-1.28302 2.18707
-1.28304 2.18678
-1.28307 2.18649
-1.28309 2.18620
-1.28312 2.18590
-1.28314 2.18561
-1.28317 2.18532
-1.28319 2.18503
-1.28322 2.18474
-1.28325 2.18444
-1.28329 2.18415
-1.28332 2.18385
-1.28335 2.18356
-1.28339 2.18326
-1.28342 2.18297
-1.28345 2.18267
-1.28348 2.18238
-1.28352 2.18208
-1.28355 2.18179
-1.28358 2.18149
-1.28361 2.18119
-1.28365 2.18090
-1.28368 2.18060
-1.28371 2.18031
-1.28374 2.18001
-1.28377 2.17972
-1.28380 2.17942
-1.28384 2.17912
-1.28387 2.17883
-1.28390 2.17853
-1.28393 2.17824
-1.28396 2.17794
-1.28399 2.17765
-1.28402 2.17735
-1.28405 2.17705
-1.28408 2.17676
-1.28411 2.17646
-1.28414 2.17617
-1.28417 2.17587
-1.28420 2.17557
-1.28423 2.17528
-1.28426 2.17498
-1.28429 2.17468
-1.28432 2.17439
-1.28435 2.17409
-1.28438 2.17379
-1.28441 2.17350
-1.28444 2.17320
-1.28447 2.17291
-1.28450 2.17261
-1.28453 2.17231
-1.28456 2.17202
-1.28459 2.17172
-1.28461 2.17142
-1.28464 2.17113
-1.28467 2.17083
-1.28470 2.17053
-1.28473 2.17023
-1.28476 2.16994
-1.28478 2.16964
-1.28481 2.16934
-1.28484 2.16905
-1.28487 2.16875
-1.28489 2.16845
-1.28492 2.16816
-1.28495 2.16786
-1.28498 2.16756
-1.28500 2.16726
-1.28503 2.16697
-1.28506 2.16667
-1.28508 2.16637
-1.28511 2.16608
-1.28514 2.16578
-1.28516 2.16548
-1.28519 2.16518
-1.28522 2.16489
-1.28524 2.16459
-1.28527 2.16429
-1.28530 2.16399
-1.28532 2.16370
-1.28535 2.16340
-1.28537 2.16310
-1.28540 2.16280
-1.28542 2.16250
-1.28545 2.16221
-1.28547 2.16191
-1.28550 2.16161
-1.28552 2.16131
-1.28555 2.16102
-1.28557 2.16072
-1.28560 2.16042
-1.28562 2.16012
-1.28565 2.15982
-1.28567 2.15953
-1.28570 2.15923
-1.28572 2.15893
-1.28575 2.15863
-1.28578 2.15833
-1.28580 2.15803
-1.28583 2.15773
-1.28585 2.15743
-1.28588 2.15713
-1.28591 2.15683
-1.28593 2.15653
-1.28596 2.15623
-1.28599 2.15593
-1.28601 2.15563
-1.28604 2.15533
-1.28606 2.15503
-1.28609 2.15473
-1.28611 2.15443
-1.28614 2.15413
-1.28616 2.15383
-1.28619 2.15353
-1.28621 2.15323
-1.28624 2.15293
-1.28626 2.15263
-1.28629 2.15233
-1.28631 2.15203
-1.28634 2.15173
-1.28636 2.15143
-1.28639 2.15113
-1.28641 2.15083
-1.28643 2.15053
-1.28646 2.15023
-1.28648 2.14993
-1.28651 2.14962
-1.28653 2.14932
-1.28655 2.14902
-1.28658 2.14872
-1.28660 2.14842
-1.28662 2.14812
-1.28664 2.14782
-1.28667 2.14752
-1.28669 2.14722
-1.28671 2.14692
-1.28674 2.14662
-1.28676 2.14631
-1.28678 2.14601
-1.28680 2.14571
-1.28683 2.14541
-1.28685 2.14511
-1.28687 2.14481
-1.28689 2.14451
-1.28691 2.14421
-1.28694 2.14390
-1.28696 2.14360
-1.28698 2.14330
-1.28700 2.14300
-1.28702 2.14270
-1.28704 2.14240
-1.28706 2.14210
-1.28708 2.14179
-1.28711 2.14149
-1.28713 2.14119
-1.28715 2.14089
-1.28717 2.14059
-1.28719 2.14029
-1.28721 2.13998
-1.28723 2.13968
-1.28725 2.13938
-1.28727 2.13908
-1.28729 2.13878
-1.28731 2.13847
-1.28733 2.13817
-1.28735 2.13787
-1.28737 2.13757
-1.28739 2.13727
-1.28741 2.13696
-1.28743 2.13666
-1.28745 2.13636
-1.28746 2.13606
-1.28748 2.13575
-1.28750 2.13545
-1.28752 2.13515
-1.28754 2.13485
-1.28756 2.13454
-1.28758 2.13424
-1.28761 2.13393
-1.28764 2.13362
-1.28766 2.13332
-1.28769 2.13301
-1.28772 2.13270
-1.28775 2.13239
-1.28778 2.13208
-1.28781 2.13177
-1.28783 2.13146
-1.28786 2.13116
-1.28789 2.13085
-1.28792 2.13054
-1.28794 2.13023
-1.28797 2.12992
-1.28800 2.12961
-1.28803 2.12930
-1.28805 2.12900
-1.28808 2.12869
-1.28811 2.12838
-1.28813 2.12807
-1.28816 2.12776
-1.28819 2.12745
-1.28821 2.12714
-1.28824 2.12683
-1.28827 2.12652
-1.28829 2.12621
-1.28832 2.12590
-1.28834 2.12559
-1.28837 2.12529
-1.28839 2.12498
-1.28842 2.12467
-1.28845 2.12436
-1.28847 2.12405
-1.28850 2.12374
-1.28852 2.12343
-1.28855 2.12312
-1.28857 2.12281
-1.28860 2.12250
-1.28862 2.12219
-1.28864 2.12188
-1.28867 2.12157
-1.28869 2.12126
-1.28872 2.12095
-1.28874 2.12064
-1.28877 2.12033
-1.28879 2.12002
-1.28881 2.11971
-1.28884 2.11940
-1.28886 2.11909
-1.28888 2.11878
-1.28891 2.11847
-1.28893 2.11816
-1.28895 2.11785
-1.28898 2.11754
-1.28900 2.11723
-1.28902 2.11692
-1.28904 2.11661
-1.28907 2.11630
-1.28909 2.11599
-1.28911 2.11567
-1.28913 2.11536
-1.28916 2.11505
-1.28918 2.11474
-1.28920 2.11443
-1.28922 2.11412
-1.28924 2.11381
-1.28927 2.11350
-1.28929 2.11319
-1.28931 2.11288
-1.28933 2.11257
-1.28935 2.11225
-1.28937 2.11194
-1.28939 2.11163
-1.28942 2.11132
-1.28946 2.11100
-1.28949 2.11068
-1.28953 2.11036
-1.28956 2.11004
-1.28960 2.10972
-1.28963 2.10940
-1.28967 2.10908
-1.28970 2.10876
-1.28973 2.10844
-1.28977 2.10812
-1.28980 2.10780
-1.28984 2.10748
-1.28987 2.10716
-1.28990 2.10684
-1.28994 2.10652
-1.28997 2.10620
-1.29000 2.10588
-1.29003 2.10556
-1.29007 2.10524
-1.29010 2.10492
-1.29013 2.10460
-1.29016 2.10428
-1.29020 2.10396
-1.29023 2.10364
-1.29026 2.10332
-1.29029 2.10299
-1.29032 2.10267
-1.29036 2.10235
-1.29039 2.10203
-1.29042 2.10171
-1.29045 2.10139
-1.29048 2.10107
-1.29051 2.10075
-1.29054 2.10043
-1.29057 2.10011
-1.29061 2.09979
-1.29064 2.09947
-1.29067 2.09914
-1.29070 2.09882
-1.29073 2.09850
-1.29076 2.09818
-1.29079 2.09786
-1.29082 2.09754
-1.29085 2.09722
-1.29088 2.09689
-1.29091 2.09657
-1.29094 2.09625
-1.29096 2.09593
-1.29099 2.09561
-1.29102 2.09529
-1.29105 2.09496
-1.29108 2.09464
-1.29111 2.09432
-1.29114 2.09400
-1.29117 2.09368
-1.29119 2.09335
-1.29122 2.09303
-1.29125 2.09271
-1.29128 2.09239
-1.29131 2.09207
-1.29133 2.09175
-1.29136 2.09143
-1.29138 2.09111
-1.29140 2.09079
-1.29143 2.09047
-1.29145 2.09015
-1.29147 2.08983
-1.29150 2.08950
-1.29152 2.08918
-1.29154 2.08886
-1.29156 2.08854
-1.29159 2.08822
-1.29161 2.08790
-1.29163 2.08758
-1.29165 2.08726
-1.29168 2.08694
-1.29170 2.08662
-1.29172 2.08630
-1.29174 2.08598
-1.29176 2.08566
-1.29178 2.08534
-1.29181 2.08502
-1.29183 2.08470
-1.29185 2.08437
-1.29187 2.08405
-1.29189 2.08373
-1.29191 2.08341
-1.29193 2.08309
-1.29195 2.08277
-1.29197 2.08245
-1.29199 2.08213
-1.29201 2.08181
-1.29204 2.08148
-1.29206 2.08116
-1.29208 2.08084
-1.29210 2.08052
-1.29212 2.08020
-1.29213 2.07988
-1.29215 2.07955
-1.29217 2.07923
-1.29219 2.07891
-1.29221 2.07859
-1.29223 2.07827
-1.29225 2.07795
-1.29227 2.07762
-1.29229 2.07730
-1.29231 2.07698
-1.29233 2.07666
-1.29234 2.07634
-1.29236 2.07601
-1.29238 2.07569
-1.29240 2.07537
-1.29242 2.07505
-1.29243 2.07472
-1.29245 2.07440
-1.29247 2.07408
-1.29249 2.07376
-1.29251 2.07343
-1.29252 2.07311
-1.29254 2.07279
-1.29256 2.07247
-1.29257 2.07214
-1.29259 2.07182
-1.29261 2.07150
-1.29264 2.07117
-1.29266 2.07084
-1.29269 2.07051
-1.29271 2.07018
-1.29273 2.06986
-1.29276 2.06953
-1.29278 2.06920
-1.29281 2.06887
-1.29283 2.06854
-1.29285 2.06821
-1.29288 2.06788
-1.29290 2.06756
-1.29293 2.06723
-1.29295 2.06690
-1.29297 2.06657
-1.29299 2.06624
-1.29302 2.06591
-1.29304 2.06558
-1.29306 2.06525
-1.29309 2.06492
-1.29311 2.06460
-1.29313 2.06427
-1.29315 2.06394
-1.29318 2.06361
-1.29320 2.06328
-1.29322 2.06295
-1.29324 2.06262
-1.29326 2.06229
-1.29328 2.06196
-1.29331 2.06163
-1.29333 2.06130
-1.29335 2.06097
-1.29337 2.06064
-1.29339 2.06031
-1.29341 2.05998
-1.29343 2.05965
-1.29345 2.05932
-1.29347 2.05899
-1.29349 2.05866
-1.29351 2.05833
-1.29353 2.05800
-1.29355 2.05767
-1.29357 2.05734
-1.29359 2.05701
-1.29361 2.05668
-1.29363 2.05635
-1.29365 2.05602
-1.29367 2.05569
-1.29369 2.05536
-1.29371 2.05503
-1.29373 2.05470
-1.29375 2.05437
-1.29377 2.05404
-1.29379 2.05370
-1.29382 2.05336
-1.29385 2.05302
-1.29388 2.05268
-1.29391 2.05234
-1.29394 2.05201
-1.29397 2.05167
-1.29400 2.05133
-1.29403 2.05099
-1.29406 2.05065
-1.29409 2.05031
-1.29412 2.04997
-1.29415 2.04963
-1.29418 2.04929
-1.29421 2.04895
-1.29424 2.04861
-1.29427 2.04827
-1.29429 2.04793
-1.29432 2.04759
-1.29435 2.04725
-1.29438 2.04691
-1.29441 2.04657
-1.29443 2.04623
-1.29446 2.04589
-1.29449 2.04555
-1.29452 2.04521
-1.29454 2.04487
-1.29457 2.04453
-1.29460 2.04419
-1.29462 2.04385
-1.29465 2.04351
-1.29468 2.04317
-1.29470 2.04283
-1.29473 2.04249
-1.29476 2.04215
-1.29478 2.04181
-1.29481 2.04146
-1.29484 2.04112
-1.29486 2.04078
-1.29489 2.04044
-1.29491 2.04010
-1.29494 2.03976
-1.29497 2.03941
-1.29502 2.03906
-1.29506 2.03870
-1.29511 2.03834
-1.29516 2.03799
-1.29520 2.03763
-1.29525 2.03727
-1.29529 2.03692
-1.29534 2.03656
-1.29538 2.03620
-1.29543 2.03584
-1.29547 2.03549
-1.29552 2.03513
-1.29556 2.03477
-1.29561 2.03442
-1.29565 2.03406
-1.29570 2.03370
-1.29574 2.03334
-1.29579 2.03299
-1.29583 2.03263
-1.29587 2.03227
-1.29592 2.03191
-1.29596 2.03155
-1.29600 2.03120
-1.29605 2.03084
-1.29609 2.03048
-1.29613 2.03012
-1.29618 2.02976
-1.29622 2.02940
-1.29626 2.02905
