82.15983 25.00000 4.10799 1.25000
82.16544 25.00000 4.10827 1.25000
82.17050 25.00000 4.10852 1.25000
82.17555 25.00000 4.10878 1.25000
82.18060 25.00000 4.10903 1.25000
82.18565 25.00000 4.10928 1.25000
82.19071 25.00000 4.10954 1.25000
82.19576 25.00000 4.10979 1.25000
82.20081 25.00000 4.11004 1.25000
82.20642 25.00000 4.11032 1.25000
82.21147 25.00000 4.11057 1.25000
82.21653 25.00000 4.11083 1.25000
82.22158 25.00000 4.11108 1.25000
82.22663 25.00000 4.11133 1.25000
82.23168 25.00000 4.11158 1.25000
82.23673 25.00000 4.11184 1.25000
82.24234 25.00000 4.11212 1.25000
82.24739 25.00000 4.11237 1.25000
82.25244 25.00000 4.11262 1.25000
82.25749 25.00000 4.11287 1.25000
82.26254 25.00000 4.11313 1.25000
82.26815 25.00000 4.11341 1.25000
82.27320 25.00000 4.11366 1.25000
82.27825 25.00000 4.11391 1.25000
82.28330 25.00000 4.11416 1.25000
82.28835 25.00000 4.11442 1.25000
82.29340 25.00000 4.11467 1.25000
82.29900 25.00000 4.11495 1.25000
82.30405 25.00000 4.11520 1.25000
82.30910 25.00000 4.11546 1.25000
82.31415 25.00000 4.11571 1.25000
82.31976 25.00000 4.11599 1.25000
82.32481 25.00000 4.11624 1.25000
82.32985 25.00000 4.11649 1.25000
82.33490 25.00000 4.11674 1.25000
82.33995 25.00000 4.11700 1.25000
82.34555 25.00000 4.11728 1.25000
82.35060 25.00000 4.11753 1.25000
82.35565 25.00000 4.11778 1.25000
82.36069 25.00000 4.11803 1.25000
82.36630 25.00000 4.11832 1.25000
82.37135 25.00000 4.11857 1.25000
82.37639 25.00000 4.11882 1.25000
82.38200 25.00000 4.11910 1.25000
82.38704 25.00000 4.11935 1.25000
82.39265 25.00000 4.11963 1.25000
82.39769 25.00000 4.11988 1.25000
82.40330 25.00000 4.12016 1.25000
82.40834 25.00000 4.12042 1.25000
82.41395 25.00000 4.12070 1.25000
82.41899 25.00000 4.12095 1.25000
82.42460 25.00000 4.12123 1.25000
82.42964 25.00000 4.12148 1.25000
82.43525 25.00000 4.12176 1.25000
82.44029 25.00000 4.12201 1.25000
82.44589 25.00000 4.12229 1.25000
82.45094 25.00000 4.12255 1.25000
82.45654 25.00000 4.12283 1.25000
82.46214 25.00000 4.12311 1.25000
82.46719 25.00000 4.12336 1.25000
82.47279 25.00000 4.12364 1.25000
82.47783 25.00000 4.12389 1.25000
82.48343 25.00000 4.12417 1.25000
82.48848 25.00000 4.12442 1.25000
82.49408 25.00000 4.12470 1.25000
82.49968 25.00000 4.12498 1.25000
82.50472 25.00000 4.12524 1.25000
82.51032 25.00000 4.12552 1.25000
82.51536 25.00000 4.12577 1.25000
82.52096 25.00000 4.12605 1.25000
82.52656 25.00000 4.12633 1.25000
82.53160 25.00000 4.12658 1.25000
82.53720 25.00000 4.12686 1.25000
82.54224 25.00000 4.12711 1.25000
82.54784 25.00000 4.12739 1.25000
82.55344 25.00000 4.12767 1.25000
82.55848 25.00000 4.12792 1.25000
82.56408 25.00000 4.12820 1.25000
82.56912 25.00000 4.12846 1.25000
82.57472 25.00000 4.12874 1.25000
82.58032 25.00000 4.12902 1.25000
82.58536 25.00000 4.12927 1.25000
82.59096 25.00000 4.12955 1.25000
82.59655 25.00000 4.12983 1.25000
82.60159 25.00000 4.13008 1.25000
82.60719 25.00000 4.13036 1.25000
82.61279 25.00000 4.13064 1.25000
82.61782 25.00000 4.13089 1.25000
82.62342 25.00000 4.13117 1.25000
82.62902 25.00000 4.13145 1.25000
82.63405 25.00000 4.13170 1.25000
82.63965 25.00000 4.13198 1.25000
82.64525 25.00000 4.13226 1.25000
82.65084 25.00000 4.13254 1.25000
82.65644 25.00000 4.13282 1.25000
82.66203 25.00000 4.13310 1.25000
82.66763 25.00000 4.13338 1.25000
82.67322 25.00000 4.13366 1.25000
82.67882 25.00000 4.13394 1.25000
82.68441 25.00000 4.13422 1.25000
82.68945 25.00000 4.13447 1.25000
82.69504 25.00000 4.13475 1.25000
82.70064 25.00000 4.13503 1.25000
82.70623 25.00000 4.13531 1.25000
82.71182 25.00000 4.13559 1.25000
82.71742 25.00000 4.13587 1.25000
82.72301 25.00000 4.13615 1.25000
82.72860 25.00000 4.13643 1.25000
82.73420 25.00000 4.13671 1.25000
82.73979 25.00000 4.13699 1.25000
82.74538 25.00000 4.13727 1.25000
82.75097 25.00000 4.13755 1.25000
82.75656 25.00000 4.13783 1.25000
82.76216 25.00000 4.13811 1.25000
82.76775 25.00000 4.13839 1.25000
82.77334 25.00000 4.13867 1.25000
82.77893 25.00000 4.13895 1.25000
82.78452 25.00000 4.13923 1.25000
82.79011 25.00000 4.13951 1.25000
82.79570 25.00000 4.13978 1.25000
82.80129 25.00000 4.14006 1.25000
82.80688 25.00000 4.14034 1.25000
82.81247 25.00000 4.14062 1.25000
82.81806 25.00000 4.14090 1.25000
82.82365 25.00000 4.14118 1.25000
82.82924 25.00000 4.14146 1.25000
82.83483 25.00000 4.14174 1.25000
82.84041 25.00000 4.14202 1.25000
82.84600 25.00000 4.14230 1.25000
82.85159 25.00000 4.14258 1.25000
82.85718 25.00000 4.14286 1.25000
82.86277 25.00000 4.14314 1.25000
82.86835 25.00000 4.14342 1.25000
82.87394 25.00000 4.14370 1.25000
82.87953 25.00000 4.14398 1.25000
82.88511 25.00000 4.14426 1.25000
82.89070 25.00000 4.14454 1.25000
82.89629 25.00000 4.14481 1.25000
82.90243 25.00000 4.14512 1.25000
82.90802 25.00000 4.14540 1.25000
82.91360 25.00000 4.14568 1.25000
82.91975 25.00000 4.14599 1.25000
82.92533 25.00000 4.14627 1.25000
82.93092 25.00000 4.14655 1.25000
82.93706 25.00000 4.14685 1.25000
82.94264 25.00000 4.14713 1.25000
82.94823 25.00000 4.14741 1.25000
82.95437 25.00000 4.14772 1.25000
82.95995 25.00000 4.14800 1.25000
82.96610 25.00000 4.14830 1.25000
82.97168 25.00000 4.14858 1.25000
82.97726 25.00000 4.14886 1.25000
82.98340 25.00000 4.14917 1.25000
82.98899 25.00000 4.14945 1.25000
82.99513 25.00000 4.14976 1.25000
83.00071 25.00000 4.15004 1.25000
83.00629 25.00000 4.15031 1.25000
83.01243 25.00000 4.15062 1.25000
83.01801 25.00000 4.15090 1.25000
83.02415 25.00000 4.15121 1.25000
83.02973 25.00000 4.15149 1.25000
83.03531 25.00000 4.15177 1.25000
83.04145 25.00000 4.15207 1.25000
83.04703 25.00000 4.15235 1.25000
83.05317 25.00000 4.15266 1.25000
83.05875 25.00000 4.15294 1.25000
83.06489 25.00000 4.15324 1.25000
83.07047 25.00000 4.15352 1.25000
83.07605 25.00000 4.15380 1.25000
83.08218 25.00000 4.15411 1.25000
83.08776 25.00000 4.15439 1.25000
83.09390 25.00000 4.15470 1.25000
83.09948 25.00000 4.15497 1.25000
83.10561 25.00000 4.15528 1.25000
83.11119 25.00000 4.15556 1.25000
83.11733 25.00000 4.15587 1.25000
83.12290 25.00000 4.15615 1.25000
83.12904 25.00000 4.15645 1.25000
83.13462 25.00000 4.15673 1.25000
83.14075 25.00000 4.15704 1.25000
83.14633 25.00000 4.15732 1.25000
83.15246 25.00000 4.15762 1.25000
83.15804 25.00000 4.15790 1.25000
