torque_1 torque_1_t torque_2 torque_2_t
-1.2921 -0.021875 -0.303874 -0.0875
-1.29705 0.678125 -0.296674 -0.30625
-1.302 0.91875 -0.289774 -0.13125
-1.16027 1.11563 -0.283447 -0.0875
-1.30798 1.18125 -0.277991 -0.35
-1.00503 1.44375 -0.272536 -0.39375
-1.03382 1.26875 -0.268824 -0.371875
-0.915937 1.55313 -0.265986 -0.175
-0.959264 1.26875 -0.262274 -0.328125
-0.960289 1.4875 -0.257691 -0.196875
-1.03707 1.50937 -0.251363 -0.415625
-1.3156 1.35625 -0.245908 -0.196875
-1.01266 1.55313 -0.240452 -0.196875
-1.01107 1.53125 -0.237913 -0.35
-0.762346 1.29062 -0.234202 -0.35
-0.92197 1.37813 -0.230491 -0.196875
-1.08159 1.18125 -0.22678 -0.39375
-1.08393 0.896875 -0.221324 -0.415625
-0.967348 0.896875 -0.217613 -0.39375
-0.920837 1.26875 -0.219426 -0.109375
-0.845251 1.37813 -0.212808 -0.13125
-1.00488 1.225 -0.211132 -0.35
-1.12265 1.4875 -0.202769 -0.415625
-1.23997 1.3125 -0.197313 -0.371875
-0.874951 1.55313 -0.193602 -0.35
-0.710835 1.29062 -0.191636 -0.065625
-0.707935 1.18125 -0.188797 -0.39375
-0.91117 1.15938 -0.184213 -0.04375
-1.07472 1.18125 -0.177313 -0.109375
-1.00306 1.37813 -0.171858 -0.109375
-0.959164 1.24687 -0.167274 -0.04375
-0.841276 1.26875 -0.163563 -0.30625
-0.91282 1.225 -0.160724 -0.35
-0.912537 1.53125 -0.161665 -0.328125
-0.867334 1.15938 -0.153302 -0.0875
-0.836668 0.896875 -0.151917 0
-1.07029 1.53125 -0.145008 -0.35
-0.953706 1.26875 -0.144204 -0.35
-0.909812 1.37813 -0.136713 -0.459375
-0.90822 0.83125 -0.133874 -0.48125
-0.951548 1.33438 -0.130163 -0.328125
-0.950406 1.24687 -0.127324 -0.30625
-0.90692 1.225 -0.12245 -0.30625
-1.06344 1.05 -0.11843 -0.459375
-0.988667 1.33438 -0.114419 -0.35
-0.780449 1.35625 -0.112152 0
-0.848434 0.9625 -0.109586 -0.328125
-1.09348 1.09375 -0.105574 -0.371875
-1.283 1.37813 -0.0998189 -0.2625
-1.16592 1.50937 -0.0949356 0.0875
-0.809718 1.05 -0.0941133 -0.328125
-0.642494 1.24687 -0.0935911 -0.065625
-0.636486 0.853125 -0.0921967 -0.459375
-0.983291 0.721875 -0.0878856 -0.30625
-0.985133 1.24687 -0.0812578 0.065625
-1.11519 1.3125 -0.0763744 -0.021875
-0.863362 1.3125 -0.0738078 0.13125
-0.815051 1.4 -0.0715411 -0.2625
-0.692746 1.44375 -0.0701467 0.175
-0.731657 1.33438 -0.0667078 0.30625
-0.771876 1.09375 -0.0635689 -0.175
-0.958775 1.225 -0.0595578 0.109375
-1.0003 0.984375 -0.0552467 -0.415625
-0.879306 1.33438 -0.05298 -0.196875
-0.71339 1.15938 -0.0515856 0.13125
-0.665079 0.721875 -0.0481467 -0.4375
-0.70399 0.525 -0.04588 0.21875
-0.905426 1.00625 -0.0409967 -0.30625
-0.904651 1.225 -0.0355226 0.109375
-0.815345 1.07187 -0.03093 0.13125
-0.736651 0.678125 -0.0295356 -0.415625
-0.59981 1.20312 -0.0278411 0.13125
-0.755467 1.18125 -0.0293541 -0.30625
-0.884217 1.15938 -0.0206911 -0.021875
-0.999739 1.02812 -0.0155078 0.21875
-0.997655 1.29062 -0.0114967 -0.065625
-0.628221 0.7875 -0.00923 -0.2625
-0.549527 0.984375 -0.00753556 0.04375
-0.543519 0.9625 -0.00614111 -0.30625
-0.774028 0.590625 -0.00213 0.196875
-1.16706 1.02812 0.00392556 -0.2625
-0.861009 1.26875 0.00880889 0.0875
-0.607871 1.11563 0.00962185 0.0875
-0.43803 0.984375 0.0101533 -0.30625
-0.681768 0.765625 0.0132922 -0.04375
-1.14794 0.9625 0.0190478 -0.30625
-0.798273 1.26875 0.0242311 0.109375
-0.705042 1.07187 0.0256256 -0.04375
-0.584046 1.02812 0.0281922 0.13125
-0.696951 0.940625 0.025807 -0.30625
-0.943305 0.9625 0.0370867 -0.04375
-0.826234 1.20312 0.04227 -0.021875
-0.824151 1.05 0.0462811 -0.30625
-0.61724 1.09375 0.04942 0
-0.772898 1.05 0.0528589 0.0875
-0.815734 1.09375 0.0577422 0.2625
-0.974866 1.00625 0.0629256 0.21875
-0.682042 1.11563 0.0669367 0.153125
-0.678651 1.07187 0.0700756 0
-0.71887 0.984375 0.0735144 0.13125
-0.995607 1.15938 0.0801422 0.04375
-0.923455 1.29062 0.0832904 0.196875
-0.718303 1.225 0.0902089 -0.021875
-0.642226 1.02812 0.0933478 0.175
-0.637526 1.09375 0.0959144 0
-0.986949 1.00625 0.10167 0.13125
-0.871186 1.26875 0.107726 -0.021875
-1.10431 1.09375 0.113481 0
-0.666567 1.37813 0.117492 0.109375
-0.663176 1.05 0.120931 0.021875
-0.587957 1.02812 0.124942 0.2625
-0.746189 0.984375 0.130426 0.21875
-1.09602 1.07187 0.137353 0.065625
-1.09827 1.1375 0.145153 0.240625
-0.659176 1.33438 0.149464 0.021875
-0.537279 0.984375 0.152031 0.328125
-0.650592 0.984375 0.156342 0.021875
-1.08764 0.984375 0.16327 0.328125
-1.08989 1.225 0.17107 0.065625
-1.08953 1.3125 0.177426 0.371875
-0.647817 1.44375 0.179992 0.065625
-0.687587 1.09375 0.183431 0.13125
-0.684603 1.07187 0.187742 0.065625
-1.07805 1.07187 0.19467 0.065625
-1.08029 1.225 0.20247 0.4375
-0.687428 1.29062 0.208526 0.0875
-0.886655 1.18125 0.211964 0.0875
-0.843986 1.18125 0.219192 0.284375
-0.843619 1.07187 0.225248 0.13125
-0.799641 1.15938 0.231303 0.4375
-1.07548 1.29062 0.237359 0.284375
-1.00288 0.984375 0.243414 0.13125
-0.95759 1.09375 0.248598 0.196875
-0.679712 1.50937 0.253781 0.13125
-0.795641 1.20312 0.260137 0.153125
-0.955182 1.15938 0.266192 0.284375
-1.07373 1.50937 0.273992 0.196875
-0.885689 1.33438 0.28092 0.2625
-0.957149 1.20312 0.286103 0.21875
-1.044 1.3125 0.292159 0.13125
-1.07271 1.4 0.298514 0.39375
-0.765759 1.4 0.303698 0.39375
-0.631942 1.24687 0.308009 0.30625
-0.792791 1.05 0.314937 0.459375
-1.0717 1.15938 0.322737 0.371875
-1.07394 1.24687 0.330537 0.39375
-1.0445 1.37813 0.336892 0.2625
-0.766626 1.4875 0.342076 0.4375
-0.996235 1.4 0.346387 0.240625
-1.07117 1.35625 0.354187 0.35
-1.07387 0.940625 0.361987 0.503125
-1.0735 1.37813 0.368042 0.6125
-0.765242 1.4875 0.372653 0.415625
-0.879864 0.7875 0.377837 0.328125
-0.880805 0.809375 0.384764 0.65625
-1.07249 1.24687 0.392564 0.4375
-1.07474 1.3125 0.400364 0.590625
-1.07699 1.37813 0.408464 0.525
-1.00393 1.53125 0.41452 0.415625
-0.885105 1.3125 0.418831 0.6125
-0.842436 1.26875 0.425759 0.546875
-1.07597 1.35625 0.432687 0.48125
-1.07822 1.42188 0.440787 0.634375
-1.07961 1.4 0.447714 0.525
-1.08055 1.44375 0.454642 0.4375
-0.803983 1.44375 0.460698 0.56875
-1.08113 1.4 0.465881 0.371875
-0.93715 1.4 0.473109 0.678125
-1.08477 1.29062 0.480909 0.634375
-1.08571 1.50937 0.487837 0.56875
-1.08665 1.4 0.494764 0.7
-1.08804 1.42188 0.501992 0.65625
-1.08899 1.4875 0.50892 0.6125
-1.08862 1.46562 0.514976 0.525
-0.784734 1.64062 0.521031 0.6125
-0.857052 1.3125 0.527387 0.678125
-1.0919 1.3125 0.535187 0.328125
-1.0946 1.4875 0.542987 0.678125
-1.09684 1.4875 0.550787 0.7
-0.907497 1.29062 0.55597 0.896875
-1.09611 1.33438 0.562326 0.765625
-1.09881 1.11563 0.570126 1.00625
-1.10106 1.53125 0.578507 0.371875
-1.102 1.4875 0.583981 0.721875
-1.1034 1.24687 0.591209 0.984375
-1.10434 1.61875 0.597264 0.809375
-1.10528 1.18125 0.605646 0.7875
-1.10536 1.33438 0.609376 0.809375
-0.917322 1.55313 0.621255 0.7875
-1.10769 1.44375 0.622659 0.896875
-1.10994 1.4 0.635111 0.83125
-1.11219 1.59688 0.636814 0.809375
-1.11359 1.53125 0.643742 0.83125
-0.96785 1.4875 0.648926 0.91875
-1.11416 1.4 0.658761 0.875
-1.11686 1.575 0.663081 0.83125
-1.11911 1.59688 0.670009 0.9625
-1.00376 1.4875 0.676064 0.940625
-1.00425 1.50937 0.683292 0.91875
-1.00474 1.35625 0.689648 0.91875
-1.12284 1.53125 0.700655 0.83125
-1.12419 1.46562 0.704103 1.02812
-1.12599 1.68437 0.711903 0.91875
-0.850275 1.59688 0.718259 0.91875
-0.9816 1.33438 0.728394 0.91875
-1.12746 1.35625 0.736494 0.940625
-1.12926 1.44375 0.741977 0.91875
-1.13061 1.46562 0.751531 1.07187
-0.8549 1.59688 0.754389 1.15938
-0.899002 1.29062 0.759 1.00625
-1.13339 1.24687 0.7671 0.984375
-1.13519 1.70625 0.769676 1.18125
-1.13699 1.37813 0.781555 0.940625
-1.01988 1.6625 0.781224 0.65625
-1.13798 1.50937 0.789033 1.1375
-1.13933 1.64062 0.798287 1.02812
-1.13982 0.940625 0.798246 1.24687
-1.14162 1.53125 0.809253 1.18125
-1.02582 1.4875 0.806887 1.15938
-0.8664 1.02812 0.817894 1.05
-1.1444 1.4 0.824831 1.20312
-1.1462 1.6625 0.82479 1.05
-1.148 1.53125 0.83667 1.1375
-0.872291 1.50937 0.839237 1.24687
-1.0763 1.29062 0.841522 1.1375
-1.15079 1.44375 0.849622 1.11563
-1.15214 1.575 0.855687 1.20312
-1.15263 1.575 0.85739 1.1375
-1.15443 1.55313 0.866072 1.26875
-1.15492 1.55313 0.870683 1.07187
-1.15672 1.55313 0.878783 1.18125
-1.15721 1.90312 0.87787 1.11563
-1.15901 1.59688 0.890322 1.20312
-1.16081 1.75 0.891153 1.15938
-1.01593 1.53125 0.897509 1.20312
-1.1631 1.44375 0.905609 1.44375
-1.1636 1.70625 0.915744 0.853125
-1.16539 1.575 0.921518 1.24687
-1.16719 1.53125 0.92642 1.24687
-1.16638 1.575 0.932776 1.20312
-1.16818 1.575 0.940585 1.24687
-1.16867 1.53125 0.949266 1.24687
-1.17047 1.575 0.958239 1.33438
-1.17096 1.68437 0.963722 1.24687
-0.89525 1.575 0.965126 1.24687
-1.17325 1.37813 0.974679 1.29062
-1.17374 1.53125 0.982489 1.35625
-1.17554 1.81563 0.990589 1.18125
-1.17604 1.55313 0.991129 1.26875
-1.17653 1.68437 0.999811 1.35625
-1.17833 1.68437 1.00704 1.33438
-1.17927 1.6625 1.00932 1.24687
-1.17976 1.68437 1.01568 1.29062
-1.18025 1.61875 1.02581 1.37813
-1.18205 1.61875 1.03217 1.4
-1.18124 1.70625 1.03853 1.3125
-1.18304 1.61875 1.03994 1.35625
-0.950936 1.42188 1.04164 1.42188
-1.18533 1.64062 1.04771 1.35625
-0.881851 1.4875 1.05959 1.575
-1.18762 1.44375 1.06042 1.33438
-1.18942 1.70625 1.07055 1.4
-1.19167 1.64062 1.07516 1.4
-1.19347 1.70625 1.07832 1.4
-1.19396 1.79375 1.08526 1.3125
-1.19445 1.59688 1.089 1.6625
-1.19625 1.72812 1.09128 1.4
-1.19805 1.53125 1.09909 1.53125
-1.19985 1.61875 1.1034 1.68437
-1.20165 1.575 1.10801 1.53125
-1.2039 1.6625 1.11117 1.4875
-1.2057 1.6625 1.11578 1.61875
-0.973602 1.6625 1.12185 1.46562
-1.20799 1.575 1.12559 1.35625
-1.20979 1.53125 1.13078 1.55313
-1.21159 1.53125 1.13306 1.4875
-1.21384 1.61875 1.13768 1.44375
-1.21564 1.68437 1.14229 1.61875
-1.21744 1.75 1.14603 1.44375
-1.21924 1.61875 1.14889 1.4875
-1.22105 1.6625 1.15438 1.64062
-1.22329 1.61875 1.15725 1.64062
-1.22509 1.6625 1.16012 1.55313
-1.2269 1.75 1.16473 1.53125
-1.22869 1.75 1.16672 1.05
-1.22919 1.77188 1.16697 1.55313
-1.23144 1.6625 1.17042 1.79375
-1.23324 1.77188 1.17067 1.575
-1.23504 1.70625 1.16918 1.55313
-1.23684 1.77188 1.17175 1.575
-1.23909 1.90312 1.17113 1.46562
-1.24089 1.70625 1.17051 1.55313
-1.24269 1.75 1.1696 1.61875
-1.24449 1.88125 1.16578 1.50937
-1.24674 1.79375 1.16486 1.55313
-1.24854 1.72812 1.1625 1.72812
-1.25034 1.72812 1.15926 1.53125
-1.25214 1.68437 1.15602 1.575
-1.25349 1.53125 1.15511 1.50937
-1.25484 1.72812 1.14693 1.46562
-1.25574 1.75 1.1437 1.4875
-1.25709 1.90312 1.13815 1.44375
-1.25844 1.81563 1.13316 1.44375
-1.25979 1.81563 1.12499 1.4875
-1.26069 1.6625 1.12089 1.50937
-1.26204 1.68437 1.11649 1.55313
-1.26339 1.81563 1.10948 1.46562
-1.26429 1.81563 1.10538 1.42188
-1.26564 1.99063 1.09109 1.50937
-1.26699 1.72812 1.08699 1.50937
-1.26834 1.77188 1.07184 1.44375
-1.26924 1.70625 1.06802 1.42188
-1.27059 1.85938 1.05548 1.44375
-1.27194 1.72812 1.04557 1.42188
-1.27329 1.72812 1.0371 1.44375
-1.27419 1.70625 1.02631 1.44375
-1.27554 1.72812 1.01174 1.44375
-1.27689 1.70625 1.00182 1.46562
-1.27824 1.88125 0.991024 1.44375
-1.27959 1.75 0.984887 1.46562
-1.28049 1.70625 0.979622 1.55313
-1.28184 1.72812 0.974929 1.46562
-1.28319 1.96875 0.97199 1.44375
-1.28454 1.29062 0.96847 1.42188
-1.28589 1.37813 0.967848 1.61875
-1.28724 1.81563 0.966944 1.02812
-1.28814 1.6625 0.967494 1.35625
-1.28949 1.75 0.9663 1.35625
-1.29084 1.64062 0.967131 1.37813
-1.29219 1.75 0.966227 1.35625
-1.29354 1.53125 0.966777 1.3125
-1.29489 1.96875 0.964711 1.24687
-1.29448 1.33438 0.965833 1.53125
-1.29583 1.26875 0.966383 1.4875
-1.29587 1.925 0.965189 1.44375
-1.29591 1.88125 0.966311 1.37813
-1.29726 1.925 0.965407 1.4
-1.22331 1.925 0.966829 1.4875
-1.17974 1.77188 0.968251 1.33438
-1.01987 1.20312 0.967339 1.33438
-1.29743 1.4875 0.972831 1.33438
-1.29878 1.6625 0.978614 1.26875
-1.30013 1.70625 0.98527 1.35625
-0.993134 1.88125 0.988727 1.4875
-1.02094 1.55313 0.992466 1.33438
-1.15182 1.50937 0.997377 1.35625
-1.29854 1.05 1.00113 1.46562
-1.29989 1.3125 1.01389 1.46562
-1.10964 1.35625 1.01792 1.4
-1.01984 1.59688 1.01876 1.46562
-1.22209 1.29062 1.02221 1.4
-1.29613 1.59688 1.028 1.37813
-1.29617 1.50937 1.03378 1.46562
-1.061 1.8375 1.04304 1.29062
-0.987051 1.6625 1.04621 1.4
-1.14438 1.4 1.05112 1.3125
-1.2911 1.6625 1.05603 1.33438
-1.29245 1.4 1.05891 1.61875
-1.2185 1.70625 1.06323 1.37813
-1.01241 1.61875 1.06727 1.53125
-1.28604 1.575 1.07363 1.4
-1.28739 1.72812 1.08029 1.46562
-1.28612 1.925 1.08229 1.64062
-0.979576 1.3125 1.08981 1.46562
-0.933389 1.20312 1.09647 1.4875
-1.28101 1.68437 1.09905 1.46562
-1.28236 1.26875 1.10425 1.53125
-1.28416 1.68437 1.11469 1.4875
-1.00669 1.85938 1.12134 1.55313
-1.13495 1.55313 1.12363 1.50937
-1.09138 1.575 1.13174 1.53125
-1.28171 1.50937 1.14014 1.44375
-1.28306 1.64062 1.1436 1.53125
-1.28441 1.75 1.15025 1.55313
-1.16685 1.70625 1.16011 1.55313
-1.28188 1.61875 1.16384 1.55313
-1.28192 1.68437 1.16556 1.55313
-1.28372 1.81563 1.17541 1.53125
-1.28507 1.70625 1.18352 1.59688
-1.16882 1.72812 1.18843 1.59688
-1.21247 1.72812 1.18956 1.70625
-1.05129 1.68437 1.19825 1.6625
-1.28524 1.61875 1.19851 1.59688
-1.28659 1.72812 1.20778 1.55313
-1.28839 1.79375 1.21036 1.68437
-1.01222 1.77188 1.21527 1.59688
-1.28978 1.55313 1.22018 1.6625
-1.28982 1.64062 1.22568 1.575
-1.29117 1.70625 1.23233 1.64062
-1.29297 1.70625 1.23463 1.6625
-1.10403 1.64062 1.24099 1.64062
-1.29436 1.55313 1.2459 1.68437
-1.29571 1.68437 1.24877 1.70625
-1.29706 1.85938 1.25048 1.6625
-1.29886 1.79375 1.2551 1.59688
-1.30021 1.72812 1.2574 1.68437
-1.30066 1.77188 1.26173 1.70625
-1.30156 1.6625 1.26316 1.70625
-1.30246 2.03437 1.26459 1.64062
-1.30336 2.03437 1.26688 1.68437
-1.30381 1.81563 1.26773 1.72812
-1.30471 1.77188 1.26916 1.72812
-1.30561 1.29062 1.27088 1.75
-1.30651 1.77188 1.27143 1.70625
-1.30696 2.12188 1.27373 1.925
-1.30786 1.85938 1.27166 1.81563
-1.30876 1.70625 1.27077 1.75
-1.30966 1.77188 1.26958 1.75
-1.31011 1.90312 1.26955 1.72812
-1.31101 1.72812 1.26691 1.79375
-1.31191 1.72812 1.26659 1.72812
-1.31281 1.72812 1.26628 1.77188
-1.31371 1.79375 1.2645 1.68437
-1.31416 1.79375 1.26535 1.75
-1.31506 1.90312 1.26503 1.6625
-1.31596 1.90312 1.26414 1.6625
-1.31686 1.925 1.26237 1.75
-1.31776 1.85938 1.2603 1.64062
-1.31866 1.81563 1.25999 1.64062
-1.31911 1.42188 1.25734 1.70625
-1.32001 1.85938 1.25528 1.70625
-1.32091 1.72812 1.25409 1.72812
-1.32181 1.79375 1.25058 1.6625
-1.32271 1.77188 1.24678 1.61875
-1.32361 1.6625 1.24704 1.61875
-1.32451 1.79375 1.24614 1.64062
-1.32541 2.05625 1.24059 1.72812
-1.32631 2.07812 1.23533 1.61875
-1.32676 1.79375 1.23153 1.72812
-1.32766 1.79375 1.2219 1.61875
-1.32856 1.79375 1.21985 1.6625
-1.32946 1.88125 1.20993 1.575
-1.33036 1.50937 1.2038 1.55313
-1.33126 1.35625 1.19506 1.68437
-1.33216 2.03437 1.18863 1.44375
-1.33306 1.29062 1.17988 1.61875
-1.33396 1.90312 1.17114 1.59688
-1.33486 1.37813 1.16471 1.59688
-1.33576 1.50937 1.15684 1.68437
-1.33666 1.81563 1.14984 1.55313
-1.33756 1.88125 1.14341 1.53125
-1.33846 1.85938 1.13728 1.61875
-1.33936 1.61875 1.13115 1.64062
-1.34026 1.925 1.12066 1.64062
-1.34116 1.94687 1.11569 1.61875
-1.34206 1.85938 1.10956 1.61875
-1.34296 1.55313 1.10895 1.59688
-1.34386 1.81563 1.10631 1.1375
-1.34476 1.85938 1.10484 1.4875
-1.34566 1.61875 1.10626 1.81563
-1.34656 1.96875 1.1074 1.55313
-1.34746 1.94687 1.11087 1.59688
-1.34836 1.46562 1.11229 1.64062
-1.34971 2.03437 1.11605 1.26875
-1.35061 2.05625 1.11777 1.4875
-1.35151 1.53125 1.12268 1.55313
-1.35241 1.96875 1.12557 1.575
-1.35331 1.8375 1.13136 1.53125
-1.12031 1.42188 1.13627 1.68437
-1.3538 1.64062 1.14003 1.53125
-1.1208 1.99063 1.14669 1.575
-1.3543 1.72812 1.14958 1.46562
-1.35389 1.72812 1.15507 1.81563
-1.28255 1.96875 1.1597 1.46562
-1.28083 1.81563 1.16142 1.50937
-1.35311 1.26875 1.16953 1.72812
-1.32363 1.85938 1.17242 1.50937
-1.35099 1.70625 1.17472 1.46562
-1.07437 1.85938 1.17993 1.70625
-1.34931 1.6625 1.18484 1.55313
-1.3489 1.90312 1.19151 1.6625
-1.3498 1.59688 1.19933 1.59688
-1.15911 1.925 1.20862 1.53125
-1.04109 1.26875 1.21178 1.99063
-1.11382 1.575 1.21496 1.64062
-1.34731 1.59688 1.22744 1.26875
-1.34821 1.77188 1.23527 1.61875
-0.996298 1.24687 1.24048 1.90312
-1.15494 1.64062 1.24626 1.61875
-1.3422 1.6625 1.25322 1.79375
-1.3431 1.79375 1.2561 1.77188
-1.344 1.72812 1.26248 1.70625
-1.06522 1.33438 1.26739 1.88125
-1.03443 1.59688 1.2726 1.64062
-1.3393 1.1375 1.27955 1.81563
-1.3402 1.75 1.28738 1.59688
-1.34155 1.20312 1.29521 1.64062
-1.26715 1.75 1.30099 1.75
-1.06322 2.07812 1.30795 1.75
-1.33947 1.42188 1.3149 2.0125
-1.34037 1.72812 1.3236 1.8375
-1.34127 1.96875 1.33201 1.75
-1.31093 1.88125 1.33839 1.88125
-1.2233 1.72812 1.35057 1.77188
-1.33919 1.72812 1.35287 1.77188
-1.31146 1.79375 1.3607 1.90312
-1.34144 1.33438 1.3694 1.8375
-1.34234 1.77188 1.37723 1.99063
-1.34238 1.79375 1.38418 1.64062
-1.34283 1.94687 1.39346 1.85938
-1.22392 2.0125 1.39839 1.81563
-1.34066 1.81563 1.40855 1.96875
-1.34111 1.37813 1.42045 1.99063
-1.34111 1.77188 1.4213 1.90312
-1.19488 1.90312 1.43321 1.925
-1.34025 1.72812 1.4364 1.99063
-1.3407 1.4 1.44655 2.05625
-1.34115 1.85938 1.45613 1.94687
-1.3403 1.35625 1.46076 1.90312
-1.3403 1.90312 1.46714 2.0125
-1.34074 1.81563 1.4712 1.96875
-1.34119 1.81563 1.48281 2.07812
-1.34119 1.79375 1.48687 2.0125
-1.34165 1.85938 1.49238 2.05625
-1.3421 1.81563 1.50021 2.0125
-1.3421 1.72812 1.50572 2.1
-1.34254 1.81563 1.51267 2.03437
-1.343 1.81563 1.51731 1.96875
-1.34345 1.53125 1.52602 1.99063
-1.34389 1.81563 1.52803 2.03437
-1.34389 1.79375 1.53674 2.03437
-1.34435 1.81563 1.54051 2.1
-1.3448 1.81563 1.54659 2.03437
-1.34524 1.90312 1.55356 2.12188
-1.34524 1.85938 1.55645 2.1
-1.34569 1.90312 1.56079 2.05625
-1.34615 1.88125 1.56456 2.05625
-1.3466 1.81563 1.56832 2.29688
-1.34704 1.79375 1.57209 2.07812
-1.3475 1.90312 1.57468 2.07812
-1.3475 1.77188 1.57991 2.14375
-1.34795 1.94687 1.57931 2.1
-1.34839 1.90312 1.58278 2.1
-1.34884 1.85938 1.58306 2.1
-1.3493 1.85938 1.5874 2.1
-1.34974 1.81563 1.58768 2.40625
-1.35019 2.07812 1.58737 2.16562
-1.35065 1.42188 1.5859 2.14375
-1.3511 1.99063 1.58443 2.1875
-1.3511 1.85938 1.58499 2.1
-1.35154 1.81563 1.57917 2.1
-1.352 2.07812 1.57915 2.07812
-1.35245 1.81563 1.57536 2.05625
-1.35289 1.96875 1.56749 1.99063
-1.35334 1.94687 1.5666 2.03437
-1.4714 1.53125 1.56165 2.05625
-1.35555 1.79375 1.5564 2.07812
-1.356 2.05625 1.55145 2.03437
-1.35645 1.46562 1.54503 2.03437
-1.3569 1.90312 1.53833 2.03437
-1.35735 1.81563 1.53163 2.05625
-1.3578 1.81563 1.52638 2.05625
-1.35825 1.81563 1.51938 2.1
-1.3587 1.81563 1.51297 2.03437
-1.35915 1.94687 1.50191 2.07812
-1.3596 1.90312 1.49259 2.03437
-1.36005 1.81563 1.48211 2.23125
-1.47811 1.81563 1.47105 2.0125
-1.36226 1.96875 1.45969 1.99063
-1.36271 1.81563 1.44718 1.99063
-1.36316 1.81563 1.43379 2.12188
-1.36406 2.0125 1.42389 2.03437
-1.36451 1.94687 1.41021 2.12188
-1.36496 1.81563 1.40089 2.05625
-1.36541 1.81563 1.39273 2.03437
-1.36586 1.81563 1.38865 2.03437
-1.36631 1.29062 1.38457 1.99063
-1.36676 2.05625 1.37554 1.94687
-1.36721 1.44375 1.37146 2.12188
-1.36766 1.99063 1.36156 1.94687
-1.36856 1.94687 1.36038 1.94687
-1.36901 2.07812 1.35251 1.85938
-1.36946 1.96875 1.3493 1.8375
-1.36991 1.94687 1.34522 1.8375
-1.37036 1.99063 1.34084 1.85938
-1.37081 1.90312 1.3417 1.90312
-1.37171 2.03437 1.34227 1.81563
-1.37216 1.94687 1.34342 1.88125
-1.37261 1.90312 1.3437 1.8375
-1.37306 1.94687 1.34484 1.75
-1.3722 1.64062 1.34744 1.96875
-1.3731 2.03437 1.34947 1.81563
-1.37225 1.59688 1.34974 1.94687
-1.37269 1.75 1.35177 1.85938
-1.37314 1.94687 1.35524 1.79375
-1.37274 1.85938 1.35639 1.925
-1.37188 1.85938 1.35318 1.81563
-1.36971 1.85938 1.35346 1.81563
-1.37061 1.79375 1.35286 1.85938
-1.36844 1.90312 1.34791 1.88125
-1.22222 1.85938 1.34906 1.77188
-1.06014 1.77188 1.34556 1.88125
-1.36632 1.64062 1.34583 1.85938
-1.36546 1.94687 1.34204 2.05625
-1.36591 1.85938 1.3429 2.03437
-1.21968 1.81563 1.34085 1.96875
-1.17521 1.68437 1.33939 2.0125
-1.36334 1.68437 1.33792 1.925
-1.36424 2.03437 1.33965 1.90312
-1.36469 2.0125 1.3408 1.79375
-1.36514 1.85938 1.33614 1.75
-1.36428 1.53125 1.33758 1.90312
-1.36342 1.88125 1.33204 1.77188
-1.13128 1.90312 1.33232 1.94687
-1.36432 1.68437 1.32853 1.70625
-1.36522 1.85938 1.32852 1.77188
-1.36567 1.81563 1.32647 1.575
-1.36612 1.85938 1.32239 1.90312
-1.36657 1.6625 1.32267 1.81563
-1.36702 1.8375 1.32266 1.77188
-1.36792 1.99063 1.32061 1.72812
-1.36837 1.94687 1.31652 1.6625
-1.36882 1.90312 1.31681 1.75
-1.36927 1.4875 1.31331 1.72812
-1.36972 1.925 1.3069 1.68437
-1.37062 1.4875 1.30253 1.85938
-1.37107 2.07812 1.29757 1.6625
-1.37152 1.53125 1.29436 1.85938
-1.37197 1.925 1.28796 1.77188
-1.37287 1.46562 1.28126 1.8375
-1.37332 1.85938 1.27427 1.70625
-1.37377 1.94687 1.26844 1.68437
-1.37467 2.03437 1.26261 1.90312
-1.37512 2.1 1.25417 1.72812
-1.37557 1.4875 1.24602 1.81563
-1.37647 1.925 1.23932 1.59688
-1.37692 1.925 1.23437 1.64062
-1.37737 1.46562 1.22621 1.75
-1.37827 1.94687 1.223 1.68437
-1.37872 1.90312 1.21515 1.68437
-1.37917 1.90312 1.21194 1.77188
-1.38007 1.90312 1.2096 1.64062
-1.38052 1.90312 1.20493 1.81563
-1.38097 1.72812 1.20144 1.8375
-1.38187 2.03437 1.19998 1.68437
-1.38232 1.90312 1.20171 1.70625
-1.38322 1.88125 1.19879 1.88125
-1.38367 2.1 1.19936 1.70625
-1.38412 1.42188 1.19906 1.68437
-1.38502 1.79375 1.20108 1.8375
-1.38547 1.99063 1.20136 1.64062
-1.38637 1.53125 1.20368 1.79375
-1.38682 1.90312 1.20483 1.85938
-1.38772 2.03437 1.20598 1.59688
-1.38817 1.4 1.20713 1.6625
-1.38907 1.8375 1.21033 1.79375
-1.38952 1.90312 1.21322 1.68437
-1.39042 1.94687 1.21437 1.75
-1.39087 1.99063 1.21698 1.85938
-1.39177 1.94687 1.21988 1.64062
-1.39222 1.55313 1.22539 1.90312
-1.39312 1.90312 1.228 1.81563
-1.39357 2.07812 1.23264 1.6625
-1.39316 2.0125 1.23379 1.79375
-1.39361 1.85938 1.24279 1.70625
-1.39451 1.925 1.24686 1.75
-1.39496 1.85938 1.25237 1.77188
-1.39455 1.85938 1.25875 1.68437
-1.395 1.90312 1.26224 1.72812
-1.3959 2.1875 1.26949 1.70625
-1.3968 1.4 1.27908 1.81563
-1.27965 1.925 1.27675 1.68437
-1.39685 2.07812 1.28953 1.85938
-1.3973 1.925 1.29446 1.72812
-1.3982 1.85938 1.30085 1.72812
-1.3991 1.88125 1.30665 1.925
-1.20795 1.99063 1.31159 1.8375
-1.39783 1.79375 1.31623 1.88125
-1.39828 1.88125 1.32348 1.88125
-1.39787 1.94687 1.32988 1.925
-1.39877 1.90312 1.33481 1.75
-1.28162 2.07812 1.33887 1.72812
-1.39881 1.8375 1.34526 1.925
-1.16581 2.03437 1.34902 1.79375
-1.39885 1.70625 1.35658 1.88125
-1.39975 1.96875 1.36441 1.8375
-1.40065 2.07812 1.37197 2.07812
-1.25442 1.42188 1.37777 1.81563
-1.09411 1.33438 1.38416 1.94687
-1.40029 1.61875 1.39171 1.85938
-1.40119 1.90312 1.39868 1.925
-1.40164 1.925 1.40623 1.94687
-1.16864 1.88125 1.41261 1.88125
-1.25545 1.75 1.4193 1.88125
-1.40172 1.79375 1.42423 1.94687
-1.40217 1.88125 1.42858 1.88125
-1.40262 1.96875 1.43847 1.79375
-1.40307 1.88125 1.44748 1.99063
-1.40352 1.88125 1.45066 1.88125
-1.40397 1.88125 1.45734 2.16562
-1.40442 1.925 1.46635 2.1
-1.33088 1.90312 1.47216 2.05625
-1.40401 2.05625 1.47361 2.12188
-1.40491 1.96875 1.48232 1.99063
-1.40536 2.23125 1.48494 2.23125
-1.40581 1.94687 1.48988 2.25312
-1.40626 1.96875 1.49481 2.05625
-1.40671 1.8375 1.50033 2.275
-1.40716 1.59688 1.50469 2.05625
-1.40806 1.94687 1.51166 2.0125
-1.40851 1.94687 1.51311 2.29688
-1.40896 1.96875 1.5163 2.05625
-1.40941 1.94687 1.51862 2.1
-1.40986 2.23125 1.52269 2.0125
-1.41076 1.4875 1.52676 2.12188
-1.41121 1.50937 1.53053 2.1875
-1.41166 2.07812 1.53111 2.07812
-1.41211 1.8375 1.53313 2.12188
-1.41301 1.77188 1.53604 2.03437
-1.41346 2.0125 1.53691 2.03437
-1.41391 1.4875 1.53894 2.0125
-1.41436 2.03437 1.54039 2.1
-1.41526 2.0125 1.53922 2.03437
-1.41571 2.05625 1.53951 1.99063
-1.41616 2.1 1.53834 2.0125
-1.41706 2.1875 1.53892 1.96875
-1.41751 1.4875 1.53775 2.03437
-1.41796 1.96875 1.53804 2.1
-1.41886 1.46562 1.53367 2.03437
-1.41931 1.35625 1.53279 2.05625
-1.41976 1.99063 1.52901 2.0125
-1.42066 2.0125 1.52755 2.03437
-1.42111 1.55313 1.5226 2.14375
-1.42201 2.12188 1.51707 2.0125
-1.42246 2.1875 1.51387 1.96875
-1.42291 1.90312 1.50573 2.03437
-1.42381 1.94687 1.49642 2.23125
-1.42426 2.0125 1.48915 2.03437
-1.42516 1.90312 1.47984 2.05625
-1.42561 1.94687 1.47257 2.23125
-1.42606 2.0125 1.46093 2.03437
-1.42696 1.94687 1.45017 2.0125
-1.42741 1.96875 1.43941 1.94687
-1.42831 1.79375 1.42545 2.03437
-1.42876 1.925 1.41324 2.1
-1.42966 1.90312 1.40364 2.20938
-1.43011 2.16562 1.39491 2.03437
-1.43101 1.55313 1.38764 1.64062
-1.43146 2.03437 1.38241 2.03437
-1.43236 1.79375 1.38124 2.05625
-1.43281 1.96875 1.37513 1.99063
-1.43371 1.96875 1.37135 1.96875
-1.43416 1.88125 1.36785 1.925
-1.43506 2.0125 1.36988 1.94687
-1.43551 1.6625 1.36989 1.88125
-1.43641 1.77188 1.36872 2.07812
-1.43686 2.1875 1.36785 2.12188
-1.43776 2.12188 1.36494 1.925
-1.43821 1.94687 1.36377 1.4
-1.43911 1.88125 1.36348 1.42188
-1.44001 2.23125 1.36463 1.79375
-1.44046 1.94687 1.36289 1.8375
-1.44136 2.23125 1.36434 1.77188
-1.4405 2.05625 1.36317 1.90312
-1.4414 1.90312 1.36549 1.77188
-1.4423 1.575 1.3652 1.8375
-1.41106 2.1 1.36433 1.85938
-1.43973 2.1875 1.36171 1.8375
-1.41025 1.94687 1.36287 1.8375
-1.43846 2.12188 1.36258 1.75
-1.36537 1.72812 1.36228 1.81563
-1.43895 1.46562 1.36111 1.94687
-1.43809 2.1875 1.35995 1.81563
-1.24871 2.0125 1.36053 1.85938
-1.43728 2.05625 1.35937 1.77188
-1.43818 2.05625 1.35849 1.85938
-1.32147 2.20938 1.35616 1.79375
-1.43736 1.8375 1.35674 1.90312
-1.43695 2.1875 1.35412 1.77188
-1.43785 1.90312 1.35178 1.96875
-1.36345 1.70625 1.34974 2.03437
-1.2472 1.88125 1.35206 1.8375
-1.43708 1.81563 1.35264 1.8375
-1.43667 1.90312 1.35293 1.96875
-1.43757 1.85938 1.3538 1.96875
-1.43892 1.88125 1.35525 1.94687
-1.43982 1.94687 1.35495 1.925
-1.36673 1.925 1.35379 1.72812
-1.44031 2.12188 1.35349 1.75
-1.44166 1.96875 1.35378 1.85938
-1.29588 1.99063 1.35348 1.70625
-1.44215 1.94687 1.35406 1.75
-1.44305 1.925 1.35202 1.79375
-1.4444 1.94687 1.35115 1.81563
-1.4453 1.925 1.35405 1.96875
-1.4462 1.79375 1.3494 1.90312
-1.44755 2.0125 1.3491 1.6625
-1.44845 1.94687 1.34852 1.77188
-1.44935 1.6625 1.34502 1.79375
-1.44939 1.96875 1.34357 1.35625
-1.45029 2.20938 1.33891 1.68437
-1.4512 1.99063 1.33426 1.90312
-1.45254 1.4875 1.33367 1.77188
-1.45344 2.16562 1.3296 1.75
-1.45435 2.07812 1.3232 1.6625
-1.4557 2.20938 1.31418 1.70625
-1.45659 2.07812 1.30836 1.70625
-1.4575 1.64062 1.30196 1.79375
-1.45885 2.16562 1.29383 1.61875
-1.45974 2.0125 1.28248 1.68437
-1.46109 1.99063 1.27259 1.81563
-1.462 2.29688 1.26183 1.68437
-1.46335 1.99063 1.25223 1.8375
-1.46424 1.8375 1.24293 1.72812
-1.46515 2.05625 1.23246 1.70625
-1.4665 1.75 1.22693 1.90312
-1.46739 2.25312 1.22227 1.64062
-1.46874 2.1875 1.21122 1.8375
-1.46965 1.99063 1.20802 1.8375
-1.471 1.68437 1.20308 1.72812
-1.47189 2.05625 1.1993 1.77188
-1.47324 2.25312 1.19813 1.70625
-1.47415 2.23125 1.19464 1.70625
-1.4755 1.99063 1.19173 1.6625
-1.47639 1.68437 1.19056 1.77188
-1.47774 2.1 1.19085 1.85938
-1.47865 2.07812 1.18795 1.59688
-1.47999 2.12188 1.18678 1.81563
-1.48089 2.05625 1.19085 1.64062
-1.48224 1.61875 1.18881 1.68437
-1.48315 2.34063 1.18793 1.59688
-1.48449 2.23125 1.19055 1.6625
-1.48454 1.85938 1.19287 1.925
-1.48544 2.1875 1.19607 1.61875
-1.20927 1.68437 1.19781 1.72812
-1.3397 1.4 1.19955 1.68437
-1.48642 1.99063 1.20536 1.88125
-1.48777 1.50937 1.20711 1.6625
-1.29838 1.53125 1.21205 1.64062
-1.48479 2.03437 1.21612 1.6625
-1.2954 1.77188 1.22106 1.99063
-1.29544 2.0125 1.22687 1.55313
-1.48315 2.05625 1.23065 1.77188
-1.36645 2.1 1.23123 1.70625
-1.48279 2.05625 1.23675 1.53125
-1.45114 2.14375 1.23908 2.03437
-1.4045 1.96875 1.24053 1.18125
-1.17064 1.96875 1.24576 1.575
-1.32797 1.8375 1.24867 1.70625
-1.24034 2.05625 1.25041 1.81563
-1.47298 1.70625 1.25622 1.925
-1.39903 1.925 1.26204 1.90312
-1.19424 1.85938 1.26204 1.77188
-1.27844 1.79375 1.26668 1.81563
-1.34855 1.81563 1.2696 1.85938
-1.46619 1.8375 1.27541 1.70625
-1.3178 1.90312 1.27744 1.77188
-1.27161 1.77188 1.27918 1.70625
-1.22543 2.0125 1.28238 1.61875
-1.33915 1.72812 1.28383 1.70625
-1.33743 1.8375 1.28616 1.68437
-1.3084 1.925 1.28907 1.77188
-1.30713 1.72812 1.29197 1.85938
-1.42216 1.77188 1.29662 1.81563
-1.44952 2.07812 1.29837 1.72812
-1.44911 1.90312 1.30099 1.85938
-1.37209 1.85938 1.301 1.94687
-1.16686 1.96875 1.30216 1.77188
-1.20744 1.77188 1.30042 1.77188
-1.16342 1.42188 1.29984 1.6625
-1.44053 1.225 1.30305 1.81563
-1.44143 1.75 1.30275 1.925
-1.44102 1.90312 1.30363 1.79375
-1.13403 1.42188 1.30276 1.77188
-1.16007 1.75 1.29957 1.75
-1.24734 1.94687 1.29958 1.72812
-1.43722 1.72812 1.30335 1.75
-1.43812 2.05625 1.30191 1.72812
-1.43902 1.85938 1.30511 1.68437
-1.4373 1.99063 1.30511 1.8375
-1.43689 2.14375 1.30425 1.68437
-1.43649 2.05625 1.30338 1.68437
-1.43739 1.8375 1.30541 1.68437
-1.43874 2.23125 1.30542 1.75
-1.43833 2.12188 1.30368 1.68437
-1.25025 1.61875 1.30339 1.72812
-1.43882 2.0125 1.30224 1.68437
-1.41065 2.07812 1.29875 1.81563
-1.44107 2.03437 1.29265 1.72812
-1.44197 1.90312 1.2915 1.72812
-1.44287 1.99063 1.28422 1.77188
-1.44377 1.61875 1.27725 1.72812
-1.44467 2.25312 1.27261 1.77188
-1.44471 1.90312 1.26563 1.79375
-1.44561 1.72812 1.25633 1.68437
-1.4452 1.925 1.25169 1.8375
-1.37256 1.99063 1.24297 1.75
-1.44614 2.20938 1.23862 1.75
-1.44704 1.99063 1.22961 1.77188
-1.44794 1.90312 1.22845 1.70625
-1.44929 1.925 1.22293 1.90312
-1.45019 1.99063 1.21974 1.77188
-1.4511 2.05625 1.21857 1.77188
-1.45244 2.1875 1.21713 1.94687
-1.45334 2.05625 1.21713 1.77188
-1.45425 2.03437 1.2183 1.42188
-1.45559 1.99063 1.22005 1.81563
-1.45649 1.925 1.22354 1.70625
-1.4574 2.0125 1.22442 1.6625
-1.45875 2.03437 1.22704 1.72812
-1.45964 1.925 1.22967 1.72812
-1.46055 1.96875 1.23083 1.68437
-1.4619 2.03437 1.23491 1.70625
-1.46279 1.99063 1.23724 1.70625
-1.46414 2.14375 1.24161 1.70625
-1.46374 1.8375 1.24161 1.72812
-1.46464 2.20938 1.24104 1.72812
-1.34838 2.29688 1.24337 1.68437
-1.46427 1.90312 1.24279 1.68437
-1.463 1.99063 1.24367 1.72812
-1.3463 1.94687 1.24193 1.4
-1.31596 1.85938 1.24281 1.70625
-1.42923 1.85938 1.24399 1.68437
-1.38566 1.925 1.24661 1.72812
-1.18042 1.85938 1.24603 1.79375
-1.15008 1.72812 1.25215 1.90312
-1.45495 1.72812 1.25564 1.75
-1.4563 1.42188 1.25768 1.81563
-1.17838 1.85938 1.26205 1.61875
-1.21811 1.70625 1.26293 1.81563
-1.1424 1.72812 1.26584 1.85938
-1.41734 1.6625 1.27253 1.77188
-1.446 1.99063 1.27603 1.64062
-1.21214 1.77188 1.27865 1.70625
-1.1642 1.3125 1.28331 1.72812
-1.00041 1.6625 1.28652 1.85938
-1.15991 1.53125 1.29001 1.70625
-1.43615 1.53125 1.29467 1.75
-1.4375 1.75 1.29962 1.72812
-1.1292 1.79375 1.30311 1.75
-1.12532 1.26875 1.30399 1.72812
-1.03376 1.81563 1.30487 1.70625
-1.28093 1.75 1.30866 1.75
-1.35235 1.68437 1.31128 1.77188
-1.42463 1.68437 1.31478 1.77188
-1.07186 1.75 1.31478 1.8375
-1.11158 1.64062 1.31479 1.88125
-1.13808 1.64062 1.31741 1.88125
-1.41433 1.68437 1.32033 1.81563
-1.41523 1.75 1.32615 1.94687
-1.13776 1.77188 1.32819 1.85938
-1.06119 1.64062 1.32994 1.85938
-1.10223 1.68437 1.33606 1.85938
-1.40624 1.59688 1.33723 1.81563
-1.40759 1.77188 1.34392 1.8375
-1.40763 1.77188 1.34596 1.81563
-1.0108 1.81563 1.34771 1.99063
-1.16682 1.37813 1.34859 1.85938
-1.20786 1.8375 1.35179 1.94687
-1.39819 1.81563 1.35703 1.88125
-1.39823 1.77188 1.36082 1.77188
-1.16306 1.77188 1.36083 1.90312
-1.15918 1.68437 1.36258 1.94687
-1.24382 1.59688 1.36258 1.99063
-1.38924 1.6625 1.36666 1.85938
-1.39059 1.81563 1.36754 2.0125
-1.11181 1.72812 1.36784 2.07812
-1.03655 1.79375 1.36785 2.07812
-1.10621 1.55313 1.36611 1.85938
-1.35338 1.61875 1.37019 1.79375
-1.3838 1.72812 1.37194 2.1
-1.38515 1.72812 1.3737 1.8375
-1.03369 1.81563 1.36963 1.75
-0.986195 1.6625 1.36935 1.96875
-1.02854 1.61875 1.36412 1.99063
-1.37878 1.50937 1.36412 1.88125
-1.38013 1.55313 1.36152 2.03437
-1.30618 1.79375 1.35658 1.99063
-1.18731 1.81563 1.35456 1.85938
-1.14288 1.70625 1.35049 1.94687
-1.37682 1.6625 1.35167 1.88125
-1.37817 1.81563 1.3508 1.79375
-1.37952 1.88125 1.34993 1.77188
-1.07298 1.8375 1.34558 2.1
-1.09947 1.75 1.34123 1.94687
-1.37703 1.61875 1.34037 1.75
-1.37838 1.85938 1.33572 2.03437
-1.37973 1.90312 1.33254 1.88125
-1.37977 1.90312 1.33051 1.85938
-1.37981 1.61875 1.32528 1.70625
-1.19087 1.88125 1.31569 1.75
-1.38165 1.75 1.31047 1.68437
-1.383 1.94687 1.30495 1.72812
-1.38435 1.6625 1.29188 1.8375
-1.19541 1.925 1.28288 1.6625
-1.26814 1.70625 1.27474 1.70625
-1.38579 1.77188 1.26196 1.59688
-1.38759 1.85938 1.25441 1.75
-1.38894 1.88125 1.24424 1.75
-1.39029 1.90312 1.23727 1.72812
-1.39164 1.88125 1.23089 1.81563
-1.39168 1.88125 1.2274 1.81563
-1.39348 1.925 1.21986 1.77188
-1.39483 1.88125 1.21725 1.61875
-1.39618 1.99063 1.21057 1.72812
-1.39753 1.88125 1.20913 1.77188
-1.39888 1.88125 1.20593 1.70625
-1.40068 1.925 1.2042 1.68437
-1.40203 2.07812 1.2045 1.64062
-1.40207 1.6625 1.19869 1.8375
-1.40342 1.90312 1.2022 1.85938
-1.40391 1.90312 1.19871 1.77188
-1.40526 2.0125 1.19901 1.81563
-1.25993 1.85938 1.19844 1.85938
-1.40449 1.81563 1.1967 1.81563
-1.40584 2.0125 1.19701 1.85938
-1.3768 1.90312 1.19643 1.61875
-1.21608 1.85938 1.19587 1.75
-1.17075 1.77188 1.19792 1.77188
-1.40208 1.72812 1.19647 1.85938
-1.40212 1.81563 1.19939 1.72812
-1.40171 1.81563 1.20464 1.81563
-1.09386 1.81563 1.20523 1.70625
-1.20758 1.64062 1.20467 1.55313
-1.27724 1.88125 1.20759 1.55313
-1.39358 1.85938 1.20877 1.575
-1.36062 1.925 1.21053 1.59688
-1.15322 1.75 1.21025 1.70625
-0.988978 1.75 1.21171 1.575
-1.14369 1.55313 1.20795 1.6625
-1.14112 1.64062 1.20709 1.79375
-1.37375 1.55313 1.21001 1.29062
-1.29673 1.64062 1.20857 1.77188
-0.971728 1.8375 1.20655 1.85938
-0.96392 1.6625 1.20337 1.64062
-1.00365 1.37813 1.20426 1.75
-1.0473 1.4 1.2066 1.72812
-1.07466 1.42188 1.20777 1.85938
-1.04301 1.26875 1.20982 1.8375
-0.953212 1.50937 1.20926 1.90312
-1.03655 1.44375 1.21189 1.68437
-0.989056 1.55313 1.21132 1.61875
-1.0314 1.4 1.2125 1.68437
-1.33541 1.11563 1.21222 1.70625
-1.09979 1.72812 1.21427 1.68437
-1.0523 1.55313 1.21313 1.72812
-0.887201 1.46562 1.21401 1.81563
-1.24936 1.4 1.21432 1.59688
-1.08949 1.59688 1.21811 1.64062
-1.32213 1.44375 1.21929 1.6625
-1.04466 1.68437 1.22541 1.68437
-1.17422 1.50937 1.22659 1.77188
-1.20334 1.29062 1.23038 1.6625
-1.31837 1.72812 1.22836 1.61875
-1.20081 1.55313 1.23158 1.59688
-1.03787 1.26875 1.22986 1.68437
-0.962614 1.55313 1.229 1.20312
-1.31154 1.68437 1.23018 1.55313
-1.31289 1.68437 1.23193 1.59688
-1.31424 1.81563 1.23137 1.70625
-0.961473 1.75 1.22789 1.61875
-1.00382 1.68437 1.22558 1.70625
-1.07654 1.61875 1.22066 1.575
-1.31049 1.53125 1.21805 1.64062
-1.31184 1.79375 1.21632 1.55313
-1.31057 1.50937 1.20908 1.6625
-1.28023 1.29062 1.20415 1.575
-1.30849 1.4875 1.19632 1.75
-1.27815 1.79375 1.18732 1.59688
-1.30857 1.99063 1.1789 1.6625
-1.23593 1.4875 1.17194 1.68437
-1.30996 1.37813 1.16411 1.8375
-1.31 1.77188 1.15715 1.70625
-1.31135 1.37813 1.14815 1.61875
-1.3114 1.8375 1.14148 1.6625
-1.31275 1.46562 1.13161 1.6625
-1.31455 1.37813 1.1293 1.68437
-1.3159 1.4 1.12408 1.77188
-1.31725 1.96875 1.1209 1.53125
-1.31905 1.79375 1.12062 1.59688
-1.3204 2.03437 1.12238 1.50937
-1.3222 1.96875 1.11949 1.79375
-1.32355 2.03437 1.12066 1.4
-1.32534 2.0125 1.12301 1.4875
-1.3267 1.99063 1.12245 1.6625
-1.32805 1.35625 1.12363 1.575
-1.32985 1.8375 1.12393 1.55313
-1.3312 1.8375 1.12656 1.35625
-1.33299 1.8375 1.12454 1.61875
-1.33435 1.8375 1.12572 1.575
-1.33614 1.8375 1.1269 1.53125
-1.3375 1.96875 1.12546 1.53125
-1.33668 1.79375 1.12576 1.44375
-1.33672 2.0125 1.12607 1.61875
-1.33721 1.85938 1.12755 1.61875
-1.33725 2.0125 1.12466 1.55313
-1.33644 1.81563 1.12758 1.70625
-1.02989 1.79375 1.12963 1.70625
-1.02908 1.64062 1.13022 1.575
-1.33309 1.55313 1.1346 1.6625
-1.33489 1.925 1.13636 1.72812
-1.33624 1.70625 1.1422 1.72812
-1.14644 1.77188 1.14599 1.59688
-1.09939 1.64062 1.14891 1.61875
-1.18535 1.575 1.15096 1.575
-1.21492 1.64062 1.15505 1.72812
-1.14096 1.64062 1.16321 1.575
-1.09654 1.59688 1.16701 1.575
-1.21202 1.55313 1.1708 1.59688
-1.13806 1.59688 1.1746 1.575
-1.32754 1.55313 1.18275 1.61875
-1.02099 1.68437 1.18598 1.72812
-1.13386 1.70625 1.18628 1.61875
-1.08943 1.53125 1.19182 1.61875
-1.32206 1.79375 1.19649 1.68437
-1.32255 1.64062 1.20233 1.75
-1.04553 1.6625 1.20612 1.68437
-1.08526 1.53125 1.20991 1.77188
-1.12806 1.53125 1.21196 1.6625
-1.31622 1.55313 1.2178 1.64062
-1.31757 1.68437 1.22334 1.6625
-1.20046 1.70625 1.22626 1.64062
-1.12565 1.6625 1.23093 1.6625
-0.918695 1.59688 1.23415 1.64062
-1.12095 1.46562 1.23795 1.6625
-1.07783 1.50937 1.24523 1.68437
-1.31222 1.53125 1.25194 1.70625
-1.28233 1.61875 1.25574 1.68437
-1.12116 1.64062 1.26128 1.70625
-0.959123 1.53125 1.26799 1.77188
-1.23451 1.44375 1.27091 1.77188
-1.03148 1.61875 1.27645 1.70625
-1.30773 1.46562 1.28316 1.77188
-1.00294 1.61875 1.28783 1.79375
-1.0312 1.33438 1.29424 1.75
-1.0753 1.4875 1.29833 1.79375
-1.07449 1.50937 1.30213 1.79375
-1.30843 1.50937 1.31086 1.90312
-1.31023 1.575 1.31757 1.85938
-1.31072 1.59688 1.32137 1.925
-1.16322 1.68437 1.32429 1.925
-1.07519 1.61875 1.32838 1.8375
-1.03207 1.575 1.33218 1.85938
-1.11978 1.53125 1.33627 1.81563
-1.31056 1.53125 1.34239 1.90312
-1.31236 1.61875 1.34706 2.03437
-1.31285 1.64062 1.34737 1.99063
-1.31204 1.72812 1.35204 2.03437
-1.12355 1.68437 1.35322 2.0125
-1.31347 1.6625 1.35614 1.81563
-1.31527 1.77188 1.35877 1.77188
-1.31707 1.70625 1.35908 1.77188
-1.31756 1.75 1.35794 1.72812
-1.01323 1.75 1.35912 1.8375
-1.31769 1.61875 1.35681 1.925
-1.31949 1.77188 1.35798 2.03437
-1.32129 1.61875 1.35917 2.05625
-1.32354 1.79375 1.35802 1.925
-1.32403 1.79375 1.35717 2.0125
-1.32583 1.8375 1.35545 1.75
-1.32763 1.79375 1.35895 1.77188
-1.32988 1.77188 1.35838 2.0125
-1.33168 1.79375 1.35694 1.88125
-1.33348 1.79375 1.35755 1.85938
-1.05822 1.77188 1.35611 1.8375
-1.33622 1.64062 1.35787 1.96875
-1.33802 1.72812 1.35557 1.8375
-1.34027 1.70625 1.35238 1.59688
-1.34207 1.79375 1.34833 1.96875
-1.34387 1.81563 1.34603 1.88125
-1.34612 1.77188 1.34313 1.72812
-1.34792 1.81563 1.33559 1.75
-1.34972 1.8375 1.32747 1.88125
-1.35197 2.07812 1.31789 1.72812
-1.35377 1.8375 1.31006 1.79375
-1.35602 1.8375 1.29962 1.6625
-1.35782 1.81563 1.28887 1.77188
-1.35962 1.8375 1.28134 1.70625
-1.36187 1.75 1.27234 1.72812
-1.36367 1.8375 1.26073 1.81563
-1.36592 1.81563 1.25348 1.72812
-1.36772 1.85938 1.24594 1.85938
-1.36997 1.8375 1.23811 1.8375
-1.37177 1.8375 1.23173 1.79375
-1.37357 1.925 1.22418 1.77188
-1.37582 1.88125 1.21956 1.90312
-1.37762 1.88125 1.21318 1.77188
-1.37987 1.88125 1.21204 1.77188
-1.38167 1.88125 1.20711 1.81563
-1.38392 1.88125 1.2051 2.03437
-1.38572 1.88125 1.20133 1.72812
-1.38797 1.88125 1.19902 1.70625
-1.38977 1.88125 1.20137 1.64062
-1.39202 1.88125 1.19906 1.72812
-1.39382 1.96875 1.19821 1.68437
-1.39607 1.88125 1.19765 1.61875
-1.39787 1.925 1.19738 1.94687
-1.40012 1.90312 1.1971 1.53125
-1.40237 1.90312 1.19829 1.6625
-1.40286 1.925 1.19627 1.68437
-1.4038 1.8375 1.19775 1.61875
-1.40299 1.925 1.19369 1.79375
-1.40393 1.90312 1.19662 1.925
-1.40442 1.88125 1.19606 1.77188
-1.10008 1.90312 1.19608 1.8375
-1.12879 1.6625 1.19901 1.61875
-1.40679 1.6625 1.1967 1.79375
-1.40905 1.79375 1.19731 1.77188
-1.40999 1.99063 1.19674 1.61875
-1.26249 1.85938 1.19618 1.61875
-1.09915 1.72812 1.19156 1.68437
-1.16971 1.90312 1.18693 1.77188
-1.40234 1.68437 1.18522 1.77188
-1.40284 1.75 1.18321 1.575
-1.2562 1.77188 1.1812 1.6625
-1.12193 1.68437 1.17425 1.55313
-0.959451 1.68437 1.16731 1.61875
-1.39429 1.4875 1.16675 1.61875
-1.39609 1.77188 1.16504 1.55313
-1.16224 1.61875 1.15983 1.64062
-1.04251 1.61875 1.15783 1.575
-0.99632 1.59688 1.1532 1.53125
-1.11311 1.4875 1.14974 1.61875
-1.39066 1.53125 1.14716 1.53125
-1.39115 1.75 1.1434 1.64062
-1.08461 1.72812 1.14256 1.55313
-1.11025 1.55313 1.13358 1.68437
-1.26934 1.61875 1.12925 1.64062
-1.38699 1.79375 1.12637 1.72812
-1.38879 1.75 1.12 1.70625
-1.11132 1.79375 1.11742 1.50937
-1.3867 1.59688 1.10843 1.6625
-1.38674 1.8375 1.1073 1.575
-1.15595 2.05625 1.1021 1.53125
-1.39035 1.68437 1.09573 1.575
-1.3917 2.0125 1.0914 1.50937
-1.3935 2.1 1.08504 1.75
-1.39485 1.85938 1.07808 1.6625
-1.11782 1.88125 1.07143 1.70625
-1.39452 1.70625 1.06536 1.81563
-1.39587 1.88125 1.06189 1.4875
-1.39767 1.8375 1.08024 1.575
-1.39947 1.85938 1.04771 1.575
-1.40082 1.925 1.04774 1.53125
-1.40262 1.44375 1.04777 1.72812
-1.40442 1.94687 1.05216 1.50937
-1.40446 1.90312 1.05394 1.6625
-1.40626 1.925 1.05571 1.70625
-1.40806 1.75 1.05662 1.4875
-1.40986 1.8375 1.06014 1.70625
-1.41121 1.94687 1.06628 1.44375
-1.41301 1.90312 1.06776 1.44375
-1.10823 1.925 1.07186 1.68437
-1.4153 2.0125 1.07276 1.68437
-1.41665 1.85938 1.07629 1.33438
-1.41845 1.85938 1.07951 1.68437
-1.41894 1.88125 1.07867 1.61875
-1.42075 1.88125 1.08219 1.50937
-1.3481 1.925 1.08571 1.64062
-1.41997 1.8375 1.084 1.46562
-1.14295 1.88125 1.08374 1.575
-1.38926 1.68437 1.08493 1.6625
-1.30253 1.85938 1.08671 1.6625
-1.42063 1.77188 1.09023 1.53125
-1.42067 1.8375 1.09317 1.44375
-1.11458 1.85938 1.09495 1.35625
-1.02523 1.6625 1.09847 1.44375
-1.41822 1.61875 1.10518 1.59688
-1.42002 1.81563 1.10725 1.50937
-1.42182 1.79375 1.11339 1.46562
-1.27302 1.79375 1.11662 1.4875
-0.948868 1.79375 1.11812 1.64062
-1.26611 1.55313 1.12427 1.50937
-1.41238 1.70625 1.12925 1.50937
-1.41328 1.81563 1.13715 1.59688
-1.29441 1.81563 1.13807 1.59688
-1.01387 1.75 1.14509 1.61875
-1.21436 1.59688 1.14746 1.55313
-1.40425 1.6625 1.15448 1.70625
-1.4056 1.79375 1.16035 1.6625
-1.12767 1.8375 1.16242 1.53125
-1.05111 1.72812 1.16625 1.53125
-1.09169 1.6625 1.17007 1.68437
-1.39787 1.59688 1.17506 1.75
-1.39922 1.70625 1.18063 1.64062
-1.39881 1.75 1.18445 1.70625
-1.16319 1.8375 1.18653 1.77188
-1.15931 1.70625 1.18891 1.6625
-1.15759 1.68437 1.1936 1.70625
-1.39154 1.61875 1.19771 1.70625
-1.39244 1.75 1.20445 1.61875
-1.39379 1.79375 1.21002 1.70625
-1.36169 1.81563 1.21384 1.68437
-1.24412 1.85938 1.22029 1.61875
-1.0402 1.77188 1.22528 1.72812
-1.24245 1.225 1.22853 1.8375
-1.38872 1.88125 1.23729 1.68437
-1.39007 1.77188 1.24286 1.70625
-1.38966 1.85938 1.24872 1.68437
-1.38839 1.81563 1.25342 1.85938
-1.3576 1.85938 1.25667 1.85938
-1.11052 1.85938 1.26049 1.70625
-1.15372 1.64062 1.26664 1.6625
-1.27006 1.64062 1.26989 1.75
-1.38725 1.68437 1.27458 1.75
-1.3886 1.53125 1.28045 1.79375
-1.38995 1.81563 1.28398 1.6625
-1.11334 1.88125 1.28898 1.70625
-1.1993 1.70625 1.29076 1.6625
-1.38787 1.68437 1.29227 1.70625
-1.38922 1.81563 1.29435 1.75
-1.39057 1.88125 1.29672 1.68437
-1.39016 1.85938 1.29706 1.575
-1.39151 1.8375 1.29943 1.68437
-1.39155 1.85938 1.30035 1.68437
-1.39245 1.85938 1.30098 1.68437
-1.3925 1.925 1.29986 1.70625
-1.39254 1.88125 1.29962 1.72812
-1.27628 1.925 1.29879 1.61875
-1.39348 1.925 1.29943 1.64062
-1.39528 1.925 1.29947 1.68437
-1.39663 1.96875 1.2998 1.70625
-1.39798 1.88125 1.2981 1.68437
-1.39933 2.14375 1.28971 1.64062
-1.40113 2.0125 1.28859 1.70625
-1.40248 1.90312 1.28399 1.61875
-1.40383 1.925 1.2788 1.61875
-1.40563 1.90312 1.27303 1.6625
-1.40698 1.88125 1.26726 1.6625
-1.40833 1.925 1.258 1.575
-1.41013 1.96875 1.24991 1.68437
-1.41148 1.99063 1.2421 1.70625
-1.41283 1.99063 1.23226 1.61875
-1.41463 1.94687 1.19945 1.61875
-1.41598 1.96875 1.1899 1.68437
-1.41778 1.90312 1.18471 1.81563
-1.41913 1.94687 1.17574 1.68437
-1.42048 1.925 1.1659 1.70625
-1.42228 1.94687 1.16043 1.72812
-1.42363 1.94687 1.15233 1.68437
-1.42543 1.925 1.14946 1.8375
-1.42678 1.94687 1.14166 1.77188
-1.42858 1.925 1.13502 1.6625
-1.42993 1.96875 1.13274 1.75
-1.43173 1.90312 1.13394 1.575
-1.43308 1.94687 1.12963 1.575
-1.43488 1.88125 1.1291 1.55313
-1.43623 1.96875 1.12768 1.4875
-1.43803 1.81563 1.12919 1.59688
-1.43938 1.94687 1.12865 1.64062
-1.44118 1.94687 1.12724 1.4875
-1.44253 1.96875 1.12729 1.61875
-1.44433 1.96875 1.12763 1.46562
-1.44437 1.99063 1.12971 1.46562
-1.44486 2.05625 1.13092 1.53125
-1.37222 1.94687 1.13038 1.53125
-1.21149 1.90312 1.1284 1.59688
-1.16837 1.77188 1.12873 1.4875
-1.29925 1.70625 1.13111 1.42188
-1.44642 1.75 1.13057 1.53125
-1.44691 1.85938 1.13003 1.53125
-1.30158 1.85938 1.13066 1.61875
-1.09463 1.77188 1.12983 1.61875
-1.13698 1.64062 1.12552 1.55313
-1.41236 1.72812 1.12644 1.50937
-1.44324 1.81563 1.12387 1.50937
-1.16577 1.8375 1.12333 1.44375
-1.20725 1.68437 1.12193 1.50937
-1.0003 1.68437 1.11878 1.50937
-1.08671 1.59688 1.11767 1.55313
-1.28896 1.575 1.11451 1.50937
-1.43613 1.6625 1.11427 1.4875
-1.43662 1.77188 1.11141 1.46562
-1.04024 1.79375 1.1103 1.50937
-0.96281 1.59688 1.1054 1.50937
-1.07698 1.575 1.10428 1.46562
-1.23738 1.53125 1.10376 1.4875
-1.42816 1.59688 1.10409 1.44375
-1.42996 1.75 1.10529 1.4875
-1.19524 1.79375 1.10039 1.46562
-0.914299 1.70625 1.09725 1.44375
-1.30643 1.55313 1.09322 1.575
-1.39415 1.72812 1.09006 1.4875
-1.42502 1.8375 1.0904 1.50937
-1.42551 1.81563 1.0858 1.575
-1.11856 1.85938 1.08264 1.50937
-1.07282 1.70625 1.076 1.50937
-1.11693 1.64062 1.07371 1.53125
-1.424 1.55313 1.07173 1.53125
-1.42625 1.72812 1.07294 1.53125
-1.42805 1.81563 1.06833 1.575
-1.07835 1.88125 1.0643 1.53125
-1.19559 1.68437 1.06173 1.53125
-1.2833 1.72812 1.06207 1.50937
-1.43047 1.77188 1.06356 1.50937
-1.43272 1.8375 1.06536 1.46562
-1.43452 1.88125 1.06744 1.50937
-1.43415 1.88125 1.06893 1.53125
-1.43465 1.925 1.0748 1.4875
-1.43645 1.90312 1.07862 1.46562
-1.31978 1.96875 1.08129 1.55313
-1.43788 1.90312 1.08744 1.46562
-1.44013 1.90312 1.09301 1.46562
-1.44193 1.94687 1.098 1.4
-1.20983 1.90312 1.10589 1.46562
-1.21077 1.81563 1.10972 1.44375
-1.44516 1.75 1.11471 1.4875
-1.44741 1.8375 1.11941 1.46562
-1.44921 1.88125 1.12004 1.44375
-1.14357 1.90312 1.12619 1.46562
-1.17182 1.72812 1.12769 1.4875
-1.45028 1.68437 1.13035 1.53125
-1.45208 1.81563 1.13273 1.50937
-1.45433 1.88125 1.13306 1.55313
-1.10462 1.85938 1.13252 1.55313
-1.37915 1.70625 1.13054 1.55313
-1.30696 1.85938 1.13175 1.61875
-1.45458 1.81563 1.13354 1.6625
-1.45638 1.85938 1.13562 1.6625
-1.42694 1.925 1.13771 1.59688
-1.22305 1.85938 1.13601 1.575
-1.14955 1.72812 1.13896 1.59688
-1.17826 1.70625 1.13902 1.4875
-1.45626 1.72812 1.14313 1.61875
-1.45851 1.8375 1.14812 1.59688
-1.46076 1.88125 1.15311 1.59688
-1.22604 1.925 1.15694 1.59688
-1.26929 1.79375 1.15931 1.55313
-1.42969 1.81563 1.16779 1.55313
-1.46101 1.88125 1.17511 1.59688
-1.46326 1.90312 1.18097 1.50937
-1.46244 1.90312 1.18596 1.59688
-1.18587 2.0125 1.19153 1.59688
-1.27273 1.77188 1.19798 1.575
-1.34591 1.81563 1.20385 1.6625
-1.46445 1.77188 1.2097 1.61875
-1.4667 1.90312 1.2179 1.59688
-1.46895 1.94687 1.22375 1.61875
-1.46814 1.96875 1.22962 1.6625
-1.46863 1.96875 1.23374 1.70625
-1.46912 1.96875 1.24572 1.6625
-1.39693 1.96875 1.24897 1.575
-1.16352 1.94687 1.25077 1.575
-1.23714 1.77188 1.25955 1.68437
-1.47023 1.77188 1.2628 1.77188
-1.47203 1.88125 1.27304 1.72812
-1.47383 1.90312 1.27745 1.75
-1.0792 1.925 1.28012 1.68437
-1.28191 1.70625 1.28774 1.70625
-1.47138 1.75 1.29361 1.72812
-1.47318 1.88125 1.29978 1.72812
-1.47367 1.88125 1.30884 1.70625
-1.16672 1.925 1.31238 1.75
-1.23597 1.72812 1.31506 1.77188
-1.28007 1.79375 1.3218 1.77188
-1.47085 1.79375 1.32796 1.70625
-1.47265 1.8375 1.33558 1.77188
-1.47314 1.88125 1.34145 1.81563
-1.24019 1.94687 1.34645 1.77188
-1.16668 1.79375 1.35174 1.79375
-1.19625 1.70625 1.35819 1.79375
-1.47425 1.8375 1.3629 1.81563
-1.4765 1.8375 1.36935 1.8375
-1.47699 1.88125 1.37377 1.85938
-1.24228 1.925 1.37528 1.8375
-1.24277 1.8375 1.38057 1.8375
-1.17103 1.79375 1.38295 1.85938
-1.4781 1.70625 1.3897 1.85938
-1.4799 1.88125 1.39062 1.90312
-1.4817 1.88125 1.39563 1.88125
-1.48264 1.99063 1.39598 1.90312
-1.45275 2.03437 1.39894 1.8375
-1.48232 2.0125 1.39871 1.81563
-1.48457 2.0125 1.39934 1.8375
-1.48637 2.0125 1.39766 2.16562
-1.29788 2.03437 1.39743 1.75
-1.4878 1.85938 1.39632 1.85938
-1.4896 1.96875 1.39638 1.88125
-1.49185 2.03437 1.39614 1.88125
-1.49365 2.0125 1.39678 1.68437
-1.49414 2.0125 1.39248 1.81563
-1.49639 2.03437 1.3937 1.96875
-1.37928 2.05625 1.38794 1.81563
-1.49783 1.96875 1.38684 1.77188
-1.49963 2.03437 1.38516 1.77188
-1.50188 2.07812 1.38143 1.77188
-1.50368 2.03437 1.38033 1.81563
-1.50593 2.03437 1.37516 1.85938
-1.50773 2.03437 1.36939 1.90312
-1.50953 1.925 1.36131 1.79375
-1.51178 2.03437 1.35265 1.70625
-1.51403 1.96875 1.34603 1.6625
-1.51583 2.03437 1.33474 1.81563
-1.51808 2.05625 1.32666 1.72812
-1.51988 2.05625 1.3148 1.72812
-1.52213 2.03437 1.30439 1.72812
-1.52393 2.05625 1.29486 1.8375
-1.52618 2.1 1.28764 1.90312
-1.52798 2.05625 1.27578 1.79375
-1.53023 2.07812 1.26858 1.75
-1.53203 2.1 1.25933 1.77188
-1.53428 2.07812 1.25155 1.88125
-1.53653 2.07812 1.24492 1.72812
-1.53833 2.14375 1.23683 1.88125
-1.54058 2.07812 1.22817 1.77188
-1.54283 2.12188 1.22038 1.75
-1.54463 2.14375 1.21464 1.68437
-1.54643 2.12188 1.20539 1.72812
-1.54823 2.12188 1.19848 1.6625
-1.55003 2.12188 1.19215 1.6625
-1.55183 2.07812 1.1896 1.61875
-1.55363 2.07812 1.18501 1.68437
-1.27792 2.14375 1.18363 1.77188
-1.55592 1.96875 1.18166 1.61875
-1.55817 2.03437 1.1794 1.55313
-1.55997 2.03437 1.17539 1.61875
-1.56177 2.03437 1.17372 1.59688
-1.56226 2.12188 1.17203 1.53125
-1.56406 2.1 1.16687 1.55313
-1.56586 2.1 1.16257 1.575
-1.26153 2.07812 1.15654 1.575
-1.56599 1.90312 1.14701 1.53125
-1.56779 2.03437 1.14126 1.53125
-1.56959 1.96875 1.1361 1.46562
-1.57008 2.07812 1.12454 1.4875
-1.26443 2.07812 1.11588 1.4875
-1.42222 1.925 1.10548 1.4875
-1.56677 1.96875 1.09856 1.53125
-1.56902 2.03437 1.09107 1.4875
-1.56951 2.1 1.08097 1.53125
-1.2185 2.1 1.07173 1.50937
-1.37628 1.88125 1.06046 1.53125
-1.41952 1.94687 1.05064 1.55313
-1.37771 1.90312 1.04403 1.46562
-1.56719 1.88125 1.03624 1.55313
-1.56813 2.0125 1.02904 1.50937
-1.29111 2.07812 1.02329 1.50937
-1.17399 1.88125 1.01697 1.50937
-1.44983 1.72812 1.01034 1.53125
-1.45032 1.94687 1.00896 1.42188
-1.56887 1.90312 1.00699 1.44375
-1.56805 1.99063 1.00241 1.50937
-1.37956 2.05625 1.00247 1.44375
-1.49549 1.96875 1.00225 1.37813
-1.26208 2.05625 1.00174 1.44375
-1.56961 1.90312 1.00385 1.46562
-1.57141 2.05625 1.00799 1.42188
-1.57235 2.05625 1.01097 1.42188
-1.57285 2.07812 1.01277 1.55313
-1.42711 2.12188 1.01662 1.42188
-1.38399 2.0125 1.0228 1.37813
-1.42723 1.99063 1.02258 1.44375
-1.5744 1.99063 1.0273 1.46562
-1.57665 2.05625 1.03289 1.37813
-1.57845 2.07812 1.03762 1.3125
-1.22789 2.05625 1.03885 1.35625
-1.34337 1.8375 1.04183 1.44375
-1.5769 1.90312 1.04655 1.44375
-1.5787 2.0125 1.04895 1.44375
-1.57965 1.96875 1.05454 1.44375
-1.30001 2.03437 1.05896 1.46562
-1.18073 1.94687 1.05932 1.46562
-1.42749 1.79375 1.06434 1.35625
-1.57466 1.94687 1.0708 1.44375
-1.57691 2.0125 1.08163 1.55313
-1.42987 1.99063 1.08635 1.59688
-1.17799 1.96875 1.08933 1.55313
-1.17501 1.79375 1.09523 1.50937
-1.21826 1.79375 1.10286 1.4875
-1.56894 1.75 1.11019 1.50937
-1.57119 1.96875 1.12189 1.575
-1.22018 1.94687 1.12836 1.59688
-1.12822 1.77188 1.12931 1.4875
-1.16709 1.79375 1.13928 1.53125
-1.56053 1.72812 1.14894 1.50937
-1.56102 1.90312 1.15774 1.53125
-1.56151 1.925 1.16771 1.575
-1.12197 1.96875 1.17359 1.64062
-1.11637 1.77188 1.17862 1.61875
-1.11424 1.68437 1.18596 1.575
-1.55215 1.68437 1.19564 1.6625
-1.55395 1.88125 1.2024 1.59688
-1.5549 1.94687 1.21091 1.64062
-1.11535 1.99063 1.2168 1.64062
-1.15422 1.72812 1.22299 1.61875
-1.35692 1.79375 1.23643 1.68437
-1.54815 1.85938 1.24669 1.6625
-1.54995 1.94687 1.25636 1.68437
-1.54914 2.0125 1.26545 1.64062
-1.19726 1.99063 1.26902 1.77188
-1.19383 1.79375 1.27462 1.77188
-1.42606 1.81563 1.2872 1.72812
-1.54415 1.90312 1.29251 1.72812
-1.54595 1.99063 1.29986 1.72812
-1.54559 1.96875 1.31302 1.8375
-1.23688 1.99063 1.31717 1.81563
-1.26427 1.88125 1.32888 1.75
-1.35068 1.90312 1.3336 1.68437
-1.46878 1.8375 1.34066 1.77188
-1.54371 1.81563 1.3515 1.77188
-1.5442 1.99063 1.35681 1.85938
-1.19495 2.03437 1.36765 1.81563
-1.10429 1.88125 1.37267 1.8375
-1.54135 1.77188 1.37856 1.81563
-1.54314 1.96875 1.38533 1.8375
-1.54539 1.94687 1.39471 1.90312
-1.35429 1.99063 1.40032 1.88125
-1.2667 1.925 1.40447 1.8375
-1.35441 1.96875 1.41123 1.85938
-1.54565 1.94687 1.41887 1.88125
-1.5479 1.94687 1.42709 1.88125
-1.54839 1.99063 1.4327 1.925
-1.27051 2.0125 1.4322 1.925
-1.26969 1.925 1.43954 1.94687
-1.54684 1.99063 1.44195 2.05625
-1.54909 2.0125 1.4461 1.925
-1.55089 1.99063 1.45229 1.925
-1.55183 2.05625 1.45703 1.96875
-1.47878 2.05625 1.45769 2.0125
-1.52026 2.05625 1.46009 1.96875
-1.40491 2.05625 1.4625 2.05625
-1.55122 2.0125 1.46723 1.96875
-1.55302 2.16562 1.46876 2.03437
-1.55527 2.07812 1.47059 2.14375
-1.28001 2.07812 1.47475 2.05625
-1.41002 1.99063 1.47453 1.99063
-1.36736 2.05625 1.47578 2.03437
-1.55859 1.925 1.47644 1.96875
-1.56084 2.0125 1.47768 1.99063
-1.56133 2.05625 1.47603 1.99063
-1.56182 2.07812 1.47524 2.0125
-1.28525 2.1 1.47271 1.925
-1.56064 1.90312 1.47164 1.94687
-1.56244 2.03437 1.46911 1.90312
-1.56424 2.07812 1.46803 1.94687
-1.41981 2.14375 1.46696 2.1
-1.28947 2.0125 1.46094 1.96875
-1.42079 1.90312 1.46074 1.88125
-1.56841 2.03437 1.45472 1.96875
-1.57021 2.05625 1.45423 1.8375
-1.57201 2.12188 1.44211 1.8375
-1.42758 2.1 1.43347 1.8375
-1.29724 2.03437 1.42833 2.03437
-1.29773 1.925 1.41533 1.77188
-1.57619 1.90312 1.40147 1.72812
-1.57799 1.99063 1.39487 1.79375
-1.57979 2.07812 1.37722 1.96875
-1.34814 2.1 1.35783 1.88125
-1.58253 2.05625 1.34891 1.8375
-1.4381 2.07812 1.33359 1.88125
-1.58527 1.99063 1.32671 2.05625
-1.58752 2.05625 1.31429 2.03437
-1.58932 2.07812 1.30566 1.94687
-1.59157 2.14375 1.29383 1.88125
-1.47446 2.12188 1.2852 1.99063
-1.593 2.1 1.27598 1.96875
-1.59349 2.1 1.26996 1.925
-1.59574 2.16562 1.26367 1.90312
-1.59755 2.16562 1.25852 1.8375
-1.59979 2.16562 1.25454 1.79375
-1.60159 2.25312 1.25201 1.68437
-1.52985 2.1875 1.25123 1.77188
-1.60434 2.1875 1.24987 1.6625
-1.60659 2.16562 1.24735 1.6625
-1.60884 2.20938 1.24714 1.68437
-1.61064 2.1875 1.24433 1.575
-1.46621 2.16562 1.24093 1.70625
-1.61252 2.07812 1.23376 1.55313
-1.61432 2.1875 1.22658 1.575
-1.61657 2.16562 1.21765 1.53125
-1.61882 2.1 1.20816 1.575
-1.618 2.12188 1.19342 1.575
-1.38504 2.1875 1.17955 1.55313
-1.5895 2.03437 1.16773 1.575
-1.31379 2.14375 1.15386 1.59688
-1.62132 1.96875 1.13999 1.64062
-1.38836 2.12188 1.1273 1.6625
-1.59282 1.90312 1.11082 1.55313
-1.38849 2.03437 1.10306 1.64062
-1.62157 1.96875 1.08281 1.61875
-1.59168 1.99063 1.06924 1.70625
-1.43096 2.07812 1.0583 1.575
-1.26806 2.0125 1.03863 1.575
-1.38224 1.88125 1.02594 1.575
-1.38273 1.94687 1.01382 1.55313
-1.61712 1.925 1.00521 1.50937
-1.31233 2.07812 0.996585 1.55313
-1.31152 1.81563 0.992031 1.4875
-1.49882 1.90312 0.986033 1.53125
-1.33941 1.99063 0.98962 1.61875
-1.61741 1.8375 0.987683 1.4875
-1.47253 2.03437 0.988663 1.68437
-1.47347 2.03437 0.98847 1.575
-1.47135 2.07812 0.992357 1.4
-1.61721 2.05625 0.993037 1.33438
-1.6177 2.12188 0.996624 1.37813
-1.61864 2.16562 0.998185 1.4
-1.42754 2.16562 0.999155 1.44375
-1.49941 2.07812 0.999263 1.29062
-1.61795 2.05625 1.00227 1.3125
-1.61975 2.1875 1.00645 1.35625
-1.62155 2.12188 1.00858 1.4
-1.43221 2.20938 1.01159 1.53125
-1.31509 2.05625 1.00966 1.37813
-1.62086 1.96875 1.01064 1.46562
-1.47643 2.20938 1.01597 1.55313
-1.62229 2.16562 1.01869 1.33438
-1.34442 2.1 1.02141 1.4
-1.47443 1.925 1.02064 1.4875
-1.26924 1.99063 1.02395 1.4875
-1.31334 1.90312 1.02812 1.37813
-1.47157 1.90312 1.03142 1.42188
-1.61744 1.81563 1.03647 1.44375
-1.50077 2.0125 1.04064 1.4875
-1.38104 1.96875 1.04162 1.55313
-1.21815 1.96875 1.04782 1.59688
-1.30149 1.88125 1.05172 1.55313
-1.37336 1.81563 1.05881 1.46562
-1.32979 1.85938 1.06621 1.50937
-1.32897 1.75 1.07592 1.53125
-1.37001 1.77188 1.08476 1.64062
-1.29651 1.77188 1.0904 1.46562
-1.45515 1.72812 1.09778 1.575
-1.52702 1.81563 1.10662 1.575
-1.45307 1.90312 1.11692 1.61875
-1.2025 1.88125 1.12808 1.575
-1.19907 1.75 1.13402 1.55313
-1.28503 1.70625 1.14373 1.55313
-1.5921 1.77188 1.15199 1.55313
-1.59345 1.90312 1.16723 1.61875
-1.59133 1.96875 1.17724 1.55313
-1.23901 2.03437 1.18375 1.61875
-1.27873 1.88125 1.1923 1.575
-1.55412 1.77188 1.20201 1.68437
-1.58499 2.03437 1.20998 1.72812
-1.58634 2.07812 1.22202 1.61875
-1.46792 2.03437 1.22795 1.61875
-1.27551 2.07812 1.23593 1.70625
-1.27338 1.925 1.25029 1.64062
-1.34611 1.8375 1.26 1.75
