torque_1 torque_1_t torque_2 torque_2_t
1.29816 0.065625 0.249287 0.153125
1.29275 -0.459375 0.259487 0.13125
1.2869 -0.678125 0.269687 0.196875
0.928691 -0.896875 0.282503 0.328125
0.990293 -0.896875 0.296192 0.065625
0.862055 -1.05 0.310753 0.415625
0.967268 -1.05 0.324142 0.30625
0.957943 -1.1375 0.336959 0.35
1.03539 -1.20312 0.349776 0.175
0.911077 -1.24687 0.36172 0.153125
0.769611 -1.18125 0.375409 0.39375
0.729453 -1.18125 0.389098 0.35
0.749202 -1.20312 0.40395 0.56875
0.986557 -1.09375 0.412987 0.240625
0.891318 -1.15938 0.426385 0.371875
0.807549 -1.11563 0.441527 0.546875
0.795608 -1.11563 0.450846 0.525
0.697302 -1.07187 0.4625 0.4375
0.728972 -1.05 0.477642 0.56875
0.643895 -1.00625 0.488714 0.503125
0.58965 -1.05 0.50124 0.328125
0.809851 -0.91875 0.51144 0.503125
0.682472 -1.00625 0.519896 0.525
0.759061 -0.91875 0.530677 0.328125
0.747977 -0.91875 0.539133 0.503125
0.487598 -0.875 0.549914 0.546875
0.431595 -0.984375 0.557498 0.7875
0.389271 -0.765625 0.565953 0.74375
0.536786 -0.721875 0.571792 0.896875
0.686061 -0.74375 0.579957 0.503125
0.706668 -0.853125 0.581726 0.896875
0.623349 -0.83125 0.588437 0.48125
0.493353 -0.765625 0.595148 0.83125
0.34882 -0.74375 0.602731 0.765625
0.307804 -0.6125 0.609442 0.91875
0.484394 -0.634375 0.616153 0.39375
0.560983 -0.7875 0.621992 0.83125
0.622585 -0.7 0.626087 0.940625
0.494347 -0.984375 0.630472 0.7
0.322048 -0.634375 0.638055 0.83125
0.351959 -0.634375 0.644476 0.678125
0.3374 -0.634375 0.653803 0.91875
0.486716 -0.590625 0.657889 0.896875
0.432063 -0.7 0.6643 0.83125
0.509552 -0.74375 0.667222 0.91875
0.368127 -0.153125 0.674805 0.896875
0.355777 -0.65625 0.681507 0.853125
0.314353 -0.590625 0.689663 1.05
0.257534 -0.525 0.701607 1.15938
0.409016 -0.546875 0.706564 0.83125
0.516887 -0.546875 0.713848 1.07187
0.392616 -0.21875 0.722876 0.940625
0.704006 -0.721875 0.731622 1.09375
0.256853 -0.2625 0.74472 0.940625
0.407027 -0.175 0.753748 0.875
0.264294 -0.7 0.763939 0.65625
0.547918 -0.65625 0.775592 0.634375
0.655789 -0.35 0.785492 1.00625
0.445604 -0.7 0.796264 0.809375
0.363186 -0.74375 0.804139 1.1375
0.427446 -0.7 0.815492 1.02812
0.301416 -0.590625 0.822194 1.05
0.569645 -0.371875 0.835592 0.853125
0.491151 -0.6125 0.842003 1.35625
0.482726 -0.590625 0.849287 1.09375
0.387079 -0.721875 0.85657 1.18125
0.583931 -0.284375 0.8627 1.18125
0.371987 -0.721875 0.874635 1.09375
0.450785 -0.590625 0.883663 1.225
0.355137 -0.6125 0.889792 1.3125
0.349779 -0.590625 0.897948 0.74375
0.460267 -0.56875 0.903487 0.809375
0.570755 -0.590625 0.912524 1.35625
0.374657 -0.30625 0.920679 1.35625
0.556522 -0.590625 0.92332 1.26875
0.243269 -0.765625 0.933801 1.18125
0.192541 -0.83125 0.93934 1.33438
0.303029 0 0.942563 1.29062
0.529813 -0.196875 0.948101 1.225
0.525313 -0.634375 0.952477 1.26875
0.286054 -0.721875 0.956863 1.29062
0.437536 -0.48125 0.962983 1.26875
0.270512 -0.503125 0.970848 1.20312
0.497297 -0.48125 0.972616 1.07187
0.49018 -0.56875 0.979027 1.00625
0.484372 -0.525 0.984576 1.26875
0.406328 -0.546875 0.988661 1.15938
0.195693 -0.56875 0.993037 1.29062
0.348484 -0.48125 0.993642 1.3125
0.457663 -0.56875 0.996564 0.940625
0.450547 -0.459375 0.998624 1.29062
0.210837 -0.503125 0.999801 1.3125
0.129727 -0.48125 1.00186 1.33438
0.197054 -0.35 0.996351 1.29062
0.421222 -0.678125 0.998111 1.29062
0.415413 -0.196875 0.9961 1.26875
0.103019 -0.525 0.996114 1.26875
0.283575 -0.415625 0.990614 1.26875
0.276909 -0.415625 0.986559 1.29062
0.386988 -0.35 0.982213 1.29062
0.0292661 -0.04375 0.979611 1.33438
0.0635939 -0.35 0.974683 1.37813
0.0573772 0.109375 0.966266 1.3125
0.282445 -0.328125 0.964537 1.33438
0.000882778 -0.371875 0.950887 1.37813
0.311864 -0.4375 0.942179 1.29062
0.0990624 -0.2625 0.931146 1.33438
-0.0260672 -0.21875 0.923601 1.29062
0.0364763 -0.240625 0.914603 1.24687
0.158026 0.13125 0.905605 1.29062
0.0619707 0.109375 0.898351 1.3125
-0.10722 -0.240625 0.894296 1.26875
-0.0301394 0.525 0.890831 1.33438
-0.0389728 -0.546875 0.887357 1.3125
-0.0918672 0.109375 0.889407 1.4875
-0.102009 0.284375 0.891457 1.29062
-0.199823 0.415625 0.89467 1.33438
-0.0778228 0.328125 0.898464 1.33438
-0.175637 0.503125 0.903713 1.3125
0.0177402 -0.0875 0.9046 1.26875
-0.19637 0.065625 0.911011 1.26875
-0.205203 0.328125 0.915677 1.26875
-0.259406 0.415625 0.922389 1.26875
-0.137406 0.2625 0.927927 1.24687
-0.278831 0.065625 0.934048 1.29062
-0.244053 0.065625 0.939005 0.853125
-0.253337 0.35 0.9428 1.24687
-0.176256 0.30625 0.948629 1.26875
-0.0679348 0.04375 0.955622 1.3125
-0.0767681 0.590625 0.960289 1.29062
-0.244651 0.30625 0.967 1.00625
-0.137188 0 0.971085 1.46562
-0.188774 -0.21875 0.976624 1.26875
0.079905 0.503125 0.983035 1.3125
0.000553148 -0.175 0.988574 1.24687
0.0670217 -0.109375 0.994694 1.20312
-0.0136385 -0.328125 0.999661 1.3125
0.0541383 0.21875 1.00258 1.29062
0.0461633 -0.2625 1.00987 1.3125
-0.147726 -0.415625 1.01424 1.37813
0.0358967 -0.2625 1.01542 1.15938
0.0318467 0.2625 1.01603 1.37813
-0.0457469 -0.065625 1.01808 1.44375
-0.211013 0.284375 1.01838 1.42188
0.0166717 0.415625 1.02043 1.37813
0.0126217 0.371875 1.02132 1.35625
0.00857167 0.284375 1.0196 1.42188
-0.301614 0.2625 1.02048 1.42188
-0.001695 -0.04375 1.01934 1.11563
-0.005295 0.415625 1.02051 1.4
-0.009345 -0.284375 1.02082 1.4875
-0.013395 -0.240625 1.01881 1.50937
-0.0183033 -0.240625 1.01999 1.18125
-0.0223533 -0.065625 1.02116 1.4875
-0.0264033 -0.21875 1.02234 1.44375
-0.0313117 0 1.02237 1.37813
-0.0353617 0.0875 1.02529 1.4875
-0.0394117 0.2625 1.02647 1.33438
-0.321832 0.175 1.03026 1.05
-0.0487783 0.39375 1.03318 1.42188
-0.169983 -0.21875 1.03872 1.4
-0.0568367 -0.0875 1.0399 1.35625
-0.061295 0.21875 1.04398 1.35625
-0.064895 -0.196875 1.04691 1.4875
-0.258335 -0.13125 1.05332 1.35625
-0.190108 0.371875 1.05798 1.575
-0.0774117 0.284375 1.06265 1.4875
-0.22724 -0.284375 1.06645 1.46562
-0.08547 0.284375 1.06937 1.07187
-0.0899283 0.240625 1.07606 1.42188
-0.0930783 0.284375 1.08073 1.575
-0.0966783 0.284375 1.08307 1.59688
-0.246507 0.284375 1.09093 1.33438
-0.106045 0.240625 1.0956 1.4
-0.109195 0.284375 1.09765 1.4
-0.112795 -0.21875 1.10028 1.44375
-0.117253 0.30625 1.10262 0.940625
-0.193089 0.30625 1.10787 1.02812
-0.124003 -0.065625 1.10876 1.37813
-0.362363 0.240625 1.10761 1.46562
-0.13337 0.546875 1.1085 1.575
-0.13652 0.48125 1.10909 1.53125
-0.141428 0.284375 1.10562 1.37813
-0.144578 0.546875 1.09982 1.44375
-0.294857 0.48125 1.09547 1.4
-0.153945 0.371875 1.0856 1.50937
-0.157545 -0.240625 1.07951 1.35625
-0.162003 0.371875 1.07255 1.18125
-0.283208 -0.153125 1.06239 1.46562
-0.36166 0.284375 1.05397 1.35625
-0.366568 0.284375 1.04265 1.15938
-0.182045 0.21875 1.03597 1.07187
-0.186953 0.30625 1.03017 1.29062
-0.191412 0.35 1.02263 1.42188
-0.430221 -0.065625 1.01479 1.46562
-0.509123 0.525 1.00638 1.15938
-0.484507 0.503125 0.995926 1.44375
-0.402193 0.546875 0.991007 1.46562
-0.450263 0.546875 0.981427 1.59688
-0.22127 0.56875 0.974755 1.6625
-0.41471 0.459375 0.969246 1.68437
-0.230637 0.546875 0.964609 1.68437
-0.309089 0.459375 0.960844 1.75
-0.547898 0.503125 0.962022 1.70625
-0.597726 0.721875 0.961164 1.44375
-0.530807 0.590625 0.962633 1.44375
-0.259512 0.809375 0.965264 1.46562
-0.263112 0.503125 0.96935 1.4875
-0.266262 0.48125 0.97547 1.46562
-0.548682 0.503125 0.987114 1.29062
-0.510838 0.765625 0.999059 1.29062
-0.284462 0.590625 1.0107 1.35625
-0.288062 0.48125 1.0206 1.35625
-0.291212 0.56875 1.0305 1.29062
-0.294812 0.546875 1.0404 1.37813
-0.298412 0.503125 1.0503 1.37813
-0.301562 0.48125 1.05933 1.42188
-0.305162 0.459375 1.06923 1.42188
-0.308762 0.48125 1.07856 1.575
-0.311912 0.48125 1.08846 1.42188
-0.315512 0.7875 1.10214 1.42188
-0.319112 0.590625 1.10942 1.44375
-0.320953 0.415625 1.1199 1.50937
-0.324553 0.503125 1.12195 1.44375
-0.0942524 0.35 1.13419 1.44375
-0.330445 0.634375 1.13856 1.20312
-0.333595 0.39375 1.15224 1.00625
-0.337195 0.371875 1.1572 1.6625
-0.340795 0.459375 1.16303 1.6625
-0.343945 0.415625 1.17671 1.59688
-0.347545 0.371875 1.18255 1.575
-0.350695 0.459375 1.18983 1.575
-0.353845 0.459375 1.20001 1.55313
-0.356545 0.459375 1.2041 1.18125
-0.359695 0.48125 1.21458 1.68437
-0.362845 0.48125 1.22012 1.575
-0.365545 0.634375 1.22508 1.70625
-0.368695 0.546875 1.23469 1.79375
-0.371845 0.590625 1.2411 1.20312
-0.374545 0.56875 1.24576 1.20312
-0.377695 0.6125 1.25392 1.75
-0.380845 0.6125 1.26033 1.79375
-0.383995 0.525 1.26587 1.925
-0.386695 0.590625 1.27228 1.96875
-0.389845 0.6125 1.27956 1.96875
-0.539674 0.546875 1.28598 1.3125
-0.397453 0.6125 1.29384 1.81563
-0.400153 0.590625 1.29851 1.77188
-0.403303 0.634375 1.30462 1.81563
-0.406453 0.590625 1.3087 1.94687
-0.409603 0.634375 1.3157 1.50937
-0.412303 0.590625 1.32298 1.72812
-0.415453 0.6125 1.32765 1.70625
-0.418603 0.590625 1.33318 1.70625
-0.421753 0.546875 1.33785 1.75
-0.424453 0.7 1.34223 1.79375
-0.427603 0.590625 1.34428 1.59688
-0.430753 0.74375 1.34807 1.90312
-0.433903 0.56875 1.34925 1.4875
-0.437053 0.853125 1.35188 1.77188
-0.439753 0.503125 1.35538 1.88125
-0.442903 0.56875 1.3522 1.77188
-0.446053 0.459375 1.35076 1.81563
-0.449203 0.765625 1.35137 1.79375
-0.452353 0.6125 1.34964 1.77188
-0.455503 0.634375 1.34471 1.72812
-0.458653 0.74375 1.34066 1.79375
-0.461353 0.7 1.33573 1.68437
-0.464503 0.634375 1.33516 1.4
-0.467653 0.6125 1.33605 1.50937
-0.470803 0.634375 1.33054 1.8375
-0.473953 0.590625 1.33143 1.75
-0.477103 0.503125 1.32911 1.75
-0.480253 0.415625 1.32651 1.70625
-0.483403 0.74375 1.32333 1.79375
-0.486103 0.853125 1.31462 1.75
-0.489253 0.721875 1.31144 1.90312
-0.492403 0.721875 1.30709 1.90312
-0.495553 0.7 1.30217 1.72812
-0.498703 0.721875 1.28998 1.79375
-0.501853 0.678125 1.28127 1.925
-0.505003 0.678125 1.26675 1.94687
-0.508153 0.678125 1.25717 1.75
-0.511303 0.678125 1.24526 1.88125
-0.514453 0.765625 1.23103 1.72812
-0.517603 0.590625 1.21651 1.50937
-0.520753 0.7875 1.20315 1.77188
-0.523903 0.7 1.18224 1.85938
-0.527053 0.65625 1.16714 1.75
-0.530203 0.721875 1.15465 1.77188
-0.533353 0.74375 1.14914 1.75
-0.536503 0.74375 1.1445 1.79375
-0.539653 0.74375 1.14016 1.3125
-0.542803 0.765625 1.13726 1.88125
-0.545953 0.74375 1.13903 2.0125
-0.549103 0.7 1.14137 1.55313
-0.552253 0.74375 1.14371 1.8375
-0.555403 0.721875 1.14838 1.90312
-0.558553 0.74375 1.15596 1.96875
-0.561703 0.721875 1.16121 1.85938
-0.564853 0.7 1.16879 1.53125
-0.568003 0.7 1.18072 1.6625
-0.571153 0.765625 1.18771 1.77188
-0.574303 0.765625 1.19587 1.81563
-0.577003 0.721875 1.2049 1.81563
-0.579703 0.7 1.21771 1.53125
-0.582403 0.721875 1.22673 1.61875
-0.585103 0.853125 1.23721 1.75
-0.587803 0.853125 1.23897 1.3125
-0.589645 0.765625 1.24684 1.6625
-0.592345 0.765625 1.25412 1.70625
-0.593737 0.7875 1.26257 1.68437
-0.596437 0.678125 1.26753 1.70625
-0.599137 0.7875 1.27365 1.68437
-0.601837 0.875 1.28006 1.70625
-0.298401 0.9625 1.28327 1.70625
-0.606378 0.678125 1.28619 1.46562
-0.609078 0.765625 1.29493 1.70625
-0.611778 0.74375 1.29698 1.85938
-0.61317 0.74375 1.30165 1.90312
-0.61632 0.7875 1.3066 1.79375
-0.61902 0.809375 1.31592 1.88125
-0.62172 0.765625 1.31913 1.70625
-0.62442 0.7875 1.3238 1.53125
-0.62757 0.7875 1.32847 1.46562
-0.63027 0.7875 1.33284 1.575
-0.63297 0.809375 1.33751 1.85938
-0.63612 0.809375 1.34218 1.88125
-0.63882 0.7875 1.34481 1.75
-0.64152 0.875 1.34424 1.81563
-0.64422 1.07187 1.34629 1.81563
-0.64737 0.940625 1.34428 1.79375
-0.65007 0.896875 1.34604 1.8375
-0.65277 0.7875 1.34198 1.55313
-0.65592 0.940625 1.33967 1.8375
-0.65862 0.83125 1.33649 1.88125
-0.66132 0.9625 1.33418 1.8375
-0.66447 0.984375 1.33361 1.42188
-0.66717 0.984375 1.33479 1.72812
-0.66987 0.940625 1.33597 1.44375
-0.67302 0.91875 1.33686 1.59688
-0.67572 0.984375 1.33716 2.03437
-0.67842 0.9625 1.33777 1.77188
-0.68157 1.00625 1.3372 1.53125
-0.68427 0.984375 1.33605 2.0125
-0.68697 0.765625 1.33636 1.88125
-0.69012 1.07187 1.33666 1.77188
-0.69282 1.02812 1.33697 2.07812
-0.69597 0.875 1.33466 1.77188
-0.69867 0.83125 1.33177 1.64062
-0.70137 1.225 1.32859 1.79375
-0.70452 0.984375 1.32541 1.79375
-0.70722 1.09375 1.3231 1.79375
-0.71037 1.02812 1.32078 1.75
-0.71307 1.02812 1.32022 1.72812
-0.71622 1.26875 1.31733 1.75
-0.71892 1.05 1.31415 1.94687
-0.72207 1.00625 1.31184 1.79375
-0.72477 1.02812 1.31011 1.8375
-0.72747 1.09375 1.30344 1.75
-0.73062 0.7 1.29939 1.6625
-0.73332 0.9625 1.29359 1.6625
-0.73647 1.05 1.28925 1.77188
-0.73917 0.984375 1.28316 1.75
-0.74232 1.1375 1.27241 1.81563
-0.74502 1.00625 1.26866 1.50937
-0.74817 1.02812 1.26373 1.55313
-0.75087 1.05 1.2588 1.55313
-0.75402 1.05 1.25591 1.59688
-0.75672 1.05 1.25303 1.77188
-0.75987 1.07187 1.2481 1.6625
-0.76302 1.05 1.24404 1.79375
-0.76572 1.02812 1.23824 1.61875
-0.76887 1.07187 1.23361 1.77188
-0.77157 1.05 1.22985 1.90312
-0.77472 1.15938 1.22608 1.70625
-0.77742 1.26875 1.22349 1.50937
-0.78057 1.3125 1.22351 1.77188
-0.78327 1.11563 1.22236 1.72812
-0.78642 0.503125 1.22179 1.85938
-0.78912 1.35625 1.22269 1.72812
-0.79227 1.1375 1.22474 1.75
-0.79497 1.02812 1.22504 1.925
-0.79767 1.11563 1.22884 1.68437
-0.566469 1.26875 1.23089 1.81563
-0.802212 0.896875 1.23266 1.94687
-0.804912 1.02812 1.23471 1.85938
-0.807612 1.05 1.24025 1.70625
-0.809003 1.225 1.24317 1.6625
-0.533333 0.9625 1.24639 1.68437
-0.812237 0.984375 1.25135 1.6625
-0.814937 1.24687 1.25514 1.77188
-0.818087 1.05 1.26213 1.55313
-0.819478 1.46562 1.26478 1.68437
-0.6755 0.91875 1.26857 2.07812
-0.546058 0.984375 1.27585 2.0125
-0.825412 0.896875 1.28226 1.90312
-0.826803 1.00625 1.28636 1.61875
-0.829503 1.20312 1.2919 1.68437
-0.832653 0.765625 1.29715 1.70625
-0.803663 1.02812 1.30066 1.75
-0.805504 1.1375 1.30591 1.90312
-0.603377 1.05 1.30999 1.925
-0.532084 0.984375 1.31553 1.99063
-0.650222 0.875 1.3205 1.79375
-0.841903 0.91875 1.32691 1.75
-0.844603 0.984375 1.3339 1.79375
-0.847753 1.00625 1.33741 1.88125
-0.847837 1.07187 1.34353 1.4
-0.849678 1.09375 1.34791 2.14375
-0.852378 1.09375 1.34997 2.12188
-0.852462 1.1375 1.35609 1.94687
-0.855612 1.1375 1.35814 1.90312
-0.711633 1.15938 1.36485 1.81563
-0.669864 1.07187 1.36865 2.0125
-0.860237 0.984375 1.37157 2.03437
-0.863387 1.07187 1.37741 2.1
-0.866087 1.07187 1.38207 2.07812
-0.868787 1.11563 1.3853 2.07812
-0.594425 1.1375 1.39142 2.1
-0.873328 0.9625 1.39521 2.03437
-0.569892 1.09375 1.39785 1.88125
-0.87787 0.91875 1.40572 2.12188
-0.88102 1.02812 1.40718 2.1
-0.88372 1.1375 1.41273 1.46562
-0.88687 1.02812 1.41566 1.90312
-0.88957 1.11563 1.41888 1.925
-0.89272 1.20312 1.41831 2.0125
-0.661519 0.7875 1.42066 1.99063
-0.897262 1.07187 1.42097 1.94687
-0.899962 1.15938 1.42302 1.94687
-0.903112 0.853125 1.42624 1.99063
-0.906262 1.225 1.42742 1.99063
-0.908962 1.225 1.42977 2.12188
-0.912112 1.20312 1.43501 2.07812
-0.914812 1.24687 1.43678 1.96875
-0.917962 1.24687 1.43971 1.88125
-0.920662 1.20312 1.4438 2.07812
-0.923812 1.33438 1.44498 1.925
-0.926962 1.24687 1.44733 1.59688
-0.929662 1.4875 1.4517 1.925
-0.932812 1.24687 1.45289 1.94687
-0.935512 1.20312 1.45407 1.6625
-0.938662 1.26875 1.45642 2.0125
-0.941812 1.24687 1.45818 2.07812
-0.944512 1.24687 1.45966 2.0125
-0.947662 1.26875 1.4588 2.0125
-0.950812 1.37813 1.46028 1.925
-0.953512 1.02812 1.4568 1.925
-0.956662 1.33438 1.45392 1.99063
-0.959812 1.29062 1.44899 1.90312
-0.962962 1.26875 1.4432 2.14375
-0.966112 1.3125 1.44032 2.0125
-0.969262 1.3125 1.43452 2.12188
-0.972412 1.26875 1.4296 1.96875
-0.975562 1.26875 1.42554 1.59688
-0.978712 1.24687 1.41743 2.03437
-0.981862 1.3125 1.41425 2.16562
-0.985012 1.29062 1.40613 2.1875
-0.988162 1.24687 1.39917 2.03437
-0.991312 1.29062 1.39222 2.0125
-0.994462 1.29062 1.38816 2.20938
-0.997612 1.33438 1.38295 2.20938
-1.00076 1.3125 1.38094 1.75
-1.00391 1.24687 1.3766 2.25312
-1.00706 1.35625 1.37633 1.99063
-1.01021 1.37813 1.3781 2.03437
-1.01336 1.37813 1.37782 2.20938
-1.01651 1.4 1.3793 1.79375
-1.01966 1.37813 1.38514 2.20938
-1.02281 1.37813 1.38691 2.07812
-1.02596 1.35625 1.39303 1.90312
-1.02956 1.42188 1.39625 2.16562
-1.03271 1.37813 1.40122 2.14375
-1.03586 1.37813 1.40501 2.14375
-1.03901 1.4 1.40649 1.90312
-0.96686 1.4 1.41204 1.50937
-1.0427 1.3125 1.41439 1.59688
-1.04585 1.37813 1.41731 2.05625
-0.742409 1.35625 1.4214 1.575
-1.05084 1.20312 1.42346 1.925
-1.05268 1.35625 1.42436 1.99063
-1.05628 1.35625 1.42466 1.96875
-1.05943 0.9625 1.42614 1.96875
-1.03089 1.55313 1.42588 1.90312
-1.03142 1.4875 1.42648 1.925
-0.915658 1.55313 1.42389 1.925
-0.757592 1.37813 1.42332 1.55313
-0.991168 1.225 1.42393 1.90312
-1.067 1.35625 1.42889 1.79375
-1.07015 1.37813 1.43241 1.64062
-1.0733 1.37813 1.43563 2.12188
-1.00115 1.37813 1.4403 1.96875
-0.930308 1.35625 1.44352 2.07812
-0.800458 1.35625 1.45023 1.94687
-1.00582 1.225 1.45083 2.03437
-1.08034 1.3125 1.45667 1.96875
-1.05442 1.33438 1.46308 2.1
-1.08709 1.33438 1.46776 2.07812
-0.971332 1.37813 1.47098 2.12188
-0.782884 1.33438 1.47508 2.12188
-1.01601 1.26875 1.47656 2.1
-1.01785 1.33438 1.47891 1.8375
-1.09414 1.3125 1.48358 2.0125
-0.906997 1.26875 1.48534 2.12188
-0.791234 1.29062 1.48682 2.0125
-1.0988 1.20312 1.48568 2.16562
-1.10065 1.35625 1.48716 2.03437
-0.987499 1.35625 1.48863 2.07812
-1.10564 1.29062 1.48924 2.23125
-0.959941 1.42188 1.48723 1.77188
-1.10584 1.42188 1.48522 1.72812
-0.802409 1.53125 1.48641 1.72812
-1.10998 1.35625 1.48468 1.6625
-0.879227 1.4875 1.4847 1.81563
-1.11366 1.37813 1.48531 2.16562
-1.08819 1.50937 1.48417 2.23125
-1.00281 1.44375 1.48245 2.03437
-0.814359 1.44375 1.48276 2.20938
-1.12062 1.29062 1.4822 2.25312
-1.12377 1.50937 1.47961 2.25312
-1.12692 1.46562 1.47847 2.1875
-0.852108 1.50937 1.47878 2.20938
-1.12795 1.37813 1.47589 2.20938
-0.940355 1.53125 1.47271 2.1875
-0.898136 1.42188 1.46983 1.96875
-1.13298 1.33438 1.46782 1.99063
-1.13568 1.44375 1.46405 2.0125
-1.13838 1.46562 1.46378 1.96875
-0.834492 1.50937 1.4606 1.925
-0.908119 1.02812 1.45772 1.96875
-1.14341 0.91875 1.45773 1.96875
-1.14611 1.44375 1.45485 1.96875
-1.14836 1.42188 1.45079 2.03437
-0.960772 1.55313 1.45082 2.1
-1.15245 1.42188 1.44589 1.90312
-1.15515 1.6625 1.43574 1.81563
-1.15785 1.4 1.42995 1.96875
-1.1601 1.61875 1.41891 1.925
-1.16019 1.02812 1.40527 1.94687
-1.16289 1.59688 1.3954 1.59688
-1.16559 1.64062 1.38729 1.72812
-1.16784 1.6625 1.38004 1.77188
-1.17054 1.6625 1.37511 1.81563
-1.17324 1.6625 1.36729 1.90312
-1.17594 1.75 1.36091 1.70625
-1.17864 1.61875 1.35483 2.1
-1.18134 1.6625 1.34933 1.94687
-1.18359 1.6625 1.34614 1.90312
-1.18629 1.61875 1.345 2.12188
-1.18899 1.6625 1.34328 2.14375
-1.19169 1.68437 1.34213 2.12188
-1.19439 1.75 1.34419 2.07812
-1.19709 1.6625 1.3416 2.03437
-1.19979 1.61875 1.34307 1.6625
-1.20204 1.59688 1.34193 1.925
-1.20343 1.6625 1.33905 1.88125
-1.20613 1.61875 1.33848 1.81563
-1.20883 1.53125 1.33909 1.8375
-1.21022 1.70625 1.33969 1.88125
-0.979019 1.70625 1.33767 1.90312
-1.09671 1.55313 1.34002 2.1
-1.18532 1.42188 1.34237 1.94687
-1.21709 1.4 1.34297 1.81563
-1.21849 1.225 1.34532 1.79375
-1.14458 1.6625 1.34592 1.8375
-1.09843 1.59688 1.34508 1.88125
-0.864614 1.55313 1.34451 1.90312
-1.21228 1.55313 1.35093 1.85938
-1.21498 1.575 1.35444 1.90312
-0.909784 1.4 1.35766 1.85938
-0.774659 1.4 1.35797 1.8375
-0.932033 1.1375 1.3577 1.8375
-1.20963 1.35625 1.36441 1.88125
-1.06348 1.4875 1.36328 1.77188
-0.811203 1.42188 1.36533 1.44375
-0.73206 1.4 1.36419 1.88125
-0.802212 0.875 1.36392 1.8375
-1.05073 1.20312 1.37063 1.85938
-0.919983 1.33438 1.37211 1.8375
-0.961061 1.24687 1.37183 1.81563
-0.914916 0.984375 1.37825 1.85938
-0.882001 1.20312 1.37828 1.925
-0.834548 1.26875 1.37801 1.85938
-0.742176 1.15938 1.37891 1.90312
-0.944469 1.05 1.38765 2.05625
-0.989472 1.225 1.39261 2.1
-1.03186 1.26875 1.39816 1.99063
-0.780887 1.26875 1.40138 1.79375
-0.701743 1.20312 1.39908 1.85938
-0.859567 1.1375 1.40695 1.925
-1.16538 1.15938 1.41308 1.99063
-1.16767 1.29062 1.41979 2.03437
-0.888075 1.33438 1.42156 2.20938
-0.604554 1.29062 1.42741 1.90312
-0.716151 1.1375 1.42598 2.12188
-0.963814 1.02812 1.43269 2.1
-1.15639 1.18125 1.44202 1.94687
-0.967947 1.24687 1.45338 1.94687
-0.714809 1.26875 1.45225 1.925
-0.711417 1.15938 1.46274 1.96875
-0.868383 1.11563 1.46422 2.03437
-0.99975 1.15938 1.4689 1.55313
-1.14565 1.29062 1.48026 1.90312
-0.75152 1.3125 1.48553 1.96875
-0.748128 1.15938 1.48555 1.96875
-0.627132 1.1375 1.4943 2.14375
-1.06247 1.02812 1.49868 2.1
-0.830859 1.29062 1.50337 2.1
-1.13798 1.11563 1.51328 2.07812
-1.01829 1.37813 1.51243 2.0125
-0.694226 1.07187 1.51565 2.1
-0.570613 1.15938 1.51568 2.1
-0.844733 1.15938 1.52123 2.16562
-1.12323 1.225 1.5294 1.99063
-1.12638 1.3125 1.53583 2.1
-0.819017 1.37813 1.54138 2.29688
-0.65486 1.225 1.54111 2.07812
-0.84045 1.02812 1.54026 2.1875
-0.973125 1.18125 1.54727 2.16562
-1.12079 1.20312 1.55515 2.1875
-0.771123 1.37813 1.5575 2.14375
-0.884477 1.1375 1.55927 2.14375
-0.722487 1.26875 1.55843 2.16562
-0.810242 0.940625 1.56397 2.12188
-1.11781 0.853125 1.56662 2.12188
-1.11965 1.09375 1.56897 2.03437
-0.843125 1.4 1.56958 2.14375
-0.649443 1.24687 1.56874 2.16562
-0.880402 1.05 1.5676 2.20938
-1.11484 1.02812 1.57025 2.1
-1.11799 1.42188 1.57435 2.14375
-1.11897 1.4 1.57321 2.03437
-0.811609 1.50937 1.57469 2.12188
-0.767673 1.35625 1.57356 2.12188
-1.11579 1.20312 1.57067 2.0125
-1.11939 1.44375 1.57332 1.96875
-1.12254 1.42188 1.57364 2.07812
-0.889619 1.44375 1.57018 2.14375
-0.974758 1.225 1.56526 2.1
-1.04843 1.575 1.56238 2.1
-1.12426 1.42188 1.56038 2.1
-1.12655 1.4875 1.55662 2.1
-1.12709 1.44375 1.55142 2.14375
-0.895477 1.1375 1.53982 2.14375
-0.820709 1.37813 1.53433 2.12188
-1.0992 1.1375 1.52883 2.12188
-1.13143 1.4 1.52014 2.07812
-1.13503 1.35625 1.51783 2.07812
-1.01972 1.4875 1.51438 2.12188
-1.13785 1.44375 1.50743 2.275
-1.14015 1.44375 1.50512 2.03437
-1.1433 1.55313 1.50021 2.25312
-0.912994 1.575 1.49704 2.16562
-0.958447 1.44375 1.493 2.12188
-1.15103 1.4 1.49012 1.59688
-1.15463 1.4875 1.48783 2.23125
-1.15778 1.4875 1.48728 2.34063
-0.882558 1.53125 1.48381 2.275
-1.1593 1.37813 1.48385 2.12188
-1.1629 1.53125 1.48445 1.85938
-1.16649 1.575 1.48391 2.1
-1.16964 1.55313 1.48538 2.07812
-1.17063 1.59688 1.48716 1.94687
-1.17292 1.59688 1.48777 2.29688
-0.898558 1.29062 1.49129 2.05625
-1.03168 1.46562 1.49102 2.07812
-1.17934 1.44375 1.49193 2.07812
-1.18339 1.37813 1.4969 2.03437
-1.06677 1.575 1.49287 1.96875
-0.835164 1.70625 1.49231 2.25312
-1.18549 1.3125 1.49321 2.25312
-0.955186 1.53125 1.49645 2.25312
-1.19007 1.4 1.49677 2.25312
-1.00252 1.50937 1.49855 2.275
-1.1621 1.44375 1.49654 2.34063
-0.959569 1.50937 1.49483 2.14375
-1.00461 1.37813 1.4966 2.03437
-0.844381 1.42188 1.49751 2.25312
-1.00441 1.18125 1.49696 2.25312
-1.07808 1.37813 1.49757 2.25312
-0.919158 1.37813 1.50109 2.1875
-1.00781 1.37813 1.50374 2.1875
-0.963877 1.3125 1.50581 2.16562
-0.847256 1.35625 1.50817 2.16562
-0.80377 1.24687 1.50849 2.20938
-1.00696 1.20312 1.51317 2.1875
-0.964786 1.20312 1.51611 2.1
-1.05299 1.3125 1.52021 2.07812
-0.893209 1.35625 1.52286 2.05625
-0.804353 1.3125 1.52377 2.14375
-0.847639 1.18125 1.52642 2.16562
-0.891376 1.18125 1.52819 2.0125
-0.848748 1.24687 1.53142 2.1
-0.893792 1.20312 1.53319 2.16562
-0.92385 1.20312 1.53497 2.05625
-1.2028 1.20312 1.53675 2.23125
-1.01349 1.37813 1.54114 2.05625
-0.926391 1.3125 1.54118 2.23125
-0.690857 1.3125 1.54034 2.25312
-0.762359 1.15938 1.54124 2.275
-0.966861 1.20312 1.54128 2.31875
-1.12951 1.3125 1.54654 2.07812
-1.20579 1.37813 1.54919 2.275
-1.01825 1.42188 1.55359 2.34063
-0.813095 1.4 1.55449 2.34063
-0.766992 1.24687 1.55423 2.3625
-1.17501 1.225 1.55601 2.31875
-1.20683 1.44375 1.55953 2.20938
-0.975219 1.50937 1.56131 2.31875
-1.01765 1.35625 1.56221 1.96875
-0.973711 1.42188 1.56312 2.1
-1.01745 1.35625 1.56141 2.14375
-1.20917 1.35625 1.56493 2.40625
-1.02117 1.55313 1.56583 2.34063
-0.861389 1.4 1.56819 2.47187
-0.861064 1.35625 1.5691 2.1
-1.18362 1.3125 1.56942 2.3625
-1.09914 1.4875 1.5744 2.29688
-1.21773 1.37813 1.57472 2.1
-0.983952 1.46562 1.57359 2.38437
-0.82372 1.42188 1.57334 2.07812
-0.938833 1.3125 1.5757 1.85938
-0.941575 1.4 1.57516 2.1
-1.22138 1.3125 1.57519 1.75
-1.22543 1.53125 1.58016 2.1
-1.15156 1.79375 1.577 2.1
-1.03363 1.50937 1.57529 2.14375
-0.830237 1.4 1.57416 2.1
-1.22241 1.33438 1.57158 2.07812
-1.10886 1.61875 1.57393 1.59688
-1.2292 0.984375 1.57658 2.12188
-1.2315 1.11563 1.57487 2.07812
-1.2043 1.4875 1.57404 2.23125
-1.23395 1.61875 1.5671 2.20938
-0.958325 1.6625 1.56453 2.20938
-0.886214 1.42188 1.55584 1.925
-1.2383 1.55313 1.5489 2.07812
-1.2428 1.55313 1.54341 2.03437
-1.2473 1.61875 1.53328 2.0125
-1.10119 1.6625 1.51848 2.05625
-0.943167 1.61875 1.51184 2.0125
-1.06135 1.70625 1.50053 1.99063
-1.25483 1.4875 1.49418 2.1875
-1.25933 1.61875 1.48985 2.0125
-1.26383 1.59688 1.48757 2.03437
-1.26571 1.70625 1.48324 2.05625
-0.9927 1.70625 1.47834 1.77188
-1.2734 1.55313 1.4743 2.20938
-1.27659 1.6625 1.47376 1.94687
-1.28109 1.6625 1.47031 2.25312
-1.28559 1.77188 1.46977 2.25312
-1.29009 1.72812 1.46661 2.07812
-1.29459 1.75 1.4681 2.23125
-1.29909 1.70625 1.46931 2.25312
-1.30229 1.70625 1.46789 2.12188
-1.30724 1.8375 1.46996 2.25312
-1.03422 1.75 1.47 2.03437
-1.31493 1.61875 1.47237 2.23125
-1.31943 1.72812 1.47532 2.275
-1.32393 1.72812 1.47971 2.23125
-1.32843 1.79375 1.48266 1.99063
-1.09903 1.96875 1.48357 2.23125
-1.14583 1.61875 1.48564 1.96875
-1.33931 1.24687 1.48947 2.1
-1.34381 1.81563 1.49473 2.29688
-1.34831 1.75 1.49943 2.275
-1.04406 1.75 1.50092 1.6625
-1.16355 1.575 1.50445 2.12188
-1.32665 1.59688 1.50914 2.20938
-1.35891 1.72812 1.51092 1.68437
-1.28811 1.72812 1.51561 2.31875
-1.12878 1.75 1.51914 2.0125
-1.24479 1.6625 1.51831 2.1875
-1.08807 1.575 1.52242 2.20938
-1.36616 1.4875 1.52682 2.03437
-1.06277 1.79375 1.52919 1.99063
-1.06465 1.575 1.53329 2.03437
-1.13922 1.55313 1.53566 2.3625
-1.09794 1.53125 1.53861 2.20938
-1.14344 1.53125 1.54184 2.05625
-0.984103 1.44375 1.54218 2.1
-1.0719 1.44375 1.54338 2.1
-1.10024 1.4 1.54372 2.05625
-1.23341 1.50937 1.54462 2.07812
-1.18906 1.50937 1.54408 2.16562
-1.10111 1.575 1.54354 2.14375
-1.02638 1.575 1.5433 2.20938
-0.938876 1.77188 1.54391 2.12188
-1.30288 1.68437 1.54541 2.1875
-1.23338 1.61875 1.54836 2.05625
-1.26565 1.61875 1.55276 1.88125
-1.07508 1.575 1.55221 2.23125
-0.943509 1.44375 1.55167 2.20938
-1.03 1.46562 1.55375 1.88125
-1.19179 1.46562 1.5567 2.16562
-1.10821 1.4875 1.56198 2.31875
-1.11009 1.4875 1.5626 2.23125
-1.2415 1.55313 1.56438 2.3625
-1.31652 1.59688 1.56733 2.275
-1.15719 1.6625 1.57086 2.1875
-1.15645 1.59688 1.57119 2.34063
-0.994503 1.59688 1.57153 2.12188
-1.31665 1.15938 1.57448 2.12188
-1.36345 1.75 1.5748 2.20938
-1.08783 1.94687 1.57688 2.1
-0.956709 1.11563 1.57547 2.25312
-1.20441 1.53125 1.579 2.1
-1.28029 1.53125 1.57962 2.14375
-1.40199 1.61875 1.58519 2.12188
-1.00789 1.575 1.58378 2.1
-1.05167 1.575 1.58412 1.85938
-1.16944 1.55313 1.5862 2.12188
-1.40568 1.575 1.58741 2.05625
-1.41108 1.75 1.5921 2.23125
-1.13459 1.77188 1.59099 2.12188
-1.06207 1.70625 1.58783 2.12188
-1.17984 1.61875 1.58991 2.14375
-1.41739 1.64062 1.59257 2.14375
-1.23119 1.79375 1.59059 2.14375
-1.1463 1.6625 1.59063 2.14375
-1.14777 1.29062 1.58806 2.275
-1.15187 1.61875 1.58607 2.16562
-1.43171 1.75 1.58379 1.79375
-1.4358 1.79375 1.58151 2.12188
-1.43728 1.77188 1.57631 2.16562
-1.16341 1.8375 1.57084 2.16562
-0.973285 1.55313 1.56158 2.1875
-1.13728 1.59688 1.55843 2.16562
-1.44751 1.55313 1.55353 2.12188
-1.45291 1.8375 1.54631 2.14375
-1.45831 1.8375 1.54315 1.96875
-1.45934 1.925 1.53652 2.12188
-1.46212 1.90312 1.52784 2.40625
-1.06979 2.12188 1.52237 2.1875
-1.11487 1.75 1.51718 2.20938
-1.4674 1.68437 1.51518 1.68437
-1.47411 1.77188 1.52018 2.14375
-1.62619 1.79375 1.52516 2.1875
-1.08935 2.03437 1.52754 2.12188
-1.41194 1.94687 1.52991 2.14375
-1.48741 2.12188 1.53548 2.23125
-1.49281 2.1 1.54134 2.1
-1.49776 2.0125 1.54865 2.34063
-1.22434 1.96875 1.55539 2.34063
-1.27074 1.79375 1.56183 2.34063
-1.39112 1.72812 1.56798 2.34063
-1.39346 1.77188 1.57472 2.12188
-1.51385 1.85938 1.57941 2.3625
-1.32896 1.96875 1.58499 2.31875
-1.49165 1.85938 1.58736 2.3625
-1.5235 1.96875 1.59351 2.12188
-1.21925 1.99063 1.59239 2.31875
-1.08597 1.75 1.59012 2.14375
-1.12844 1.55313 1.58522 1.70625
-1.33605 1.70625 1.58585 2.16562
-1.53043 1.75 1.58502 2.1875
-1.53276 1.90312 1.58566 2.1875
-1.0942 1.81563 1.57843 2.20938
-0.974146 1.8375 1.57383 2.16562
-0.928085 1.59688 1.56661 2.14375
-1.5282 1.46562 1.56956 2.20938
-1.5336 1.99063 1.56961 2.20938
-1.53462 1.85938 1.57286 2.1875
-0.979763 2.07812 1.57086 2.20938
-0.931085 1.4875 1.56975 1.94687
-1.22068 1.59688 1.56981 2.14375
-1.53136 1.72812 1.57421 2.31875
-1.53676 1.8375 1.59054 2.16562
-1.14312 1.79375 1.59291 2.12188
-1.09792 1.61875 1.59849 2.275
-1.0677 1.575 1.59911 2.1875
-1.41937 1.64062 1.60672 2.34063
-1.35078 1.79375 1.61928 2.29688
-1.15004 1.72812 1.62513 2.275
-1.31143 1.6625 1.62693 2.34063
-1.19661 1.79375 1.63512 2.31875
-1.40422 1.75 1.6465 2.3625
-1.2731 1.75 1.65237 2.38437
-1.1116 1.75 1.6498 2.29688
-0.992854 1.575 1.65712 2.38437
-1.1974 1.575 1.66414 2.38437
-1.24334 1.68437 1.67088 2.38437
-1.55402 1.59688 1.67731 2.38437
-1.16385 1.8375 1.68493 2.23125
-1.11734 1.37813 1.68293 2.25312
-0.997288 1.55313 1.68444 2.42813
-1.1133 1.4875 1.68884 2.47187
-1.31829 1.61875 1.69238 2.3625
-1.55584 1.70625 1.70376 2.42813
-1.55686 1.85938 1.7076 2.38437
-1.04431 1.88125 1.7056 2.40625
-0.761278 1.64062 1.70449 2.45
-0.94736 1.42188 1.70831 2.45
-1.35718 1.4875 1.71331 2.5375
-1.55111 1.75 1.7215 2.47187
-1.55651 1.85938 1.72823 2.47187
-1.16504 1.88125 1.73061 2.47187
-1.00268 1.6625 1.73269 2.47187
-0.999779 1.61875 1.73826 2.5375
-1.20432 1.575 1.74268 2.45
-1.32471 1.64062 1.7465 2.51562
-1.48826 1.64062 1.75353 2.55938
-1.44612 1.81563 1.762 2.58125
-1.12603 1.8375 1.76467 2.5375
-1.05089 1.6625 1.76792 2.5375
-1.12329 1.59688 1.77174 2.51562
-1.28598 1.64062 1.77848 2.64688
-1.49183 1.68437 1.78348 2.58125
-1.33471 1.85938 1.79079 2.5375
-1.29082 1.77188 1.79404 2.25312
-1.13108 1.64062 1.79816 2.64688
-1.29201 1.68437 1.8046 2.69062
-1.26572 1.75 1.80959 2.55938
-1.50064 1.70625 1.8172 2.66875
-1.3409 1.90312 1.82073 2.31875
-1.22432 1.8375 1.82428 2.5375
-1.17957 1.81563 1.82753 2.51562
-1.22421 1.72812 1.83223 2.7125
-1.50319 1.72812 1.83634 2.55938
-1.57952 1.72812 1.84279 2.7125
-1.4647 1.90312 1.84778 2.75625
-1.0693 1.85938 1.84812 2.55938
-0.949244 1.72812 1.84962 2.7125
-1.13794 1.575 1.85171 2.625
-1.54907 1.70625 1.85525 2.64688
-1.58354 1.85938 1.86257 2.625
-1.58719 1.85938 1.86407 2.8
-1.11955 1.96875 1.86528 2.73438
-0.911825 1.75 1.86504 2.8
-0.909375 1.42188 1.86539 2.77813
-1.34827 1.61875 1.86514 2.58125
-1.58581 1.81563 1.87159 2.69062
-1.59121 1.90312 1.87426 2.73438
-1.15351 1.96875 1.87227 2.77813
-0.962077 1.77188 1.87291 2.8
-0.988701 1.68437 1.87412 2.7125
-1.19586 1.6625 1.87387 2.82187
-1.35855 1.79375 1.87887 2.12188
-1.59654 1.75 1.88386 2.75625
-1.4522 1.925 1.88537 2.77813
-1.13124 1.90312 1.88687 2.69062
-1.08473 1.64062 1.88489 2.66875
-1.15758 1.72812 1.8861 2.69062
-1.36519 1.72812 1.8908 2.8
-1.29615 1.8375 1.89085 2.77813
-1.29763 1.79375 1.89294 2.8
-1.25549 1.79375 1.8959 2.75625
-1.41687 1.8375 1.89566 2.69062
-1.21569 1.88125 1.89803 2.77813
-1.26077 1.77188 1.89692 2.75625
-1.30717 1.77188 1.89814 2.5375
-1.42494 1.77188 1.89616 2.75625
-1.17928 1.85938 1.89388 2.64688
-1.33936 1.72812 1.88928 2.77813
-1.26946 1.85938 1.88817 2.7125
-1.62244 1.81563 1.88997 2.73438
-1.39394 1.96875 1.88537 2.60312
-1.48263 1.85938 1.87873 2.49375
-1.02953 1.81563 1.86803 2.625
-1.16053 1.77188 1.86081 2.55938
-1.55627 1.8375 1.85389 2.60312
-1.63435 1.99063 1.84668 2.5375
-1.63845 2.07812 1.8412 2.60312
-1.24611 2.12188 1.83282 2.58125
-1.20136 1.925 1.82154 2.60312
-1.08392 1.90312 1.81083 2.625
-1.40652 1.79375 1.80449 2.7125
-1.64451 1.99063 1.79669 2.7125
-1.65036 2.05625 1.79152 2.7125
-1.37563 2.0125 1.78633 2.625
-1.21458 1.8375 1.77737 2.66875
-1.21475 1.81563 1.77219 2.64688
-1.30476 1.77188 1.76759 2.7125
-1.65905 1.81563 1.7659 2.55938
-1.43099 2.05625 1.76596 2.69062
-1.35978 1.75 1.7634 2.69062
-1.39033 1.8375 1.76403 2.66875
-1.47903 1.925 1.75972 2.64688
-1.52673 1.925 1.7621 2.64688
-1.32645 1.96875 1.7639 2.60312
-1.48652 1.94687 1.76396 2.625
-1.40077 1.99063 1.76546 2.55938
-1.65069 1.90312 1.76638 2.51562
-1.37772 2.1 1.76993 2.0125
-1.45057 1.88125 1.77231 2.60312
-1.24722 1.96875 1.77382 2.55938
-1.49582 1.79375 1.77707 2.60312
-1.41052 1.96875 1.78149 2.55938
-1.38293 1.88125 1.78532 2.625
-1.45709 1.88125 1.78857 2.58125
-1.34226 1.94687 1.79037 2.60312
-1.25435 1.85938 1.79276 2.3625
-1.34174 1.75 1.79426 2.60312
-1.38552 1.79375 1.79664 2.58125
-1.22578 1.81563 1.79844 2.625
-1.13655 1.72812 1.79733 2.66875
-1.22263 1.6625 1.79709 2.58125
-1.25188 1.61875 1.79948 2.60312
-1.4124 1.6625 1.80011 2.73438
-1.25135 1.79375 1.79813 2.75625
-1.08768 1.64062 1.79558 2.73438
-1.01169 1.575 1.79243 2.75625
-0.920711 1.53125 1.78957 2.66875
-1.1667 1.44375 1.78789 2.55938
-1.2823 1.53125 1.78503 2.7125
-1.32608 1.61875 1.78568 2.73438
-1.23641 1.6625 1.7805 2.7125
-0.910669 1.29062 1.77473 2.64688
-0.87522 1.4 1.76694 2.49375
-0.899227 1.37813 1.76234 2.49375
-1.14567 1.4 1.75543 2.55938
-1.21852 1.4875 1.75344 2.38437
-1.1883 1.53125 1.75002 2.1
-1.02509 1.50937 1.74367 2.42813
-0.860112 1.44375 1.74082 2.38437
-0.9731 1.35625 1.73157 2.51562
-0.969341 1.37813 1.72872 2.5375
-1.20255 1.37813 1.72616 2.51562
-1.17278 1.50937 1.72448 2.47187
-1.01043 1.46562 1.72017 2.42813
-0.963508 1.37813 1.71674 2.25312
-0.916589 1.4 1.71301 2.40625
-1.0745 1.35625 1.71133 2.40625
-1.27687 1.35625 1.71109 2.45
-1.16119 1.53125 1.71115 2.25312
-0.999286 1.4875 1.70773 2.49375
-0.950608 1.4 1.70487 2.34063
-0.992219 1.29062 1.70319 2.38437
-1.15274 1.3125 1.70295 2.3625
-1.38726 1.35625 1.70359 2.51562
-1.15483 1.55313 1.7022 2.38437
-1.06561 1.42188 1.69992 2.3625
-0.828403 1.4875 1.6965 2.51562
-1.01538 1.37813 1.69394 2.49375
-1.21907 1.4875 1.69167 2.51562
-1.33991 1.4875 1.69347 2.49375
-1.22423 1.59688 1.69179 2.1875
-1.10593 1.575 1.68632 2.51562
-0.897347 1.50937 1.6794 2.5375
-1.01164 1.35625 1.67568 2.49375
-1.21709 1.46562 1.67283 2.47187
-1.46614 1.55313 1.67027 2.40625
-1.46807 1.70625 1.66713 2.42813
-1.1035 1.75 1.66371 2.49375
-0.938975 1.55313 1.65503 1.96875
-0.848444 1.44375 1.65073 2.55938
-1.16888 1.4 1.6476 2.49375
-1.33332 1.61875 1.65086 2.45
-1.61362 1.6625 1.65091 2.49375
-1.38034 1.85938 1.64952 2.47187
-1.01491 1.85938 1.64871 2.49375
-0.82262 1.6625 1.64789 2.49375
-1.05321 1.575 1.64766 2.51562
-1.30358 1.53125 1.6515 2.55938
-1.58432 1.75 1.65505 2.38437
-1.33997 1.925 1.65947 2.55938
-1.06177 1.79375 1.6604 2.51562
-0.987086 1.70625 1.66395 2.47187
-1.10269 1.59688 1.66633 2.29688
-1.26452 1.64062 1.66988 2.3625
-1.42897 1.72812 1.67576 2.40625
-1.42959 1.85938 1.67843 2.38437
-1.154 1.88125 1.68111 2.31875
-0.947175 1.77188 1.68059 2.31875
-1.10463 1.575 1.68181 2.31875
-1.47129 1.72812 1.68681 2.3625
-1.6199 1.90312 1.68803 2.275
-1.34431 1.99063 1.69216 2.47187
-0.904889 1.88125 1.68816 2.49375
-0.740364 1.64062 1.68618 2.45
-1.01588 1.59688 1.68624 2.38437
-1.42746 1.64062 1.68834 2.42813
-1.62229 1.81563 1.69363 2.42813
-1.62552 1.94687 1.69864 2.3625
-0.997119 1.96875 1.69463 2.38437
-0.744064 1.6625 1.6944 2.49375
-0.738139 1.53125 1.68834 2.3625
-1.14841 1.50937 1.69131 2.51562
-1.38554 1.72812 1.69719 2.49375
-1.62399 1.72812 1.7019 2.49375
-1.32063 1.925 1.70632 2.55938
-1.02658 1.77188 1.7058 2.45
-0.862061 1.575 1.70499 2.40625
-1.06358 1.575 1.70854 2.45
-1.43024 1.68437 1.71296 2.42813
-1.43478 1.8375 1.7171 2.42813
-1.50808 1.88125 1.72791 2.5375
-1.1585 1.96875 1.73234 2.51562
-1.11158 1.79375 1.73182 2.38437
-0.950983 1.72812 1.73828 2.51562
-1.27186 1.64062 1.74503 2.47187
-1.47862 1.79375 1.74887 2.51562
-1.43869 1.88125 1.76085 2.60312
-1.2794 1.90312 1.76353 2.51562
-1.07388 1.81563 1.76913 2.49375
-1.11725 1.70625 1.77268 2.40625
-1.23416 1.72812 1.77535 2.47187
-1.39906 1.72812 1.78472 2.55938
-1.28338 1.81563 1.78856 2.49375
-1.28445 1.72812 1.79328 2.5375
-1.03577 1.77188 1.79654 2.55938
-1.19498 1.68437 1.79922 2.58125
-1.24097 1.77188 1.80364 2.49375
-1.60894 1.75 1.81011 2.51562
-1.45141 1.96875 1.81366 2.58125
-1.1732 1.88125 1.81546 2.5375
-0.923214 1.81563 1.8167 2.42813
-1.08112 1.6625 1.81937 2.42813
-1.36101 1.72812 1.82525 2.42813
-1.64175 1.85938 1.82909 2.58125
-1.64805 1.99063 1.83556 2.60312
-1.37161 2.05625 1.83794 2.60312
-1.01941 1.94687 1.83888 2.58125
-0.856645 1.77188 1.83778 2.625
-1.04493 1.61875 1.84104 2.69062
-1.64725 1.70625 1.84518 2.7125
-1.6531 1.96875 1.85222 2.69062
-1.6594 1.99063 1.85897 2.5375
-1.03145 2.1 1.85933 2.7125
-0.940922 1.72812 1.85707 2.66875
-1.05698 1.72812 1.8612 2.34063
-1.65668 1.75 1.86447 2.7125
-1.66253 2.03437 1.87063 2.7125
-1.66752 2.07812 1.8771 2.7125
-1.15672 2.07812 1.87891 2.8
-1.03888 1.85938 1.87955 2.8
-1.15493 1.79375 1.88107 2.77813
-1.55067 1.85938 1.88608 2.8
-1.67326 2.03437 1.89429 2.84375
-1.67825 2.1 1.89784 2.7125
-1.16877 2.1875 1.89907 2.75625
-1.16722 1.925 1.90088 2.55938
-1.21189 1.94687 1.90386 2.31875
-1.53494 1.90312 1.90479 2.77813
-1.6853 2.0125 1.90951 2.8875
-1.69029 2.1 1.91451 2.60312
-1.17995 2.16562 1.91313 2.7125
-1.06165 1.90312 1.91406 2.73438
-1.17771 1.79375 1.91443 2.75625
-1.41529 1.8375 1.91536 2.75625
-1.69734 1.925 1.91921 2.275
-1.70234 2.07812 1.92189 2.58125
-1.2356 2.1 1.91876 2.60312
-1.02922 1.88125 1.91853 2.69062
-1.18713 1.75 1.91627 2.58125
-1.46702 1.85938 1.91751 2.5375
-1.70591 1.85938 1.91844 2.77813
-1.7096 2.05625 1.9188 2.84375
-1.1565 2.12188 1.91625 2.69062
-1.03603 1.79375 1.91283 2.66875
-1.07809 1.75 1.90737 2.75625
-1.47559 1.75 1.91121 2.75625
-1.71448 1.90312 1.9107 2.77813
-1.71902 2.1 1.91019 2.60312
-1.20867 2.05625 1.90502 2.7125
-1.0023 1.90312 1.89724 2.7125
-1.04305 1.72812 1.89033 2.66875
-1.43923 1.85938 1.88836 2.03437
-1.72174 1.88125 1.88261 2.60312
-1.72673 1.99063 1.88094 2.60312
-1.29038 2.07812 1.87053 2.5375
-1.05362 1.79375 1.85927 2.51562
-1.09568 1.75 1.84276 2.55938
-1.41918 1.75 1.83702 2.60312
-1.73075 1.85938 1.82952 2.58125
-1.73575 2.03437 1.82378 2.64688
-1.29808 2.07812 1.81076 2.60312
-1.10624 1.8375 1.80822 2.625
-1.01616 1.77188 1.79753 2.66875
-1.49957 1.6625 1.7941 2.7125
-1.73715 1.925 1.79127 2.75625
-1.74345 2.03437 1.79279 2.60312
-1.43793 2.05625 1.79053 2.55938
-1.11264 2.0125 1.78334 2.64688
-1.10979 1.81563 1.7805 2.7125
-1.34345 1.81563 1.78231 2.8
-1.74225 1.79375 1.78557 2.77813
-1.74724 2.07812 1.79175 2.66875
-1.39941 2.12188 1.7924 2.69062
-1.07674 1.96875 1.79276 2.66875
-1.07433 1.75 1.79574 2.69062
-1.43883 1.75 1.7961 2.66875
-1.72002 1.68437 1.80431 2.47187
-1.75147 2.0125 1.80757 2.64688
-1.19751 2.03437 1.80706 2.51562
-0.914526 1.8375 1.80393 2.51562
-0.864131 1.64062 1.79906 2.625
-1.50614 1.44375 1.80029 2.60312
-1.74372 1.79375 1.80676 2.55938
-1.74785 1.96875 1.81061 2.60312
-1.03137 2.0125 1.80981 2.69062
-0.703465 1.64062 1.80348 2.29688
-0.653071 1.46562 1.80036 2.42813
-1.17747 1.33438 1.80072 2.25312
-1.73487 1.4875 1.80108 2.34063
-1.38705 1.8375 1.8026 2.64688
-0.974986 1.68437 1.80093 2.60312
-0.69069 1.50937 1.79635 2.40625
-0.724901 1.37813 1.79147 2.64688
-1.16077 1.33438 1.79271 2.5375
-1.57018 1.4875 1.79743 2.60312
-1.36949 1.77188 1.80128 2.64688
-1.04551 1.70625 1.80338 2.40625
-0.759904 1.44375 1.79851 2.34063
-0.70951 1.53125 1.79626 2.38437
-1.14276 1.29062 1.79633 2.45
-1.39141 1.44375 1.79641 2.49375
-1.25772 1.64062 1.79648 2.38437
-0.976039 1.81563 1.79335 2.55938
-0.850342 1.50937 1.78673 2.42813
-0.961614 1.37813 1.78535 2.45
-1.16227 1.59688 1.78222 2.49375
-1.20303 1.575 1.77909 2.5375
-1.03895 1.225 1.77597 2.42813
-1.03393 1.42188 1.77052 2.51562
-1.05883 1.70625 1.76972 2.5375
-1.1432 1.44375 1.76427 2.45
-1.02143 1.4 1.75852 2.1
-0.886877 1.64062 1.75801 2.49375
-1.04262 1.42188 1.7543 2.42813
-1.20228 1.4875 1.75467 2.73438
-1.29233 1.55313 1.75939 2.7125
-1.17579 1.53125 1.7583 2.625
-0.92188 1.4875 1.75459 2.31875
-0.871486 1.44375 1.75351 2.55938
-1.0739 1.42188 1.753 2.40625
-1.48462 1.61875 1.75801 2.40625
-1.35617 1.61875 1.76361 2.34063
-1.03263 1.925 1.76514 2.47187
-0.835562 1.575 1.76376 2.45
-0.949 1.44375 1.76179 2.275
-1.34563 1.70625 1.77407 2.45
-1.62859 1.88125 1.78171 2.38437
-1.63141 1.44375 1.78643 2.40625
-1.07484 1.81563 1.78884 2.38437
-0.70377 1.575 1.7892 2.31875
-0.90488 1.05 1.79248 2.40625
-1.27244 1.53125 1.80127 2.40625
-1.62808 1.3125 1.80716 2.60312
-1.63483 2.1 1.81538 2.38437
-1.16809 1.90312 1.81691 2.47187
-1.03354 1.6625 1.81785 2.49375
-1.07475 1.61875 1.81851 2.20938
-1.28109 1.4875 1.82149 2.40625
-1.63542 1.72812 1.82884 2.40625
-1.63955 1.96875 1.82949 2.5375
-1.52608 1.94687 1.83509 2.40625
-1.17564 2.25312 1.83429 2.38437
-1.01333 1.68437 1.83146 2.5375
-1.12852 1.61875 1.82746 2.45
-1.45378 1.925 1.82638 2.47187
-1.64951 1.37813 1.83082 2.5375
-1.65626 2.14375 1.82944 2.45
-1.38027 2.05625 1.82748 2.55938
-1.05804 1.90312 1.81825 2.51562
-1.02525 1.77188 1.81019 2.5375
-1.30428 1.77188 1.8062 2.51562
-1.65992 1.68437 1.80423 2.7125
-1.81159 1.99063 1.8046 2.45
-1.67297 2.31875 1.80235 2.51562
-1.27806 1.70625 1.79196 2.49375
-1.04044 1.96875 1.78041 2.625
-1.36047 1.77188 1.77496 2.49375
-1.67249 1.96875 1.77387 2.69062
-1.75324 2.1 1.77512 2.69062
-1.68599 1.64062 1.77665 2.45
-1.2514 2.16562 1.77963 2.5375
-1.25292 1.925 1.78087 2.75625
-1.34296 1.99063 1.78502 2.75625
-1.6986 1.94687 1.79265 2.75625
-1.70535 2.14375 1.80203 2.75625
-1.7121 2.20938 1.81083 2.7125
-1.59732 2.20938 1.8208 2.69062
-1.44024 2.16562 1.82407 2.69062
-1.28185 2.07812 1.83083 2.69062
-1.37059 1.96875 1.84225 2.55938
-1.60862 2.23125 1.84931 2.73438
-1.73167 2.07812 1.86072 2.64688
-1.73842 2.23125 1.86691 2.47187
-1.62495 2.16562 1.87425 2.5375
-1.27627 2.1875 1.87753 2.58125
-1.34916 1.90312 1.88226 2.60312
-1.35199 1.99063 1.88728 2.69062
-1.5614 1.96875 1.89433 2.60312
-1.61045 2.07812 1.89848 2.73438
-1.76126 2.1 1.90409 2.625
-1.5738 2.20938 1.90649 2.60312
-1.32818 2.12188 1.90628 2.625
-1.20948 1.90312 1.90345 2.69062
-1.41321 1.77188 1.90324 2.60312
-1.37111 1.90312 1.90216 2.7125
-1.53646 1.85938 1.90369 2.77813
-1.4666 1.94687 1.90463 2.20938
-1.42581 1.8375 1.90617 2.69062
-1.38417 1.8375 1.90276 2.64688
-1.31169 1.90312 1.90226 2.84375
-1.26829 1.96875 1.90117 2.82187
-1.34118 1.79375 1.90096 2.66875
-1.43254 1.81563 1.89988 2.1875
-1.50936 1.925 1.89909 2.8
-1.51173 1.94687 1.89829 2.77813
-1.3965 1.81563 1.90185 2.77813
-1.32313 1.90312 1.90193 2.7125
-1.35196 1.77188 1.90142 2.8
-1.44025 1.925 1.90325 2.75625
-1.64569 1.99063 1.90622 2.7125
-1.79474 2.1 1.91125 2.75625
-1.52177 2.1875 1.91743 2.64688
-1.36163 2.03437 1.92041 2.69062
-1.24378 1.94687 1.92369 2.64688
-1.19948 1.8375 1.92666 2.625
-1.52297 1.79375 1.93256 2.66875
-1.80503 1.96875 1.94194 2.625
-1.80871 2.16562 1.94754 2.75625
-1.57849 2.16562 1.95256 2.66875
-1.25668 2.12188 1.95466 2.66875
-1.09261 1.85938 1.9594 2.75625
-1.36988 1.81563 1.96209 2.8
-1.53302 1.99063 1.97001 2.75625
-1.74153 2.0125 1.97649 2.73438
-1.62891 2.16562 1.98064 2.69062
-1.4247 2.1 1.98274 2.73438
-1.30686 1.90312 1.98341 2.49375
-1.30531 1.925 1.98465 2.77813
-1.34953 1.88125 1.9856 2.7125
-1.42459 1.90312 1.98829 2.82187
-1.58557 1.925 1.98662 2.66875
-1.51395 2.05625 1.99048 2.73438
-1.51326 1.99063 1.9891 2.86563
-1.30819 2.05625 1.98889 2.82187
-1.26434 1.575 1.9878 2.69062
-1.21787 1.85938 1.98323 2.77813
-1.422 1.81563 1.98302 2.82187
-1.53937 1.925 1.98338 2.82187
-1.47036 1.99063 1.9855 2.8
-1.47143 1.88125 1.98703 2.8875
-1.51435 1.925 1.9842 2.82187
-1.3542 1.99063 1.98137 2.86563
-1.19274 1.85938 1.9797 2.7125
-1.10266 1.85938 1.97658 2.93125
-1.37818 1.75 1.97201 2.86563
-1.58669 1.925 1.9718 2.86563
-1.82427 2.0125 1.97391 2.8
-1.47776 2.1875 1.97108 2.82187
-1.15508 1.96875 1.96331 2.77813
-1.06455 1.77188 1.957 2.84375
-1.14892 1.72812 1.95067 2.8875
-1.47111 1.72812 1.9461 2.82187
-1.82629 1.925 1.94676 2.82187
-1.8009 2.1 1.94917 2.93125
-1.43855 2.14375 1.94459 2.8875
-1.15948 2.05625 1.94089 2.69062
-1.11256 1.77188 1.93865 2.64688
-1.38983 1.79375 1.93437 2.77813
-1.71202 2.03437 1.92979 2.7125
-1.83331 2.1875 1.92929 2.5375
-1.52648 2.34063 1.9192 2.69062
-1.23027 2.38437 1.90677 2.51562
-1.15211 1.81563 1.89057 2.3625
-1.54567 1.55313 1.88048 2.45
-1.82642 2.0125 1.87096 2.7125
-1.8301 2.20938 1.86174 2.1875
-1.39244 2.23125 1.84699 2.51562
-1.15437 2.1875 1.83195 2.45
-1.1912 1.77188 1.8111 2.51562
-1.54247 1.925 1.80158 2.49375
-1.82366 2.05625 1.79294 2.64688
-1.70974 2.14375 1.78575 2.29688
-1.31307 2.03437 1.77886 2.51562
-1.10408 2.03437 1.76586 2.51562
-1.2149 1.79375 1.7546 2.47187
-1.69962 1.81563 1.75468 2.49375
-1.82221 2.16562 1.75883 2.45
-1.43078 2.25312 1.75774 2.66875
-1.19271 1.94687 1.75317 2.47187
-1.05509 1.85938 1.74919 2.42813
-1.57949 1.81563 1.74985 2.38437
-1.81839 2.0125 1.754 2.58125
-1.82338 1.925 1.75815 2.38437
-1.19281 2.20938 1.75591 2.34063
-1.05127 1.8375 1.74697 2.7125
-1.17663 1.79375 1.74299 2.31875
-1.61773 2.07812 1.7483 2.29688
-1.81301 1.96875 1.7478 2.60312
-1.34628 1.99063 1.74992 2.38437
-0.974759 1.88125 1.74216 2.38437
-0.801526 1.64062 1.73002 2.40625
-1.48453 1.46562 1.73243 2.29688
-1.76572 2.03437 1.73658 2.31875
-1.80109 1.96875 1.74452 2.49375
-1.28944 2.05625 1.74605 2.29688
-0.800768 1.88125 1.74061 2.34063
-0.628844 1.46562 1.73285 2.47187
-1.33699 1.46562 1.73263 2.47187
-1.63272 1.6625 1.73533 2.275
-1.78178 1.925 1.74298 2.38437
-1.1829 1.96875 1.74364 2.34063
-0.691163 1.81563 1.735 2.34063
-0.561541 1.59688 1.72869 2.38437
-1.12346 1.35625 1.72761 2.34063
-1.75354 1.55313 1.73409 2.275
-1.75854 1.90312 1.74057 2.31875
-1.08174 1.575 1.73716 2.47187
-0.632305 1.64062 1.73172 2.3625
-0.456456 1.37813 1.72134 2.25312
-1.16591 1.225 1.72259 2.03437
-1.72507 1.4875 1.7311 2.47187
-2 1.79375 1.74136 2.51562
-1.65975 1.94687 1.74493 2.40625
-0.612989 1.75 1.73949 2.58125
-0.0724052 1.26875 1.73841 2.66875
-0.266974 0.83125 1.73355 2.47187
-1.14026 0.91875 1.74382 2.47187
-1.70028 1.35625 1.75494 2.38437
-2 1.8375 1.76346 2.34063
-1.11208 1.925 1.77401 2.40625
-0.543727 1.4 1.76421 2.45
-0.25289 1.24687 1.76459 2.45
-0.887045 1.11563 1.76787 2.42813
-1.67749 1.29062 1.77552 2.55938
-1.68379 1.85938 1.78752 2.38437
-1.68616 1.81563 1.80098 2.625
-0.734471 1.96875 1.80019 2.0125
-0.403089 1.33438 1.79795 2.55938
-0.511294 1.225 1.79891 2.66875
-0.988158 1.1375 1.80481 2.66875
-1.47332 1.50937 1.81624 2.47187
-1.6686 1.64062 1.82736 2.66875
-1.67098 1.81563 1.83618 2.625
-0.877887 1.88125 1.84033 2.45
-0.382673 1.53125 1.83344 2.64688
-0.488261 1.33438 1.83731 2.58125
-1.24656 1.26875 1.84524 2.55938
-1.84003 1.59688 1.85608 2.45
-1.93486 1.925 1.87216 2.7125
-0.940005 2.20938 1.87458 2.58125
-0.490569 1.72812 1.8674 2.58125
-0.478552 1.33438 1.86777 2.5375
-1.3536 0.765625 1.87483 2.75625
-2 1.70625 1.88946 2.51562
-1.64895 1.88125 1.89914 2.7125
-1.02144 1.8375 1.90329 2.73438
-0.606315 1.50937 1.90164 2.82187
-0.717587 1.33438 1.90202 2.625
-1.19968 1.37813 1.91141 2.82187
-1.6421 1.55313 1.91789 2.7125
-1.64885 1.81563 1.93048 2.77813
-1.65384 1.90312 1.93696 2.66875
-1.14394 1.94687 1.94432 2.69062
-0.892644 1.75 1.94383 2.69062
-1.01976 1.53125 1.94391 2.8
-1.41594 1.42188 1.95156 2.625
-1.65529 1.88125 1.95775 2.64688
-1.66159 1.90312 1.96394 2.60312
-1.27015 2.0125 1.96985 2.58125
-1.15145 1.79375 1.96819 2.64688
-1.14728 1.85938 1.96973 2.66875
-1.35493 1.75 1.97244 2.20938
-1.389 1.77188 1.97689 2.60312
-1.67195 1.72812 1.98047 2.58125
-1.67825 2.0125 1.98724 2.60312
-1.53309 1.55313 1.98471 2.64688
-1.0492 2.05625 1.9819 2.69062
-1.04679 1.75 1.97617 2.64688
-1.32713 1.79375 1.9751 2.64688
-1.68232 1.79375 1.97838 2.625
-1.96658 1.85938 1.9776 2.66875
-1.50377 2.45 1.97478 2.66875
-1.18155 2.0125 1.9644 2.38437
-1.09278 2.14375 1.96158 2.66875
-1.54756 2.05625 1.95295 2.64688
-1.69923 1.90312 1.95042 2.73438
-1.70729 2.40625 1.94877 2.69062
-1.3163 1.79375 1.94013 2.69062
-1.26983 1.96875 1.92714 2.77813
-1.31627 1.79375 1.92432 2.90937
-1.71507 1.88125 1.92121 2.8
-1.72182 2.14375 1.91666 2.75625
-1.72726 2.14375 1.91762 2.84375
-1.38075 2.1 1.91451 2.84375
-1.42588 1.99063 1.91053 2.66875
-1.34148 2.12188 1.91178 2.93125
-1.46277 2.07812 1.91216 2.69062
-1.62812 1.96875 1.91487 2.84375
-1.75116 2.14375 1.92223 2.86563
-1.75615 2.20938 1.92697 2.77813
-1.64399 2.25312 1.93171 2.75625
-1.57413 2.1875 1.93704 2.77813
-1.53289 2.14375 1.94323 2.8875
-1.53703 2.16562 1.94973 2.625
-1.53985 2.23125 1.95418 2.69062
-1.74836 2.275 1.96357 2.86563
-1.78288 2.42813 1.96976 2.7125
-1.64295 2.42813 1.97771 2.66875
-1.5158 2.31875 1.98129 2.82187
-1.48955 2.23125 1.98574 2.66875
-1.49368 2.1 1.98933 2.8
-1.49651 2.1875 1.99116 2.20938
-1.53057 2.14375 1.99561 2.8
-1.81222 2.14375 2 2.60312
-1.78728 2.3625 2 2.77813
-1.67381 2.34063 2 2.84375
-1.30883 2.20938 2 2.8875
-1.30904 2.07812 1.99753 2.82187
-1.38193 2.07812 1.99413 2.75625
-1.59089 2.05625 1.99364 2.58125
-1.83024 2.20938 1.9946 2.93125
-1.83523 2.34063 1.99441 2.73438
-1.39933 2.34063 1.99159 2.75625
-1.20924 2.05625 1.98819 2.82187
-1.16453 2.16562 1.98277 2.86563
-1.39864 1.925 1.97966 2.86563
-1.84019 1.99063 1.98266 2.86563
-1.56898 2.20938 1.98391 2.84375
-1.54143 2.14375 1.9843 2.73438
-1.24697 1.85938 1.98003 2.5375
-1.24587 1.925 1.97984 2.5375
-1.49582 1.8375 1.98254 2.75625
-1.70347 2.29688 1.98642 2.77813
-1.85167 2.29688 1.98913 2.7125
-1.50385 2.34063 1.99126 2.8
-1.38776 2.05625 1.99222 2.7125
-1.25452 2.20938 1.98999 2.625
-1.50186 1.81563 1.98864 2.7125
-1.70689 1.99063 1.98931 2.7125
-1.66611 2.05625 1.9897 2.7125
-1.41657 2.1875 1.98543 2.75625
-1.25163 2.03437 1.98058 2.7125
-1.21754 1.94687 1.97312 2.73438
-1.49526 1.88125 1.97146 2.7125
-1.49677 2.0125 1.96749 2.40625
-1.65951 2.05625 1.96701 2.60312
-1.45358 2.20938 1.96448 2.64688
-1.21727 1.925 1.95876 2.95312
-1.05103 1.85938 1.95392 2.8875
-1.07724 1.79375 1.95314 2.90937
-1.5611 1.79375 1.95469 2.8875
-1.84274 1.99063 1.95944 2.66875
-1.84864 2.05625 1.96419 2.66875
-1.25066 2.20938 1.96283 2.86563
-0.80474 1.8375 1.95712 2.66875
-0.958764 1.8375 1.95169 2.64688
-1.64528 1.24687 1.95644 2.58125
-1.84146 1.94687 1.96381 2.90937
-1.84866 2.07812 1.96943 2.64688
-1.05823 2.16562 1.96749 2.8875
-0.84621 1.68437 1.96615 2.82187
-0.886554 1.575 1.96915 2.86563
-1.53077 1.55313 1.97419 2.86563
-1.84194 1.81563 1.98069 2.75625
-1.84914 2.1 1.98893 2.42813
-1.08733 2.1875 1.98844 2.64688
-0.916303 1.925 1.98448 2.625
-1.11394 1.55313 1.97963 2.75625
-1.59824 1.6625 1.98584 2.8
-1.83542 1.925 1.99059 2.75625
-1.44227 2.1 1.99069 2.3625
-1.11964 2.0125 1.98876 2.69062
-0.908928 1.75 1.98275 2.66875
-1.03257 1.68437 1.97355 2.58125
-1.42704 1.575 1.97161 2.64688
-1.54922 1.925 1.97521 2.47187
-1.47851 1.85938 1.96862 2.625
-1.15412 1.85938 1.9597 2.60312
-0.897628 1.68437 1.94469 2.69062
-1.05034 1.55313 1.92938 2.7125
-1.57564 1.61875 1.92017 2.49375
-1.81544 1.85938 1.91737 2.58125
-1.53858 2.07812 1.90323 2.5375
-0.931898 1.96875 1.88791 2.60312
-0.715954 1.72812 1.87 2.66875
-1.35493 1.55313 1.86457 2.42813
-1.79694 1.77188 1.86468 2.64688
-1.83452 2.0125 1.86885 2.8
-1.0877 2.16562 1.86575 2.73438
-0.756765 1.79375 1.85713 2.55938
-0.909481 1.68437 1.85258 2.625
-1.7136 1.50937 1.85937 2.58125
-1.79525 1.81563 1.8711 2.58125
-1.79721 2.03437 1.87877 2.5375
-0.960101 2.20938 1.87654 2.55938
-0.670164 1.72812 1.87345 2.69062
-1.05723 1.4875 1.87471 2.5375
-1.77675 1.81563 1.88499 2.51562
-1.78395 2.20938 1.89061 2.49375
-1.75467 1.79375 1.8945 2.51562
-0.858103 2.12188 1.8914 2.5375
-0.656697 1.6625 1.8825 2.7125
-0.812029 1.55313 1.8858 2.7125
-1.36947 1.575 1.89055 2.69062
-1.76917 1.75 1.89822 2.75625
-1.96666 1.94687 1.90646 2.73438
-1.34268 2.14375 1.91034 2.69062
-0.827996 1.77188 1.90842 2.73438
-0.660039 1.50937 1.9027 2.625
-1.04666 1.575 1.90048 2.47187
-1.76486 1.33438 1.90321 2.60312
-1.7712 1.8375 1.90708 2.60312
-1.37805 1.94687 1.90864 2.77813
-0.818454 1.88125 1.90236 2.625
-0.720565 1.575 1.89402 2.69062
-1.12434 1.4 1.89297 2.64688
-1.52318 1.575 1.89569 2.60312
-1.76297 1.88125 1.90073 2.60312
-1.37244 1.4875 1.90549 2.58125
-1.13703 1.8375 1.9056 2.40625
-0.926317 1.75 1.90367 2.75625
-1.0812 1.575 1.90348 2.55938
-1.35937 1.64062 1.90795 2.73438
-1.75862 1.77188 1.91793 2.90937
-1.76406 2.05625 1.93024 2.60312
-1.45768 2.23125 1.93471 2.625
-1.00201 2.0125 1.93771 2.86563
-0.75916 1.79375 1.94131 2.7125
-1.23909 1.64062 1.9478 2.77813
-1.75378 1.33438 1.95546 2.66875
-1.76314 2.05625 1.96894 2.82187
-1.32724 2.03437 1.97311 2.84375
-0.97202 1.88125 1.97206 2.625
-0.964378 1.68437 1.9739 2.64688
-1.35884 1.59688 1.97982 2.66875
-1.75809 1.8375 1.98631 2.975
-1.76484 2.0125 1.99747 2.84375
-1.33156 2.1 2 2.8875
-1.05164 1.79375 2 3.01875
-1.00607 1.70625 2 3.04062
-1.29702 1.70625 2 3.01875
-1.76765 1.85938 2 2.84375
-1.7744 2.14375 2 2.8875
-1.50277 2.16562 2 2.95312
-1.26777 2.03437 2 2.93125
-1.06316 1.90312 2 2.8875
-1.31049 1.75 2 2.99688
-1.43006 1.90312 2 2.84375
-1.78439 1.8375 2 2.975
-1.48325 2.1 2 2.93125
-1.3993 1.96875 2 2.90937
-1.32683 1.8375 2 2.82187
-1.40103 1.90312 2 2.84375
-1.4043 1.94687 2 2.86563
-1.44943 1.94687 2 2.77813
-1.52494 1.94687 2 2.75625
-1.49914 2.05625 2 2.8
-1.45836 2.03437 2 2.82187
-1.5061 2.03437 2 3.0625
-1.46707 2.275 2 3.01875
-1.58619 1.94687 2 2.84375
-1.5441 2.07812 2 3.0625
-1.35708 2.03437 2 2.90937
-1.38768 1.96875 2 2.90937
-1.63808 2.0125 2 2.99688
-1.5563 2.16562 2 2.93125
-1.83794 2.12188 2 2.93125
-1.60863 2.23125 2 2.93125
-1.33263 2.14375 2 2.90937
-1.33198 1.96875 2 2.95312
-1.49471 2.0125 2 2.8
-1.82042 2.12188 2 2.86563
-1.85624 2.25312 2 2.95312
-1.85952 2.25312 2 2.90937
-1.30732 2.29688 2 2.86563
-1.23223 1.99063 2 2.73438
-1.34918 2.14375 2 2.7125
-1.86473 1.8375 2 2.66875
-1.87193 2.38437 2 2.7125
-1.80207 2.42813 2 2.8875
-1.27547 2.29688 2 2.8
-1.27351 2.03437 2 2.99688
-1.43493 1.99063 2 2.93125
-1.87825 2.03437 2 2.95312
-1.88369 2.275 2 2.69062
-1.8592 1.925 2 2.75625
-1.42198 2.3625 2 2.69062
-1.3315 2.14375 2 2.73438
-1.44931 2.03437 2 2.66875
-1.89 2.05625 2 3.0625
-1.8959 2.3625 2 2.73438
-1.66351 2.34063 2 2.64688
-1.34305 2.1875 2 2.77813
-1.34325 2.0125 2 2.93125
-1.54874 2.05625 2 2.73438
-1.59693 2.1 2 2.93125
-1.90765 2.16562 2 2.8
-1.63472 2.23125 2 2.75625
-1.63755 2.23125 2 2.7125
-1.52191 2.07812 2 2.82187
-1.63797 2.12188 2 2.8
-1.52229 2.29688 2 2.75625
-1.47668 2.14375 2 2.73438
-1.5209 2.14375 2 2.82187
-1.91709 2.14375 2 2.64688
-1.92163 2.31875 2 2.77813
-1.45183 2.14375 2 2.75625
-1.12654 2.16562 2 2.73438
-1.23691 1.77188 2 2.75625
-1.88108 1.77188 2 2.69062
-1.916 2.34063 2 2.75625
-1.92099 2.29688 2 2.625
-1.20406 2.45 2 2.8
-1.08053 1.99063 2 2.75625
-1.35257 1.70625 2 2.75625
-1.91083 1.6625 2 2.7125
-1.91713 2.25312 2 2.82187
-1.91905 2.275 2 2.8
-1.08321 2.3625 2 2.75625
-0.987895 1.88125 2 2.75625
-1.27533 1.79375 2 2.73438
-1.90541 1.85938 2 2.7125
-1.91126 2.1875 2 2.73438
-1.91319 2.29688 2 2.77813
-1.24162 2.34063 2 2.73438
-1.07579 1.99063 2 2.90937
-1.14562 1.90312 2 2.7125
-1.46605 1.75 2 2.84375
-1.87808 1.925 2 2.69062
-1.6791 2.25312 2 2.82187
-1.47534 2.20938 2 2.84375
-1.28436 2.07812 2 2.77813
-1.3555 1.925 2 2.69062
-1.43941 2.14375 2 2.69062
-1.60038 1.90312 2 2.73438
-1.51247 1.6625 2 2.7125
-1.46731 2.05625 2 2.55938
-1.59614 2.07812 2 2.64688
-1.43599 2.03437 2 2.69062
-1.30054 2.0125 2 2.7125
-1.26861 1.925 2 2.69062
-1.54543 1.88125 2 2.75625
-1.89931 1.99063 2 2.75625
-1.82769 2.1875 2 2.8
-1.18214 2.1875 2 2.8
-0.893918 1.94687 2 2.82187
-1.2818 1.55313 2 2.77813
-1.73744 1.88125 2 2.7125
-1.88911 2.03437 2 2.69062
-1.88973 2.1875 2 2.8
-1.00811 2.3625 2 2.625
-0.836182 1.925 2 2.75625
-1.3126 1.64062 2 2.7125
-1.8713 1.79375 2 2.77813
-2 2.07812 2 2.84375
-1.2492 2.34063 2 2.40625
-1.03759 1.90312 2 2.75625
-0.985889 1.8375 2 2.95312
-1.50853 1.575 2 2.77813
-1.86372 1.81563 2 2.82187
-1.8661 1.6625 2 2.82187
-1.30952 2.275 2 2.86563
-0.981164 1.96875 2 2.86563
-1.09068 1.77188 2 2.93125
-1.45517 2.0125 2 2.82187
-1.85397 2.23125 2 2.90937
-1.581 2.23125 2 2.82187
-1.38785 2.05625 2 2.84375
-1.06125 1.88125 2 2.51562
-1.08485 1.77188 2 2.86563
-1.37359 1.64062 2 2.82187
-1.84508 1.925 2 2.77813
-1.85138 2.0125 2 2.69062
-1.50225 1.77188 2 2.69062
-1.08536 1.925 2 2.7125
-0.915153 1.925 2 2.73438
-1.27482 1.75 2 2.7125
-1.83263 1.4 2 2.66875
-1.83803 1.75 2 2.66875
-1.32417 2.14375 2 2.3625
-0.906828 1.8375 2 2.66875
-0.89522 1.77188 2 2.7125
-1.46147 1.09375 2 2.75625
-1.81576 1.61875 2 2.8
-1.81855 1.99063 2 2.7125
-1.02586 2.03437 2 2.73438
-0.690514 1.61875 2 2.90937
-0.870503 1.44375 2 2.75625
-1.75874 1.4 2 2.86563
-1.79321 1.925 2 2.73438
-1.72114 1.96875 2 2.7125
-0.792393 1.68437 2 2.77813
-0.52973 1.50937 2 2.73438
-0.841862 1.26875 2 2.73438
-1.76309 1.4 2 2.84375
-1.88655 1.90312 2 2.7125
-1.77304 1.99063 2 2.82187
-0.846903 2.0125 2 2.90937
-0.64893 1.50937 2 2.8
-0.713932 1.3125 2 2.90937
-1.44271 1.26875 2 2.8875
-1.75339 1.70625 2 2.93125
-1.75879 1.90312 2 2.8
-1.29246 1.94687 2 2.75625
-0.96672 1.72812 2 2.77813
-0.961653 1.4875 2 2.93125
-1.11649 1.50937 2 2.77813
-1.43693 1.70625 2 2.73438
-1.35118 1.90312 2 2.8875
-1.39365 1.8375 2 2.69062
-1.39165 1.85938 2 2.73438
-1.27028 1.72812 2 2.95312
-0.945403 1.77188 2 2.77813
-1.01347 1.59688 2 2.40625
-1.26077 1.75 2 2.73438
-1.73135 1.59688 2 2.73438
-1.7372 2.03437 2 2.66875
-1.26826 2.1 2 2.77813
-0.848756 1.85938 2 2.77813
-0.958677 1.72812 2 2.84375
-1.36895 1.77188 2 2.86563
-1.72324 1.90312 2 2.90937
-1.72995 2.0125 2 2.84375
-1.73318 2.1875 2 2.82187
-1.06072 2.25312 2 2.7125
-1.10102 1.88125 2 2.7125
-1.17387 1.79375 2 2.73438
-1.58545 1.79375 2 2.7125
-1.73622 1.925 2 2.84375
-1.74207 2.03437 2 2.75625
-1.27574 2.12188 2 2.7125
-1.18652 1.90312 2 2.8
-1.39021 1.88125 2 2.82187
-1.51104 1.925 2 2.75625
-1.60236 1.99063 2 2.8875
-1.75096 2.03437 2 2.8
-1.44892 2.12188 2 2.77813
-1.56669 2.05625 2 2.86563
-1.40871 2.1 2 2.66875
-1.48287 2.0125 2 2.66875
-1.45703 2.0125 2 2.86563
-1.6924 2.03437 2 2.7125
-1.69433 2.1 2 2.77813
-1.65395 2.0125 2 2.77813
-1.49421 2.16562 2 2.75625
-1.42083 2.1875 2 2.45
-1.42276 1.68437 2 2.73438
-1.65813 2.12188 2 2.51562
-1.54638 2.14375 2 2.8875
-1.78392 2.07812 2 2.77813
-1.55321 2.1875 2 2.93125
-1.55248 2.12188 2 2.86563
-1.43545 2.0125 2 2.66875
-1.43647 1.64062 2 2.7125
-1.48066 2.05625 2 2.7125
-1.78958 2.1875 2 2.75625
-1.79408 2.29688 2 2.69062
-1.60698 2.40625 2 2.75625
-1.56309 2.05625 2 2.82187
-1.32845 2.49375 2 2.69062
-1.72153 2.3625 2 2.64688
-1.76878 1.88125 2 2.66875
-1.80104 2.47187 2 2.73438
-1.36334 2.3625 2 2.7125
-1.5199 2.12188 2 2.7125
-1.60946 2.25312 2 2.975
-1.80294 2.12188 2 2.8
-1.49868 2.3625 2 2.77813
-1.65917 2.16562 2 2.625
-1.52805 2.34063 2 2.66875
-1.52993 2.23125 2 2.8875
-1.52965 2.1875 2 2.66875
-1.53284 2.1875 2 2.77813
-1.81269 2.1875 2 2.64688
-1.5106 2.29688 2 2.66875
-1.50901 2.1 2 2.69062
-1.50828 1.70625 2 2.69062
-1.69959 1.88125 2 2.69062
-1.81908 2.23125 2 2.77813
-1.67604 2.1875 2 2.86563
-1.47355 2.14375 2 2.75625
-1.54681 2.1875 2 2.8
-1.55045 2.16562 2 2.8
-1.83115 2.1875 2 2.86563
-1.8361 2.29688 2 2.8
-1.81067 2.29688 2 2.8
-1.65134 2.40625 2 2.86563
-1.56383 2.275 2 2.84375
-1.60978 2.25312 2 2.77813
-1.65658 2.275 2 2.86563
-1.85051 2.275 2 2.86563
-1.62156 2.42813 2 2.86563
-1.7415 2.25312 2 2.8875
-1.74338 2.31875 2 2.93125
-1.71795 2.31875 2 3.01875
-1.83527 2.29688 2 2.90937
-1.63539 2.3625 2 2.95312
-1.72319 2.25312 2 2.90937
-1.52201 2.3625 2 2.77813
-1.72917 2.16562 2 2.86563
-1.8491 2.31875 2 2.93125
-1.88313 2.31875 2 2.77813
-1.57843 2.34063 2 2.8875
-1.69575 2.1875 2 2.8
-1.49325 2.25312 2 2.8
-1.70041 2.14375 2 2.77813
-1.89435 2.25312 2 2.8875
-1.8993 2.31875 2 2.8
-1.78488 2.60312 2 2.75625
-1.59431 2.38437 2 2.73438
-1.46319 2.34063 2 2.64688
-1.59722 2.42813 2 2.7125
-1.90524 2.42813 2 2.82187
-1.90929 2.25312 2 2.90937
-1.76449 2.40625 2 2.93125
-1.44088 2.34063 2 2.95312
-1.5573 2.23125 2 2.7125
-1.60148 2.29688 2 2.86563
-1.91081 2.1875 2 2.66875
-1.914 2.3625 2 2.84375
-1.72515 2.42813 2 2.77813
-1.44645 2.40625 2 2.69062
-1.51971 2.25312 2 2.82187
-1.60706 2.1875 2 2.82187
-1.91684 2.20938 2 2.7125
-1.68568 2.66875 2 2.84375
-1.68494 2.25312 2 2.45
-1.68376 2.29688 2 2.1875
-1.56628 2.51562 2 2.75625
-1.68315 2.5375 2 2.77813
-1.72558 2.3625 2 2.73438
-1.56494 2.40625 2 2.7125
-1.60782 2.25312 2 2.73438
-1.68063 2.31875 2 2.77813
-1.6389 2.31875 2 2.69062
-1.60733 2.07812 2 2.90937
-1.47577 2.20938 2 2.86563
-1.56181 2.12188 2 2.5375
-1.88481 1.77188 2 2.86563
-1.72503 2.40625 2 2.75625
-1.63707 2.14375 2 2.75625
-1.44474 2.40625 2 2.7125
-1.60085 2.20938 2 2.84375
-1.79172 2.25312 2 2.3625
-1.67861 2.38437 2 2.73438
-1.55982 2.5375 2 2.7125
-1.47056 2.1875 2 2.66875
-1.75926 1.75 2 2.73438
-1.83338 2.1875 2 2.58125
-1.76127 2.29688 2 2.7125
-1.51079 2.34063 2 2.73438
-1.34753 2.1875 2 2.90937
-1.59348 2.12188 2 2.7125
-1.71166 2.14375 2 2.975
-1.90383 2.23125 2 2.69062
-1.55421 2.34063 2 2.8
-1.46318 2.1875 2 2.86563
-1.38715 2.1 2 2.3625
-1.70754 2.0125 2 2.23125
-1.70942 2.45 2 2.75625
-1.82629 2.0125 2 2.7125
-1.50268 2.34063 2 2.77813
-1.38434 2.16562 2 2.73438
-1.58451 2.05625 2 2.8
-1.7463 2.16562 2 2.8
-1.89355 2.23125 2 2.7125
-1.54262 2.38437 2 2.73438
-1.42293 2.12188 2 2.7125
-1.37593 2.0125 2 2.93125
-1.65091 1.925 2 2.31875
-1.64969 2.1 2 2.8
-1.4877 2.12188 2 2.93125
-1.60015 2.0125 2 2.7125
-1.4364 2.34063 2 2.84375
-1.75544 1.94687 2 2.8
-1.52031 2.23125 2 2.93125
-1.42925 2.07812 2 2.75625
-1.23295 1.96875 2 2.69062
-1.62292 1.8375 2 2.8
-1.62476 2.07812 2 2.7125
-1.73852 2.07812 2 2.7125
-1.41401 2.3625 2 2.66875
-1.21464 1.99063 2 2.7125
-1.39762 1.90312 2 2.8
-1.55761 1.99063 2 2.82187
-1.83434 1.81563 2 2.77813
-1.4367 2.14375 2 2.34063
-1.22586 1.94687 2 2.75625
-1.21678 1.96875 2 2.7125
-1.37592 1.61875 2 2.84375
-1.73812 2.0125 2 2.8
-1.66335 2.1 2 2.86563
-1.36791 2.12188 2 2.8
-1.16985 2.0125 2 2.8875
-1.23522 1.81563 2 2.93125
-1.32122 1.88125 2 2.7125
-1.64026 1.85938 2 2.60312
-1.64079 2.05625 2 2.7125
-1.2696 2.1 2 2.23125
-1.17506 1.85938 2 2.90937
-1.09637 1.72812 2 2.95312
-1.25419 1.55313 2 2.64688
-1.64416 1.77188 2 2.8
-1.5707 2.03437 2 2.82187
-1.45232 2.0125 2 2.7125
-1.1278 1.88125 2 2.58125
-1.07512 1.70625 2 2.8875
-1.27348 1.70625 2 2.86563
-1.34188 1.79375 2 2.31875
-1.54241 1.8375 2 2.77813
-1.4509 1.90312 2 2.77813
-1.2114 1.88125 2 2.73438
-0.924362 1.75 2 2.82187
-0.987522 1.59688 2 2.73438
-1.46295 1.61875 2 2.75625
-1.69825 1.8375 2 2.975
-1.41775 1.925 2 2.275
-0.924577 1.99063 2 2.73438
-0.796139 1.18125 2 2.7125
-1.22534 1.4875 2 2.82187
-1.38619 1.925 2 2.8
-1.66509 1.70625 2 2.7125
-1.267 1.94687 2 2.73438
-0.935039 1.77188 2 2.25312
-0.852828 1.59688 2 2.75625
-1.35864 1.33438 2 2.73438
-1.49087 1.72812 2 2.77813
-1.63587 1.79375 2 2.73438
-1.03163 1.75 2 3.08438
-0.830962 1.6625 2 2.90937
-1.01303 1.02812 2 2.73438
-1.53731 1.575 2 2.8
-1.6127 1.77188 2 2.7125
-1.61233 1.81563 2 2.31875
-1.16931 1.8375 2 2.8
-0.841727 1.75 2 2.77813
-0.87843 1.575 2 2.90937
-1.31417 1.61875 2 2.8
-1.59308 1.59688 2 2.73438
-1.59533 1.85938 2 2.8
0.082542 1.90312 2 2.86563
0.316685 1.15938 2 2.77813
0.109033 0.721875 2 2.7125
-0.39676 0.56875 2 2.75625
-0.610953 0.853125 2 2.90937
-0.298747 0.65625 2 2.77813
-0.232812 0.56875 2 2.73438
-0.239112 0.525 2 2.75625
-0.245862 0.56875 2 2.75625
-0.252162 0.525 2 2.73438
-0.258912 0.48125 2 2.66875
-0.26652 0.35 2 2.66875
-0.508479 0.4375 2 2.69062
-0.284803 0.48125 2 2.7125
-0.291553 0.48125 2 2.7125
-0.299162 0.48125 2 2.64688
-0.657417 0.153125 2 2.69062
-0.756173 0.634375 2 2.86563
-0.519718 0.875 2 2.7125
-0.338345 0.48125 2 2.69062
-0.345095 0.634375 2 2.66875
-0.351395 0.525 2 2.64688
-0.709201 0.459375 2 2.64688
-0.764795 0.678125 2 2.60312
-0.686489 0.74375 2 2.77813
-0.387962 0.765625 2 2.7125
-0.394262 0.65625 2 2.7125
-0.403628 0.721875 2 2.69062
-0.528841 0.240625 2 2.90937
-0.450986 0.65625 2 2.77813
-0.662113 0.678125 2 2.77813
-0.43627 0.634375 2 2.7125
-0.44257 0.65625 2 2.75625
-0.44932 0.765625 2 2.77813
-0.486002 0.65625 2 2.82187
-0.463678 0.56875 2 2.82187
-0.776564 0.65625 2 2.82187
-0.478037 0.9625 2 2.90937
-0.484337 0.65625 2 3.0625
-0.491087 0.678125 2 2.975
-0.497387 0.765625 2 2.93125
-0.504137 0.65625 2 3.10625
-0.511745 0.65625 2 2.95312
-0.518495 0.634375 2 2.8875
-0.525245 0.74375 2 2.69062
-0.531545 0.7 2 2.93125
-0.538295 0.721875 2 2.84375
-0.545903 0.678125 2 2.8
-0.552653 0.7 2 2.86563
-0.559403 0.7 2 2.75625
-0.565703 0.765625 2 2.69062
-0.572453 0.7875 2 2.75625
-0.578753 0.4375 2 2.7125
-0.586812 0.809375 2 2.66875
-0.593562 0.83125 2 2.69062
-0.599862 0.853125 2 2.69062
-0.606612 0.765625 2 2.77813
-0.613362 0.4375 2 2.60312
-0.619662 0.896875 2 2.60312
-0.626412 0.984375 2 2.64688
-0.632712 0.39375 2 2.73438
-0.639462 1.07187 2 2.64688
-0.646212 0.48125 2 2.64688
-0.652512 0.875 2 2.86563
-0.659262 0.48125 2 2.7125
-0.665562 0.896875 2 2.7125
-0.672312 1.11563 2 2.77813
-0.679062 0.896875 2 2.58125
-0.685362 0.875 2 2.625
-0.690803 1.05 2 2.60312
-0.697553 0.940625 2 2.7125
-0.703853 0.83125 2 2.60312
-0.710603 0.940625 2 2.7125
-0.716903 0.896875 2 2.86563
-0.723653 0.940625 2 2.75625
-0.730403 1.02812 2 2.58125
-0.736703 0.984375 2 2.8
-0.743453 0.91875 2 2.64688
-0.750203 0.91875 2 2.64688
-0.756503 0.896875 2 2.84375
-0.763253 1.11563 2 2.82187
-0.770003 1.225 2 2.93125
-0.776303 1.11563 2 2.8875
-0.783053 1.02812 2 2.93125
-0.789353 1.02812 2 3.01875
-0.796103 1.02812 2 2.49375
-0.802853 0.9625 2 2.77813
-0.809153 0.9625 2 2.975
-0.815903 1.11563 2 3.01875
-0.822653 1.09375 2 2.8875
-0.828953 1.09375 2 3.08438
-0.835703 1.07187 2 3.01875
-0.842453 1.09375 2 3.04062
-0.849203 1.02812 2 3.01875
-0.855503 1.09375 2 2.77813
-0.862253 1.07187 2 2.8
-0.869003 1.09375 2 2.84375
-0.875753 1.18125 2 2.73438
-0.882053 1.18125 2 2.73438
-0.888803 1.20312 2 2.66875
-0.895553 1.225 2 2.625
-0.901853 1.1375 2 2.69062
-0.908603 1.09375 2 2.64688
-0.915353 1.20312 2 2.58125
-0.922103 1.29062 2 2.66875
-0.928403 1.26875 2 2.64688
-0.935153 1.26875 2 2.84375
-0.941903 1.33438 2 2.93125
-0.947345 1.225 2 2.75625
-0.953645 1.29062 2 2.69062
-0.959087 1.50937 2 2.73438
-0.965837 1.24687 2 2.69062
-0.971278 1.3125 2 2.69062
-0.977578 1.3125 2 2.625
-0.98302 1.35625 2 2.60312
-0.988462 1.33438 2 2.625
-0.761311 1.33438 2 2.51562
-1.00065 1.15938 2 2.55938
-0.889349 1.24687 2 2.58125
-1.0124 1.26875 2 2.60312
-1.01915 1.3125 2 2.64688
-1.0259 1.33438 2 2.69062
-0.958201 1.4 2 2.75625
-1.03764 1.3125 2 2.73438
-0.766875 1.4 2 2.73438
-1.04983 1.20312 2 2.73438
-1.05613 1.26875 2 2.73438
-1.06288 1.3125 2 2.8
-1.06963 1.44375 2 2.8
-1.07507 1.42188 2 2.82187
-0.805166 1.35625 2 2.8875
-1.08812 1.20312 1.9896 3.15
-1.09487 1.33438 1.97021 2.99688
-1.10162 1.4 1.95344 3.01875
-1.10837 1.44375 1.94074 2.95312
-1.11467 1.46562 1.92339 2.93125
-1.12142 1.44375 1.91185 2.86563
-1.12817 1.44375 1.90206 2.99688
-1.13492 1.50937 1.89199 2.93125
-1.14167 1.46562 1.88568 2.93125
-1.14842 1.50937 1.88171 2.75625
-1.15472 1.44375 1.87832 2.75625
-1.16147 1.44375 1.87231 2.93125
-1.16822 1.77188 1.87443 2.64688
-1.17497 1.55313 1.87221 2.64688
-1.18172 1.6625 1.87434 2.60312
-1.18847 1.59688 1.87646 2.58125
-1.19522 1.53125 1.87889 2.58125
-1.20197 1.64062 1.88102 2.58125
-1.20872 1.6625 1.88955 2.55938
-1.21502 1.6625 1.88587 2.58125
-1.22177 1.6625 1.88974 2.625
-1.22852 1.55313 1.88781 2.51562
-1.23527 1.61875 1.89284 2.5375
-1.09534 1.6625 1.89033 2.58125
-1.24615 1.53125 1.88955 2.55938
-1.2529 1.575 1.88644 2.49375
-1.14205 1.6625 1.88625 2.49375
-1.26379 1.575 1.88373 2.45
-1.23754 1.64062 1.87656 2.45
-1.2716 1.61875 1.87258 2.49375
-1.04314 1.68437 1.86512 2.47187
-1.04728 1.55313 1.85766 2.45
-1.05272 1.00625 1.85106 2.49375
-1.14538 1.44375 1.84448 2.47187
-1.2975 1.50937 1.83847 2.5375
-1.30033 1.68437 1.82461 2.51562
-1.11548 1.59688 1.81627 2.51562
-1.0007 1.575 1.80357 2.5375
-1.19251 1.02812 1.79292 2.51562
-1.31555 1.88125 1.784 2.5375
-1.32099 1.75 1.7777 2.51562
-1.09078 1.88125 1.76442 2.49375
-1.09491 1.09375 1.75464 2.55938
-1.33295 1.68437 1.75066 2.47187
-1.06218 1.33438 1.74291 2.51562
-1.34383 1.6625 1.7433 2.40625
-1.07307 1.79375 1.73904 2.45
-1.35602 1.59688 1.73593 2.49375
-1.36277 1.53125 1.73691 2.38437
-1.36821 1.64062 1.73176 2.60312
-1.09614 1.77188 1.73332 2.38437
-1.14389 1.70625 1.73516 2.38437
