torque_1 torque_1_t torque_2 torque_2_t
0.620322 -0.065625 0.444937 0.196875
0.608622 -0.459375 0.446137 0.371875
0.596922 -0.525 0.447037 0.35
0.585222 -0.56875 0.447937 0.39375
0.573522 -0.6125 0.451744 0.503125
0.562272 -0.6125 0.449737 0.415625
0.550572 -0.65625 0.450637 0.525
0.260051 -0.678125 0.453281 0.48125
0.377876 -0.56875 0.454481 0.48125
0.511547 -0.6125 0.455381 0.56875
0.499847 -0.83125 0.456281 0.765625
0.488147 -0.634375 0.460089 0.525
0.47383 -0.65625 0.458953 0.634375
0.460822 -0.590625 0.461026 0.56875
0.449122 -0.634375 0.462507 0.6125
0.290743 -0.634375 0.462826 0.678125
0.35042 -0.56875 0.464598 0.590625
0.410097 -0.678125 0.465507 0.6125
0.398397 -0.56875 0.465826 0.6125
0.386697 -0.590625 0.466726 0.6125
0.373688 -0.546875 0.47345 0.6125
0.361988 -0.6125 0.468826 0.6125
0.116387 -0.39375 0.472051 0.678125
0.33773 -0.196875 0.470626 0.634375
0.0181356 -0.56875 0.47357 0.634375
0.311713 -0.13125 0.47447 0.634375
0.300013 -0.459375 0.474498 0.634375
0.288313 -0.459375 0.475698 0.634375
0.276613 -0.175 0.476598 0.65625
0.264913 -0.48125 0.477798 0.634375
0.253213 -0.109375 0.478698 0.546875
0.241513 -0.48125 0.479598 0.7
0.229813 -0.48125 0.480798 0.6125
0.218113 -0.13125 0.480826 0.7
0.207313 -0.065625 0.480526 0.634375
0.196513 -0.153125 0.479926 0.765625
0.185713 -0.065625 0.479326 0.634375
0.175363 -0.109375 0.478726 0.634375
0.164563 -0.0875 0.478126 0.634375
0.154213 -0.109375 0.477526 0.6125
0.143413 -0.39375 0.476926 0.634375
0.132613 -0.04375 0.476326 0.721875
0.122263 -0.065625 0.475726 0.634375
0.111463 -0.35 0.475126 0.678125
0.100663 -0.371875 0.474226 0.634375
0.0903133 0.13125 0.473626 0.634375
0.0795133 -0.371875 0.473026 0.634375
0.0691633 -0.021875 0.472426 0.634375
0.0583633 0.153125 0.471826 0.634375
0.0475633 0.04375 0.471226 0.459375
0.0372133 0.109375 0.470626 0.7
0.0264133 -0.371875 0.470026 0.7
0.0156133 0.0875 0.469426 0.56875
0.00526333 0.240625 0.468826 0.6125
-0.00553667 -0.04375 0.468226 0.721875
-0.0163367 0.13125 0.467626 0.7
-0.0266867 -0.371875 0.467026 0.6125
-0.0374867 0.284375 0.466426 0.74375
-0.0482867 0 0.465826 0.634375
-0.0586367 0.13125 0.465526 0.721875
-0.0694367 0.153125 0.464926 0.6125
-0.0802367 0.153125 0.464326 0.875
-0.0905867 0.284375 0.463726 0.65625
-0.101387 -0.04375 0.463126 0.721875
-0.112187 0.175 0.462526 0.634375
-0.122537 -0.021875 0.461926 0.634375
-0.133337 0 0.461326 0.634375
-0.144137 0.04375 0.460726 0.634375
-0.154937 0.021875 0.460126 0.678125
-0.165287 0.04375 0.459826 0.6125
-0.176087 0.021875 0.459226 0.634375
-0.186887 0.065625 0.458626 0.6125
-0.197237 0.04375 0.458026 0.6125
-0.208037 0.2625 0.457426 0.634375
-0.218837 0.2625 0.456826 0.634375
-0.228328 0.065625 0.455653 0.634375
-0.238678 0.109375 0.455053 0.6125
-0.249478 0.109375 0.454453 0.6125
-0.260278 0.284375 0.453853 0.634375
-0.271078 0.153125 0.453253 0.853125
-0.281428 0.21875 0.452953 0.56875
-0.292228 0.35 0.452353 0.7
-0.303028 0.284375 0.451753 0.634375
-0.313828 0.371875 0.451153 0.56875
-0.324178 0.30625 0.450853 0.721875
-0.334978 0.503125 0.450253 0.6125
-0.34447 0.371875 0.448781 0.590625
-0.2099 0.284375 0.448181 0.546875
-0.36562 0.328125 0.447281 0.525
-0.37597 0.415625 0.446681 0.721875
-0.38677 0.6125 0.445781 0.7875
-0.39712 0.371875 0.444881 0.721875
-0.40747 0.459375 0.444281 0.56875
-0.41827 0.6125 0.443381 0.56875
-0.42862 0.590625 0.442481 0.590625
-0.43942 0.546875 0.441881 0.459375
-0.143184 0.525 0.440109 0.459375
-0.458812 0.196875 0.439209 0.525
-0.469612 0.590625 0.438609 0.7875
-0.479962 0.525 0.437709 0.56875
-0.490312 0.48125 0.436809 0.809375
-0.501112 0.590625 0.436209 0.721875
-0.511462 0.546875 0.435309 0.503125
-0.520953 0.525 0.433537 0.6125
-0.531303 0.7 0.432937 0.6125
-0.542103 0.7 0.432037 0.6125
-0.552453 0.875 0.431437 0.809375
-0.532421 0.284375 0.429664 0.459375
-0.572295 0.7875 0.429064 0.56875
-0.582645 0.83125 0.428164 0.809375
-0.590828 0.721875 0.42552 0.634375
-0.601178 0.765625 0.42492 0.371875
-0.611978 0.875 0.42402 0.525
-0.344816 0.875 0.422548 0.56875
-0.63137 0.765625 0.421648 0.56875
-0.640862 0.83125 0.420176 0.634375
-0.651212 0.503125 0.419276 0.7
-0.662012 0.7875 0.418676 0.634375
-0.482072 0.83125 0.416903 0.65625
-0.680545 0.721875 0.415431 0.590625
-0.690895 1.00625 0.414531 0.525
-0.701695 0.875 0.413931 0.65625
-0.712045 0.9625 0.413031 0.459375
-0.720228 0.9625 0.410687 0.6125
-0.72927 0.91875 0.409214 0.590625
-0.74007 1.05 0.408314 0.546875
-0.472908 0.91875 0.406842 0.65625
-0.758603 0.875 0.40507 0.503125
-0.768953 0.875 0.40447 0.853125
-0.779753 1.07187 0.40357 0.459375
-0.787487 0.984375 0.401226 0.590625
-0.796978 1.02812 0.399753 0.109375
-0.617039 1.05 0.397981 0.525
-0.815512 0.9625 0.396509 0.546875
-0.824553 1.09375 0.395037 0.525
-0.835353 1.05 0.395009 0.56875
-0.843087 1.09375 0.392664 0.525
-0.547301 1.05 0.391192 0.525
-0.860312 0.940625 0.388548 0.525
-0.869803 1.09375 0.387076 0.56875
-0.880153 1.09375 0.386476 0.525
-0.888337 1.18125 0.383831 0.525
-0.89652 1.09375 0.381487 0.546875
-0.758883 1.15938 0.379142 0.525
-0.839751 1.1375 0.376798 0.459375
-0.687577 1.15938 0.374153 0.525
-0.929662 1.11563 0.372681 0.459375
-0.940012 1.11563 0.372081 0.590625
-0.950812 1.29062 0.371181 0.4375
-0.681033 1.225 0.368837 0.590625
-0.77468 1.1375 0.36472 0.4375
-0.826883 1.09375 0.362348 0.546875
-0.981295 1.225 0.359976 0.4375
-0.991195 1.24687 0.358176 0.459375
-0.722275 1.26875 0.354931 0.459375
-0.772311 1.09375 0.350814 0.4375
-1.01219 1.07187 0.34757 0.415625
-1.02254 1.33438 0.34607 0.48125
-1.03244 1.26875 0.345442 0.525
-0.84943 1.26875 0.341326 0.459375
-0.899466 1.24687 0.336909 0.459375
-0.820836 1.26875 0.334537 0.48125
-0.784958 1.29062 0.331292 0.4375
-1.06975 1.15938 0.32892 0.415625
-1.0801 1.35625 0.32742 0.48125
-1.0887 1.225 0.325048 0.503125
-0.977065 1.46562 0.317151 0.415625
-0.910805 1.26875 0.316814 0.6125
-0.756873 1.4875 0.312698 0.415625
-0.809526 1.18125 0.310326 0.503125
-1.1234 1.29062 0.307953 0.415625
-1.13374 1.42188 0.306453 0.39375
-1.14234 1.20312 0.304081 0.459375
-0.798564 1.46562 0.299092 0.546875
-0.803231 1.33438 0.294976 0.371875
-0.970872 1.24687 0.291731 0.48125
-1.16975 1.42188 0.290231 0.371875
-1.1801 1.42188 0.288731 0.546875
-0.954794 1.55313 0.286359 0.371875
-1.00483 1.29062 0.282242 0.4375
-0.849589 1.4875 0.277253 0.371875
-1.06215 1.26875 0.274881 0.4375
-1.21611 1.50937 0.273381 0.4375
-1.22646 1.50937 0.271881 0.4375
-1.08707 1.61875 0.268637 0.35
-1.00627 1.44375 0.26452 0.415625
-1.05455 1.50937 0.259531 0.35
-1.22219 1.4 0.257159 0.459375
-0.982341 1.6625 0.253914 0.415625
-0.988766 1.37813 0.250098 0.4375
-1.08458 1.4 0.242492 0.590625
-1.2813 1.6625 0.246226 0.39375
-1.29165 1.53125 0.245598 0.371875
-1.06503 1.6625 0.239446 0.4375
-0.90762 1.46562 0.232713 0.371875
-0.955898 1.64062 0.228596 0.284375
-1.12354 1.42188 0.230303 0.371875
-1.32242 1.42188 0.229676 0.371875
-1.33146 1.6625 0.22585 0.459375
-0.987689 1.59688 0.219407 0.39375
-0.873443 1.55313 0.21907 0.284375
-0.951245 1.26875 0.214672 0.39375
-1.35365 1.4875 0.210264 0.30625
-1.364 1.59688 0.215161 0.240625
-1.22374 1.64062 0.211044 0.371875
-0.773835 1.53125 0.206937 0.30625
-0.821254 1.42188 0.197296 0.30625
-1.10519 1.35625 0.198413 0.371875
-1.38999 1.46562 0.199239 0.328125
-1.40034 1.61875 0.196585 0.371875
-1.10148 1.6625 0.196829 0.30625
-0.972701 1.53125 0.190387 0.30625
-0.947435 1.44375 0.18627 0.284375
-1.02479 1.37813 0.190594 0.371875
-1.19374 1.42188 0.182698 0
-1.43406 1.64062 0.184687 0.21875
-1.25151 1.70625 0.184359 -0.04375
-1.21125 1.70625 0.18344 0.284375
-0.98116 1.53125 0.17787 0.39375
-1.01273 1.50937 0.174053 0.35
-1.10462 1.46562 0.171681 0.459375
-1.27096 1.575 0.171353 0.4375
-1.16239 1.72812 0.175668 0.284375
-1.23974 1.61875 0.170098 0.284375
-1.19994 1.6625 0.170351 0.2625
-0.96854 1.6625 0.167107 0.284375
-1.01334 1.53125 0.160092 0.30625
-1.13169 1.55313 0.15772 0.284375
-1.41518 1.46562 0.156792 -0.021875
-1.42029 1.77188 0.15819 0.2625
-0.942621 1.61875 0.15262 -0.021875
-0.708153 1.55313 0.144714 0.240625
-0.780722 1.20312 0.139726 0.021875
-1.26642 1.44375 0.13967 0.39375
-1.50891 1.72812 0.142231 0.39375
-1.12153 1.26875 0.143057 -0.065625
-0.887061 1.44375 0.133989 0.328125
-0.591828 1.4 0.130453 0.30625
-0.911526 1.20312 0.126618 0
-1.36946 1.33438 0.125109 0.2625
-1.52342 1.575 0.124772 0.4375
-1.22195 1.68437 0.125298 0.590625
-0.692817 1.64062 0.118564 -0.04375
-0.598937 1.35625 0.108914 -0.04375
-1.08071 1.225 0.10567 0.35
-1.33643 1.44375 0.106487 0.021875
-1.34286 1.575 0.106731 0.546875
-0.981479 1.53125 0.10464 -0.175
-0.818839 1.42188 0.0964533 0.21875
-0.818272 1.26875 0.0911644 -0.021875
-1.18375 1.29062 0.0887922 0.21875
-1.07126 1.44375 0.08612 0.4375
-1.19091 1.4 0.0854922 0.284375
-1.0322 1.4875 0.0796311 0.21875
-1.03294 1.3125 0.0775404 0.240625
-0.988763 1.4 0.0702256 0.30625
-0.915961 1.4875 0.0663904 0.13125
-0.990696 1.26875 0.0616922 0.109375
-1.1108 1.37813 0.0622181 0.30625
-1.15908 1.46562 0.0581015 0.196875
-1.25142 1.46562 0.0574737 0.284375
-1.00372 1.4875 0.0489867 0.175
-0.677248 1.3125 0.0405089 -0.021875
-0.720292 1.26875 0.0361015 -0.240625
-1.11529 1.26875 0.034883 0.153125
-1.4437 1.42188 0.0328015 -0.04375
-1.49243 1.61875 0.0289756 -0.240625
-0.893225 1.6625 0.0228144 -0.21875
-0.450455 1.3125 0.0149181 -0.21875
-0.560951 1.20312 0.00644037 0.175
-1.20439 1.09375 0.00376815 0.021875
-1.56318 1.4875 0.00314037 -0.2625
-1.57091 1.64062 0.00658296 0.0875
-0.780112 1.72812 -0.00539296 0.175
-0.365108 1.35625 -0.0205578 0.04375
-0.517907 1.09375 -0.0299078 0.021875
-1.25118 1.09375 -0.0299541 -0.109375
-1.56636 1.42188 -0.0282652 -0.284375
-1.5001 1.70625 -0.0297652 -0.2625
-0.694764 1.72812 -0.0391152 0.21875
-0.366983 1.3125 -0.0461393 -0.284375
-0.636528 1.09375 -0.0607319 -0.196875
-1.41427 1.1375 -0.0596152 -0.284375
-1.56999 1.50937 -0.0611152 0.13125
-1.26808 1.70625 -0.0597078 0.240625
-0.740701 1.55313 -0.0681856 0
-0.617296 1.26875 -0.0819059 0.240625
-0.688556 1.225 -0.0909652 0.109375
-1.2157 1.225 -0.09828 -0.2625
-1.26659 1.46562 -0.0974541 -0.284375
-1.38931 1.55313 -0.10128 0.109375
-1.07024 1.575 -0.105687 0.0875
-0.865297 1.4875 -0.114747 0.175
-0.747576 1.33438 -0.120899 0.065625
-0.819694 1.26875 -0.12328 0.175
-1.18693 1.3125 -0.130304 0.065625
-1.39818 1.55313 -0.13413 0.109375
-1.47684 1.68437 -0.135049 0.065625
-1.15953 1.70625 -0.135967 0.153125
-0.880589 1.4875 -0.142991 0.021875
-0.599893 1.44375 -0.156993 -0.328125
-0.963202 1.18125 -0.162854 -0.284375
-1.5665 1.3125 -0.165226 -0.328125
-1.60593 1.72812 -0.16411 0.021875
-1.61104 1.70625 -0.163574 -0.284375
-0.615418 1.79375 -0.175541 -0.240625
-0.520229 1.35625 -0.19216 -0.284375
-0.838619 1.26875 -0.195113 0.065625
-1.60314 1.35625 -0.196041 -0.284375
-1.92093 1.70625 -0.199604 -0.30625
-1.62032 1.85938 -0.202867 -0.328125
-0.82907 1.96875 -0.214571 -0.284375
-0.454611 1.53125 -0.226847 -0.328125
-0.728939 1.35625 -0.239132 -0.328125
-1.41946 1.33438 -0.24036 -0.546875
-2 1.68437 -0.241015 -0.35
-1.6291 1.96875 -0.237591 -0.30625
-0.751081 1.90312 -0.254237 -0.39375
-0.420233 1.72812 -0.268549 -0.30625
-0.943 1.35625 -0.272693 -0.2625
-1.43217 1.4 -0.271595 -0.35
-1.93895 1.6625 -0.268752 -0.30625
-1.64095 2.07812 -0.271734 -0.39375
-0.880536 2.0125 -0.284882 -0.35
-0.478311 1.68437 -0.297749 -0.35
-1.0297 1.46562 -0.306536 -0.39375
-1.49025 1.59688 -0.302821 -0.39375
-1.76443 1.68437 -0.30493 -0.35
-1.65542 1.75 -0.303832 -0.415625
-0.897619 1.64062 -0.313791 -0.39375
-0.819134 1.575 -0.322287 -0.415625
-0.892111 1.61875 -0.326132 -0.415625
-1.65663 1.42188 -0.328241 -0.415625
-1.69691 1.90312 -0.3222 -0.459375
-1.67512 1.94687 -0.326336 -0.4375
-1.00585 2.05625 -0.330771 -0.65625
-0.841451 1.575 -0.342174 -0.4375
-1.07348 1.575 -0.347763 -0.196875
-1.67809 1.64062 -0.344049 -0.4375
-1.99326 1.925 -0.346158 -0.503125
-1.69482 2.20938 -0.345641 -0.48125
-1.02293 2.0125 -0.349776 -0.74375
-0.69601 1.72812 -0.362924 -0.4375
-1.01657 1.53125 -0.367069 -0.48125
-1.6661 1.64062 -0.367424 -0.4375
-2 1.90312 -0.360221 -0.459375
-1.71759 2.1875 -0.359704 -0.459375
-0.884484 2.05625 -0.370536 -0.4375
-0.672549 1.61875 -0.380486 -0.4375
-1.15301 1.55313 -0.38433 -0.4375
-1.71532 1.6625 -0.384395 -0.459375
-1.84544 1.575 -0.3769 -0.503125
-1.73512 2.07812 -0.377256 -0.459375
-0.977319 2.14375 -0.380528 -0.459375
-0.900142 1.64062 -0.389606 -0.48125
-1.01587 1.6625 -0.389089 -0.48125
-1.73678 1.575 -0.389154 -0.48125
-1.74668 1.99063 -0.384276 -0.48125
-1.75527 2.1875 -0.381143 -0.284375
-1.1283 2.07812 -0.380917 -0.35
-0.834378 1.70625 -0.389995 -0.459375
-1.07963 1.575 -0.385126 -0.371875
-1.52172 1.68437 -0.383447 -0.371875
-1.76421 1.85938 -0.375952 -0.39375
-1.77149 1.96875 -0.372528 -0.415625
-1.21983 2.1 -0.370267 -0.415625
-0.820221 1.79375 -0.370041 -0.459375
-1.00471 1.59688 -0.370978 -0.415625
-1.3728 1.64062 -0.363484 -0.48125
-1.7752 1.77188 -0.353954 -0.48125
-1.7851 2.0125 -0.342099 -0.503125
-1.11367 2.03437 -0.338093 -0.525
-0.740515 1.72812 -0.339321 -0.459375
-0.897239 1.46562 -0.337641 -0.6125
-1.65783 1.55313 -0.32753 -0.48125
-1.78403 1.94687 -0.31393 -0.48125
-1.79 2.0125 -0.302947 -0.48125
-0.910673 2.07812 -0.301267 -0.415625
-0.505831 1.64062 -0.299297 -0.371875
-0.731315 1.37813 -0.301106 -0.328125
-1.5822 1.29062 -0.286634 -0.39375
-1.78108 1.75 -0.271289 -0.4375
-1.78705 1.99063 -0.259134 -0.39375
-0.833729 2.05625 -0.257745 -0.415625
-0.415659 1.46562 -0.258391 -0.328125
-0.568458 1.20312 -0.254386 -0.503125
-1.53257 1.4 -0.24253 -0.503125
-1.77551 1.81563 -0.226313 -0.48125
-1.78149 1.79375 -0.217947 -0.48125
-0.666947 1.99063 -0.216558 -0.30625
-0.362556 1.35625 -0.218658 -0.284375
-0.716257 1.20312 -0.221911 -0.284375
-1.44823 1.26875 -0.212091 -0.240625
-1.7634 1.59688 -0.201689 -0.2625
-1.77069 1.8375 -0.188961 -0.2625
-0.850362 1.85938 -0.188445 -0.065625
-0.564433 1.4 -0.186756 -0.109375
-0.483331 1.24687 -0.186267 -0.109375
-1.15233 1.09375 -0.177347 -0.240625
-1.75779 1.53125 -0.166391 -0.2625
-1.76594 1.79375 -0.155136 -0.35
-1.13983 1.96875 -0.14825 -0.240625
-0.562708 1.53125 -0.156193 -0.328125
-0.481606 1.42188 -0.157739 -0.240625
-0.959003 1.20312 -0.157823 -0.065625
-1.75214 1.4 -0.149774 -0.240625
-1.76029 1.75 -0.144052 -0.196875
-1.413 1.8375 -0.139774 -0.175
-0.764951 1.79375 -0.147136 -0.196875
-0.552566 1.4 -0.154787 -0.196875
-0.793446 1.20312 -0.159232 -0.35
-1.35138 1.44375 -0.156126 -0.2625
-1.75378 1.72812 -0.151276 -0.065625
-1.7593 1.77188 -0.149034 -0.35
-0.973287 1.6625 -0.151161 -0.2625
-0.673679 1.55313 -0.159686 -0.153125
-0.593886 1.42188 -0.171689 -0.2625
-1.02898 1.11563 -0.173817 -0.13125
-1.63314 1.55313 -0.172447 -0.21875
-1.75934 1.79375 -0.167597 -0.109375
-1.32483 1.79375 -0.172341 -0.13125
-0.882464 1.79375 -0.181147 -0.21875
-0.760368 1.55313 -0.192869 -0.153125
-0.961562 1.50937 -0.199058 -0.2625
-1.4032 1.46562 -0.19886 -0.415625
-1.76199 1.81563 -0.199815 -0.2625
-1.76751 1.99063 -0.201071 -0.13125
-1.09779 2.07812 -0.213074 -0.284375
-0.653264 1.55313 -0.223343 -0.153125
-0.676088 1.42188 -0.234765 -0.328125
-1.20233 1.29062 -0.237184 -0.39375
-1.76333 1.68437 -0.239011 -0.2625
-1.77278 1.85938 -0.241721 -0.4375
-1.17881 2.07812 -0.250236 -0.30625
-0.824979 1.61875 -0.25876 -0.459375
-0.849112 1.53125 -0.264658 -0.284375
-1.30181 1.46562 -0.278124 -0.415625
-1.70114 1.79375 -0.277626 -0.328125
-1.78242 1.94687 -0.279454 -0.503125
-1.27522 2.14375 -0.282454 -0.328125
-1.06938 1.64062 -0.29533 -0.48125
-0.904981 1.75 -0.303563 -0.371875
-1.18148 1.4875 -0.308299 -0.525
-1.39097 1.77188 -0.313324 -0.328125
-1.5141 1.77188 -0.312836 -0.503125
-1.44739 1.99063 -0.313791 -0.328125
-1.36177 1.77188 -0.318236 -0.525
-1.17091 1.81563 -0.324143 -0.328125
-0.966376 1.61875 -0.332658 -0.503125
-1.12441 1.64062 -0.338847 -0.35
-1.40483 1.59688 -0.341556 -0.525
-1.80461 1.96875 -0.340767 -0.371875
-1.50486 2.0125 -0.339978 -0.525
-1.18448 1.96875 -0.345595 -0.415625
-0.887487 1.72812 -0.350911 -0.4375
-0.927914 1.53125 -0.355937 -0.415625
-1.20572 1.50937 -0.356893 -0.459375
-1.62135 1.6625 -0.352915 -0.459375
-1.81847 1.88125 -0.351254 -0.415625
-1.31042 2.0125 -0.352791 -0.525
-0.779974 1.88125 -0.357236 -0.4375
-0.701039 1.44375 -0.361108 -0.590625
-1.09428 1.53125 -0.362063 -0.39375
-1.81474 1.42188 -0.356041 -0.48125
-1.82464 2.05625 -0.349728 -0.371875
-1.27166 1.68437 -0.349239 -0.503125
-0.740771 1.85938 -0.354265 -0.4375
-0.734971 1.44375 -0.356093 -0.48125
-1.09738 1.575 -0.354432 -0.4375
-1.81698 1.575 -0.345502 -0.590625
-1.82557 2.07812 -0.337736 -0.39375
-1.22853 2.0125 -0.332586 -0.328125
-0.711322 1.81563 -0.334423 -0.39375
-0.57338 1.44375 -0.333634 -0.415625
-1.05209 1.37813 -0.324995 -0.39375
-1.5827 1.44375 -0.313739 -0.328125
-1.82258 1.88125 -0.303937 -0.35
-1.27046 1.90312 -0.295008 -0.371875
-0.828551 1.77188 -0.288113 -0.35
-0.542623 1.35625 -0.283826 -0.371875
-0.933248 1.33438 -0.274887 -0.415625
-1.34364 1.3125 -0.265076 -0.4375
-1.8148 1.6625 -0.250904 -0.525
-1.26314 1.85938 -0.24023 -0.4375
-0.983751 1.70625 -0.236524 -0.503125
-0.700439 1.42188 -0.233982 -0.48125
-0.812243 1.35625 -0.233184 -0.459375
-1.13018 1.26875 -0.232095 -0.459375
-1.33751 1.55313 -0.226936 -0.546875
-1.33956 1.61875 -0.225847 -0.4375
-1.20947 1.6625 -0.227374 -0.4375
-1.01599 1.55313 -0.229193 -0.4375
-0.88067 1.46562 -0.232465 -0.39375
-0.845796 1.35625 -0.237482 -0.39375
-0.871687 1.46562 -0.241626 -0.39375
-1.19355 1.3125 -0.241991 -0.415625
-1.44535 1.6625 -0.238576 -0.4375
-1.4064 1.64062 -0.237487 -0.371875
-1.12747 1.72812 -0.239887 -0.415625
-0.713321 1.53125 -0.246067 -0.371875
-0.67583 1.4 -0.255154 -0.35
-0.862937 1.29062 -0.257845 -0.35
-1.75698 1.46562 -0.256756 -0.371875
-1.79595 1.85938 -0.250724 -0.415625
-1.33327 1.79375 -0.254869 -0.39375
-0.714296 1.70625 -0.264247 -0.371875
-0.515589 1.46562 -0.275369 -0.371875
-0.949826 1.35625 -0.281258 -0.371875
-1.78703 1.53125 -0.279869 -0.39375
-1.79693 1.88125 -0.278199 -0.4375
-1.80335 2.0125 -0.278854 -0.39375
-0.809035 2.1 -0.289686 -0.415625
-0.684322 1.46562 -0.300808 -0.415625
-0.796126 1.42188 -0.30786 -0.415625
-1.51617 1.46562 -0.308515 -0.39375
-1.80228 1.75 -0.306836 -0.415625
-1.81218 1.99063 -0.307491 -0.39375
-1.18652 2.05625 -0.31338 -0.35
-0.772824 1.81563 -0.31956 -0.48125
-0.929548 1.46562 -0.331263 -0.4375
-1.36771 1.55313 -0.333663 -0.4375
-1.53621 1.75 -0.334891 -0.459375
-1.46995 1.88125 -0.332349 -0.4375
-1.3557 1.8375 -0.340563 -0.459375
-1.19523 1.79375 -0.346452 -0.4375
-1.10613 1.68437 -0.349715 -0.459375
-1.19454 1.64062 -0.359674 -0.48125
-1.22305 1.6625 -0.365563 -0.4375
-1.43124 1.75 -0.366219 -0.459375
-1.43635 1.85938 -0.368028 -0.503125
-1.55601 1.81563 -0.36723 -0.459375
-1.28055 1.90312 -0.374573 -0.525
-1.04522 1.70625 -0.381034 -0.459375
-0.909895 1.61875 -0.38605 -0.459375
-1.20269 1.59688 -0.38845 -0.4375
-1.68883 1.70625 -0.389387 -0.525
-1.8428 1.88125 -0.385682 -0.48125
-1.3788 2.05625 -0.386919 -0.4375
-0.893279 1.85938 -0.391636 -0.48125
-0.565048 1.59688 -0.396071 -0.48125
-0.998426 1.42188 -0.401378 -0.35
-1.64534 1.55313 -0.394174 -0.35
-1.84422 1.85938 -0.389306 -0.371875
-1.38153 1.94687 -0.386173 -0.328125
-0.852401 1.79375 -0.388282 -0.4375
-0.639608 1.44375 -0.391554 -0.371875
-0.912628 1.4 -0.391037 -0.4375
-1.43977 1.4875 -0.385297 -0.415625
-1.65188 1.70625 -0.375186 -0.459375
-1.4068 1.8375 -0.369736 -0.48125
-0.850351 1.75 -0.368056 -0.459375
-0.754713 1.44375 -0.366967 -0.459375
-0.794282 1.3125 -0.362961 -0.4375
-1.27475 1.35625 -0.358093 -0.48125
-1.36578 1.59688 -0.345365 -0.459375
-1.3969 1.6625 -0.335554 -0.525
-0.958056 1.6625 -0.328932 -0.415625
-0.718355 1.4 -0.325808 -0.503125
-0.78569 1.29062 -0.319186 -0.48125
-1.02964 1.26875 -0.313445 -0.525
-1.21981 1.37813 -0.300717 -0.415625
-1.22186 1.46562 -0.286836 -0.525
-1.05922 1.42188 -0.27905 -0.415625
-0.89482 1.35625 -0.270102 -0.525
-0.773174 1.33438 -0.261736 -0.30625
-0.856354 1.18125 -0.255695 -0.503125
-0.924548 1.20312 -0.246174 -0.35
-1.01035 1.24687 -0.238099 -0.459375
-1.16969 1.35625 -0.22886 -0.39375
-1.16957 1.42188 -0.217586 -0.503125
-0.918398 1.42188 -0.215324 -0.328125
-0.67608 1.29062 -0.21161 -0.39375
-0.538589 1.1375 -0.212256 -0.371875
-0.780368 1.11563 -0.213784 -0.371875
-1.17361 1.20312 -0.212104 -0.503125
-1.33733 1.42188 -0.205773 -0.2625
-1.22091 1.44375 -0.203802 -0.240625
-0.776385 1.42188 -0.207647 -0.284375
-0.518672 1.20312 -0.214689 -0.30625
-0.393101 1.11563 -0.219697 -0.2625
-0.959478 1.05 -0.218308 -0.284375
-1.60553 1.24687 -0.21343 -0.284375
-1.56704 1.59688 -0.210878 -0.2625
-0.923367 1.61875 -0.212106 -0.2625
-0.387692 1.26875 -0.218567 -0.240625
-0.377109 1.07187 -0.219213 -0.240625
-1.10515 1.02812 -0.221023 -0.328125
-1.73929 1.37813 -0.2144 -0.328125
-1.74657 1.72812 -0.206906 -0.328125
-0.958837 1.79375 -0.208424 -0.30625
-0.381309 1.4 -0.214886 -0.328125
-0.489639 1.05 -0.219893 -0.371875
-1.10224 1.09375 -0.217632 -0.371875
-1.73769 1.3125 -0.213626 -0.371875
-1.74542 1.79375 -0.210784 -0.35
-1.14798 1.8375 -0.213174 -0.371875
-0.632072 1.575 -0.221952 -0.328125
-0.743018 1.3125 -0.230158 -0.371875
-1.06272 1.26875 -0.23313 -0.328125
-1.39026 1.44375 -0.234358 -0.35
-1.4403 1.6625 -0.233841 -0.30625
-1.23928 1.75 -0.238558 -0.35
-1.12242 1.6625 -0.241821 -0.328125
-1.07869 1.59688 -0.249154 -0.2625
-1.12219 1.55313 -0.256769 -0.371875
-1.15245 1.55313 -0.260613 -0.328125
-1.15364 1.575 -0.263004 -0.328125
-1.28698 1.64062 -0.268302 -0.371875
-1.36433 1.75 -0.272147 -0.2625
-1.52935 1.75 -0.270749 -0.2625
-1.21073 1.81563 -0.276047 -0.371875
-1.00448 1.61875 -0.281926 -0.328125
-0.929059 1.61875 -0.292458 -0.4375
-1.20776 1.59688 -0.295711 -0.415625
-1.4917 1.68437 -0.292869 -0.328125
-1.70295 1.77188 -0.292352 -0.415625
-1.34203 1.925 -0.298523 -0.39375
-0.943726 1.72812 -0.304684 -0.371875
-0.692554 1.59688 -0.312017 -0.371875
-1.14309 1.55313 -0.316734 -0.371875
-1.49971 1.68437 -0.316217 -0.371875
-1.78626 1.77188 -0.311911 -0.30625
-1.32358 1.99063 -0.312267 -0.4375
-0.86627 1.75 -0.316984 -0.415625
-0.744624 1.55313 -0.324889 -0.415625
-1.06563 1.42188 -0.329315 -0.39375
-1.50947 1.4875 -0.324437 -0.415625
-1.79472 1.77188 -0.321586 -0.240625
-1.36111 1.90312 -0.319324 -0.39375
-0.964567 1.75 -0.320543 -0.39375
-0.798001 1.575 -0.326713 -0.459375
-0.912873 1.42188 -0.328813 -0.39375
-1.39771 1.50937 -0.32508 -0.2625
-1.72395 1.6625 -0.319611 -0.459375
-1.5683 1.925 -0.314134 -0.4375
-1.01185 1.8375 -0.315061 -0.371875
-0.713596 1.55313 -0.319178 -0.30625
-0.79416 1.33438 -0.318943 -0.39375
-1.11647 1.3125 -0.313756 -0.4375
-1.44186 0.984375 -0.307415 -0.371875
-1.40205 1.6625 -0.301647 -0.415625
-1.12573 1.6625 -0.295597 -0.328125
-0.802326 1.4875 -0.292736 -0.371875
-0.590841 1.3125 -0.293945 -0.371875
-0.862145 1.1375 -0.287895 -0.371875
-1.18184 1.29062 -0.280673 -0.328125
-1.34425 1.64062 -0.268226 -0.328125
-1.11068 1.77188 -0.261004 -0.284375
-0.78421 1.61875 -0.25291 -0.153125
-0.496564 1.18125 -0.252965 -0.371875
-0.487289 1.00625 -0.246615 -0.371875
-0.993352 0.9625 -0.238239 -0.415625
-1.28573 1.24687 -0.226656 -0.39375
-1.28823 1.46562 -0.21798 -0.328125
-0.832687 1.4875 -0.213674 -0.30625
-0.467981 1.15938 -0.218082 -0.371875
-0.29794 0.984375 -0.219291 -0.35
-0.683782 0.83125 -0.223708 -0.35
-1.16645 1.00625 -0.219102 -0.4375
-1.41739 1.33438 -0.216532 -0.415625
-1.05254 1.37813 -0.216878 -0.4375
-0.608914 1.26875 -0.223611 -0.415625
-0.188676 0.984375 -0.23238 -0.39375
-0.38337 0.91875 -0.243184 -0.39375
-0.861667 0.875 -0.248473 -0.39375
-1.25843 1.15938 -0.2491 -0.39375
-1.30584 1.18125 -0.250019 -0.4375
-0.941444 1.4 -0.253263 -0.39375
-0.581972 1.1375 -0.26553 -0.415625
-0.279789 1.02812 -0.274299 -0.39375
-0.594254 0.875 -0.285974 -0.4375
-1.16415 0.984375 -0.289219 -0.415625
-1.40362 1.3125 -0.286649 -0.39375
-1.33474 1.6625 -0.292519 -0.415625
-0.970339 1.4875 -0.295182 -0.39375
-0.600254 1.24687 -0.30773 -0.415625
-0.564972 1.15938 -0.317371 -0.371875
-0.957355 1.18125 -0.32236 -0.503125
-1.32766 1.35625 -0.32386 -0.459375
-1.68559 1.50937 -0.320708 -0.415625
-1.25243 1.90312 -0.32745 -0.371875
-1.01624 1.61875 -0.341743 -0.503125
-0.602546 1.50937 -0.347313 -0.48125
-0.805089 1.29062 -0.358699 -0.459375
-1.28993 1.37813 -0.361071 -0.459375
-1.69323 1.575 -0.357919 -0.371875
-1.70141 1.88125 -0.362617 -0.459375
-1.07489 1.94687 -0.373421 -0.459375
-0.751488 1.64062 -0.377247 -0.459375
-0.77652 1.46562 -0.392121 -0.459375
-1.18782 1.42188 -0.396237 -0.48125
-1.70741 1.61875 -0.39105 -0.546875
-1.71776 2.1 -0.394004 -0.525
-1.28591 2.0125 -0.393178 -0.525
-0.930812 1.75 -0.408052 -0.525
-0.999455 1.75 -0.41246 -0.546875
-1.40944 1.61875 -0.41425 -0.56875
-1.72552 1.81563 -0.417786 -0.590625
-1.73456 2.0125 -0.417541 -0.525
-1.3014 2.05625 -0.420204 -0.525
-0.951537 1.75 -0.42781 -0.525
-0.861581 1.53125 -0.430473 -0.525
-1.18435 1.55313 -0.439532 -0.546875
-1.60087 1.6625 -0.439287 -0.546875
-1.7566 1.70625 -0.433519 -0.56875
-1.76347 2.0125 -0.440543 -0.56875
-1.05149 2.12188 -0.445532 -0.56875
-0.843928 1.64062 -0.451974 -0.56875
-0.841645 1.64062 -0.46306 -0.6125
-1.45908 1.46562 -0.465432 -0.590625
-1.77515 1.77188 -0.461408 -0.6125
-1.78419 1.99063 -0.46756 -0.590625
-1.23081 2.12188 -0.475447 -0.525
-0.952326 1.72812 -0.478982 -0.6125
-0.861512 1.77188 -0.488032 -0.6125
-1.18558 1.90312 -0.492721 -0.6125
-1.51489 1.24687 -0.491604 -0.678125
-1.8019 1.8375 -0.491641 -0.546875
-1.3709 2.0125 -0.49256 -0.678125
-1.13733 1.77188 -0.500447 -0.65625
-0.975142 1.70625 -0.50688 -0.634375
-1.09046 1.70625 -0.510997 -0.634375
-1.41715 1.64062 -0.511324 -0.678125
-1.67377 1.90312 -0.509617 -0.546875
-1.70972 1.90312 -0.504721 -0.678125
-1.23164 1.96875 -0.512317 -0.590625
-0.879163 1.8375 -0.517878 -0.634375
-0.905953 1.79375 -0.520541 -0.7
-1.27233 1.59688 -0.524067 -0.65625
-1.83423 1.70625 -0.520906 -0.65625
-1.84458 1.85938 -0.515128 -0.678125
-1.24889 2.03437 -0.518373 -0.678125
-0.924178 1.77188 -0.523643 -0.65625
-0.758063 1.59688 -0.529204 -0.721875
-1.12182 1.53125 -0.530404 -0.678125
-1.72472 1.68437 -0.528415 -0.678125
-1.85181 1.99063 -0.520893 -0.678125
-1.41865 2.0125 -0.519476 -0.678125
-0.977639 1.8375 -0.524165 -0.56875
-0.73753 1.59688 -0.53148 -0.6125
-0.967839 1.42188 -0.534424 -0.590625
-1.2906 1.50937 -0.532136 -0.634375
-1.54592 1.6625 -0.525486 -0.65625
-1.55018 1.8375 -0.522906 -0.7
-1.18577 1.8375 -0.520908 -0.634375
-0.817449 1.59688 -0.524734 -0.678125
-0.694944 1.37813 -0.527387 -0.7
-0.894871 1.33438 -0.523354 -0.7
-1.37754 1.225 -0.519902 -0.4375
-1.54171 1.61875 -0.511508 -0.65625
-1.34114 1.75 -0.506311 -0.678125
-0.900129 1.575 -0.50315 -0.6125
-0.599255 1.3125 -0.502606 -0.7
-0.561356 1.18125 -0.501771 -0.678125
-0.907962 1.15938 -0.499191 -0.65625
-1.43555 1.29062 -0.48411 -0.721875
-1.55787 1.55313 -0.474852 -0.65625
-1.23838 1.68437 -0.464423 -0.634375
-0.562164 1.50937 -0.459517 -0.634375
-0.390815 1.1375 -0.4581 -0.590625
-0.498287 1.05 -0.45116 -0.678125
-0.932114 1.05 -0.43695 -0.56875
-1.4161 1.225 -0.42216 -0.546875
-1.34636 1.4875 -0.407078 -0.56875
-0.979342 1.50937 -0.395195 -0.546875
-0.444567 1.29062 -0.389417 -0.525
-0.197916 1.02812 -0.386256 -0.503125
-0.420826 0.875 -0.381641 -0.56875
-0.986795 0.940625 -0.369458 -0.459375
-1.33863 1.225 -0.355249 -0.546875
-1.3112 1.37813 -0.34511 -0.634375
-0.690513 1.61875 -0.335261 -0.546875
-0.0738941 1.11563 -0.341695 -0.6125
-0.10083 0.809375 -0.341441 -0.503125
-0.575652 0.853125 -0.337408 -0.56875
-1.33629 0.940625 -0.329886 -0.503125
-1.73435 1.26875 -0.319165 -0.590625
-1.10959 1.53125 -0.316004 -0.48125
-0.458523 1.29062 -0.319239 -0.590625
-0.122033 0.984375 -0.327989 -0.48125
-0.270499 1.09375 -0.330352 -0.6125
-0.822381 0.875 -0.330952 -0.196875
-1.67416 1.02812 -0.322249 -0.546875
-1.36122 1.4875 -0.317615 -0.634375
-0.994655 1.4 -0.319087 -0.459375
-0.301731 1.26875 -0.325793 -0.503125
-0.259049 0.91875 -0.335987 -0.634375
-0.735179 0.940625 -0.33775 -0.459375
-1.2513 1.11563 -0.335734 -0.459375
-1.69866 1.37813 -0.329356 -0.48125
-1.3994 1.70625 -0.328211 -0.48125
-0.872476 1.55313 -0.3323 -0.4375
-0.426681 1.55313 -0.342195 -0.240625
-0.493608 1.11563 -0.345702 -0.525
-1.06395 1.15938 -0.34543 -0.48125
-1.69985 1.42188 -0.342541 -0.525
-1.7111 1.81563 -0.33878 -0.4375
-1.71711 1.85938 -0.33938 -0.546875
-0.766446 1.925 -0.345786 -0.4375
-0.468189 1.44375 -0.352491 -0.4375
-0.783553 1.33438 -0.361813 -0.48125
-1.63664 1.44375 -0.358052 -0.525
-1.72189 1.81563 -0.354863 -0.525
-1.73052 1.94687 -0.352847 -0.48125
-0.943237 1.96875 -0.356936 -0.459375
-0.852873 1.55313 -0.363641 -0.459375
-0.893342 1.53125 -0.366558 -0.48125
-1.70282 1.4875 -0.361924 -0.503125
-1.74314 1.90312 -0.357291 -0.48125
-1.75002 1.88125 -0.357019 -0.459375
-0.919576 2.03437 -0.364006 -0.503125
-0.755218 1.20312 -0.369839 -0.503125
-0.796996 1.44375 -0.372184 -0.48125
-1.51664 1.33438 -0.368123 -0.546875
-1.76003 1.75 -0.362617 -0.415625
-1.76866 1.81563 -0.3606 -0.590625
-1.05582 1.99063 -0.361773 -0.546875
-0.726324 1.61875 -0.368478 -0.459375
-0.805171 1.50937 -0.374311 -0.525
-1.32129 1.42188 -0.369378 -0.48125
-1.76865 1.68437 -0.363 -0.459375
-1.77814 1.85938 -0.358067 -0.7
-0.897548 1.96875 -0.3639 -0.39375
-0.610352 1.50937 -0.374095 -0.74375
-0.558366 1.4 -0.379047 -0.546875
-1.40622 1.29062 -0.3811 -0.56875
-1.76636 1.6625 -0.375295 -0.4375
-1.77761 1.85938 -0.370371 -0.590625
-1.0194 1.94687 -0.373006 -0.459375
-0.371398 1.53125 -0.379993 -0.546875
-0.493856 1.24687 -0.386699 -0.459375
-1.09327 1.24687 -0.386708 -0.525
-1.77192 1.50937 -0.378876 -0.459375
-1.78317 1.77188 -0.371908 -0.503125
-1.11263 1.90312 -0.372217 -0.415625
-0.623227 1.55313 -0.378623 -0.459375
-0.33734 1.33438 -0.381549 -0.415625
-0.77031 1.11563 -0.380104 -0.459375
-1.41812 1.33438 -0.370237 -0.459375
-1.70427 1.50937 -0.361524 -0.328125
-1.38785 1.88125 -0.354556 -0.35
-0.948601 1.55313 -0.348469 -0.459375
-0.502806 1.4875 -0.347024 -0.35
-0.45082 1.09375 -0.346752 -0.459375
-0.840178 1.09375 -0.343563 -0.415625
-1.48713 1.225 -0.332824 -0.48125
-1.42177 1.6625 -0.320913 -0.503125
-1.21904 1.575 -0.313363 -0.48125
-0.777168 1.4875 -0.312219 -0.459375
-0.489973 1.15938 -0.308449 -0.503125
-0.482906 1.15938 -0.311365 -0.525
-0.711049 0.940625 -0.308476 -0.525
-1.19155 1.1375 -0.302961 -0.546875
-1.35617 1.29062 -0.296874 -0.503125
-1.07944 1.4 -0.293976 -0.546875
-0.592202 1.225 -0.298637 -0.39375
-0.216476 1.00625 -0.305334 -0.503125
-0.161874 0.809375 -0.314656 -0.503125
-0.679449 0.853125 -0.3167 -0.503125
-1.32379 0.984375 -0.315256 -0.459375
-1.32719 1.29062 -0.314111 -0.4375
-0.724101 1.4 -0.320808 -0.503125
-0.181926 0.984375 -0.338261 -0.415625
-0.000560741 0.721875 -0.350773 -0.48125
-0.839259 0.853125 -0.357478 -0.503125
-1.37123 0.940625 -0.352545 -0.503125
-1.53846 1.225 -0.349647 -0.525
-0.894828 1.4 -0.35518 -0.546875
-0.24159 1.11563 -0.3674 -0.48125
-0.0932237 1.02812 -0.37933 -0.525
-0.934539 0.74375 -0.383991 -0.459375
-1.35021 1.05 -0.382547 0.0875
-1.66412 1.575 -0.377613 -0.546875
-0.714763 1.72812 -0.386063 -0.4375
-0.337728 1.24687 -0.394795 -0.503125
-0.235589 0.9625 -0.40905 -0.546875
-1.19843 0.83125 -0.411095 -0.503125
-1.64449 1.225 -0.41343 -0.525
-1.6505 1.64062 -0.411404 -0.525
-0.654918 1.6625 -0.423624 -0.525
-0.280501 1.05 -0.430611 -0.590625
-0.358039 1.05 -0.446902 -0.546875
-1.28034 0.91875 -0.445458 -0.503125
-1.64048 1.4875 -0.439071 -0.546875
-1.65173 1.61875 -0.438208 -0.56875
-0.821284 1.72812 -0.44316 -0.48125
-0.535397 1.29062 -0.453054 -0.590625
-0.396189 1.24687 -0.46353 -0.634375
-1.03922 1.15938 -0.464121 -0.56875
-1.64518 1.44375 -0.462958 -0.634375
-1.65643 1.64062 -0.459769 -0.6125
-1.19378 1.6625 -0.458615 -0.6125
-0.548397 1.575 -0.470836 -0.634375
-0.380114 1.53125 -0.48073 -0.6125
-0.976916 1.26875 -0.479867 -0.634375
-1.65425 1.4875 -0.483074 -0.56875
-1.74081 1.81563 -0.47756 -0.590625
-1.16142 1.99063 -0.48193 -0.6125
-0.629707 1.70625 -0.493269 -0.6125
-0.505486 1.44375 -0.499965 -0.721875
-1.0296 1.42188 -0.504626 -0.721875
-1.66594 1.50937 -0.50638 -0.65625
-1.79611 1.72812 -0.499993 -0.678125
-1.17442 1.99063 -0.504654 -0.7
-0.642707 1.59688 -0.517447 -0.7
-0.564714 0.83125 -0.525597 -0.7
-0.960614 1.24687 -0.525315 -0.7875
-1.68287 1.44375 -0.527069 -0.7
-1.76811 1.81563 -0.518647 -0.7
-1.70145 1.90312 -0.525624 -0.721875
-0.826081 2.03437 -0.530576 -0.721875
-0.498341 1.42188 -0.542215 -0.678125
-0.655107 1.37813 -0.552691 -0.7
-1.41836 1.26875 -0.545713 -0.721875
-1.70843 1.77188 -0.54863 -0.7
-1.99588 1.8375 -0.543987 -0.765625
-1.00467 2.25312 -0.550093 -0.74375
-0.517883 1.59688 -0.562313 -0.74375
-0.714335 1.42188 -0.570754 -0.7875
-1.5635 1.29062 -0.57308 -0.7875
-1.72143 1.72812 -0.569019 -0.721875
-1.73051 1.81563 -0.567574 -0.721875
-0.944987 1.96875 -0.572808 -0.91875
-0.644563 1.53125 -0.582702 -0.765625
-0.638804 1.33438 -0.589108 -0.809375
-1.25583 1.26875 -0.589108 -0.74375
-1.73226 1.61875 -0.586791 -0.83125
-1.74351 1.90312 -0.58273 -0.678125
-1.03067 2.05625 -0.586219 -0.83125
-0.706857 1.59688 -0.59088 -0.74375
-0.538575 1.33438 -0.6028 -0.74375
-1.064 1.33438 -0.601647 -0.7875
-1.46644 1.42188 -0.600484 -0.83125
-1.75304 1.68437 -0.594969 -0.7875
-1.20403 1.85938 -0.595269 -0.809375
-0.834845 1.575 -0.602828 -0.7875
-0.478889 1.4875 -0.610106 -0.809375
-0.825087 1.29062 -0.613595 -0.83125
-1.35313 1.37813 -0.61215 -0.7
-1.75688 1.59688 -0.605173 -0.590625
-1.4127 1.90312 -0.603437 -0.74375
-0.841753 1.77188 -0.609552 -0.7875
-0.483181 1.33438 -0.615086 -0.74375
-0.63733 1.1375 -0.618574 -0.7875
-1.12045 1.20312 -0.615967 -0.74375
-1.68149 1.44375 -0.607545 -0.765625
-1.57428 1.72812 -0.601449 -0.765625
-1.04911 1.70625 -0.599713 -0.74375
-0.487023 1.37813 -0.600013 -0.7875
-0.433728 1.07187 -0.602339 -0.7875
-0.795321 1.07187 -0.596534 -0.7875
-1.3542 1.20312 -0.584623 -0.809375
-1.72495 1.46562 -0.572711 -0.765625
-1.24732 1.68437 -0.563999 -0.809375
-0.761835 1.35625 -0.557893 -0.74375
-0.269813 1.18125 -0.558193 -0.809375
-0.21566 0.91875 -0.555876 -0.678125
-0.648629 0.853125 -0.546582 -0.83125
-1.33527 1.02812 -0.536115 -0.7875
-1.5025 1.35625 -0.521297 -0.721875
-1.0214 1.4875 -0.509676 -0.83125
-0.414387 1.225 -0.504743 -0.7875
0.0128004 0.853125 -0.507069 -0.809375
-0.175801 0.721875 -0.503299 -0.83125
-0.76782 0.809375 -0.494295 -0.7875
-1.38308 0.896875 -0.480339 -0.6125
-1.46048 1.24687 -0.470173 -0.7875
-0.698793 1.37813 -0.462623 -0.721875
0.0477587 0.984375 -0.468728 -0.6125
0.344112 0.721875 -0.474552 -0.7875
-0.124618 0.590625 -0.47398 -0.634375
-0.970308 0.6125 -0.46613 -0.65625
-1.37013 0.896875 -0.452765 -0.896875
-1.18455 1.1375 -0.445787 -0.590625
-0.611849 1.1375 -0.442889 -0.525
0.00386981 0.896875 -0.451911 -0.634375
0.0623976 0.7 -0.458017 -0.65625
-0.293962 0.634375 -0.458317 -0.56875
-1.05505 0.65625 -0.452211 -0.634375
-1.26589 0.875 -0.445534 -0.6125
-1.26798 1.09375 -0.437974 -0.56875
-0.579432 1.15938 -0.441473 -0.721875
-0.292237 0.940625 -0.445552 -0.590625
-0.194023 0.721875 -0.45253 -0.74375
-0.599676 0.7875 -0.451958 -0.634375
-1.2004 0.875 -0.447015 -0.74375
-1.57246 1.225 -0.443826 -0.503125
-1.16928 1.42188 -0.439756 -0.65625
-0.657338 1.3125 -0.443545 -0.65625
-0.327839 1.07187 -0.450813 -0.6125
-0.395216 1.02812 -0.456919 -0.590625
-0.87703 0.9625 -0.460708 -0.590625
-1.409 1.20312 -0.456347 -0.6125
-1.60706 1.4875 -0.454321 -0.590625
-1.09774 1.70625 -0.456356 -0.6125
-0.566032 1.70625 -0.468576 -0.590625
-0.395583 1.20312 -0.476136 -0.678125
-0.87478 1.09375 -0.487474 -0.634375
-1.59704 1.07187 -0.483704 -0.853125
-1.60874 1.70625 -0.478761 -0.765625
-1.17472 1.75 -0.487202 -0.634375
-0.615243 1.53125 -0.497669 -0.634375
-0.522713 1.33438 -0.504647 -0.74375
-1.09175 1.15938 -0.507563 -0.634375
-1.61224 1.37813 -0.504947 -0.721875
-1.6235 1.72812 -0.500586 -0.48125
-1.07318 1.81563 -0.503502 -0.74375
-0.676679 1.46562 -0.509608 -0.634375
-0.674846 1.50937 -0.513969 -0.765625
-1.18749 1.20312 -0.51456 -0.765625
-1.63485 1.42188 -0.51078 -0.74375
-1.6461 1.77188 -0.509036 -0.809375
-1.05132 1.81563 -0.509626 -0.678125
-0.728362 1.50937 -0.518058 -0.65625
-0.814201 1.42188 -0.520093 -0.83125
-1.37262 1.44375 -0.521837 -0.721875
-1.65877 1.70625 -0.519521 -0.765625
-1.67047 1.90312 -0.51545 -0.721875
-1.12015 1.94687 -0.521265 -0.721875
-0.796339 1.59688 -0.530569 -0.678125
-0.748278 1.61875 -0.537837 -0.721875
-1.27546 1.4 -0.539882 -0.765625
-1.67921 1.61875 -0.538137 -0.7
-1.69046 1.85938 -0.530869 -0.7
-1.02168 1.925 -0.539882 -0.7
-0.608888 1.575 -0.55093 -0.74375
-0.690801 1.29062 -0.558771 -0.74375
-1.33559 1.29062 -0.558171 -0.74375
-1.69618 1.64062 -0.558452 -0.7
-1.70657 1.79375 -0.556108 -0.74375
-0.947952 1.94687 -0.558415 -0.56875
-0.620213 1.50937 -0.57178 -0.459375
-0.49685 1.35625 -0.576704 -0.74375
-1.18263 1.29062 -0.578721 -0.634375
-1.70313 1.50937 -0.577549 -0.590625
-1.71483 1.81563 -0.571715 -0.74375
-0.956211 1.925 -0.578965 -0.721875
-0.598089 1.53125 -0.58826 -0.7
-0.502941 1.4875 -0.597836 -0.678125
-1.14642 1.24687 -0.599852 -0.74375
-1.70922 1.50937 -0.593147 -0.765625
-1.71916 1.72812 -0.591974 -0.809375
-1.12307 1.81563 -0.595445 -0.875
-0.443823 1.55313 -0.602695 -0.896875
-0.433281 1.20312 -0.611689 -0.809375
-0.942002 1.3125 -0.613706 -0.7
-1.70963 1.35625 -0.608173 -0.39375
-1.72002 1.72812 -0.603793 -0.83125
-1.12523 1.8375 -0.599995 -0.678125
-0.448606 1.42188 -0.609571 -0.853125
-0.352151 1.1375 -0.614204 -0.809375
-0.712885 0.940625 -0.618847 -0.83125
-1.31537 1.20312 -0.612432 -0.7875
-1.71912 1.42188 -0.603691 -0.765625
-1.419 1.68437 -0.599602 -0.83125
-0.730451 1.4875 -0.600456 -0.721875
-0.400095 1.18125 -0.605671 -0.721875
-0.348559 1.02812 -0.606815 -0.7875
-0.870509 1.02812 -0.602736 -0.74375
-1.4743 1.20312 -0.59225 -0.765625
-1.52569 1.4875 -0.579439 -0.765625
-1.11988 1.53125 -0.569245 -0.721875
-0.603164 1.33438 -0.564865 -0.74375
-0.184276 1.3125 -0.563974 -0.7
-0.263574 0.875 -0.55756 -0.48125
-0.769678 0.853125 -0.546493 -0.678125
-1.3867 1.20312 -0.533391 -0.721875
-1.39317 1.42188 -0.517091 -0.721875
-0.910753 1.6625 -0.502826 -0.765625
-0.215663 1.05 -0.49961 -0.74375
0.0459337 0.525 -0.497265 -0.765625
-0.263339 0.65625 -0.494921 -0.765625
-0.903752 0.809375 -0.4824 -0.809375
-1.35956 0.91875 -0.467263 -0.809375
-1.27488 1.18125 -0.458813 -0.7875
-0.583713 1.18125 -0.455306 -0.7875
0.0730004 0.7875 -0.462556 -0.809375
0.20638 0.546875 -0.466608 -0.984375
-0.351331 0.2625 -0.471532 -0.809375
-0.993502 0.503125 -0.467443 -0.7875
-1.27486 0.809375 -0.464517 -0.74375
-0.953666 1.15938 -0.465661 -0.7
-0.347106 0.91875 -0.474656 -0.7
0.0730893 0.678125 -0.482769 -0.74375
-0.027432 0.525 -0.496997 -0.721875
-0.546765 0.6125 -0.50163 -0.896875
-1.19286 0.721875 -0.499286 -0.678125
-1.31693 1.02812 -0.497523 -0.765625
-0.925666 1.18125 -0.497795 -0.525
-0.349489 1.00625 -0.503591 -0.74375
-0.14604 0.459375 -0.517528 -0.74375
-0.328405 0.765625 -0.521861 -0.74375
-0.970576 0.7875 -0.521552 -0.634375
-1.57829 1.09375 -0.518045 -0.7
-1.58738 1.4 -0.512502 -0.7
-0.757384 1.61875 -0.516845 -0.7
-0.384725 1.15938 -0.524958 -0.721875
-0.0992876 0.984375 -0.532208 -0.721875
-0.855139 0.809375 -0.536841 -0.721875
-1.57785 1.09375 -0.53188 -0.765625
-1.82475 1.46562 -0.522549 -0.74375
-1.08591 1.77188 -0.525437 -0.7
-0.556407 1.55313 -0.535013 -0.721875
-0.315439 1.11563 -0.54518 -0.7875
-0.825469 1.1375 -0.545171 -0.678125
-1.59309 0.853125 -0.543708 -0.721875
-1.60565 1.61875 -0.540791 -0.721875
-1.61474 1.68437 -0.537293 -0.74375
-0.784742 1.6625 -0.541936 -0.721875
-0.737131 1.24687 -0.54716 -0.765625
-0.778909 1.29062 -0.556463 -0.74375
-1.22149 1.33438 -0.554419 -0.765625
-1.62569 1.55313 -0.552374 -0.765625
-1.63608 1.77188 -0.547713 -0.7875
-1.33551 1.75 -0.548286 -0.74375
-0.809484 1.61875 -0.554963 -0.83125
-0.600657 1.37813 -0.560769 -0.74375
-0.847712 1.3125 -0.563376 -0.83125
-1.33783 1.46562 -0.56046 -0.765625
-1.65435 1.55313 -0.557543 -0.7875
-1.66605 1.90312 -0.55608 -0.83125
-1.07258 1.81563 -0.558397 -0.678125
-0.746145 1.61875 -0.565937 -0.765625
-0.581788 1.3125 -0.573487 -0.765625
-1.10766 1.37813 -0.571152 -0.7875
-1.55417 1.46562 -0.571434 -0.875
-1.68216 1.81563 -0.569099 -0.765625
-1.69124 1.79375 -0.567926 -0.721875
-0.815881 2.0125 -0.574604 -0.765625
-0.605746 1.35625 -0.586224 -0.984375
-0.690276 1.4 -0.588832 -0.83125
-1.68526 1.4 -0.590858 -0.459375
-1.69827 1.77188 -0.585024 -0.7875
-1.7069 1.925 -0.583852 -0.7875
-0.875601 1.81563 -0.59053 -0.721875
-0.547861 1.42188 -0.596626 -0.765625
-0.615238 1.26875 -0.608828 -0.7875
-1.30364 1.24687 -0.607074 -0.9625
-1.70608 1.53125 -0.602113 -0.83125
-1.71647 1.79375 -0.599197 -0.83125
-0.887784 1.8375 -0.602386 -0.809375
-0.558736 1.33438 -0.61168 -0.765625
-0.348601 1.225 -0.618939 -0.809375
-0.873167 1.05 -0.620956 -0.7875
-1.59412 1.29062 -0.617167 -0.809375
-1.72211 1.6625 -0.612506 -0.7875
-1.28985 1.75 -0.610461 -0.7875
-0.570919 1.53125 -0.618293 -0.721875
-0.444081 1.07187 -0.627587 -0.83125
-0.601297 1.00625 -0.630776 -0.7875
-1.1571 1.07187 -0.630186 -0.74375
-1.41332 1.4 -0.621154 -0.7875
-1.49247 1.4875 -0.616493 -0.7875
-1.09989 1.61875 -0.618519 -0.809375
-0.571252 1.35625 -0.619663 -0.765625
-0.313581 1.02812 -0.624597 -0.809375
-0.392878 0.896875 -0.627786 -0.83125
-0.946069 0.940625 -0.626604 -0.809375
-1.35957 1.225 -0.616128 -0.853125
-1.41096 1.37813 -0.607978 -0.83125
-0.958927 1.42188 -0.60796 -0.853125
-0.28099 1.18125 -0.610567 -0.875
-0.0643135 0.875 -0.61491 -0.83125
-0.258599 0.765625 -0.616645 -0.940625
-0.898153 0.809375 -0.613437 -0.853125
-1.50281 1.00625 -0.602661 -0.83125
-1.30445 1.37813 -0.595093 -0.83125
-0.864334 1.26875 -0.593621 -0.7875
-0.0978663 1.15938 -0.595937 -0.853125
0.124044 0.74375 -0.604069 -0.809375
-0.346445 0.7 -0.602597 -0.7
-0.988616 0.7875 -0.597645 -0.809375
-1.47611 0.9625 -0.584834 -0.853125
-1.32006 1.3125 -0.577556 -0.721875
-0.630199 1.225 -0.573176 -0.853125
-0.0628746 0.91875 -0.572295 -0.7
0.157727 0.74375 -0.574893 -0.853125
-0.270459 0.65625 -0.571104 -0.74375
-0.956241 0.7 -0.557711 -0.91875
-1.39882 0.91875 -0.546945 -0.74375
-1.12647 1.18125 -0.535006 -0.853125
-0.596515 1.00625 -0.530045 -0.74375
-0.032258 0.875 -0.532361 -0.765625
-0.0177913 0.678125 -0.53118 -0.74375
-0.197539 0.6125 -0.529136 -0.74375
-0.677187 0.634375 -0.52243 -0.765625
-1.16207 0.721875 -0.512536 -0.634375
-1.25314 1.05 -0.504958 -0.809375
-0.9328 1.05 -0.498543 -0.7
-0.357072 1.1375 -0.497943 -0.371875
0.0961226 0.7875 -0.501695 -0.678125
-0.135232 0.590625 -0.507491 -0.65625
-0.776095 0.6125 -0.501658 -0.7
-1.33628 0.809375 -0.492326 -0.7875
-1.29652 1.11563 -0.485621 -0.721875
-0.574968 1.225 -0.492571 -0.721875
0.0843615 0.896875 -0.502728 -0.7
-0.0610793 0.65625 -0.513467 -0.7
-0.859233 0.65625 -0.512858 -0.765625
-1.54009 0.896875 -0.50528 -0.721875
-1.55048 1.29062 -0.502345 -0.721875
-0.717867 1.4 -0.50378 -0.7
-0.0175431 1.20312 -0.517708 -0.65625
-0.00569315 0.678125 -0.528447 -0.853125
-0.729853 0.6125 -0.534524 -0.65625
-1.52655 0.896875 -0.528691 -0.6125
-1.53956 1.37813 -0.520813 -0.7875
-0.82893 1.37813 -0.524574 -0.7
-0.384894 1.09375 -0.530943 -0.7875
-0.260673 0.91875 -0.543136 -0.7875
-0.694092 0.83125 -0.547469 -0.83125
-1.34281 1.07187 -0.545997 -0.7875
-1.54349 1.33438 -0.539282 -0.7875
-1.52088 1.53125 -0.540136 -0.809375
-0.598429 1.64062 -0.547958 -0.721875
-0.138998 1.20312 -0.553745 -0.4375
-0.337208 1.00625 -0.565065 -0.809375
-1.0996 1.02812 -0.563293 -0.634375
-1.55003 1.29062 -0.562402 -0.83125
-1.75333 1.46562 -0.553943 -0.765625
-0.970868 1.72812 -0.55566 -0.83125
-0.486288 1.33438 -0.56698 -0.74375
-0.406986 1.09375 -0.574802 -0.83125
-0.84433 1.24687 -0.574493 -0.7
-1.56573 1.29062 -0.575047 -0.7875
-1.57743 1.59688 -0.568332 -0.853125
-1.5839 1.75 -0.56686 -0.91875
-0.634988 1.72812 -0.57381 -0.74375
-0.466297 1.24687 -0.581632 -0.875
-0.462297 1.18125 -0.59178 -0.74375
-1.10839 1.11563 -0.592052 -0.853125
-1.58528 1.46562 -0.585337 -0.7875
-1.59698 1.6625 -0.584147 -0.853125
-1.04756 1.81563 -0.586163 -0.74375
-0.489847 1.4 -0.589915 -0.875
-0.323323 1.33438 -0.597737 -0.765625
-0.80297 1.07187 -0.602652 -0.721875
-1.56798 1.1375 -0.600308 -0.809375
-1.60875 1.70625 -0.595047 -0.83125
-1.17825 1.68437 -0.591821 -0.809375
-0.664146 1.44375 -0.603713 -0.634375
-0.337714 1.15938 -0.611536 -0.83125
-0.609918 0.984375 -0.617913 -0.765625
-1.0525 1.09375 -0.613815 -0.83125
-1.58667 1.24687 -0.611752 -1.1375
-1.62614 1.68437 -0.610852 -0.7875
-0.957358 1.75 -0.612569 -0.7875
-0.467094 1.24687 -0.621263 -0.91875
-0.210731 1.07187 -0.632002 -0.896875
-0.731823 0.328125 -0.63401 -0.940625
-1.58536 1.00625 -0.628749 -0.7
-1.62614 1.59688 -0.627558 -0.765625
-1.1648 1.75 -0.62346 -0.809375
-0.472327 1.29062 -0.637097 -1.09375
-0.186032 1.02812 -0.644337 -0.896875
-0.4107 0.9625 -0.657102 -0.83125
-1.26031 1.11563 -0.654458 -0.83125
-1.6209 1.4 -0.647752 -0.853125
-1.62782 1.64062 -0.64598 -0.853125
-0.51508 1.575 -0.653802 -0.940625
-0.0499654 1.1375 -0.665986 -0.765625
-0.0394237 0.83125 -0.677878 -1.05
-0.722589 0.7875 -0.679623 -0.896875
-1.60651 0.984375 -0.673508 -0.940625
-1.61821 1.42188 -0.669428 -0.91875
-0.902755 1.61875 -0.674943 -0.875
-0.177282 1.3125 -0.684237 -0.875
0.129234 0.809375 -0.695276 -0.83125
-0.317414 0.56875 -0.698465 -0.91875
-1.1948 0.74375 -0.696421 -0.91875
-1.599 1.05 -0.688852 -0.91875
-1.21165 1.37813 -0.685063 -0.875
-0.566265 1.15938 -0.68738 -0.9625
-0.0733848 1.00625 -0.696384 -0.896875
0.0970643 0.678125 -0.6987 -0.853125
-0.423577 0.546875 -0.701599 -0.9625
-1.02345 0.896875 -0.692867 -0.896875
-1.55586 0.984375 -0.687624 -0.896875
-1.31389 1.3125 -0.678021 -0.809375
-0.597576 1.3125 -0.676849 -0.896875
-0.0196404 0.896875 -0.678874 -0.875
0.109814 0.6125 -0.683808 -0.875
-0.287989 0.634375 -0.682636 -0.853125
-0.932777 0.7 -0.67623 -0.875
-1.56695 0.91875 -0.663419 -0.875
-1.26814 1.26875 -0.65178 -0.853125
-0.578285 1.33438 -0.648573 -0.809375
0.034817 0.940625 -0.652634 -0.83125
0.296413 0.65625 -0.653787 -0.853125
-0.380211 0.48125 -0.649126 -0.83125
-1.06947 0.7 -0.633999 -0.896875
-1.54505 1.09375 -0.617126 -0.853125
-1.11017 1.3125 -0.606641 -0.91875
-0.272323 1.09375 -0.599073 -0.6125
0.359241 0.765625 -0.600517 -0.9625
0.0816587 0.48125 -0.599636 -0.9625
-0.511668 0.546875 -0.594393 -1.00625
-1.20399 0.74375 -0.584499 -0.9625
-1.51835 1.07187 -0.57285 -0.940625
-0.895802 1.20312 -0.56848 -0.9625
-0.248248 0.984375 -0.57196 -0.91875
0.245941 0.721875 -0.580673 -0.940625
0.066193 0.459375 -0.587341 -0.896875
-0.657517 0.546875 -0.592856 -0.896875
-1.21639 0.765625 -0.587032 -0.7875
-1.31139 0.984375 -0.587313 -0.875
-0.667759 1.09375 -0.591365 -1.02812
-0.222414 0.940625 -0.60473 -0.83125
-0.0771144 0.7 -0.614606 -0.984375
-0.554145 0.678125 -0.624763 -0.83125
-1.28616 0.765625 -0.624463 -0.940625
-1.48553 1.18125 -0.620965 -0.875
-1.09949 1.35625 -0.620947 -0.83125
-0.617081 1.18125 -0.627624 -1.02812
-0.330336 0.940625 -0.636919 -0.853125
-0.369947 0.91875 -0.643297 -0.853125
-0.852211 0.91875 -0.646486 -0.91875
-1.4137 1.11563 -0.643569 -0.634375
-1.49809 1.4875 -0.634537 -0.875
-0.946913 1.59688 -0.640924 -0.875
-0.550413 1.29062 -0.645849 -0.896875
-0.341586 1.07187 -0.653399 -0.984375
-0.661326 0.940625 -0.65746 -0.896875
-1.42503 1.09375 -0.65686 -0.9625
-1.50941 1.50937 -0.651326 -0.940625
-1.5185 1.61875 -0.650436 -0.91875
-0.689809 1.68437 -0.657113 -0.91875
-0.408297 1.18125 -0.663491 -0.875
-0.433371 1.09375 -0.668424 -0.853125
-1.00547 0.940625 -0.670441 -0.853125
-1.29207 1.33438 -0.664036 -0.940625
-1.53636 1.37813 -0.661119 -0.91875
-1.07633 1.59688 -0.658774 -1.00625
-0.588688 1.35625 -0.668069 -0.91875
-0.422164 1.1375 -0.674447 -0.875
-0.653373 1.07187 -0.679952 -0.809375
-1.34439 1.11563 -0.677036 -0.91875
-1.47238 1.44375 -0.672947 -0.91875
-1.55284 1.575 -0.672356 -0.940625
-0.766462 1.55313 -0.672919 -0.940625
-0.393802 1.20312 -0.684539 -0.91875
-0.297347 0.9625 -0.688591 -0.984375
-0.939518 0.896875 -0.690617 -1.00625
-1.54593 1.35625 -0.685947 -0.940625
-1.55763 1.50937 -0.679241 -0.940625
-0.933769 1.53125 -0.683311 -0.9625
-0.44743 1.26875 -0.689708 -0.896875
-0.0747709 0.984375 -0.700456 -0.940625
-0.463271 0.83125 -0.704817 -0.896875
-1.31374 0.9625 -0.700747 -0.940625
-1.55804 1.33438 -0.696667 -0.984375
-1.56712 1.61875 -0.694923 -0.91875
-0.645978 1.55313 -0.698984 -0.91875
-0.198017 1.29062 -0.711776 -0.91875
-0.11479 1.09375 -0.719626 -0.940625
-0.711592 0.875 -0.717 -0.984375
-1.36031 1.07187 -0.71671 -0.91875
-1.56099 1.29062 -0.706534 -0.91875
-1.26218 1.55313 -0.705071 -0.91875
-0.454714 1.42188 -0.709432 -0.875
-0.0319015 1.07187 -0.722797 -0.83125
-0.226187 0.7875 -0.724541 -0.896875
-1.02912 0.765625 -0.720752 -0.875
-1.54962 1.11563 -0.711158 -0.896875
-1.5574 1.4 -0.703589 -0.896875
-0.608488 1.46562 -0.704461 -0.896875
-0.0283848 0.9625 -0.708532 -0.91875
0.144681 0.765625 -0.712011 -0.91875
-0.576863 0.83125 -0.711721 -0.940625
-1.29826 0.83125 -0.699791 -0.91875
-1.5421 0.7875 -0.688161 -0.940625
-1.08077 1.35625 -0.677686 -1.00625
-0.299764 1.11563 -0.676223 -0.91875
0.153431 0.875 -0.681456 -0.9625
-0.0818487 0.284375 -0.679411 -0.91875
-0.839008 0.721875 -0.669817 -0.896875
-1.21152 0.875 -0.652073 -0.896875
-1.4955 1.00625 -0.638117 -0.875
-0.813489 1.24687 -0.631421 -0.91875
-0.163317 0.9625 -0.627923 -0.91875
0.129111 0.721875 -0.631411 -0.896875
-0.0638654 0.65625 -0.629658 -0.91875
-0.617506 0.590625 -0.623843 -0.940625
-1.35213 0.74375 -0.61075 -0.853125
-1.1577 1.02812 -0.600565 -0.853125
-0.837808 1.02812 -0.595623 -0.853125
-0.233864 0.91875 -0.599684 -0.984375
0.0978004 0.678125 -0.605489 -0.875
-0.125559 0.590625 -0.608106 -0.809375
-0.717577 0.590625 -0.60548 -0.371875
-1.40728 0.7 -0.59733 -0.940625
-1.01733 1.26875 -0.590934 -0.896875
-0.441149 0.9625 -0.592669 -0.765625
0.128342 0.721875 -0.601673 -0.875
0.0661985 0.415625 -0.605452 -0.7875
-0.454443 0.74375 -0.60428 -0.83125
-1.21945 0.4375 -0.594386 -0.853125
-1.31531 0.984375 -0.586236 -0.809375
-0.863276 1.07187 -0.585363 -0.546875
-0.214414 0.853125 -0.58768 -0.7875
0.0339541 0.7875 -0.594649 -0.809375
-0.320239 0.7 -0.59871 -0.91875
-1.19762 0.678125 -0.595211 -0.7875
-1.41153 1.05 -0.588815 -0.7875
-0.847126 1.24687 -0.587061 -0.74375
-0.404399 1.02812 -0.591123 -0.7875
-0.159956 0.853125 -0.600417 -0.83125
-0.385932 0.74375 -0.606223 -0.7875
-0.870813 0.83125 -0.603306 -0.875
-1.28693 1.02812 -0.602434 -0.83125
-1.1348 1.225 -0.597773 -0.7875
-0.772608 1.18125 -0.602415 -0.809375
-0.446176 1.07187 -0.605023 -0.74375
-0.233425 0.875 -0.613445 -0.83125
-0.551856 0.91875 -0.617506 -0.7875
-0.919132 0.896875 -0.616334 -0.896875
-1.20442 1.15938 -0.611673 -0.7875
-1.16597 1.26875 -0.609628 -0.809375
-0.654478 1.33438 -0.613117 -0.83125
-0.281819 1.05 -0.623284 -0.83125
-0.350504 0.9625 -0.627045 -0.83125
-0.714305 0.83125 -0.626736 -0.765625
-1.43701 1.02812 -0.623519 -0.853125
-1.2135 1.37813 -0.61943 -0.9625
-0.818311 1.3125 -0.622319 -0.875
-0.240825 1.3125 -0.630741 -0.83125
-0.161973 0.83125 -0.640317 -0.896875
-0.672002 0.765625 -0.638263 -0.875
-1.29164 0.940625 -0.635047 -0.875
-1.44871 1.24687 -0.630086 -0.7875
-0.897538 1.35625 -0.63123 -0.875
-0.40989 1.11563 -0.641097 -0.875
-0.167206 0.9625 -0.650091 -0.875
-0.673311 0.7875 -0.653852 -0.896875
-1.24803 1.07187 -0.651508 -0.83125
-1.44871 1.55313 -0.644802 -0.853125
-1.10106 1.35625 -0.646819 -0.91875
-0.501488 1.18125 -0.653197 -0.940625
-0.173748 0.984375 -0.660447 -1.02812
-0.358729 0.875 -0.666824 -0.853125
-0.842301 0.74375 -0.667969 -0.83125
-1.30379 0.940625 -0.662136 -1.00625
-1.46086 0.853125 -0.658919 -0.984375
-0.992985 1.4875 -0.663552 -0.853125
-0.260825 1.18125 -0.669058 -1.00625
-0.0929922 0.83125 -0.678052 -1.02812
-0.366954 0.7875 -0.685011 -0.940625
-0.982668 0.853125 -0.68383 -0.9625
-1.42917 1.1375 -0.676824 -0.875
-1.46733 1.3125 -0.676224 -1.00625
-0.711777 1.55313 -0.679986 -0.875
-0.195056 1.02812 -0.687236 -0.896875
0.0190041 0.7875 -0.697974 -1.00625
-0.504254 0.7 -0.701445 -0.896875
-1.17942 0.809375 -0.698519 -1.05
-1.46778 1.26875 -0.694139 -0.896875
-1.03683 1.3125 -0.692367 -0.940625
-0.481726 1.09375 -0.696128 -0.91875
-0.196289 0.875 -0.705123 -1.02812
-0.35003 0.74375 -0.710628 -0.91875
-0.786066 0.809375 -0.708284 -0.940625
-1.18503 1.02812 -0.707093 -0.940625
-1.35317 1.11563 -0.702423 -0.590625
-0.873368 1.24687 -0.702404 -0.940625
-0.315652 0.9625 -0.707037 -1.02812
0.0570069 0.721875 -0.713115 -0.940625
-0.301561 0.590625 -0.719493 -1.07187
-0.781208 0.6125 -0.719765 -1.11563
-1.459 0.678125 -0.711024 -1.11563
-1.27648 1.24687 -0.70431 -1.07187
-0.546078 1.09375 -0.704582 -0.896875
0.0181791 0.83125 -0.713867 -1.11563
0.0352624 0.6125 -0.719663 -0.56875
-0.558514 0.546875 -0.717019 -0.984375
-1.41075 0.7 -0.706534 -0.940625
-1.4489 1.24687 -0.697793 -0.940625
-0.690286 1.24687 -0.689043 -0.765625
0.242181 0.9625 -0.696002 -0.91875
0.378177 0.56875 -0.700345 -0.896875
-0.371132 0.35 -0.694211 -0.875
-1.22512 0.6125 -0.678784 -0.765625
-1.4258 0.940625 -0.665382 -0.875
-1.12438 1.1375 -0.652571 -0.853125
-0.188697 1.05 -0.646156 -0.83125
0.175517 0.7 -0.649326 -0.853125
0.187367 0.634375 -0.643493 -0.896875
-0.477337 0.590625 -0.633289 -0.91875
-1.09743 0.546875 -0.616989 -0.940625
-1.13427 0.875 -0.601552 -0.896875
-0.815693 0.9625 -0.590486 -0.56875
-0.135589 0.83125 -0.590176 -0.91875
0.0784707 0.721875 -0.591311 -0.9625
0.0137106 0.525 -0.592456 -0.9625
-0.46377 0.48125 -0.590974 -0.91875
-1.03587 0.503125 -0.586304 -0.91875
-1.04365 0.875 -0.579299 -0.91875
-1.00434 1.02812 -0.577245 -0.896875
-0.405626 0.896875 -0.577508 -0.91875
-0.0329672 0.678125 -0.589119 -0.896875
0.0921124 0.678125 -0.59636 -0.896875
-0.296388 0.634375 -0.604191 -0.91875
-0.823571 0.590625 -0.605908 -0.83125
-1.38551 0.74375 -0.604136 -0.896875
-1.20431 1.02812 -0.603236 -0.875
-0.608662 1.02812 -0.607269 -0.809375
-0.14878 0.91875 -0.61421 -0.809375
0.0172939 0.7 -0.621732 -1.02812
-0.299829 0.590625 -0.628963 -0.83125
-0.945067 0.721875 -0.629508 -0.853125
-1.39157 1.02812 -0.624819 -0.853125
-1.4011 1.18125 -0.621584 -0.853125
-0.779002 1.3125 -0.61863 -0.721875
-0.323046 1.11563 -0.627606 -0.83125
-0.127898 0.853125 -0.634256 -0.83125
-0.607545 0.7875 -0.634219 -0.875
-1.00827 0.940625 -0.6336 -0.875
-1.41247 1.18125 -0.627158 -0.83125
-1.23302 1.6625 -0.62305 -0.83125
-0.797286 1.37813 -0.623013 -0.721875
-0.340021 1.3125 -0.629663 -0.875
-0.380082 0.875 -0.634569 -0.853125
-0.818735 0.875 -0.633069 -0.83125
-1.23661 1.02812 -0.627799 -0.896875
-1.43729 1.35625 -0.622237 -0.7875
-0.887879 1.59688 -0.625099 -0.83125
-0.491829 1.09375 -0.626806 -0.7875
-0.325305 0.896875 -0.639271 -0.875
-0.674569 0.896875 -0.642432 -0.91875
-1.2929 1.07187 -0.64006 -0.940625
-1.45042 1.35625 -0.63886 -0.875
-1.45734 1.44375 -0.63766 -0.875
-0.670953 1.55313 -0.644882 -0.853125
-0.179831 1.1375 -0.652113 -0.875
-0.203597 0.875 -0.659636 -0.875
-0.93344 0.7875 -0.662497 -0.896875
-1.45439 1.09375 -0.660134 -0.65625
-1.46609 1.55313 -0.662713 -0.875
-0.916671 1.46562 -0.659178 -0.896875
-0.312727 1.20312 -0.668445 -0.7875
-0.100426 0.896875 -0.681482 -0.896875
-0.534295 0.7875 -0.688713 -0.91875
-1.31253 0.9625 -0.686641 -0.91875
-1.47005 1.26875 -0.678745 -0.65625
-1.47914 1.44375 -0.677254 -0.896875
-0.528063 1.55313 -0.688547 -0.940625
-0.0382487 1.09375 -0.70043 -0.9625
-0.14662 0.678125 -0.708524 -0.9625
-0.699402 0.83125 -0.70936 -0.940625
-1.46617 0.940625 -0.707569 -0.853125
-1.47787 1.37813 -0.703752 -0.896875
-1.01698 1.42188 -0.702252 -0.984375
-0.325819 1.29062 -0.708902 -0.91875
-0.0672894 0.940625 -0.71816 -0.9625
-0.264641 0.65625 -0.728008 -0.9625
-0.95304 0.39375 -0.725636 -0.9625
-1.47399 1.20312 -0.720947 -1.00625
-1.48483 1.37813 -0.713341 -0.940625
-0.77113 1.44375 -0.717956 -1.07187
-0.0751811 1.11563 -0.726923 -0.91875
-0.0620228 1.07187 -0.737061 -1.00625
-0.539503 0.875 -0.739341 -0.9625
-1.46487 0.853125 -0.732908 -1.00625
-1.47657 1.24687 -0.730245 -0.984375
-1.4531 1.37813 -0.725256 -0.940625
-0.0739144 1.55313 -0.73365 -1.00625
0.175761 0.875 -0.744361 -0.984375
-0.206647 0.765625 -0.755373 -1.00625
-1.37914 0.853125 -0.748639 -1.02812
-1.46614 1.1375 -0.738417 -1.02812
-1.47699 1.35625 -0.732856 -0.984375
-0.318019 1.11563 -0.739206 -1.00625
-0.0304154 0.91875 -0.748173 -1.00625
-0.0507061 0.940625 -0.754823 -1.02812
-0.899013 0.2625 -0.75245 -1.02812
-1.38958 0.940625 -0.746589 -0.984375
-1.47441 1.24687 -0.737539 -0.984375
-0.923238 1.37813 -0.736039 -0.984375
-0.273516 1.15938 -0.743561 -0.91875
-0.0277654 0.765625 -0.754582 -0.940625
-0.459018 0.765625 -0.755126 -0.940625
-1.06281 0.896875 -0.750437 -0.9625
-1.46746 1.35625 -0.741969 -0.853125
-1.47569 1.44375 -0.735836 -1.00625
-0.528088 1.4 -0.735508 -0.984375
-0.0382737 0.91875 -0.740413 -0.940625
0.0145707 0.809375 -0.742702 -1.00625
-0.785341 0.721875 -0.74063 -1.00625
-1.46575 0.984375 -0.729845 -1.15938
-1.4779 1.24687 -0.716724 -1.00625
-1.01656 1.37813 -0.712617 -0.9625
-0.205623 1.20312 -0.717523 -1.00625
0.00974574 0.83125 -0.718067 -1.02812
-0.465118 0.7 -0.718611 -1.05
-1.15658 0.7875 -0.708689 -0.984375
-1.47356 1.02812 -0.697323 -1.02812
-1.4844 1.33438 -0.685656 -1.02812
-0.696712 1.4 -0.684165 -0.940625
0.0480819 1.07187 -0.686745 -0.9625
-0.0986672 0.503125 -0.690778 -1.11563
-0.668603 0.7875 -0.686671 -0.984375
-1.464 0.896875 -0.67355 -0.91875
-1.47615 1.33438 -0.660721 -0.896875
-0.928038 1.35625 -0.653415 -0.91875
-0.281791 1.11563 -0.654832 -0.83125
0.00581241 0.7875 -0.653923 -0.875
-0.191089 0.7 -0.652723 -0.984375
-0.864093 0.721875 -0.646289 -0.853125
-1.4705 0.91875 -0.635495 -0.940625
-1.17345 1.26875 -0.626445 -0.809375
-0.809091 1.15938 -0.622628 -0.853125
-0.0743144 1.00625 -0.624917 -0.940625
0.0507652 0.83125 -0.627206 -0.875
-0.191056 0.65625 -0.62775 -0.9625
-0.862751 0.65625 -0.620445 -0.9625
-1.39648 0.91875 -0.611395 -0.875
-1.4787 1.20312 -0.601473 -0.809375
-0.768064 1.29062 -0.596784 -0.809375
-0.209039 0.83125 -0.599073 -0.940625
0.167095 0.7875 -0.602234 -0.83125
-0.102492 0.56875 -0.603069 -0.7875
-0.67112 0.6125 -0.599252 -0.83125
-1.32028 0.83125 -0.591074 -0.91875
-1.47604 1.225 -0.582897 -0.875
-1.08785 1.24687 -0.578499 -0.809375
-0.322686 1.15938 -0.58136 -0.721875
0.214664 0.765625 -0.590336 -0.765625
-0.0924422 0.809375 -0.59495 -0.809375
-0.731997 0.65625 -0.595204 -0.809375
-1.45646 0.83125 -0.586445 -0.896875
-1.35056 1.29062 -0.582337 -0.7875
-0.87121 1.225 -0.581128 -0.7875
-0.195031 0.984375 -0.586906 -0.765625
0.106251 0.7875 -0.595882 -0.65625
-0.0884839 0.56875 -0.601078 -0.91875
-0.611742 0.7 -0.602495 -0.875
-1.26091 0.74375 -0.593145 -0.83125
-1.45811 1.1375 -0.592526 -0.809375
-0.951857 1.18125 -0.590454 -0.74375
-0.306061 1.00625 -0.596232 -0.940625
0.144067 0.721875 -0.603454 -0.74375
-0.0343728 0.525 -0.610104 -0.7875
-0.717989 0.56875 -0.610649 -0.765625
-1.16318 1.02812 -0.601599 -0.7875
-1.30355 1.02812 -0.594865 -0.765625
-0.855893 1.1375 -0.591921 -0.7875
-0.341789 0.91875 -0.595954 -0.83125
0.0330374 0.678125 -0.602886 -0.83125
-0.119395 0.503125 -0.606337 -0.853125
-0.642653 0.56875 -0.605137 -0.83125
-1.31958 0.940625 -0.598404 -0.940625
-1.20975 1.20312 -0.591971 -0.809375
-0.730405 1.225 -0.590189 -0.74375
-0.00276537 0.875 -0.599156 -0.7875
0.0117013 0.6125 -0.60755 -0.83125
-0.333638 0.503125 -0.611584 -0.91875
-1.0238 0.2625 -0.609211 -0.91875
-1.42669 0.83125 -0.600452 -0.9625
-0.832351 1.11563 -0.60215 -0.809375
-0.147014 0.91875 -0.614324 -0.853125
0.189884 0.65625 -0.625336 -0.984375
-0.35374 0.6125 -0.63343 -0.83125
-1.08751 0.678125 -0.631358 -0.83125
-1.40449 1.09375 -0.624052 -0.765625
-0.972676 1.1375 -0.624897 -0.83125
-0.128289 0.984375 -0.63738 -0.809375
0.249603 0.634375 -0.648691 -0.809375
-0.263639 0.634375 -0.657386 -0.83125
-1.23217 0.6125 -0.654741 -0.940625
-1.38969 1.02812 -0.647736 -0.634375
-1.39484 0.9625 -0.647417 -0.875
-0.237636 1.3125 -0.655239 -0.940625
0.212942 0.74375 -0.665969 -0.91875
-0.0967811 0.525 -0.674663 -0.853125
-0.974162 0.721875 -0.672891 -0.853125
-1.38012 0.896875 -0.666467 -1.11563
-1.39182 1.20312 -0.661206 -0.9625
-0.604578 1.24687 -0.662923 -1.00625
0.0191356 0.984375 -0.672489 -0.765625
0.0331522 0.7 -0.682056 -0.83125
-0.768926 0.721875 -0.682028 -0.940625
-1.37579 0.940625 -0.675895 -0.984375
-1.665 1.24687 -0.668017 -1.02812
-0.719158 1.53125 -0.669734 -0.896875
-0.0201422 1.02812 -0.680173 -1.00625
0.270078 0.765625 -0.687995 -0.896875
-0.644372 0.590625 -0.691456 -0.896875
-1.37014 0.765625 -0.682706 -0.940625
-1.73511 1.15938 -0.672211 -0.875
-1.39269 1.35625 -0.669276 -1.00625
-0.235477 1.33438 -0.674773 -0.91875
0.347242 0.853125 -0.686665 -0.875
-0.0497033 0.765625 -0.692734 -0.896875
-1.05923 0.74375 -0.688345 -0.91875
-1.68716 0.875 -0.676978 -0.984375
-1.54027 1.53125 -0.669682 -0.984375
-0.521739 1.37813 -0.670236 -0.56875
0.133665 1.00625 -0.677476 -0.896875
0.057843 0.56875 -0.686171 -0.853125
-0.655705 0.6125 -0.682354 -0.896875
-1.37886 1.07187 -0.67593 -0.875
-1.50817 1.18125 -0.664854 -0.875
-1.39879 1.33438 -0.65843 -0.875
-0.282572 1.42188 -0.663636 -0.91875
0.211617 0.896875 -0.669413 -0.896875
-0.00826722 0.7 -0.675491 -0.896875
-1.0191 0.765625 -0.668486 -0.896875
-1.38275 1.07187 -0.655374 -0.875
-1.58474 1.225 -0.643417 -1.00625
-0.562292 1.42188 -0.641063 -0.7875
0.255636 0.853125 -0.648886 -0.896875
0.228659 0.678125 -0.654963 -0.875
-0.731161 0.590625 -0.651728 -0.809375
-1.36795 0.896875 -0.640361 -0.83125
-1.49902 0.7875 -0.626378 -0.853125
-1.31519 1.26875 -0.620526 -0.875
-0.143447 1.24687 -0.621661 -0.853125
0.381124 0.7 -0.626867 -0.83125
0.203543 0.48125 -0.631482 -0.896875
-0.523684 0.48125 -0.626511 -0.896875
-1.36399 0.7 -0.616017 -0.91875
-1.37614 1.02812 -0.605223 -0.896875
-0.91481 1.15938 -0.598217 -0.809375
-0.176558 1.05 -0.601969 -0.809375
0.361242 0.634375 -0.605421 -0.91875
0.334264 0.39375 -0.61586 -0.896875
-0.420728 0.371875 -0.61495 -0.940625
-0.951837 0.56875 -0.610271 -1.00625
-1.35387 0.765625 -0.601811 -0.896875
-0.804004 0.940625 -0.602356 -0.853125
-0.244122 0.7875 -0.608434 -0.853125
0.249617 0.525 -0.619445 -0.896875
0.262775 0.503125 -0.629302 -0.91875
-0.212089 0.30625 -0.63508 -0.853125
-0.887259 0.546875 -0.633017 -0.7875
-1.21661 0.721875 -0.626874 -0.83125
-0.901092 0.875 -0.6283 -0.91875
-0.388296 0.7875 -0.629136 -0.7875
0.0737522 0.7 -0.643645 -0.853125
0.110751 0.546875 -0.64855 -0.875
-0.0456061 0.56875 -0.651702 -0.875
-0.717301 0.56875 -0.6528 -0.875
-1.04665 0.678125 -0.648384 -0.91875
-1.09979 0.875 -0.64135 -0.91875
-0.665366 0.940625 -0.642167 -0.875
-0.34331 0.7875 -0.642974 -0.875
-0.0609394 0.459375 -0.649606 -0.896875
-0.215539 0.503125 -0.654784 -0.91875
-0.607105 0.634375 -0.653847 -0.896875
-1.02106 0.74375 -0.650302 -0.940625
-1.10197 0.896875 -0.64763 -0.896875
-0.783838 0.940625 -0.647274 -0.83125
-0.344176 0.940625 -0.650126 -0.875
-0.219097 0.7875 -0.655595 -0.9625
-0.448139 0.74375 -0.66716 -0.875
-0.890717 0.875 -0.667104 -0.984375
-1.33767 0.503125 -0.66356 -0.765625
-1.19922 1.20312 -0.663204 -0.91875
-0.631339 1.225 -0.661986 -0.91875
-0.231364 0.984375 -0.675876 -0.940625
-0.297882 1.07187 -0.685415 -0.940625
-0.986731 0.853125 -0.685932 -0.940625
-1.34777 0.7 -0.681515 -0.91875
-1.35992 1.26875 -0.679424 -0.940625
-0.766443 1.4 -0.67558 -0.940625
-0.370393 1.11563 -0.682502 -1.05
-0.440837 1.02812 -0.692032 -0.9625
-0.735877 0.91875 -0.690813 -0.940625
-1.3705 1.09375 -0.694237 -0.940625
-1.38265 1.3125 -0.693019 -0.91875
-1.36311 1.44375 -0.683941 -1.05
-0.725166 1.55313 -0.692026 -1.02812
-0.477103 1.24687 -0.693124 -0.940625
-0.445338 1.07187 -0.706152 -0.940625
-0.885749 1.07187 -0.706087 -0.9625
-1.3327 1.225 -0.706032 -0.940625
-1.41754 1.46562 -0.699571 -0.9625
-1.42838 1.55313 -0.693691 -0.9625
-0.834043 1.59688 -0.702649 -0.9625
-0.513295 1.26875 -0.709271 -1.05
-0.483288 1.09375 -0.714449 -0.984375
-0.807402 1.07187 -0.71671 -0.984375
-1.25305 1.07187 -0.71083 -1.00625
-1.45373 1.44375 -0.713682 -0.9625
-1.46195 1.75 -0.707802 -1.20312
-0.867618 1.575 -0.715015 -0.984375
-0.545562 1.26875 -0.717858 -0.984375
-0.382104 1.1375 -0.726224 -1.00625
-0.704911 1.00625 -0.73431 -0.9625
-1.19417 1.18125 -0.729302 -1.00625
-1.48252 1.4 -0.73011 -0.9625
-1.49336 1.70625 -0.72453 -1.02812
-0.778805 1.64062 -0.731152 -0.7875
-0.288541 1.24687 -0.743008 -1.02812
-0.368289 1.02812 -0.753419 -0.984375
-1.08752 1.02812 -0.753936 -1.00625
-1.49217 1.29062 -0.750963 -1.00625
-1.50563 1.50937 -0.747119 -1.05
-1.00113 1.575 -0.74968 -1.00625
-0.589237 1.29062 -0.757174 -0.6125
-0.462849 1.05 -0.76903 -0.984375
-0.78173 1.07187 -0.779432 -1.11563
-1.3569 1.09375 -0.776178 -1.05
-1.51311 1.42188 -0.771752 -1.05
-1.05047 1.575 -0.778665 -1.09375
-0.402055 1.35625 -0.787904 -1.05
-0.187137 1.00625 -0.79628 -1.00625
-0.737302 0.853125 -0.80203 -1.07187
-1.38647 1.09375 -0.804582 -0.721875
-1.51491 1.35625 -0.798993 -1.05
-0.962879 1.24687 -0.802999 -1.05
-0.240473 1.26875 -0.813982 -1.09375
-0.0242459 0.940625 -0.826719 -1.00625
-0.411888 0.765625 -0.831887 -1.09375
-1.38087 0.83125 -0.829497 -1.07187
-1.50931 1.26875 -0.821582 -1.09375
-1.51578 1.42188 -0.821808 -1.1375
-0.312341 1.55313 -0.828721 -1.05
0.23155 0.91875 -0.848136 -1.11563
0.1095 0.7 -0.857374 -1.1375
-0.928238 0.65625 -0.855274 -1.1375
-1.4941 1.05 -0.846497 -1.1375
-1.50756 1.3125 -0.840908 -1.11563
-1.16297 1.35625 -0.83968 -1.09375
-0.313658 1.33438 -0.846884 -1.09375
0.0162485 0.83125 -0.853506 -1.1375
-0.134876 0.6125 -0.860428 -1.1375
-0.820658 0.7 -0.861245 -1.1375
-1.5002 0.7875 -0.853639 -1.02812
-1.50843 0.896875 -0.84835 -1.11563
-0.8401 1.37813 -0.848295 -1.11563
-0.101848 1.07187 -0.856671 -1.1375
0.195364 0.74375 -0.868826 -1.18125
-0.323111 0.634375 -0.871106 -1.05
-1.12956 0.721875 -0.865817 -1.15938
-1.4906 0.984375 -0.857911 -1.11563
-1.50145 1.20312 -0.853204 -1.11563
-0.670592 1.37813 -0.855765 -1.1375
0.0271152 0.875 -0.86385 -1.07187
0.273724 0.65625 -0.872817 -1.1375
-0.0689978 0.634375 -0.877123 -1.1375
-0.75523 0.6125 -0.87445 -1.15938
-1.4797 0.6125 -0.868871 -1.18125
-1.49054 1.15938 -0.86271 -1.09375
-0.895751 1.35625 -0.860037 -1.11563
-0.0874311 0.9625 -0.864924 -1.11563
0.319086 0.590625 -0.872719 -1.15938
0.16927 0.546875 -0.877897 -1.11563
-0.674253 0.56875 -0.876097 -1.1375
-1.16351 0.7 -0.867028 -1.1375
-1.36202 0.940625 -0.85825 -1.15938
-0.972065 1.225 -0.853543 -1.15938
-0.371189 0.896875 -0.851743 -1.20312
0.12255 0.678125 -0.854304 -1.1375
0.103568 0.6125 -0.855702 -1.15938
-0.417524 0.48125 -0.852739 -1.15938
-0.901546 0.6125 -0.839891 -1.18125
-1.06923 0.91875 -0.828206 -1.11563
-1.00215 0.896875 -0.815939 -1.09375
-0.637792 0.83125 -0.81036 -1.1375
-0.192898 0.765625 -0.805943 -1.20312
0.107935 0.590625 -0.802689 -1.1375
-0.0431894 0.39375 -0.799145 -1.11563
-0.404374 0.48125 -0.790367 -1.1375
-0.887946 0.525 -0.777519 -1.20312
-1.09707 0.721875 -0.763508 -1.05
-0.851626 0.83125 -0.75473 -1.1375
-0.175448 0.875 -0.752058 -1.07187
0.201995 0.525 -0.754037 -1.18125
0.213395 0.459375 -0.757471 -1.00625
-0.380382 0.371875 -0.749265 -1.07187
-1.02517 0.48125 -0.737289 -1.11563
-1.03078 0.765625 -0.727639 -1.11563
-0.708722 0.809375 -0.72235 -0.9625
-0.0537672 0.875 -0.724911 -0.940625
0.195459 0.721875 -0.730961 -0.9625
-0.276789 0.546875 -0.730024 -1.05
-0.948484 0.721875 -0.723863 -0.853125
-1.3646 0.940625 -0.714213 -0.940625
-0.842954 1.09375 -0.708343 -1.09375
-0.0730117 0.940625 -0.714393 -1.09375
0.222442 0.328125 -0.724504 -0.984375
-0.0925144 0.371875 -0.725321 -1.02812
-1.01265 0.48125 -0.721195 -0.9625
-1.37369 0.940625 -0.712999 -0.940625
-0.943184 0.7 -0.70741 -0.91875
-0.456845 0.875 -0.710261 -0.940625
0.149265 0.721875 -0.716893 -1.09375
0.073443 0.634375 -0.722361 -0.896875
-0.595636 0.56875 -0.722587 -0.984375
-1.3624 0.74375 -0.71381 -0.91875
-1.37455 0.984375 -0.705032 -0.9625
-0.941434 0.875 -0.700315 -1.02812
-0.263947 1.02812 -0.704911 -1.05
0.157557 0.83125 -0.713578 -0.9625
-0.0847144 0.7 -0.716711 -0.940625
-0.917626 0.7875 -0.714039 -0.940625
-1.36719 0.940625 -0.704389 -0.940625
-1.37934 1.20312 -0.69473 -0.91875
-0.621177 1.3125 -0.698745 -0.9625
0.103846 0.9625 -0.708574 -0.9625
0.0742513 0.74375 -0.72043 -0.91875
-0.726519 0.7 -0.715723 -0.9625
-1.36245 1.11563 -0.715086 -0.9625
-1.60981 1.24687 -0.707452 -1.02812
-0.752502 1.46562 -0.708232 -0.984375
-0.0129422 1.15938 -0.717743 -0.91875
0.160532 0.765625 -0.731024 -0.91875
-0.520467 0.65625 -0.730932 -0.940625
-1.35992 0.74375 -0.728813 -0.9625
-1.67866 1.20312 -0.719126 -0.9625
-1.10278 1.55313 -0.719324 -0.940625
-0.101556 1.20312 -0.728836 -0.809375
0.367034 0.809375 -0.740663 -0.853125
-0.265121 0.48125 -0.746386 -1.00625
-1.1178 0.7 -0.74136 -0.875
-1.51053 1.02812 -0.735452 -1.09375
-1.37776 1.225 -0.728963 -0.9625
-0.546909 1.225 -0.730324 -0.91875
0.104121 0.809375 -0.740708 -0.984375
0.231817 0.546875 -0.749047 -1.00625
-0.360651 0.2625 -0.75128 -0.809375
-1.1248 0.678125 -0.746536 -0.984375
-1.36955 0.940625 -0.738602 -1.07187
-1.37777 1.09375 -0.736184 -0.940625
-0.297171 1.225 -0.738708 -0.940625
0.266636 0.74375 -0.749373 -1.1375
0.365259 0.56875 -0.756839 -0.984375
-0.359801 0.503125 -0.7585 -0.940625
-1.33009 0.7 -0.749686 -1.00625
-1.37131 1.07187 -0.743197 -1.11563
-1.38215 1.15938 -0.738161 -0.9625
-0.508998 1.24687 -0.737197 -0.9625
0.052193 0.7875 -0.745245 -1.00625
0.193118 0.65625 -0.751558 -1.09375
-0.281746 0.590625 -0.756989 -1.00625
-0.899218 0.721875 -0.750791 -1.00625
-1.37655 0.91875 -0.745174 -1.05
-1.10857 1.20312 -0.741302 -1.05
-0.717758 1.225 -0.740919 -0.984375
-0.27593 0.91875 -0.745769 -0.984375
0.0962791 0.74375 -0.751491 -1.09375
-0.101073 0.6125 -0.757213 -1.02812
-0.742386 0.6125 -0.755386 -0.9625
-1.26072 0.809375 -0.748897 -1.02812
-1.07996 1.05 -0.745897 -0.940625
-0.790901 1.02812 -0.742897 -0.984375
-0.113414 0.896875 -0.751817 -0.9625
0.0314356 0.721875 -0.760447 -1.02812
-0.280904 0.65625 -0.765878 -1.00625
-1.01598 0.7 -0.760552 -0.984375
-1.37571 0.940625 -0.752319 -0.984375
-1.26633 0.896875 -0.748447 -1.00625
-0.344782 1.20312 -0.753297 -1.02812
0.193876 1.02812 -0.76338 -1.00625
-0.0880811 0.678125 -0.770847 -0.984375
-0.687091 0.7 -0.768719 -0.809375
-1.36664 1.07187 -0.760486 -1.07187
-1.37879 1.15938 -0.754869 -0.984375
-0.710458 1.29062 -0.754195 -0.984375
-0.223261 0.91875 -0.759336 -1.05
-0.05457 0.853125 -0.763886 -1.00625
-0.413138 0.7875 -0.770771 -1.05
-1.13368 0.7 -0.761374 -0.984375
-1.37842 1.11563 -0.752269 -1.02812
-1.08006 1.24687 -0.748397 -1.26875
-0.627619 1.1375 -0.752084 -1.09375
-0.107423 0.984375 -0.757806 -1.00625
-0.261164 0.721875 -0.760911 -1.05
-0.772951 0.371875 -0.758784 -1.07187
-1.37981 1.00625 -0.752295 -1.05
-1.39196 1.29062 -0.743471 -1.00625
-0.841238 1.37813 -0.739889 -1.00625
-0.311738 1.09375 -0.741832 -1.05
0.0194772 0.765625 -0.749299 -0.984375
-0.504231 0.765625 -0.744845 -0.984375
-1.38599 0.765625 -0.738937 -1.02812
-1.39814 1.225 -0.72866 -1.00625
-1.40767 1.3125 -0.719554 -1.05
-0.486978 1.64062 -0.719171 -0.896875
0.00545222 0.91875 -0.725765 -0.984375
-0.117906 0.6125 -0.726254 -0.940625
-0.762286 0.721875 -0.720337 -0.940625
-1.39953 0.940625 -0.709487 -0.91875
-1.55836 1.50937 -0.698347 -0.91875
-1.4199 1.35625 -0.690986 -0.91875
-0.307614 1.33438 -0.690302 -0.91875
0.187434 0.809375 -0.696024 -0.91875
-0.124906 0.634375 -0.694769 -0.896875
-1.00535 0.678125 -0.685073 -0.896875
-1.41131 1.02812 -0.670152 -0.940625
-1.42477 1.225 -0.655495 -0.91875
-0.755133 1.29062 -0.648978 -0.91875
-0.0661756 0.984375 -0.649139 -0.896875
0.107749 0.721875 -0.651345 -0.940625
-0.413343 0.634375 -0.646863 -0.940625
-1.13257 0.765625 -0.632487 -0.9625
-1.42093 1.02812 -0.622191 -0.91875
-1.43091 1.24687 -0.60986 -0.853125
-0.601367 1.29062 -0.607404 -0.91875
0.0060513 0.875 -0.611645 -0.91875
0.177359 0.7 -0.614723 -0.91875
-0.329196 0.678125 -0.615756 -0.9625
-1.17971 0.83125 -0.60953 -0.940625
-1.42445 1.09375 -0.601269 -0.91875
-1.43399 1.26875 -0.591254 -0.91875
-0.44061 1.35625 -0.595204 -0.940625
0.0954319 0.853125 -0.607586 -0.940625
0.1843 0.721875 -0.617632 -0.853125
-0.572001 0.546875 -0.618093 -0.896875
-1.29516 0.74375 -0.613602 -0.896875
-1.4236 1.11563 -0.607958 -0.83125
-1.43314 0.809375 -0.600569 -0.853125
-0.39529 1.35625 -0.605091 -0.809375
0.3072 0.83125 -0.61631 -0.809375
0.235303 0.721875 -0.630136 -0.809375
-0.478695 0.503125 -0.62798 -0.765625
-1.40537 0.7875 -0.618547 -0.83125
-1.60826 1.09375 -0.612611 -0.896875
-1.42489 1.26875 -0.607539 -0.83125
-0.152689 1.05 -0.609163 -0.7875
0.387277 0.74375 -0.618919 -0.7875
0.331225 0.109375 -0.629556 -0.9625
-0.87834 0.48125 -0.625356 -0.853125
-1.40104 0.7875 -0.617095 -0.853125
-1.44358 1.02812 -0.605045 -0.7875
-0.703872 1.24687 -0.602017 -0.83125
-0.0515339 0.721875 -0.609447 -0.83125
0.238686 0.590625 -0.619211 -0.853125
-0.117264 0.503125 -0.620536 -0.853125
-0.876632 0.765625 -0.620997 -0.7875
-1.39758 0.83125 -0.611563 -0.875
-1.40842 1.20312 -0.600976 -0.4375
-0.576259 1.4875 -0.605499 -0.9625
0.239911 0.9625 -0.619615 -0.809375
0.253928 0.634375 -0.631997 -0.875
-0.339849 0.48125 -0.634193 -0.875
-1.38327 0.721875 -0.624769 -0.896875
-1.39673 1.07187 -0.622604 -0.875
-1.40495 1.11563 -0.619276 -0.853125
-0.456496 1.24687 -0.625843 -0.853125
0.12054 0.7875 -0.633854 -0.853125
0.290539 0.525 -0.639258 -0.853125
-0.435379 0.48125 -0.642908 -0.875
-1.08499 0.809375 -0.63958 -0.809375
-1.40242 0.984375 -0.634808 -0.853125
-1.41326 1.15938 -0.632934 -0.83125
-0.583717 1.18125 -0.639782 -0.875
-0.138823 0.91875 -0.648093 -0.853125
0.115782 0.678125 -0.657558 -0.875
-0.359082 0.48125 -0.657719 -0.853125
-0.80256 0.7 -0.657008 -0.875
-1.40811 0.91875 -0.65776 -0.875
-1.41895 1.18125 -0.651815 -0.940625
-0.869538 1.33438 -0.653721 -0.875
-0.266044 1.00625 -0.65708 -0.9625
0.151085 0.74375 -0.667717 -0.896875
-0.163872 0.678125 -0.679508 -0.91875
-0.895024 0.7 -0.676471 -1.1375
-1.41642 0.984375 -0.674015 -0.853125
-1.42857 1.225 -0.667499 -0.91875
-0.76155 1.29062 -0.666787 -0.875
-0.0285311 0.984375 -0.676543 -1.00625
0.0529374 0.678125 -0.679902 -0.7875
-0.336013 0.6125 -0.685597 -0.940625
-1.1147 0.853125 -0.682269 -0.940625
-1.43213 1.15938 -0.677197 -0.765625
-1.44166 1.29062 -0.673869 -0.9625
-0.656178 1.29062 -0.678391 -0.9625
-0.163748 1.00625 -0.689891 -0.9625
-0.0625089 0.9625 -0.706043 -0.9625
-0.748741 0.7875 -0.703869 -0.875
-1.31199 1.00625 -0.699369 -1.05
-1.51443 1.24687 -0.693706 -0.984375
-1.44866 1.50937 -0.692113 -0.9625
-0.365896 1.75 -0.700697 -1.00625
0.0406207 1.05 -0.713641 -0.9625
-0.156731 0.7875 -0.72048 -0.984375
-1.24201 0.809375 -0.718024 -0.984375
-1.44575 1.18125 -0.71178 -0.9625
-1.45659 1.44375 -0.708152 -0.83125
-0.584748 1.44375 -0.711502 -0.984375
-0.216464 1.00625 -0.718341 -0.9625
-0.209439 0.39375 -0.726924 -0.9625
-0.779375 0.83125 -0.72853 -0.984375
-1.45892 0.721875 -0.724902 -0.984375
-1.47107 1.33438 -0.720402 -1.02812
-0.921654 1.44375 -0.722008 -1.00625
-0.364389 1.15938 -0.728847 -0.984375
-0.154703 0.984375 -0.736558 -1.00625
-0.589881 0.809375 -0.74078 -0.9625
-1.12189 0.940625 -0.738897 -1.00625
-1.48293 1.225 -0.734397 -0.9625
-1.49508 1.55313 -0.729897 -1.00625
-1.0355 1.55313 -0.729758 -1.00625
-0.671142 1.26875 -0.73398 -0.875
-0.417846 1.11563 -0.741691 -0.9625
-0.665351 1.11563 -0.745041 -0.984375
-0.989465 1.11563 -0.745774 -1.02812
-1.48003 1.4875 -0.742147 -0.9625
-1.52125 1.55313 -0.737647 -1.05
-0.970979 1.61875 -0.740124 -1.00625
-0.440171 1.42188 -0.748708 -1.02812
-0.275405 1.07187 -0.755547 -1.02812
-0.682817 1.00625 -0.758897 -1.02812
-1.24607 1.15938 -0.755269 -1.00625
-1.53442 1.37813 -0.750769 -0.91875
-1.54134 1.6625 -0.749458 -1.02812
-0.870391 1.225 -0.754552 -1.00625
-0.134756 1.44375 -0.764008 -1.09375
-0.255498 0.940625 -0.774336 -0.9625
-1.21924 1.00625 -0.775069 -1.02812
-1.53929 1.26875 -0.768824 -1.05
-1.54927 1.50937 -0.766069 -1.05
-0.555893 1.575 -0.772608 -1.09375
-0.182376 1.07187 -0.782936 -1.00625
-0.173592 1.09375 -0.792391 -1.02812
-0.859825 0.875 -0.793997 -1.07187
-1.54068 1.09375 -0.789497 -1.05
-1.55283 1.46562 -0.78645 -1.05
-0.883191 1.50937 -0.788047 -1.07187
-0.0735626 1.225 -0.799828 -1.09375
-0.103157 0.809375 -0.812482 -1.09375
-0.696934 0.74375 -0.817576 -1.09375
-1.50731 0.940625 -0.809297 -1.11563
-1.54854 1.4 -0.80595 -1.09375
-0.837905 1.37813 -0.804939 -1.09375
-0.271481 1.11563 -0.819337 -1.00625
0.194492 0.809375 -0.83141 -1.11563
-0.438113 0.65625 -0.833878 -1.07187
-1.3331 0.809375 -0.828797 -1.15938
-1.53423 1.20312 -0.823134 -1.1375
-1.07203 1.33438 -0.825602 -1.15938
-0.0985737 1.33438 -0.834476 -1.11563
0.237874 0.809375 -0.846258 -1.07187
-0.100923 0.65625 -0.851643 -1.1375
-1.06728 0.721875 -0.848297 -1.18125
-1.51555 1.02812 -0.840308 -1.11563
-1.52508 1.225 -0.833191 -1.05
-0.412789 1.44375 -0.837113 -1.05
0.218325 0.940625 -0.85093 -1.15938
0.264033 0.74375 -0.859513 -1.18125
-0.886076 0.590625 -0.855876 -1.20312
-1.49425 0.875 -0.847015 -1.1375
-1.5064 1.26875 -0.841052 -1.09375
-0.587012 1.3125 -0.841486 -1.15938
0.230467 0.875 -0.850613 -1.18125
0.204798 0.91875 -0.862658 -1.18125
-0.476651 0.6125 -0.862191 -1.18125
-1.44563 0.765625 -0.855047 -1.1375
-1.48685 1.20312 -0.84673 -1.18125
-1.49508 1.26875 -0.839286 -1.1375
-0.50301 1.3125 -0.838537 -1.15938
0.105717 0.371875 -0.849119 -1.1375
0.277024 0.74375 -0.854186 -1.18125
-0.228222 0.56875 -0.85808 -1.18125
-1.07829 0.721875 -0.84831 -1.15938
-1.48339 0.984375 -0.843491 -1.18125
-1.49554 1.18125 -0.831104 -1.18125
-0.90251 1.225 -0.828321 -1.1375
-0.225023 1.02812 -0.835413 -1.1375
0.149803 0.7875 -0.840471 -1.1375
-0.0462404 0.7 -0.839723 -1.11563
-0.643942 0.7 -0.842454 -1.18125
-1.4834 0.83125 -0.837336 -1.1375
-1.49555 1.18125 -0.825249 -1.18125
-1.03204 1.29062 -0.823037 -1.09375
-0.221556 1.1375 -0.831874 -1.1375
0.270874 0.765625 -0.839549 -1.1375
-0.275366 0.875 -0.843743 -1.18125
-1.40294 0.74375 -0.833973 -1.11563
-1.76791 1.11563 -0.823039 -1.11563
-1.49993 1.55313 -0.82171 -1.11563
-0.418021 1.37813 -0.822406 -1.02812
0.0321069 0.9625 -0.831534 -1.11563
-0.207548 0.721875 -0.837754 -1.11563
-1.04308 0.809375 -0.834099 -1.18125
-1.49264 1.33438 -0.826363 -1.02812
-1.50479 1.4 -0.813976 -1.09375
-0.746627 1.50937 -0.815254 -1.05
-0.229048 0.91875 -0.820021 -1.05
-0.220714 0.896875 -0.828286 -1.05
-0.70212 0.721875 -0.825202 -1.11563
-1.19138 0.875 -0.817758 -1.05
-1.5088 1.24687 -0.811186 -1.05
-1.44434 1.64062 -0.803741 -1.1375
-0.757552 1.37813 -0.80183 -1.15938
-0.105214 1.11563 -0.810086 -1.09375
-0.224648 0.896875 -0.814852 -1.09375
-0.780047 0.875 -0.810897 -1.09375
-1.50451 1.09375 -0.800545 -1.09375
-1.82325 1.64062 -0.787286 -1.07187
-1.12846 1.68437 -0.782167 -1.05
-0.202537 1.33438 -0.788106 -1.07187
0.176214 0.896875 -0.795199 -1.05
-0.343569 0.721875 -0.792406 -1.02812
-1.50153 1.02812 -0.782926 -1.09375
-1.51629 1.35625 -0.768504 -1.07187
-1.52452 1.61875 -0.759315 -0.984375
-0.41223 1.4875 -0.759721 -1.07187
0.00751519 0.940625 -0.760126 -1.09375
-0.0696154 0.765625 -0.761404 -1.05
-1.14835 0.7 -0.754832 -0.984375
-1.50939 1.20312 -0.738665 -1.02812
-1.51892 1.4 -0.727732 -1.07187
-0.643148 1.35625 -0.724949 -1.00625
-0.0793404 1.07187 -0.727099 -1.02812
0.138195 0.896875 -0.729249 -0.9625
-0.614181 0.39375 -0.725293 -1.05
-1.49724 1.20312 -0.71466 -1.00625
-1.50939 1.3125 -0.701982 -0.721875
-1.51631 1.59688 -0.691339 -0.984375
-0.359102 1.50937 -0.693489 -1.05
0.225784 0.875 -0.7003 -0.9625
0.0772763 0.7 -0.704195 -0.9625
-0.812475 0.65625 -0.699367 -0.984375
-1.49333 1.00625 -0.685817 -0.984375
-1.69708 1.26875 -0.673139 -0.91875
-0.749927 1.46562 -0.671228 -0.940625
0.062318 0.9625 -0.676867 -1.18125
0.311544 0.21875 -0.68425 -0.940625
-0.205623 0.590625 -0.68233 -0.984375
-1.2909 0.74375 -0.676339 -0.91875
-1.49203 1.4 -0.664243 -0.91875
-1.50025 1.24687 -0.653028 -0.875
-0.463265 1.35625 -0.653143 -0.940625
0.149386 0.415625 -0.6582 -0.896875
0.253692 0.634375 -0.666165 -0.91875
-0.585906 0.634375 -0.66221 -0.875
-1.47028 0.678125 -0.647787 -0.984375
-1.6278 1.24687 -0.635982 -0.853125
-0.652884 1.29062 -0.630282 -0.853125
0.251817 0.875 -0.635921 -0.525
0.463974 0.56875 -0.646802 -0.875
-0.285786 0.4375 -0.642847 -0.875
-1.32745 0.525 -0.630169 -0.896875
-1.4572 0.984375 -0.611386 -0.853125
-1.46281 1.09375 -0.600452 -0.875
0.0207541 1.3125 -0.604347 -0.7875
0.608257 0.56875 -0.61173 -0.809375
0.462366 0.371875 -0.614752 -0.940625
-0.629145 0.2625 -0.60818 -0.546875
-1.42629 0.634375 -0.592886 -0.7875
-1.71465 1.00625 -0.579336 -0.875
-1.44667 1.35625 -0.569274 -0.74375
-0.173164 1.18125 -0.569099 -0.74375
0.613932 0.6125 -0.57561 -0.74375
0.590879 0.328125 -0.580667 -0.853125
-0.571151 0.415625 -0.578456 -0.765625
-1.41191 0.56875 -0.56665 -0.91875
-1.42537 1.02812 -0.554845 -0.765625
-1.43229 1.05 -0.546528 -0.809375
-0.159639 1.11563 -0.548678 -0.7875
0.379019 0.590625 -0.556934 -0.91875
0.51064 0.546875 -0.563445 -0.74375
-0.154514 0.415625 -0.56385 -0.74375
-1.09311 0.459375 -0.556406 -0.7875
-1.41184 0.809375 -0.543719 -0.721875
-1.4253 1.07187 -0.533658 -0.83125
-0.641987 1.15938 -0.533191 -0.74375
-0.0248144 0.853125 -0.534169 -0.7
0.220486 0.678125 -0.540352 -0.7875
0.0218263 0.48125 -0.542474 -0.721875
-0.69348 0.48125 -0.535293 -0.74375
-1.41664 0.765625 -0.528693 -0.875
-1.42879 1.11563 -0.520058 -0.65625
-1.29033 1.18125 -0.512286 -0.721875
-0.355104 1.26875 -0.516152 -0.83125
0.00518463 0.940625 -0.521182 -0.765625
-0.0613339 0.678125 -0.523304 -0.7
-0.747566 0.6125 -0.523091 -0.74375
-1.42711 0.91875 -0.515619 -0.74375
-1.62955 1.3125 -0.506402 -0.853125
-1.4501 1.59688 -0.497476 -0.65625
-0.532028 1.4875 -0.499299 -0.721875
-0.175664 0.984375 -0.499967 -0.721875
-0.170806 0.853125 -0.501508 -0.809375
-0.84336 0.940625 -0.504793 -0.7
-1.45153 1.09375 -0.495276 -0.678125
-1.46368 1.4 -0.488676 -0.678125
-1.47321 1.4875 -0.477424 -0.765625
-0.759964 1.64062 -0.478374 -0.634375
-0.230464 1.09375 -0.486893 -0.634375
-0.357747 0.765625 -0.487561 -0.7
-0.798158 0.940625 -0.489093 -0.634375
-1.4777 1.15938 -0.476097 -0.525
-1.48985 1.46562 -0.469497 -0.678125
-1.49763 1.55313 -0.464341 -0.56875
-0.669392 1.64062 -0.470243 -0.6125
-0.253572 1.15938 -0.473228 -0.7
-0.379547 0.9625 -0.475641 -0.590625
-1.05517 0.415625 -0.477182 -0.74375
-1.50343 1.33438 -0.464758 -0.65625
-1.54596 1.4875 -0.457286 -0.6125
-1.52511 1.55313 -0.453002 -0.634375
-0.695567 1.59688 -0.455124 -0.678125
-0.415364 1.18125 -0.458991 -0.678125
-0.28098 1.09375 -0.462558 -0.634375
-0.926218 1.00625 -0.460319 -0.721875
