angle_1_e angle_1_t d_theta_1_t angle_2_e angle_2_t d_theta_2_t
-1.0498 -1.07542 0 1.79464 1.78509 0
-1.04957 -1.07542 0 1.79433 1.78509 0
-1.04934 -1.07542 0 1.79401 1.78509 0
-1.04911 -1.07539 0.0377963 1.7937 1.78506 0
-1.04889 -1.07539 0.0465185 1.79338 1.78506 0
-1.04866 -1.07536 0 1.79307 1.78503 0
-1.04843 -1.07536 0 1.79275 1.78503 0
-1.0482 -1.07528 0.0232593 1.79244 1.78494 0
-1.04797 -1.07522 0.0377963 1.79213 1.78489 0
-1.04774 -1.07513 0.0465185 1.79181 1.7848 0
-1.04751 -1.0751 0.014537 1.7915 1.78477 0
-1.04729 -1.07507 0.0552407 1.79118 1.78474 0
-1.04706 -1.07504 0 1.79087 1.78471 0
-1.04683 -1.07498 0.0552407 1.79055 1.78465 0
-1.0466 -1.07493 0.0610556 1.79024 1.7846 0
-1.04637 -1.07487 0.0610556 1.78992 1.78454 0
-1.04614 -1.07484 0.0552407 1.78961 1.78451 0
-1.04592 -1.07481 0 1.78929 1.78448 0
-1.04569 -1.07478 0 1.78898 1.78445 0
-1.04546 -1.07469 0.0610556 1.78866 1.78436 0
-1.04523 -1.07455 0.0872222 1.78835 1.78422 0
-1.045 -1.07443 0.0697778 1.78803 1.7841 0
-1.04477 -1.07434 0 1.78772 1.78401 0
-1.04455 -1.07434 0 1.7874 1.78401 0
-1.04432 -1.07429 0.0552407 1.78709 1.78396 0
-1.04409 -1.07414 0.0872222 1.78677 1.78381 0
-1.04386 -1.07402 0.110481 1.78645 1.78369 0
-1.04363 -1.07394 0.0785 1.78614 1.78361 0
-1.0434 -1.07394 0 1.78582 1.78361 0
-1.04318 -1.07394 0 1.78551 1.78361 0
-1.04295 -1.07385 0.0785 1.78519 1.78352 0
-1.04272 -1.07371 0.0785 1.78488 1.78337 0
-1.04249 -1.07356 0.110481 1.78456 1.78323 0
-1.04226 -1.07347 0.0610556 1.78424 1.78314 0
-1.04203 -1.07344 0.0610556 1.78393 1.78311 0
-1.04181 -1.07339 0.014537 1.78361 1.78305 0
-1.04158 -1.07324 0.0552407 1.7833 1.78291 0
-1.04135 -1.07312 0.0872222 1.78298 1.78279 0
-1.04112 -1.07298 0.093037 1.78266 1.78265 0
-1.04089 -1.07289 0.0785 1.78235 1.78256 0
-1.04066 -1.07283 0.0465185 1.78203 1.7825 0
-1.04044 -1.0728 0 1.78171 1.78247 0
-1.04021 -1.07272 0.0697778 1.7814 1.78239 0
-1.03998 -1.07254 0.093037 1.78108 1.78221 0
-1.03975 -1.07237 0.110481 1.78076 1.78204 0
-1.03952 -1.07225 0.0872222 1.78045 1.78192 0
-1.03929 -1.07222 0.00581481 1.78013 1.78189 0
-1.03907 -1.07219 0 1.77981 1.78186 0
-1.03884 -1.07205 0.0610556 1.7795 1.78172 0
-1.03862 -1.07187 0.119204 1.77917 1.78154 0
-1.03841 -1.0717 0.110481 1.77885 1.78137 0
-1.03819 -1.07158 0.0872222 1.77853 1.78125 0
-1.03798 -1.07155 0.0290741 1.7782 1.78122 0
-1.03776 -1.07152 0 1.77788 1.78119 0
-1.03755 -1.07141 0.0552407 1.77755 1.78108 0
-1.03734 -1.0712 0.110481 1.77723 1.78087 0
-1.03712 -1.07103 0.142463 1.7769 1.7807 0
-1.03691 -1.07088 0.0872222 1.77658 1.78055 0
-1.0367 -1.07086 0.0465185 1.77625 1.78052 0
-1.03648 -1.0708 0 1.77593 1.78047 0
-1.03627 -1.07071 0.0785 1.7756 1.78038 0
-1.03605 -1.07051 0.125019 1.77528 1.78018 0
-1.03584 -1.0703 0.142463 1.77495 1.77997 0
-1.03563 -1.07013 0.110481 1.77463 1.7798 0
-1.03541 -1.07007 0.0377963 1.7743 1.77974 0
-1.0352 -1.07007 0 1.77398 1.77974 0
-1.03498 -1.06995 0.0785 1.77365 1.77962 0
-1.03477 -1.06975 0.133741 1.77332 1.77942 0
-1.03456 -1.06952 0.157 1.773 1.77919 0
-1.03434 -1.06934 0.119204 1.77267 1.77901 0
-1.03413 -1.06929 0.0377963 1.77235 1.77895 0
-1.03391 -1.06926 0.0290741 1.77202 1.77893 0
-1.0337 -1.06914 0.0610556 1.7717 1.77881 0
-1.03349 -1.06894 0.101759 1.77137 1.77861 0
-1.03327 -1.0687 0.165722 1.77104 1.77837 0
-1.03306 -1.0685 0.151185 1.77072 1.77817 0
-1.03284 -1.06836 0.101759 1.77039 1.77802 0
-1.03263 -1.06836 0 1.77007 1.77802 0
-1.03242 -1.0683 0.0610556 1.76974 1.77797 0
-1.0322 -1.06804 0.093037 1.76941 1.7777 0
-1.03199 -1.06777 0.165722 1.76909 1.77744 0
-1.03177 -1.06754 0.165722 1.76876 1.77721 0
-1.03156 -1.06737 0.101759 1.76844 1.77704 0
-1.03135 -1.06734 0 1.76811 1.77701 0
-1.03113 -1.06725 0 1.76778 1.77692 0
-1.03092 -1.06705 0.119204 1.76746 1.77672 0
-1.0307 -1.06676 0.197704 1.76713 1.77643 0
-1.03049 -1.06641 0.188981 1.7668 1.77608 0
-1.03028 -1.06629 0.101759 1.76648 1.77596 0
-1.03006 -1.06626 0.0232593 1.76615 1.77593 0
-1.02985 -1.06623 0 1.76582 1.7759 0
-1.02963 -1.06606 0.119204 1.7655 1.77573 0
-1.02942 -1.06568 0.215148 1.76517 1.77535 0
-1.02921 -1.06542 0.188981 1.76484 1.77509 0
-1.02899 -1.06524 0.133741 1.76452 1.77491 0
-1.02878 -1.06524 0 1.76419 1.77491 0
-1.02856 -1.06522 0 1.76386 1.77488 0
-1.02835 -1.06504 0.110481 1.76353 1.77471 0
-1.02814 -1.06472 0.197704 1.76321 1.77439 0
-1.02792 -1.06443 0.215148 1.76288 1.7741 0
-1.02771 -1.06426 0.119204 1.76255 1.77393 0
-1.02749 -1.06423 0.00581481 1.76223 1.7739 0
-1.02728 -1.0642 0 1.7619 1.77387 0
-1.02707 -1.06405 0.093037 1.76157 1.77372 0
-1.02685 -1.06373 0.215148 1.76124 1.7734 0
-1.02664 -1.06341 0.215148 1.76092 1.77308 0
-1.02642 -1.06324 0.142463 1.76059 1.77291 0
-1.02621 -1.06318 0.0610556 1.76026 1.77285 0
-1.026 -1.06318 0 1.75993 1.77285 0
-1.02578 -1.06303 0.0697778 1.7596 1.7727 0
-1.02557 -1.06277 0.165722 1.75928 1.77244 0
-1.02535 -1.06245 0.220963 1.75895 1.77212 0
-1.02514 -1.06219 0.165722 1.75862 1.77186 0
-1.02493 -1.06208 0.0872222 1.75829 1.77174 0
-1.02471 -1.06205 0.0232593 1.75796 1.77169 0
-1.0245 -1.06199 0.00581481 1.75764 1.77163 0.0232593
-1.02428 -1.06176 0.133741 1.75731 1.7714 0
-1.02407 -1.06141 0.197704 1.75698 1.77105 0
-1.02386 -1.06112 0.24713 1.75665 1.77076 0
-1.02364 -1.06088 0.133741 1.75632 1.77049 0.014537
-1.02343 -1.06085 0 1.75599 1.77047 0
-1.02321 -1.06083 0 1.75567 1.77041 0.0377963
-1.023 -1.06065 0.110481 1.75534 1.77023 0
-1.02279 -1.0603 0.215148 1.75501 1.76988 0
-1.02257 -1.05992 0.261667 1.75468 1.76948 0
-1.02236 -1.05966 0.197704 1.75435 1.76922 0
-1.02214 -1.0596 0.0697778 1.75402 1.76916 0
-1.02193 -1.0596 0 1.75369 1.76916 0
-1.02173 -1.05946 0.0552407 1.75336 1.76898 0.0377963
-1.02152 -1.05914 0.183167 1.75303 1.76866 0
-1.02131 -1.05876 0.252944 1.7527 1.76826 0
-1.0211 -1.05838 0.238407 1.75237 1.76785 0
-1.02089 -1.0583 0.0872222 1.75203 1.76776 0
-1.02068 -1.0583 0 1.7517 1.76773 0.0232593
-1.02047 -1.05818 0.0872222 1.75137 1.76762 0
-1.02026 -1.05789 0.165722 1.75104 1.7673 0.0290741
-1.02005 -1.05751 0.252944 1.75071 1.76692 0
-1.01984 -1.05722 0.215148 1.75038 1.76663 0
-1.01963 -1.05707 0.125019 1.75004 1.76645 0.00581481
-1.01942 -1.05705 0 1.74971 1.76642 0
-1.01921 -1.05696 0.0697778 1.74938 1.76634 0
-1.019 -1.05673 0.142463 1.74905 1.76608 0.0290741
-1.01879 -1.05635 0.229685 1.74872 1.7657 0
-1.01858 -1.05603 0.229685 1.74838 1.76538 0
-1.01837 -1.05585 0.133741 1.74805 1.76517 0.0610556
-1.01816 -1.0558 0 1.74772 1.76512 0
-1.01796 -1.05574 0 1.74739 1.76506 0
-1.01775 -1.05553 0.133741 1.74705 1.76482 0.0610556
-1.01754 -1.05516 0.238407 1.74672 1.76445 0
-1.01733 -1.05475 0.279111 1.74639 1.76404 0
-1.01712 -1.05455 0.174444 1.74606 1.76381 0.0465185
-1.01691 -1.05449 0.0465185 1.74572 1.76372 0
-1.0167 -1.05449 0 1.74539 1.76372 0
-1.01649 -1.05437 0.0785 1.74506 1.76357 0
-1.01628 -1.05405 0.197704 1.74473 1.76325 0
-1.01607 -1.05364 0.284926 1.74439 1.76282 0
-1.01586 -1.05332 0.220963 1.74406 1.76247 0.0232593
-1.01565 -1.05321 0.101759 1.74373 1.76235 0
-1.01544 -1.05321 0 1.74339 1.76232 0.0377963
-1.01523 -1.05315 0 1.74306 1.76227 0
-1.01502 -1.05292 0.165722 1.74273 1.762 0
-1.01481 -1.05248 0.279111 1.74239 1.76157 0
-1.0146 -1.0521 0.261667 1.74206 1.76116 0
-1.01439 -1.05196 0.133741 1.74173 1.76102 0
-1.01418 -1.05193 0 1.74139 1.76096 0.0465185
-1.01397 -1.05193 0 1.74106 1.76093 0
-1.01376 -1.05178 0.0872222 1.74073 1.76078 0
-1.01356 -1.05141 0.238407 1.74039 1.76038 0
-1.01335 -1.05103 0.270389 1.74006 1.75997 0
-1.01314 -1.05079 0.183167 1.73973 1.75974 0
-1.01293 -1.05074 0 1.73939 1.75965 0.0465185
-1.01272 -1.05074 0 1.73906 1.75962 0
-1.01251 -1.05065 0 1.73873 1.75953 0
-1.0123 -1.05033 0.206426 1.73839 1.75916 0.0377963
-1.01209 -1.04992 0.279111 1.73806 1.75872 0
-1.01188 -1.04963 0.220963 1.73772 1.75843 0
-1.01167 -1.04954 0.0552407 1.73739 1.75831 0
-1.01146 -1.04954 0 1.73706 1.75828 0.0465185
-1.01125 -1.04954 0 1.73672 1.75828 0
-1.01104 -1.04931 0.165722 1.73639 1.75802 0.0610556
-1.01083 -1.04893 0.229685 1.73605 1.75761 0
-1.01062 -1.04861 0.220963 1.73572 1.75729 0
-1.01041 -1.04853 0.101759 1.73538 1.75715 0.014537
-1.0102 -1.04853 0 1.73505 1.75712 0
-1.00999 -1.04853 0 1.73472 1.75709 0
-1.00978 -1.04832 0.119204 1.73438 1.75686 0
-1.00957 -1.04795 0.215148 1.73405 1.75645 0
-1.00936 -1.04763 0.215148 1.73371 1.75607 0
-1.00915 -1.04748 0.110481 1.73338 1.7559 0
-1.00894 -1.04745 0 1.73304 1.75584 0
-1.00873 -1.04745 0 1.73271 1.75581 0
-1.00852 -1.04731 0.0610556 1.73237 1.75564 0.0552407
-1.00831 -1.04699 0.188981 1.73204 1.75529 0.0465185
-1.0081 -1.04667 0.220963 1.7317 1.75494 0.0465185
-1.00789 -1.04646 0.157 1.73137 1.75471 0.0465185
-1.00768 -1.04643 0.00581481 1.73103 1.75462 0.0290741
-1.00747 -1.04643 0 1.7307 1.75459 0.00581481
-1.00726 -1.04635 0 1.73036 1.75445 0
-1.00705 -1.04608 0.174444 1.73003 1.75415 0.0377963
-1.00685 -1.04574 0.220963 1.72969 1.75375 0.0610556
-1.00664 -1.04547 0.183167 1.72936 1.75343 0.0610556
-1.00643 -1.04542 0.0465185 1.72902 1.75331 0.0232593
-1.00622 -1.04542 0 1.72868 1.75325 0
-1.00601 -1.04536 0 1.72835 1.75314 0.014537
-1.0058 -1.0451 0.165722 1.72801 1.75285 0.0610556
-1.00559 -1.04466 0.215148 1.72768 1.75232 0.0610556
-1.00538 -1.04446 0.151185 1.72734 1.75206 0.0697778
-1.00517 -1.04443 0 1.72701 1.75195 0.0552407
-1.00496 -1.04443 0 1.72667 1.75192 0.0610556
-1.00475 -1.04431 0.0785 1.72633 1.75174 0.00581481
-1.00454 -1.04399 0.183167 1.726 1.75136 0
-1.00433 -1.04367 0.215148 1.72566 1.75099 0.0552407
-1.00412 -1.0435 0.133741 1.72533 1.75075 0.014537
-1.00391 -1.0435 0 1.72499 1.75069 0.00581481
-1.0037 -1.0435 0 1.72465 1.75067 0.0552407
-1.00349 -1.04332 0.110481 1.72432 1.75043 0.0232593
-1.00328 -1.043 0.206426 1.72398 1.75008 0.0377963
-1.00308 -1.04268 0.206426 1.72364 1.74971 0.00581481
-1.00287 -1.04257 0.101759 1.7233 1.74953 0.0610556
-1.00267 -1.04257 0 1.72296 1.74947 0.0610556
-1.00247 -1.04257 0 1.72262 1.74942 0
-1.00227 -1.04239 0.101759 1.72228 1.74921 0.0610556
-1.00206 -1.04207 0.188981 1.72194 1.74883 0
-1.00186 -1.04175 0.220963 1.7216 1.74846 0
-1.00166 -1.04161 0.119204 1.72126 1.74825 0.0697778
-1.00145 -1.04158 0 1.72092 1.74817 0.0465185
-1.00125 -1.04158 0 1.72058 1.74811 0
-1.00105 -1.0414 0.093037 1.72024 1.74787 0.0377963
-1.00084 -1.04111 0.215148 1.7199 1.74753 0.0697778
-1.00064 -1.04079 0.215148 1.71956 1.74715 0.0552407
-1.00044 -1.04059 0.157 1.71922 1.74689 0.0465185
-1.00023 -1.04056 0.0377963 1.71887 1.74677 0.0552407
-1.00003 -1.04056 0 1.71853 1.74671 0.0610556
-0.99983 -1.04047 0 1.71819 1.7466 0.0552407
-0.99962 -1.04018 0.165722 1.71785 1.74622 0.00581481
-0.99942 -1.03983 0.220963 1.71751 1.74581 0
-0.99922 -1.03951 0.220963 1.71717 1.74543 0.0232593
-0.99901 -1.03943 0.093037 1.71683 1.74529 0.0290741
-0.99881 -1.03943 0 1.71649 1.7452 0.0697778
-0.9986 -1.0394 0 1.71615 1.74511 0.0610556
-0.9984 -1.03917 0.133741 1.71581 1.74482 0.0610556
-0.9982 -1.03879 0.229685 1.71546 1.74436 0.00581481
-0.99799 -1.03847 0.238407 1.71512 1.74398 0.0290741
-0.99779 -1.03829 0.119204 1.71478 1.74378 0.0552407
-0.99759 -1.03829 0 1.71444 1.74372 0
-0.99738 -1.03829 0 1.7141 1.74369 0.0377963
-0.99718 -1.03806 0.119204 1.71376 1.74343 0.0465185
-0.99698 -1.03771 0.252944 1.71341 1.74305 0.0552407
-0.99677 -1.03733 0.252944 1.71307 1.74264 0.0552407
-0.99657 -1.03716 0.142463 1.71273 1.74241 0.0465185
-0.99637 -1.0371 0.014537 1.71239 1.74232 0.0377963
-0.99616 -1.0371 0 1.71205 1.74229 0.0552407
-0.99596 -1.0369 0.110481 1.71171 1.74206 0.014537
-0.99576 -1.03646 0.24713 1.71136 1.74159 0.0610556
-0.99555 -1.03605 0.284926 1.71102 1.74116 0.0465185
-0.99535 -1.03585 0.151185 1.71068 1.74093 0.0465185
-0.99514 -1.03582 0 1.71034 1.74084 0.0610556
-0.99494 -1.03582 0 1.71 1.74081 0
-0.99474 -1.03562 0.110481 1.70965 1.74055 0
-0.99453 -1.03524 0.270389 1.70931 1.74014 0.0552407
-0.99433 -1.03483 0.270389 1.70897 1.73968 0.0290741
-0.99413 -1.0346 0.183167 1.70863 1.73939 0.0377963
-0.99392 -1.03457 0.00581481 1.70828 1.73933 0
-0.99372 -1.03457 0 1.70794 1.7393 0.0610556
-0.99352 -1.0344 0.093037 1.7076 1.73909 0.0377963
-0.99331 -1.03402 0.220963 1.70726 1.73869 0.0552407
-0.99311 -1.03361 0.284926 1.70691 1.73822 0.0552407
-0.9929 -1.03332 0.220963 1.70657 1.73787 0
-0.9927 -1.0332 0.0785 1.70623 1.73773 0.0552407
-0.9925 -1.0332 0 1.70588 1.73767 0
-0.99229 -1.03315 0 1.70554 1.73755 0.0377963
-0.99209 -1.03283 0.183167 1.7052 1.7372 0
-0.99189 -1.03239 0.284926 1.70485 1.73671 0.0290741
-0.99168 -1.03201 0.284926 1.70451 1.73627 0
-0.99148 -1.03184 0.133741 1.70417 1.73607 0.0290741
-0.99127 -1.03181 0.014537 1.70383 1.73598 0
-0.99107 -1.03181 0 1.70348 1.73595 0.00581481
-0.99087 -1.03158 0.133741 1.70314 1.73569 0.0465185
-0.99066 -1.0312 0.252944 1.70279 1.73526 0.0610556
-0.99046 -1.03079 0.30237 1.70245 1.73482 0.0232593
-0.99026 -1.03053 0.183167 1.70211 1.73447 0.0465185
-0.99005 -1.0305 0.0290741 1.70176 1.73441 0.0552407
-0.98985 -1.0305 0 1.70142 1.73436 0
-0.98964 -1.03038 0.0290741 1.70108 1.73421 0
-0.98944 -1.02998 0.252944 1.70073 1.73374 0.0290741
-0.98924 -1.02957 0.30237 1.70039 1.73331 0.00581481
-0.98903 -1.02925 0.24713 1.70005 1.73296 0.00581481
-0.98883 -1.02916 0.0377963 1.6997 1.73279 0.0377963
-0.98862 -1.02916 0 1.69936 1.73276 0.0465185
-0.98842 -1.02916 0 1.69901 1.7327 0.0232593
-0.98822 -1.02884 0.188981 1.69867 1.73232 0.0232593
-0.98801 -1.02847 0.252944 1.69832 1.73188 0.0232593
-0.98781 -1.02815 0.24713 1.69798 1.73154 0.0232593
-0.9876 -1.02803 0.0872222 1.69764 1.73133 0
-0.9874 -1.02803 0 1.69729 1.73127 0
-0.9872 -1.02803 0 1.69695 1.73122 0.0465185
-0.98699 -1.0278 0.157 1.6966 1.7309 0.014537
-0.98679 -1.02745 0.252944 1.69626 1.73049 0.0290741
-0.98658 -1.02707 0.24713 1.69591 1.73002 0.0465185
-0.98638 -1.02695 0.125019 1.69557 1.72985 0.0377963
-0.98618 -1.02692 0 1.69522 1.72973 0.0610556
-0.98597 -1.02692 0 1.69488 1.72965 0.0610556
-0.98577 -1.02675 0.101759 1.69453 1.72935 0.0552407
-0.98556 -1.0264 0.229685 1.69419 1.72892 0.0552407
-0.98536 -1.02605 0.220963 1.69384 1.72848 0.0610556
-0.98516 -1.02588 0.165722 1.6935 1.72819 0.0552407
-0.98495 -1.02585 0 1.69315 1.72805 0.0465185
-0.98475 -1.02585 0 1.69281 1.72796 0.0610556
-0.98454 -1.0257 0.0610556 1.69246 1.7277 0.0785
-0.98434 -1.02538 0.215148 1.69212 1.72729 0.0697778
-0.98413 -1.02504 0.238407 1.69177 1.72683 0.0872222
-0.98393 -1.0248 0.174444 1.69143 1.72648 0.0610556
-0.98373 -1.02474 0.0465185 1.69108 1.72633 0.0465185
-0.98352 -1.02474 0 1.69074 1.72621 0.0872222
-0.98332 -1.02472 0 1.69039 1.72607 0.0552407
-0.98311 -1.02445 0.174444 1.69005 1.72572 0.0610556
-0.98291 -1.0241 0.24713 1.6897 1.72526 0.0785
-0.9827 -1.02381 0.229685 1.68935 1.72485 0.0552407
-0.9825 -1.02373 0.0872222 1.68901 1.72467 0.0610556
-0.9823 -1.02373 0 1.68866 1.72456 0.0697778
-0.98209 -1.02373 0 1.68832 1.72444 0.0785
-0.98189 -1.02358 0.0465185 1.68797 1.72418 0.0872222
-0.98168 -1.02323 0.220963 1.68762 1.72374 0.0552407
-0.98148 -1.02291 0.229685 1.68728 1.72331 0.0552407
-0.98127 -1.02268 0.165722 1.68693 1.72296 0.0785
-0.98107 -1.02268 0 1.68659 1.72284 0.0610556
-0.98087 -1.02268 0 1.68624 1.72275 0.0697778
-0.98066 -1.02262 0 1.68589 1.72258 0.0785
-0.98046 -1.0223 0.197704 1.68555 1.72217 0.0610556
-0.98025 -1.02195 0.229685 1.6852 1.72168 0.0872222
-0.98005 -1.02172 0.197704 1.68485 1.72136 0.0552407
-0.97984 -1.02169 0.0552407 1.68451 1.72121 0.0872222
-0.97964 -1.02169 0 1.68416 1.7211 0.0610556
-0.97943 -1.02169 0 1.68382 1.72098 0.0785
-0.97923 -1.02149 0.142463 1.68347 1.72069 0.0465185
-0.97902 -1.02117 0.220963 1.68312 1.72023 0.0785
-0.97882 -1.02088 0.188981 1.68278 1.71982 0.0872222
-0.97861 -1.02082 0.0872222 1.68243 1.71964 0.0785
-0.97841 -1.02082 0 1.68208 1.7195 0.101759
-0.9782 -1.02079 0 1.68174 1.71932 0.0872222
-0.978 -1.02059 0.125019 1.68139 1.719 0.101759
-0.97779 -1.02027 0.206426 1.68104 1.71854 0.0785
-0.97759 -1.02001 0.188981 1.68069 1.71813 0.101759
-0.97738 -1.01989 0.093037 1.68035 1.71787 0.0785
-0.97718 -1.01989 0 1.68 1.71772 0.0872222
-0.97697 -1.01989 0 1.67965 1.71758 0.110481
-0.97677 -1.01971 0.093037 1.67931 1.71726 0.101759
-0.97656 -1.01942 0.197704 1.67896 1.71682 0.110481
-0.97636 -1.01913 0.220963 1.67861 1.71636 0.101759
-0.97615 -1.01896 0.119204 1.67826 1.71604 0.110481
-0.97594 -1.01893 0.0552407 1.67792 1.71584 0.110481
-0.97574 -1.01896 0 1.67757 1.71572 0.125019
-0.97553 -1.0189 0 1.67722 1.71549 0.110481
-0.97533 -1.01861 0.151185 1.67687 1.71502 0.101759
-0.97512 -1.01829 0.215148 1.67653 1.71453 0.110481
-0.97492 -1.01803 0.206426 1.67618 1.71409 0.110481
-0.97471 -1.01794 0.0697778 1.67583 1.71383 0.119204
-0.97451 -1.01794 0 1.67548 1.71365 0.119204
-0.9743 -1.01794 0 1.67513 1.71348 0.125019
-0.9741 -1.01777 0.125019 1.67479 1.71313 0.119204
-0.97389 -1.01745 0.206426 1.67444 1.71261 0.110481
-0.97369 -1.01716 0.215148 1.67409 1.71214 0.133741
-0.97348 -1.01704 0.093037 1.67374 1.71182 0.133741
-0.97328 -1.01704 0 1.67339 1.71162 0.133741
-0.97307 -1.01704 0 1.67305 1.71144 0.119204
-0.97287 -1.01681 0.125019 1.6727 1.71095 0.133741
-0.97266 -1.01646 0.229685 1.67235 1.71037 0.151185
-0.97245 -1.01617 0.220963 1.672 1.70985 0.151185
-0.97225 -1.01602 0.0872222 1.67165 1.70944 0.151185
-0.97204 -1.01602 0 1.6713 1.70921 0.151185
-0.97184 -1.01602 0 1.67095 1.70892 0.151185
-0.97163 -1.01579 0.151185 1.67061 1.70842 0.165722
-0.97143 -1.01547 0.215148 1.67026 1.70775 0.183167
-0.97122 -1.01512 0.188981 1.66991 1.70717 0.174444
-0.97102 -1.01503 0.0552407 1.66956 1.70679 0.183167
-0.97081 -1.01503 0 1.66921 1.70653 0.183167
-0.97061 -1.01498 0 1.66886 1.70621 0.157
-0.9704 -1.01471 0.157 1.66851 1.70566 0.165722
-0.97019 -1.01428 0.24713 1.66816 1.70496 0.142463
-0.96999 -1.01399 0.215148 1.66781 1.70441 0.183167
-0.96978 -1.0139 0.0697778 1.66746 1.70406 0.165722
-0.96958 -1.0139 0 1.66711 1.70383 0.142463
-0.96937 -1.0139 0 1.66676 1.70359 0.165722
-0.96917 -1.0137 0.133741 1.66641 1.70319 0.142463
-0.96896 -1.01335 0.229685 1.66607 1.70261 0.142463
-0.96876 -1.01306 0.220963 1.66572 1.70208 0.174444
-0.96855 -1.01291 0.110481 1.66537 1.70168 0.165722
-0.96834 -1.01291 0 1.66502 1.70141 0.165722
-0.96814 -1.01288 0 1.66467 1.70112 0.183167
-0.96793 -1.01271 0.110481 1.66432 1.70069 0.183167
-0.96773 -1.01233 0.197704 1.66397 1.69999 0.206426
-0.96752 -1.01201 0.238407 1.66362 1.69935 0.220963
-0.96732 -1.01181 0.125019 1.66327 1.69883 0.229685
-0.96711 -1.01178 0.0290741 1.66292 1.69842 0.24713
-0.9669 -1.01178 0 1.66257 1.69804 0.24713
-0.9667 -1.01163 0.0872222 1.66222 1.69749 0.284926
-0.96649 -1.01128 0.206426 1.66187 1.69668 0.279111
-0.96629 -1.01096 0.238407 1.66152 1.69589 0.293648
-0.96608 -1.01073 0.165722 1.66116 1.69519 0.30237
-0.96588 -1.01067 0.0377963 1.66081 1.69464 0.316907
-0.96567 -1.01067 0 1.66046 1.69415 0.334352
-0.96546 -1.01053 0.0552407 1.66011 1.69351 0.32563
-0.96526 -1.01021 0.197704 1.65976 1.69272 0.316907
-0.96505 -1.00983 0.252944 1.65941 1.69185 0.316907
-0.96485 -1.00957 0.206426 1.65906 1.69115 0.311093
-0.96464 -1.00945 0.093037 1.65871 1.69063 0.279111
-0.96443 -1.00945 0 1.65836 1.69022 0.261667
-0.96423 -1.00939 0 1.65801 1.68978 0.252944
-0.96402 -1.00913 0.174444 1.65766 1.68915 0.220963
-0.96382 -1.00872 0.279111 1.65731 1.68839 0.238407
-0.96361 -1.00838 0.24713 1.65695 1.68769 0.220963
-0.9634 -1.00823 0.125019 1.6566 1.68723 0.220963
-0.9632 -1.00823 0 1.65625 1.68691 0.206426
-0.96299 -1.00823 0 1.6559 1.68662 0.183167
-0.96279 -1.008 0.133741 1.65555 1.68612 0.183167
-0.96258 -1.00759 0.24713 1.6552 1.68545 0.165722
-0.96237 -1.00721 0.252944 1.65485 1.68484 0.151185
-0.96217 -1.00701 0.157 1.65449 1.68441 0.142463
-0.96196 -1.00695 0.0552407 1.65414 1.68417 0.151185
-0.96176 -1.00695 0 1.65379 1.68397 0.133741
-0.96155 -1.00678 0.110481 1.65344 1.68362 0.110481
-0.96134 -1.00643 0.206426 1.65309 1.6831 0.110481
-0.96114 -1.00605 0.270389 1.65273 1.68257 0.093037
-0.96093 -1.00579 0.183167 1.65238 1.68214 0.101759
-0.96073 -1.00567 0.093037 1.65203 1.68185 0.110481
-0.96052 -1.00567 0 1.65168 1.6817 0.101759
-0.96031 -1.00553 0.093037 1.65133 1.68141 0.101759
-0.96011 -1.00521 0.206426 1.65097 1.68095 0.119204
-0.9599 -1.0048 0.270389 1.65062 1.68039 0.0697778
-0.95969 -1.00448 0.238407 1.65027 1.6799 0.110481
-0.95949 -1.00436 0.0785 1.64992 1.67964 0.110481
-0.95928 -1.00433 0 1.64956 1.67946 0.093037
-0.95908 -1.00422 0.0872222 1.64921 1.67923 0.0785
-0.95887 -1.00387 0.206426 1.64886 1.67879 0.0610556
-0.95866 -1.0034 0.30237 1.64851 1.67821 0.0785
-0.95846 -1.00303 0.261667 1.64815 1.67775 0.0610556
-0.95825 -1.00288 0.133741 1.6478 1.67752 0.0465185
-0.95805 -1.00288 0 1.64744 1.67746 0.0610556
-0.95785 -1.00276 0.0290741 1.64709 1.67728 0.0552407
-0.95766 -1.00242 0.188981 1.64673 1.67688 0
-0.95746 -1.00189 0.334352 1.64637 1.67632 0.0552407
-0.95726 -1.00143 0.311093 1.64601 1.67583 0.0377963
-0.95707 -1.00122 0.165722 1.64565 1.67563 0
-0.95687 -1.00122 0 1.64529 1.6756 0.0290741
-0.95667 -1.00117 0 1.64493 1.67554 0
-0.95648 -1.0009 0.174444 1.64457 1.67528 0
-0.95628 -1.00038 0.334352 1.64422 1.67475 0
-0.95609 -0.999857 0.375056 1.64386 1.67423 0
-0.95589 -0.999595 0.220963 1.6435 1.67397 0
-0.95569 -0.999537 0.0377963 1.64314 1.67391 0
-0.9555 -0.999537 0 1.64278 1.67391 0
-0.9553 -0.999421 0 1.64242 1.67379 0
-0.9551 -0.998868 0.30237 1.64206 1.67324 0
-0.95491 -0.998316 0.375056 1.6417 1.67269 0
-0.95471 -0.997851 0.348889 1.64134 1.67222 0
-0.95451 -0.997735 0.0872222 1.64098 1.67211 0
-0.95432 -0.997764 0 1.64062 1.67214 0
-0.95412 -0.997764 0 1.64026 1.67214 0
-0.95392 -0.997444 0.174444 1.6399 1.67182 0
-0.95373 -0.99692 0.334352 1.63954 1.67129 0
-0.95353 -0.996455 0.334352 1.63918 1.67083 0
-0.95333 -0.996223 0.197704 1.63882 1.6706 0
-0.95314 -0.996194 0 1.63846 1.67057 0
-0.95294 -0.996194 0 1.6381 1.67057 0
-0.95274 -0.996019 0.014537 1.63774 1.67039 0
-0.95255 -0.995583 0.293648 1.63738 1.66996 0
-0.95235 -0.995089 0.348889 1.63702 1.66946 0
-0.95215 -0.994711 0.270389 1.63666 1.66908 0
-0.95196 -0.994653 0.0232593 1.6363 1.66903 0
-0.95176 -0.994682 0 1.63594 1.66905 0
-0.95156 -0.994682 0 1.63558 1.66905 0
-0.95136 -0.994333 0.220963 1.63522 1.66871 0
-0.95117 -0.993897 0.293648 1.63486 1.66827 0
-0.95097 -0.993548 0.24713 1.6345 1.66792 0
-0.95077 -0.993461 0.0872222 1.63414 1.66783 0
-0.95058 -0.993461 0 1.63378 1.66783 0
-0.95038 -0.993461 0 1.63342 1.66783 0
-0.95018 -0.99317 0.157 1.63306 1.66754 0
-0.94999 -0.992734 0.261667 1.63269 1.66711 0
-0.94979 -0.992385 0.270389 1.63233 1.66676 0
-0.94959 -0.99224 0.125019 1.63197 1.66661 0
-0.94939 -0.99224 0 1.63161 1.66661 0
-0.9492 -0.992298 -0.0232593 1.63125 1.66667 0
-0.949 -0.992036 0.101759 1.63089 1.66641 0
-0.9488 -0.991658 0.252944 1.63053 1.66603 0
-0.94861 -0.99128 0.270389 1.63016 1.66565 0
-0.94841 -0.991077 0.119204 1.6298 1.66545 0
-0.94821 -0.991077 0 1.62944 1.66545 0
-0.94801 -0.991106 0 1.62908 1.66548 0
-0.94782 -0.990989 0 1.62872 1.66536 0
-0.94762 -0.99064 0.229685 1.62836 1.66501 0
-0.94742 -0.990262 0.252944 1.62799 1.66464 0
-0.94722 -0.990001 0.197704 1.62763 1.66437 0
-0.94703 -0.989972 0.0290741 1.62727 1.66432 0
-0.94683 -0.99003 -0.0290741 1.62691 1.66437 0
-0.94663 -0.990001 0 1.62655 1.66434 0
-0.94643 -0.98971 0.188981 1.62618 1.66403 0.0377963
-0.94624 -0.989332 0.270389 1.62582 1.66362 0
-0.94604 -0.989041 0.215148 1.62546 1.6633 0
-0.94584 -0.988983 0.0785 1.6251 1.66321 0
-0.94564 -0.988983 0 1.62473 1.66318 0
-0.94545 -0.988983 -0.0290741 1.62437 1.66312 0
-0.94525 -0.988751 0.157 1.62401 1.66286 0.0377963
-0.94505 -0.988402 0.238407 1.62365 1.66248 0.014537
-0.94485 -0.988024 0.24713 1.62328 1.66208 0.0232593
-0.94466 -0.987937 0.101759 1.62292 1.66193 0.014537
-0.94446 -0.987937 0 1.62256 1.66187 0.0465185
-0.94426 -0.987937 0 1.6222 1.66182 0.0552407
-0.94406 -0.987675 0.142463 1.62183 1.6615 0
-0.94387 -0.987239 0.229685 1.62147 1.661 0
-0.94367 -0.986919 0.215148 1.62111 1.66062 0.0610556
-0.94347 -0.986803 0.093037 1.62074 1.66045 0.0377963
-0.94327 -0.986803 0 1.62038 1.66042 0.0232593
-0.94307 -0.986774 0 1.62002 1.66033 0.0232593
-0.94288 -0.986541 0.142463 1.61965 1.66004 0
-0.94268 -0.986163 0.238407 1.61929 1.65963 0.0465185
-0.94248 -0.985814 0.252944 1.61893 1.65926 0.0552407
-0.94228 -0.985669 0.125019 1.61856 1.65908 0.0465185
-0.94209 -0.985669 0 1.6182 1.65902 0.00581481
-0.94189 -0.985669 0 1.61783 1.659 0
-0.94169 -0.985465 0.110481 1.61747 1.65876 0
-0.94149 -0.985087 0.252944 1.61711 1.65836 0
-0.94129 -0.98468 0.252944 1.61674 1.65792 0.0465185
-0.9411 -0.984477 0.165722 1.61638 1.65766 0.0610556
-0.9409 -0.984448 0.014537 1.61601 1.65757 0.0232593
-0.9407 -0.984448 0 1.61565 1.65754 0
-0.9405 -0.984244 0.101759 1.61529 1.65731 0.0552407
-0.9403 -0.983895 0.238407 1.61492 1.6569 0.0552407
-0.94011 -0.983459 0.279111 1.61456 1.65644 0.00581481
-0.93991 -0.983197 0.183167 1.61419 1.65615 0.00581481
-0.93971 -0.983168 0.0785 1.61383 1.65609 0.0232593
-0.93951 -0.983168 0 1.61346 1.65603 0.0377963
-0.93931 -0.983023 0.0377963 1.6131 1.65586 0.0465185
-0.93911 -0.982732 0.174444 1.61273 1.65554 0.0465185
-0.93892 -0.982296 0.261667 1.61237 1.65504 0
-0.93872 -0.981947 0.261667 1.61201 1.65466 0.0610556
-0.93852 -0.981773 0.151185 1.61164 1.65443 0.0290741
-0.93832 -0.981715 0 1.61128 1.65434 0.0610556
-0.93812 -0.981686 0 1.61091 1.65423 0
-0.93792 -0.981424 0.151185 1.61055 1.65394 0.0377963
-0.93773 -0.98093 0.270389 1.61018 1.65338 0.0610556
-0.93753 -0.980523 0.270389 1.60981 1.65295 0.0552407
-0.93733 -0.980319 0.151185 1.60945 1.65269 0.0552407
-0.93713 -0.98029 0.014537 1.60908 1.65263 0.0377963
-0.93693 -0.980261 0 1.60872 1.65257 0.0465185
-0.93673 -0.980028 0.133741 1.60835 1.65231 0.0465185
-0.93654 -0.979592 0.252944 1.60799 1.65181 0.0377963
-0.93634 -0.979185 0.316907 1.60762 1.65138 0.0377963
-0.93614 -0.978924 0.197704 1.60726 1.65106 0
-0.93594 -0.978895 0.0465185 1.60689 1.651 0
-0.93574 -0.978895 0 1.60652 1.65097 0
-0.93554 -0.97872 0.0872222 1.60616 1.6508 0
-0.93534 -0.978371 0.220963 1.60579 1.65039 0.0232593
-0.93515 -0.977935 0.293648 1.60543 1.64992 0
-0.93495 -0.977644 0.229685 1.60506 1.6496 0
-0.93475 -0.977528 0.0610556 1.60469 1.64943 0
-0.93455 -0.977528 0 1.60433 1.6494 0.0465185
-0.93435 -0.977441 0 1.60396 1.64926 0
-0.93415 -0.977121 0.197704 1.6036 1.64891 0
-0.93396 -0.976685 0.284926 1.60322 1.64841 0.0610556
-0.93377 -0.976307 0.261667 1.60285 1.64801 0.014537
-0.93358 -0.976191 0.101759 1.60248 1.64783 0.0232593
-0.93339 -0.976191 0 1.60211 1.64774 0.0610556
-0.9332 -0.976191 0 1.60174 1.64769 0.0610556
-0.93301 -0.975958 0.151185 1.60137 1.64739 0.0552407
-0.93282 -0.975551 0.24713 1.60099 1.64693 0.0610556
-0.93263 -0.975173 0.279111 1.60062 1.64646 0.0465185
-0.93244 -0.974999 0.157 1.60025 1.6462 0.0290741
-0.93226 -0.974999 0 1.59988 1.64612 0.0465185
-0.93207 -0.974999 0 1.5995 1.64603 0.0697778
-0.93188 -0.974824 0.093037 1.59913 1.64577 0.0697778
-0.93169 -0.974417 0.238407 1.59876 1.64527 0.0290741
-0.9315 -0.974039 0.261667 1.59839 1.64478 0.0552407
-0.93131 -0.973807 0.183167 1.59801 1.64446 0.0697778
-0.93112 -0.973777 0.0377963 1.59764 1.64431 0.0610556
-0.93093 -0.973777 0 1.59727 1.64417 0.0872222
-0.93074 -0.973719 0 1.5969 1.64399 0.0785
-0.93055 -0.9734 0.188981 1.59652 1.64353 0.093037
-0.93036 -0.973022 0.261667 1.59615 1.64298 0.093037
-0.93017 -0.972673 0.206426 1.59578 1.64248 0.101759
-0.92998 -0.972615 0.0785 1.5954 1.64225 0.110481
-0.92979 -0.972615 0 1.59503 1.64207 0.110481
-0.9296 -0.972615 0 1.59466 1.64187 0.119204
-0.92941 -0.972382 0.165722 1.59428 1.64143 0.133741
-0.92922 -0.972004 0.220963 1.59391 1.64082 0.157
-0.92903 -0.971742 0.215148 1.59354 1.64033 0.151185
-0.92884 -0.971626 0.093037 1.59316 1.63995 0.174444
-0.92865 -0.971626 0 1.59279 1.63969 0.151185
-0.92846 -0.971626 0 1.59241 1.6394 0.183167
-0.92827 -0.971393 0.142463 1.59204 1.63885 0.197704
-0.92808 -0.971074 0.215148 1.59167 1.63821 0.220963
-0.92789 -0.970783 0.206426 1.59129 1.6376 0.220963
-0.9277 -0.970667 0.093037 1.59092 1.63713 0.229685
-0.92751 -0.970667 0 1.59055 1.63675 0.220963
-0.92732 -0.970667 0 1.59017 1.63638 0.252944
-0.92713 -0.970521 0.110481 1.5898 1.63582 0.252944
-0.92694 -0.970201 0.197704 1.58942 1.6351 0.270389
-0.92675 -0.96994 0.197704 1.58905 1.6344 0.284926
-0.92656 -0.969852 0.101759 1.58867 1.63388 0.30237
-0.92637 -0.969852 0 1.5883 1.63341 0.284926
-0.92618 -0.969852 0 1.58792 1.63294 0.316907
-0.92599 -0.969707 0.0465185 1.58755 1.63233 0.311093
-0.92579 -0.969416 0.174444 1.58718 1.63152 0.334352
-0.9256 -0.969155 0.183167 1.5868 1.63068 0.348889
-0.92541 -0.969009 0.119204 1.58643 1.63001 0.366333
-0.92522 -0.96898 0 1.58605 1.6294 0.366333
-0.92503 -0.969009 0 1.58568 1.62885 0.389593
-0.92484 -0.968922 0 1.5853 1.62815 0.407037
-0.92465 -0.96869 0.151185 1.58493 1.62728 0.430296
-0.92446 -0.968428 0.183167 1.58455 1.62632 0.444833
-0.92427 -0.968253 0.133741 1.58417 1.62544 0.462278
-0.92408 -0.968224 0 1.5838 1.62451 0.502981
-0.92389 -0.968224 0 1.58342 1.62376 0.485537
-0.9237 -0.968195 0 1.58305 1.623 0.502981
-0.92351 -0.967905 0.142463 1.58267 1.6219 0.471
-0.92332 -0.967643 0.174444 1.5823 1.621 0.444833
-0.92313 -0.967468 0.142463 1.58192 1.62009 0.407037
-0.92293 -0.967439 0.014537 1.58155 1.61951 0.38087
-0.92274 -0.967468 0 1.58117 1.61905 0.334352
-0.92255 -0.967439 0 1.58079 1.61855 0.32563
-0.92236 -0.967236 0.142463 1.58042 1.61791 0.279111
-0.92217 -0.966974 0.157 1.58004 1.61727 0.252944
-0.92198 -0.966829 0.125019 1.57967 1.61678 0.252944
-0.92179 -0.966771 0.0465185 1.57929 1.6164 0.220963
-0.9216 -0.966771 0 1.57891 1.61608 0.197704
-0.92141 -0.966771 0 1.57854 1.61582 0.188981
-0.92122 -0.966596 0.110481 1.57816 1.61538 0.157
-0.92102 -0.966335 0.157 1.57778 1.61486 0.183167
-0.92083 -0.96616 0.142463 1.57741 1.61448 0.157
-0.92064 -0.966102 0.0610556 1.57703 1.61416 0.151185
-0.92045 -0.966102 0 1.57665 1.61393 0.165722
-0.92026 -0.966102 0 1.57628 1.6137 0.142463
-0.92007 -0.965927 0.093037 1.5759 1.61332 0.151185
-0.91988 -0.965695 0.174444 1.57552 1.61283 0.151185
-0.91968 -0.965491 0.142463 1.57515 1.61239 0.151185
-0.91949 -0.965404 0.0785 1.57477 1.61204 0.165722
-0.9193 -0.965404 0 1.57439 1.61178 0.165722
-0.91911 -0.965375 0 1.57402 1.61146 0.165722
-0.91892 -0.965201 0.101759 1.57364 1.61099 0.183167
-0.91873 -0.964939 0.165722 1.57326 1.61041 0.188981
-0.91854 -0.964677 0.174444 1.57288 1.60986 0.220963
-0.91834 -0.964561 0.110481 1.57251 1.60939 0.215148
-0.91815 -0.964532 0 1.57213 1.60902 0.229685
-0.91796 -0.964474 0 1.57175 1.60864 0.206426
-0.91777 -0.964328 0.093037 1.57137 1.60814 0.229685
-0.91758 -0.964038 0.174444 1.57099 1.60751 0.229685
-0.91739 -0.963718 0.215148 1.57062 1.60684 0.238407
-0.91719 -0.963514 0.151185 1.57024 1.60628 0.24713
-0.917 -0.963427 0.0465185 1.56986 1.60585 0.229685
-0.91681 -0.963398 0 1.56948 1.60547 0.220963
-0.91662 -0.963253 0.0785 1.5691 1.605 0.220963
-0.91643 -0.962962 0.165722 1.56873 1.60437 0.220963
-0.91624 -0.962613 0.220963 1.56835 1.60373 0.197704
-0.91604 -0.962293 0.206426 1.56797 1.60306 0.215148
-0.91585 -0.962177 0.110481 1.56759 1.60262 0.206426
-0.91566 -0.962148 0.0610556 1.56721 1.6023 0.188981
-0.91547 -0.962032 0.0290741 1.56683 1.60186 0.197704
-0.91528 -0.961799 0.142463 1.56646 1.60137 0.197704
-0.91508 -0.96145 0.215148 1.56608 1.60073 0.188981
-0.91489 -0.96113 0.252944 1.5657 1.60018 0.157
-0.9147 -0.960927 0.151185 1.56532 1.59974 0.142463
-0.91451 -0.960869 0.0697778 1.56494 1.59948 0.142463
-0.91431 -0.96084 0.0290741 1.56456 1.59925 0.142463
-0.91412 -0.960665 0.093037 1.56418 1.59887 0.125019
-0.91393 -0.960374 0.183167 1.5638 1.5984 0.125019
-0.91374 -0.960025 0.252944 1.56342 1.59791 0.101759
-0.91355 -0.959764 0.183167 1.56304 1.5975 0.093037
-0.91335 -0.959677 0.0552407 1.56266 1.59724 0.0872222
-0.91316 -0.959647 0 1.56228 1.59707 0.0872222
-0.91297 -0.959531 0.0785 1.5619 1.59683 0.093037
-0.91278 -0.95927 0.183167 1.56152 1.59643 0.093037
-0.91259 -0.958921 0.238407 1.56114 1.59593 0.0872222
-0.9124 -0.958659 0.183167 1.56076 1.5955 0.093037
-0.91221 -0.958572 0.0697778 1.56038 1.59526 0.0785
-0.91202 -0.958572 0 1.56 1.59509 0.119204
-0.91183 -0.958455 0.0872222 1.55962 1.5948 0.093037
-0.91163 -0.958165 0.165722 1.55924 1.59433 0.110481
-0.91144 -0.957816 0.229685 1.55886 1.59381 0.119204
-0.91125 -0.957554 0.197704 1.55848 1.59338 0.125019
-0.91106 -0.957438 0.101759 1.5581 1.59306 0.125019
-0.91087 -0.957409 0 1.55771 1.59282 0.133741
-0.91068 -0.957322 0.0552407 1.55733 1.59253 0.142463
-0.91049 -0.95706 0.151185 1.55695 1.59207 0.133741
-0.9103 -0.956711 0.229685 1.55657 1.59149 0.125019
-0.9101 -0.956362 0.238407 1.55619 1.59093 0.133741
-0.90991 -0.956188 0.142463 1.55581 1.5905 0.151185
-0.90972 -0.95613 0.0290741 1.55543 1.59021 0.151185
-0.90953 -0.956071 0.014537 1.55504 1.58989 0.174444
-0.90934 -0.955868 0.119204 1.55466 1.58942 0.157
-0.90915 -0.955461 0.229685 1.55428 1.58878 0.165722
-0.90895 -0.955054 0.284926 1.5539 1.58808 0.174444
-0.90876 -0.954792 0.206426 1.55352 1.58759 0.183167
-0.90857 -0.954705 0.0610556 1.55313 1.58724 0.165722
-0.90838 -0.954705 0 1.55275 1.58698 0.165722
-0.90819 -0.95456 0.0872222 1.55237 1.58657 0.157
-0.908 -0.954211 0.206426 1.55199 1.58596 0.165722
-0.9078 -0.953804 0.279111 1.5516 1.58532 0.165722
-0.90761 -0.953484 0.252944 1.55122 1.58474 0.165722
-0.90742 -0.953338 0.101759 1.55084 1.58436 0.157
-0.90723 -0.953338 0 1.55046 1.58416 0.133741
-0.90704 -0.953251 0.00581481 1.55007 1.58384 0.142463
-0.90684 -0.95296 0.183167 1.54969 1.58332 0.151185
-0.90665 -0.952524 0.279111 1.54931 1.58268 0.142463
-0.90646 -0.952117 0.279111 1.54893 1.58207 0.157
-0.90627 -0.951914 0.151185 1.54854 1.5816 0.142463
-0.90608 -0.951914 0 1.54816 1.5814 0.142463
-0.90588 -0.951914 0 1.54778 1.58119 0.142463
-0.90569 -0.951681 0.142463 1.54739 1.58073 0.142463
-0.9055 -0.951274 0.270389 1.54701 1.58012 0.151185
-0.90531 -0.950867 0.293648 1.54663 1.57948 0.133741
-0.90512 -0.950664 0.165722 1.54624 1.57907 0.142463
-0.90492 -0.950635 0 1.54586 1.57878 0.151185
-0.90473 -0.950635 0 1.54548 1.57855 0.157
-0.90454 -0.95046 0.133741 1.54509 1.57814 0.142463
-0.90435 -0.950053 0.252944 1.54471 1.57753 0.151185
-0.90415 -0.949646 0.279111 1.54432 1.57689 0.157
-0.90396 -0.949413 0.165722 1.54394 1.57642 0.151185
-0.90377 -0.949413 0 1.54356 1.57619 0.157
-0.90358 -0.949413 0 1.54317 1.57599 0.142463
-0.90338 -0.94921 0.093037 1.54279 1.57558 0.133741
-0.90319 -0.948832 0.252944 1.5424 1.57503 0.133741
-0.903 -0.948425 0.284926 1.54202 1.57445 0.093037
-0.90281 -0.948163 0.197704 1.54164 1.57401 0.119204
-0.90261 -0.948134 0.0697778 1.54125 1.57384 0.110481
-0.90242 -0.948134 0 1.54087 1.57366 0.0872222
-0.90223 -0.948018 0 1.54048 1.5734 0.0785
-0.90204 -0.947669 0.220963 1.5401 1.57294 0.0697778
-0.90184 -0.947233 0.30237 1.53971 1.57238 0.0610556
-0.90165 -0.946884 0.24713 1.53933 1.57192 0.0697778
-0.90146 -0.946797 0.0697778 1.53894 1.57171 0.0785
-0.90126 -0.946797 0 1.53856 1.57163 0.0785
-0.90107 -0.946797 0 1.53817 1.57151 0.0785
-0.90088 -0.946535 0.165722 1.53779 1.57116 0.0785
-0.90069 -0.94607 0.270389 1.5374 1.57061 0.0785
-0.90049 -0.945692 0.252944 1.53702 1.57012 0.0872222
-0.9003 -0.945547 0.142463 1.53663 1.56985 0.0377963
-0.90011 -0.945547 0 1.53625 1.56977 0.0785
-0.89991 -0.945547 0 1.53586 1.56965 0.0785
-0.89972 -0.945256 0.125019 1.53547 1.56927 0.0465185
-0.89953 -0.944849 0.284926 1.53509 1.56875 0.0377963
-0.89933 -0.944442 0.284926 1.5347 1.56826 0.0697778
-0.89914 -0.944267 0.110481 1.53432 1.56799 0.0697778
-0.89895 -0.944267 0 1.53393 1.56788 0.0697778
-0.89875 -0.944267 0 1.53355 1.56779 0.0697778
-0.89856 -0.944006 0.165722 1.53316 1.56744 0.0232593
-0.89837 -0.943599 0.252944 1.53277 1.56698 0.0290741
-0.89817 -0.943192 0.24713 1.53239 1.56648 0.0552407
-0.89798 -0.943075 0.101759 1.532 1.56631 0.0552407
-0.89779 -0.943075 0 1.53161 1.56628 0.0552407
-0.89759 -0.943046 0 1.53123 1.56622 0.0465185
-0.8974 -0.942814 0.142463 1.53084 1.56596 0.0290741
-0.89721 -0.942407 0.270389 1.53045 1.56552 0.0465185
-0.89701 -0.942058 0.261667 1.53007 1.56514 0.0290741
-0.89682 -0.941883 0.125019 1.52968 1.56494 0.0465185
-0.89663 -0.941883 0 1.52929 1.56488 0
-0.89643 -0.941912 0 1.52891 1.56491 0
-0.89624 -0.941738 0.0785 1.52852 1.56471 0.0610556
-0.89604 -0.94136 0.24713 1.52813 1.56433 0
-0.89585 -0.941011 0.252944 1.52775 1.56395 0.0610556
-0.89566 -0.940807 0.174444 1.52736 1.56372 0.0610556
-0.89546 -0.940778 0 1.52697 1.56366 0
-0.89527 -0.940778 0 1.52658 1.56366 0
-0.89508 -0.940662 0 1.5262 1.56352 0.0465185
-0.89488 -0.940342 0.220963 1.52581 1.56317 0.0232593
-0.89469 -0.939935 0.252944 1.52542 1.56273 0
-0.89449 -0.939615 0.229685 1.52503 1.56241 0
-0.8943 -0.939557 0.0610556 1.52464 1.56232 0.0232593
-0.89411 -0.939586 0 1.52426 1.56232 0.0377963
-0.89391 -0.939615 0 1.52387 1.56229 0.0290741
-0.89372 -0.939354 0.151185 1.52348 1.56203 0
-0.89352 -0.938976 0.229685 1.52309 1.56163 0.014537
-0.89333 -0.938656 0.238407 1.5227 1.56128 0.0377963
-0.89313 -0.938482 0.142463 1.52232 1.56107 0.0377963
-0.89294 -0.938452 0.0290741 1.52193 1.56102 0
-0.89275 -0.938452 0 1.52154 1.56102 0
-0.89255 -0.938307 0.0697778 1.52115 1.56084 0
-0.89236 -0.937987 0.206426 1.52076 1.56049 0
-0.89216 -0.937609 0.261667 1.52037 1.56011 0
-0.89197 -0.937348 0.188981 1.51998 1.55982 0.0552407
-0.89177 -0.93729 0.0785 1.5196 1.55974 0.0232593
-0.89158 -0.93729 0 1.51921 1.55971 0
-0.89138 -0.937202 0 1.51882 1.55959 0
-0.89119 -0.936941 0.165722 1.51843 1.5593 0.0377963
-0.891 -0.936534 0.252944 1.51804 1.55886 0
-0.8908 -0.936185 0.252944 1.51765 1.55852 0
-0.89061 -0.936039 0.101759 1.51726 1.55834 0
-0.89042 -0.936039 0 1.51687 1.55831 0.014537
-0.89023 -0.936039 0 1.51648 1.55828 0.0290741
-0.89003 -0.935807 0.142463 1.51608 1.55802 0.0377963
-0.88984 -0.935429 0.220963 1.51569 1.55761 0
-0.88965 -0.93508 0.238407 1.5153 1.55724 0
-0.88946 -0.934876 0.151185 1.51491 1.557 0.0377963
-0.88926 -0.934876 0 1.51452 1.55695 0.0610556
-0.88907 -0.934847 0 1.51413 1.55686 0
-0.88888 -0.934673 0.093037 1.51374 1.55665 0
-0.88869 -0.934295 0.270389 1.51334 1.55625 0
-0.88849 -0.933772 0.279111 1.51295 1.55567 0.0465185
-0.8883 -0.933626 0.133741 1.51256 1.55549 0.0377963
-0.88811 -0.933626 0 1.51217 1.55543 0.0465185
-0.88792 -0.933626 0 1.51178 1.5554 0
-0.88772 -0.933423 0.133741 1.51139 1.55514 0.0465185
-0.88753 -0.933045 0.252944 1.51099 1.55471 0
-0.88734 -0.932667 0.252944 1.5106 1.5543 0.0465185
-0.88714 -0.932463 0.165722 1.51021 1.55404 0.014537
-0.88695 -0.932405 0.0290741 1.50982 1.55392 0.0552407
-0.88676 -0.932405 0 1.50942 1.55389 0
-0.88657 -0.93226 0.0872222 1.50903 1.55369 0.0552407
-0.88637 -0.931853 0.24713 1.50864 1.55322 0.0232593
-0.88618 -0.931446 0.279111 1.50825 1.55276 0.0232593
-0.88599 -0.931155 0.206426 1.50785 1.55238 0.0465185
-0.88579 -0.931097 0.0697778 1.50746 1.55226 0.0290741
-0.8856 -0.931097 0 1.50707 1.55221 0.0232593
-0.88541 -0.93101 0 1.50667 1.55206 0.0232593
-0.88521 -0.930719 0.183167 1.50628 1.55171 0
-0.88502 -0.930283 0.279111 1.50589 1.55122 0.0290741
-0.88483 -0.929876 0.284926 1.50549 1.55072 0.0377963
-0.88463 -0.929701 0.125019 1.5051 1.55049 0.0552407
-0.88444 -0.929701 0 1.50471 1.5504 0.0377963
-0.88425 -0.929701 0 1.50431 1.55032 0.0610556
-0.88405 -0.929469 0.142463 1.50392 1.55003 0.0610556
-0.88386 -0.929062 0.261667 1.50353 1.54953 0.0377963
-0.88367 -0.928625 0.284926 1.50313 1.54901 0.0785
-0.88347 -0.928393 0.183167 1.50274 1.54869 0.0610556
-0.88328 -0.928364 0.0552407 1.50234 1.54854 0.0610556
-0.88309 -0.928364 0 1.50195 1.54846 0.0697778
-0.88289 -0.928189 0.101759 1.50156 1.54819 0.0290741
-0.8827 -0.927811 0.229685 1.50116 1.54773 0.0377963
-0.88251 -0.927404 0.279111 1.50077 1.54726 0.0465185
-0.88231 -0.927114 0.229685 1.50037 1.54686 0.0377963
-0.88212 -0.926997 0.0697778 1.49998 1.54665 0.0377963
-0.88192 -0.926968 0.014537 1.49958 1.54657 0.0697778
-0.88173 -0.926881 0.0232593 1.49919 1.54639 0.0552407
-0.88154 -0.926561 0.197704 1.49879 1.54598 0.0697778
-0.88134 -0.926038 0.30237 1.4984 1.54537 0.0290741
-0.88115 -0.92566 0.252944 1.49801 1.54491 0.0785
-0.88095 -0.925544 0.0872222 1.49761 1.54473 0.0610556
-0.88076 -0.925544 0 1.49722 1.54465 0.0552407
-0.88057 -0.925515 0 1.49682 1.54456 0.0377963
-0.88037 -0.925224 0.183167 1.49642 1.54418 0.0697778
-0.88018 -0.924817 0.284926 1.49603 1.54369 0.0465185
-0.87998 -0.92441 0.279111 1.49563 1.54319 0.0610556
-0.87979 -0.924235 0.133741 1.49524 1.54293 0.0377963
-0.8796 -0.924235 0 1.49484 1.54284 0.0552407
-0.8794 -0.924235 0 1.49445 1.54276 0.0785
-0.87921 -0.924003 0.157 1.49405 1.54244 0.0697778
-0.87901 -0.923567 0.252944 1.49366 1.54186 0.0785
-0.87882 -0.923101 0.24713 1.49326 1.54127 0.0785
-0.87862 -0.922927 0.142463 1.49286 1.54098 0.0872222
-0.87843 -0.922898 0.0552407 1.49247 1.54081 0.0610556
-0.87824 -0.922898 0 1.49207 1.54069 0.0697778
-0.87804 -0.922694 0.119204 1.49167 1.54034 0.0872222
-0.87785 -0.922345 0.229685 1.49128 1.53985 0.093037
-0.87765 -0.921938 0.24713 1.49088 1.53927 0.0785
-0.87746 -0.921677 0.183167 1.49049 1.53886 0.101759
-0.87726 -0.921648 0.0232593 1.49009 1.53866 0.110481
-0.87707 -0.921648 0 1.48969 1.53848 0.119204
-0.87687 -0.921473 0.0872222 1.4893 1.53813 0.110481
-0.87668 -0.921124 0.215148 1.4889 1.53761 0.110481
-0.87648 -0.920746 0.252944 1.4885 1.53703 0.125019
-0.87629 -0.920485 0.206426 1.4881 1.53656 0.125019
-0.87609 -0.920397 0.0785 1.48771 1.53624 0.151185
-0.8759 -0.920397 0 1.48731 1.53604 0.151185
-0.8757 -0.920339 0 1.48691 1.53572 0.157
-0.87551 -0.920107 0.165722 1.48652 1.53526 0.157
-0.87531 -0.9197 0.252944 1.48612 1.53456 0.183167
-0.87512 -0.919351 0.252944 1.48572 1.53395 0.183167
-0.87492 -0.919205 0.119204 1.48532 1.53351 0.197704
-0.87473 -0.919205 0 1.48492 1.53322 0.206426
-0.87453 -0.919205 0 1.48453 1.5329 0.206426
-0.87434 -0.919031 0.0465185 1.48413 1.53241 0.220963
-0.87414 -0.918711 0.238407 1.48373 1.53174 0.215148
-0.87395 -0.918333 0.252944 1.48333 1.53098 0.220963
-0.87375 -0.918101 0.188981 1.48293 1.5304 0.220963
-0.87356 -0.918072 0 1.48254 1.52999 0.229685
-0.87336 -0.918072 0 1.48214 1.5295 0.252944
-0.87317 -0.917984 0 1.48174 1.52903 0.252944
-0.87297 -0.917635 0.206426 1.48134 1.52828 0.279111
-0.87277 -0.917228 0.261667 1.48094 1.52735 0.293648
-0.87258 -0.916967 0.188981 1.48054 1.52659 0.311093
-0.87238 -0.916938 0.00581481 1.48015 1.52598 0.316907
-0.87219 -0.916967 0 1.47975 1.52549 0.343074
-0.87199 -0.916938 0 1.47935 1.52493 0.348889
-0.8718 -0.916647 0.174444 1.47895 1.52406 0.375056
-0.8716 -0.916356 0.229685 1.47855 1.52319 0.38087
-0.8714 -0.916065 0.188981 1.47815 1.52229 0.389593
-0.87121 -0.915978 0.0465185 1.47775 1.52156 0.421574
-0.87101 -0.915978 0 1.47735 1.52092 0.444833
-0.87082 -0.915949 0 1.47695 1.52022 0.421574
-0.87062 -0.915746 0.133741 1.47655 1.51938 0.430296
-0.87042 -0.915426 0.197704 1.47615 1.51845 0.412852
-0.87023 -0.915164 0.197704 1.47575 1.51761 0.38087
-0.87003 -0.915019 0.093037 1.47535 1.51691 0.366333
-0.86984 -0.915019 0 1.47495 1.51642 0.343074
-0.86964 -0.915019 0 1.47455 1.51595 0.284926
-0.86944 -0.914844 0.119204 1.47415 1.5154 0.270389
-0.86925 -0.914525 0.188981 1.47375 1.51461 0.238407
-0.86905 -0.914263 0.183167 1.47335 1.51397 0.252944
-0.86885 -0.914147 0.0872222 1.47295 1.51348 0.252944
-0.86866 -0.914147 0 1.47255 1.51313 0.252944
-0.86846 -0.914147 0 1.47215 1.51275 0.252944
-0.86827 -0.913972 0.093037 1.47175 1.5122 0.229685
-0.86807 -0.913681 0.165722 1.47135 1.51156 0.220963
-0.86787 -0.913449 0.174444 1.47095 1.51098 0.24713
-0.86768 -0.913274 0.119204 1.47055 1.5104 0.252944
-0.86748 -0.913245 0.014537 1.47015 1.50999 0.252944
-0.86728 -0.913245 0 1.46975 1.50961 0.252944
-0.86709 -0.913158 0.0232593 1.46934 1.50918 0.229685
-0.86689 -0.912896 0.165722 1.46894 1.50854 0.220963
-0.86669 -0.912635 0.183167 1.46854 1.50793 0.238407
-0.8665 -0.912402 0.157 1.46814 1.50734 0.252944
-0.8663 -0.912344 0.0697778 1.46774 1.50697 0.206426
-0.8661 -0.912344 0 1.46734 1.50665 0.215148
-0.8659 -0.912315 0 1.46694 1.5063 0.188981
-0.86571 -0.912082 0.133741 1.46653 1.50577 0.183167
-0.86551 -0.911821 0.183167 1.46613 1.50519 0.206426
-0.86531 -0.911559 0.165722 1.46573 1.50467 0.183167
-0.86512 -0.911385 0.125019 1.46533 1.50418 0.206426
-0.86492 -0.911355 0.0610556 1.46493 1.50386 0.206426
-0.86472 -0.911297 0 1.46452 1.50348 0.197704
-0.86453 -0.911152 0.0872222 1.46412 1.50301 0.215148
-0.86433 -0.91089 0.151185 1.46372 1.50243 0.206426
-0.86413 -0.91057 0.206426 1.46332 1.50179 0.215148
-0.86393 -0.910309 0.183167 1.46291 1.50121 0.206426
-0.86374 -0.910163 0.119204 1.46251 1.50072 0.215148
-0.86354 -0.910105 0.0465185 1.46211 1.50034 0.220963
-0.86334 -0.909989 0.0465185 1.4617 1.49987 0.220963
-0.86314 -0.909756 0.125019 1.4613 1.49932 0.206426
-0.86295 -0.909437 0.188981 1.4609 1.49868 0.206426
-0.86275 -0.909117 0.220963 1.4605 1.49807 0.188981
-0.86255 -0.908913 0.151185 1.46009 1.49755 0.197704
-0.86235 -0.908768 0.101759 1.45969 1.49711 0.197704
-0.86216 -0.908681 0.0290741 1.45929 1.4967 0.197704
-0.86196 -0.908535 0.0697778 1.45888 1.4963 0.183167
-0.86176 -0.908274 0.151185 1.45848 1.49574 0.174444
-0.86156 -0.907954 0.220963 1.45807 1.49516 0.165722
-0.86136 -0.907634 0.206426 1.45767 1.49461 0.165722
-0.86117 -0.90746 0.142463 1.45727 1.49417 0.174444
-0.86097 -0.907372 0.0697778 1.45686 1.49388 0.142463
-0.86077 -0.907256 0.0290741 1.45646 1.49356 0.125019
-0.86057 -0.907082 0.119204 1.45605 1.49319 0.119204
-0.86037 -0.906762 0.183167 1.45565 1.49266 0.119204
-0.86018 -0.906442 0.215148 1.45525 1.49217 0.110481
-0.85998 -0.90618 0.183167 1.45484 1.49176 0.110481
-0.85978 -0.906064 0.101759 1.45444 1.49147 0.0872222
-0.85958 -0.905948 0.0377963 1.45403 1.49121 0.101759
-0.85938 -0.905831 0.0610556 1.45363 1.49095 0.0872222
-0.85919 -0.90557 0.151185 1.45322 1.49057 0.0872222
-0.85899 -0.90525 0.229685 1.45282 1.49013 0.0872222
-0.85879 -0.90493 0.206426 1.45241 1.48967 0.093037
-0.85859 -0.904756 0.133741 1.45201 1.48935 0.0872222
-0.85839 -0.904697 0.0610556 1.4516 1.48917 0.093037
-0.85819 -0.904581 0.0290741 1.4512 1.48894 0.0785
-0.85799 -0.904407 0.133741 1.45079 1.48862 0.0785
-0.8578 -0.904087 0.197704 1.45039 1.48816 0.101759
-0.8576 -0.903767 0.229685 1.44998 1.48769 0.093037
-0.8574 -0.903535 0.174444 1.44957 1.48731 0.101759
-0.8572 -0.903418 0.093037 1.44917 1.48705 0.119204
-0.857 -0.903331 0.0697778 1.44876 1.48679 0.0872222
-0.8568 -0.903186 0.101759 1.44836 1.4865 0.101759
-0.8566 -0.902924 0.183167 1.44795 1.48609 0.101759
-0.85641 -0.902604 0.197704 1.44755 1.48563 0.110481
-0.85621 -0.902313 0.206426 1.44714 1.48516 0.110481
-0.85601 -0.90211 0.157 1.44673 1.48478 0.119204
-0.85581 -0.901965 0.093037 1.44633 1.48446 0.119204
-0.85561 -0.901848 0.0610556 1.44592 1.48417 0.101759
-0.85541 -0.901645 0.142463 1.44551 1.48379 0.119204
-0.85521 -0.901354 0.197704 1.44511 1.4833 0.101759
-0.85501 -0.901005 0.220963 1.4447 1.48275 0.133741
-0.85481 -0.900743 0.188981 1.44429 1.48228 0.133741
-0.85461 -0.900598 0.093037 1.44389 1.48193 0.125019
-0.85441 -0.900511 0.0552407 1.44348 1.48164 0.142463
-0.85421 -0.900336 0.093037 1.44307 1.48124 0.133741
-0.85402 -0.900046 0.183167 1.44266 1.48071 0.165722
-0.85382 -0.899726 0.229685 1.44226 1.48019 0.142463
-0.85362 -0.899406 0.206426 1.44185 1.47961 0.157
-0.85342 -0.899232 0.119204 1.44144 1.47917 0.157
-0.85322 -0.899144 0.0697778 1.44103 1.47885 0.174444
-0.85302 -0.899028 0.0552407 1.44063 1.47847 0.157
-0.85282 -0.898795 0.142463 1.44022 1.47798 0.165722
-0.85262 -0.898476 0.215148 1.43981 1.47743 0.165722
-0.85242 -0.898156 0.220963 1.4394 1.47685 0.188981
-0.85222 -0.897923 0.165722 1.43899 1.47635 0.151185
-0.85202 -0.897807 0.0785 1.43859 1.47597 0.174444
-0.85182 -0.897749 0.0552407 1.43818 1.47565 0.165722
-0.85162 -0.897545 0.093037 1.43777 1.47519 0.174444
-0.85142 -0.897255 0.206426 1.43736 1.47467 0.157
-0.85122 -0.896935 0.206426 1.43695 1.47408 0.157
-0.85102 -0.896644 0.206426 1.43654 1.47356 0.174444
-0.85082 -0.896499 0.119204 1.43613 1.47315 0.157
-0.85062 -0.896411 0.0610556 1.43573 1.47283 0.165722
-0.85042 -0.896324 0.0377963 1.43532 1.47249 0.157
-0.85022 -0.896092 0.151185 1.43491 1.47202 0.151185
-0.85002 -0.895772 0.206426 1.4345 1.47144 0.157
-0.84982 -0.895394 0.220963 1.43409 1.47077 0.157
-0.84962 -0.89519 0.125019 1.43368 1.47033 0.157
-0.84942 -0.895103 0.0552407 1.43327 1.46996 0.174444
-0.84922 -0.895016 0.0552407 1.43286 1.46961 0.174444
-0.84902 -0.894812 0.119204 1.43245 1.46917 0.151185
-0.84882 -0.894522 0.188981 1.43204 1.46865 0.183167
-0.84862 -0.894202 0.238407 1.43163 1.46809 0.142463
-0.84842 -0.893969 0.157 1.43122 1.46763 0.157
-0.84822 -0.893853 0.101759 1.43081 1.46728 0.151185
-0.84802 -0.893766 0 1.4304 1.46699 0.157
-0.84781 -0.89362 0.093037 1.42999 1.46664 0.133741
-0.84761 -0.893388 0.151185 1.42958 1.46618 0.142463
-0.84741 -0.893039 0.252944 1.42917 1.46562 0.151185
-0.84721 -0.892748 0.197704 1.42876 1.46513 0.133741
-0.84701 -0.892574 0.119204 1.42835 1.46472 0.133741
-0.84681 -0.892515 0.014537 1.42794 1.46449 0.125019
-0.84662 -0.892428 0.0697778 1.42752 1.4642 0.151185
-0.84642 -0.892196 0.157 1.42711 1.46376 0.125019
-0.84622 -0.891818 0.215148 1.4267 1.46315 0.133741
-0.84603 -0.891527 0.197704 1.42628 1.46266 0.142463
-0.84583 -0.891382 0.110481 1.42587 1.46231 0.125019
-0.84563 -0.891323 0.0610556 1.42545 1.46205 0.151185
-0.84544 -0.891207 0.0377963 1.42504 1.4617 0.142463
-0.84524 -0.891004 0.133741 1.42463 1.46132 0.142463
-0.84504 -0.890684 0.197704 1.42421 1.46074 0.142463
-0.84484 -0.890364 0.206426 1.4238 1.46022 0.133741
-0.84465 -0.89019 0.142463 1.42338 1.45987 0.119204
-0.84445 -0.890131 0.0610556 1.42297 1.45961 0.125019
-0.84425 -0.890044 0.0377963 1.42255 1.45934 0.125019
-0.84405 -0.88987 0.110481 1.42214 1.45902 0.0872222
-0.84386 -0.889608 0.174444 1.42172 1.45862 0.093037
-0.84366 -0.889317 0.206426 1.42131 1.45818 0.101759
-0.84346 -0.889056 0.174444 1.42089 1.45777 0.0697778
-0.84326 -0.888939 0.093037 1.42048 1.45754 0.0610556
-0.84307 -0.88891 0.0465185 1.42006 1.4574 0.0872222
-0.84287 -0.888765 0.0552407 1.41965 1.45713 0.0785
-0.84267 -0.888532 0.151185 1.41923 1.45681 0.0785
-0.84247 -0.888212 0.206426 1.41882 1.45638 0.0697778
-0.84227 -0.887893 0.197704 1.4184 1.45597 0.0377963
-0.84208 -0.887747 0.101759 1.41799 1.45574 0.0697778
-0.84188 -0.887718 0.0610556 1.41757 1.45562 0.0377963
-0.84168 -0.887631 0.0785 1.41715 1.45542 0.0785
-0.84148 -0.887427 0.119204 1.41674 1.45513 0.0610556
-0.84128 -0.887108 0.183167 1.41632 1.45472 0.0697778
-0.84109 -0.886846 0.165722 1.41591 1.45437 0.0377963
-0.84089 -0.886642 0.133741 1.41549 1.45405 0.0697778
-0.84069 -0.886526 0.0465185 1.41507 1.45382 0.0552407
-0.84049 -0.886439 0.0785 1.41466 1.45365 0.0552407
-0.84029 -0.886294 0.093037 1.41424 1.45338 0.0552407
-0.84009 -0.886032 0.174444 1.41382 1.45301 0.0552407
-0.8399 -0.88577 0.188981 1.41341 1.45266 0.0552407
-0.8397 -0.885538 0.165722 1.41299 1.45234 0.0465185
-0.8395 -0.885421 0.0697778 1.41257 1.45213 0.0552407
-0.8393 -0.885334 0.0377963 1.41216 1.45193 0.0377963
-0.8391 -0.885189 0.0552407 1.41174 1.45173 0.0697778
-0.8389 -0.884956 0.157 1.41132 1.45141 0.0377963
-0.8387 -0.884636 0.215148 1.4109 1.45103 0.0552407
-0.83851 -0.884346 0.197704 1.41049 1.45065 0.014537
-0.83831 -0.884171 0.119204 1.41007 1.45042 0.0290741
-0.83811 -0.884113 0.0465185 1.40965 1.45027 0.0697778
-0.83791 -0.884026 0.0785 1.40923 1.45013 0.0785
-0.83771 -0.883822 0.119204 1.40881 1.44987 0.0552407
-0.83751 -0.883502 0.174444 1.4084 1.44949 0.0290741
-0.83731 -0.883212 0.206426 1.40798 1.44914 0
-0.83711 -0.883008 0.142463 1.40756 1.44888 0.0552407
-0.83691 -0.882892 0.110481 1.40714 1.4487 0.0610556
-0.83671 -0.882776 0.0785 1.40672 1.44853 0.0377963
-0.83652 -0.882572 0.125019 1.4063 1.4483 0.0465185
-0.83632 -0.882281 0.157 1.40589 1.44792 0.0232593
-0.83612 -0.881991 0.197704 1.40547 1.4476 0.0377963
-0.83592 -0.881758 0.157 1.40505 1.44731 0
-0.83572 -0.881613 0.110481 1.40463 1.4471 0.0697778
-0.83552 -0.881496 0.0872222 1.40421 1.44696 0
-0.83532 -0.881351 0.0610556 1.40379 1.44678 0.0465185
-0.83512 -0.881118 0.151185 1.40337 1.44649 0.0552407
-0.83492 -0.880828 0.188981 1.40295 1.44614 0
-0.83472 -0.880508 0.215148 1.40253 1.4458 0.014537
-0.83452 -0.880304 0.133741 1.40211 1.44553 0
-0.83432 -0.880188 0.0872222 1.40169 1.44539 0.0465185
-0.83412 -0.880101 0.0785 1.40127 1.44524 0.0232593
-0.83392 -0.879926 0.125019 1.40085 1.44504 0.0290741
-0.83372 -0.879636 0.174444 1.40043 1.44472 0.0465185
-0.83352 -0.879345 0.220963 1.40001 1.44434 0.0232593
-0.83332 -0.879112 0.188981 1.39959 1.44405 0.0290741
-0.83312 -0.878967 0.093037 1.39917 1.44385 0.0610556
-0.83292 -0.878851 0.0785 1.39875 1.44367 0.0610556
-0.83272 -0.878705 0.0785 1.39833 1.44347 0.00581481
-0.83252 -0.878415 0.165722 1.39791 1.44306 0.0377963
-0.83232 -0.878095 0.215148 1.39749 1.44268 0.0697778
-0.83212 -0.877804 0.215148 1.39707 1.44231 0.0290741
-0.83192 -0.8776 0.142463 1.39665 1.44199 0.0552407
-0.83172 -0.877513 0.0552407 1.39623 1.44184 0.0552407
-0.83152 -0.877368 0.0872222 1.39581 1.44158 0.0785
-0.83132 -0.877135 0.133741 1.39539 1.44123 0.0465185
-0.83112 -0.876786 0.252944 1.39496 1.44077 0.0872222
-0.83092 -0.876467 0.215148 1.39454 1.44036 0.0552407
-0.83072 -0.876263 0.151185 1.39412 1.44001 0.0785
-0.83052 -0.876205 0.0697778 1.3937 1.43983 0.0872222
-0.83031 -0.876118 0.0552407 1.39328 1.4396 0.0785
-0.83011 -0.875914 0.119204 1.39286 1.43925 0.0785
-0.82991 -0.875623 0.188981 1.39243 1.43882 0.101759
-0.82971 -0.875275 0.238407 1.39201 1.43829 0.125019
-0.82951 -0.874984 0.188981 1.39159 1.43783 0.093037
-0.82931 -0.874867 0.0872222 1.39117 1.43754 0.119204
-0.82911 -0.874809 0.00581481 1.39074 1.43731 0.125019
-0.82891 -0.874693 0.0785 1.39032 1.43699 0.125019
-0.82871 -0.874402 0.188981 1.3899 1.43649 0.125019
-0.82851 -0.874024 0.24713 1.38948 1.43594 0.142463
-0.8283 -0.873734 0.229685 1.38905 1.43544 0.133741
-0.8281 -0.873559 0.101759 1.38863 1.43504 0.133741
-0.8279 -0.873559 0 1.38821 1.43483 0.157
-0.8277 -0.873472 0.014537 1.38778 1.43454 0.142463
-0.8275 -0.87321 0.151185 1.38736 1.43408 0.142463
-0.8273 -0.872861 0.24713 1.38694 1.4335 0.125019
-0.8271 -0.872512 0.252944 1.38651 1.43294 0.133741
-0.82689 -0.87228 0.157 1.38609 1.43245 0.142463
-0.82669 -0.872251 0.0232593 1.38567 1.43216 0.142463
-0.82649 -0.872251 0 1.38524 1.43193 0.142463
-0.82629 -0.872076 0.101759 1.38482 1.43152 0.157
-0.82609 -0.871727 0.220963 1.38439 1.43091 0.157
-0.82589 -0.871379 0.24713 1.38397 1.4303 0.188981
-0.82568 -0.871146 0.174444 1.38355 1.4298 0.165722
-0.82548 -0.871088 0.0290741 1.38312 1.42943 0.188981
-0.82528 -0.871088 0 1.3827 1.42914 0.206426
-0.82508 -0.870913 0.0785 1.38227 1.42858 0.206426
-0.82488 -0.870594 0.206426 1.38185 1.42791 0.229685
-0.82468 -0.870245 0.229685 1.38142 1.42719 0.238407
-0.82448 -0.869983 0.174444 1.38099 1.42655 0.24713
-0.82428 -0.869925 0.0290741 1.38057 1.42608 0.252944
-0.82408 -0.869925 0 1.38014 1.42568 0.252944
-0.82388 -0.869809 0.0785 1.37971 1.42515 0.270389
-0.82368 -0.869518 0.174444 1.37929 1.42443 0.279111
-0.82348 -0.869198 0.206426 1.37886 1.42367 0.293648
-0.82327 -0.868965 0.157 1.37843 1.42297 0.293648
-0.82307 -0.868878 0.0785 1.37801 1.42239 0.293648
-0.82287 -0.868849 0 1.37758 1.4219 0.316907
-0.82267 -0.868704 0.0785 1.37715 1.42131 0.311093
-0.82247 -0.868471 0.151185 1.37673 1.42062 0.30237
-0.82227 -0.86818 0.206426 1.3763 1.41986 0.311093
-0.82207 -0.867948 0.183167 1.37587 1.41919 0.284926
-0.82187 -0.867802 0.101759 1.37544 1.41861 0.30237
-0.82167 -0.867744 0.0377963 1.37502 1.41815 0.270389
-0.82147 -0.867686 0 1.37459 1.41774 0.24713
-0.82126 -0.867483 0.142463 1.37416 1.41722 0.220963
-0.82106 -0.867163 0.229685 1.37373 1.41658 0.206426
-0.82086 -0.866814 0.215148 1.3733 1.41588 0.188981
-0.82066 -0.866698 0.119204 1.37288 1.4155 0.188981
-0.82046 -0.866669 0 1.37245 1.41515 0.165722
-0.82026 -0.866669 0 1.37202 1.41492 0.165722
-0.82006 -0.866436 0.142463 1.37159 1.41445 0.142463
-0.81985 -0.866058 0.215148 1.37116 1.41384 0.151185
-0.81965 -0.865767 0.220963 1.37073 1.41332 0.151185
-0.81945 -0.865651 0.0872222 1.3703 1.41297 0.165722
-0.81925 -0.865651 0 1.36988 1.41277 0.133741
-0.81905 -0.865622 0 1.36945 1.41251 0.142463
-0.81885 -0.865389 0.142463 1.36902 1.41204 0.151185
-0.81864 -0.865099 0.183167 1.36859 1.41152 0.151185
-0.81844 -0.864808 0.197704 1.36816 1.41099 0.157
-0.81824 -0.864692 0.110481 1.36773 1.41064 0.157
-0.81804 -0.864662 0.0232593 1.3673 1.41038 0.142463
-0.81784 -0.864604 0.00581481 1.36687 1.41009 0.165722
-0.81763 -0.86443 0.101759 1.36644 1.40969 0.165722
-0.81743 -0.86411 0.215148 1.36601 1.40913 0.142463
-0.81723 -0.863819 0.206426 1.36558 1.40858 0.165722
-0.81703 -0.863645 0.119204 1.36515 1.4082 0.165722
-0.81682 -0.863616 0.0610556 1.36472 1.40791 0.157
-0.81662 -0.863558 0.0232593 1.36429 1.40765 0.151185
-0.81642 -0.863354 0.101759 1.36386 1.40724 0.133741
-0.81622 -0.863122 0.183167 1.36343 1.40675 0.125019
-0.81601 -0.862715 0.197704 1.363 1.40617 0.125019
-0.81581 -0.862511 0.142463 1.36256 1.40576 0.125019
-0.81561 -0.862395 0.0785 1.36213 1.40547 0.125019
-0.81541 -0.862337 0 1.3617 1.40524 0.119204
-0.8152 -0.862162 0.093037 1.36127 1.40486 0.110481
-0.815 -0.861842 0.183167 1.36084 1.40439 0.110481
-0.8148 -0.861493 0.220963 1.36041 1.4039 0.093037
-0.81459 -0.861203 0.197704 1.35998 1.40343 0.101759
-0.81439 -0.861115 0.0872222 1.35954 1.4032 0.101759
-0.81419 -0.861086 0.0552407 1.35911 1.403 0.101759
-0.81399 -0.860941 0.0377963 1.35868 1.40271 0.101759
-0.81378 -0.860679 0.165722 1.35825 1.40233 0.0697778
-0.81358 -0.86036 0.215148 1.35782 1.40184 0.110481
-0.81338 -0.86004 0.215148 1.35738 1.40137 0.0785
-0.81317 -0.859894 0.110481 1.35695 1.40108 0.101759
-0.81297 -0.859807 0.0552407 1.35652 1.40085 0.093037
-0.81277 -0.85972 0.0697778 1.35609 1.40061 0.110481
-0.81256 -0.859487 0.142463 1.35565 1.40024 0.093037
-0.81236 -0.859167 0.206426 1.35522 1.3998 0.093037
-0.81216 -0.858877 0.215148 1.35479 1.39936 0.0872222
-0.81195 -0.858644 0.142463 1.35435 1.39899 0.0785
-0.81175 -0.858557 0.0610556 1.35392 1.39878 0.0872222
-0.81154 -0.85847 0.0785 1.35349 1.39855 0.093037
-0.81134 -0.858237 0.142463 1.35305 1.3982 0.0872222
-0.81114 -0.857946 0.197704 1.35262 1.39782 0.0290741
-0.81093 -0.857627 0.188981 1.35219 1.39742 0.0785
-0.81073 -0.857423 0.183167 1.35175 1.39713 0.0697778
-0.81052 -0.857278 0.0872222 1.35132 1.39689 0.0290741
-0.81032 -0.857161 0.0697778 1.35089 1.39672 0.0377963
-0.81012 -0.856987 0.101759 1.35045 1.39649 0.0465185
-0.80991 -0.856696 0.157 1.35002 1.39614 0
-0.80971 -0.856376 0.215148 1.34958 1.39579 0
-0.8095 -0.856115 0.188981 1.34915 1.3955 0.0465185
-0.8093 -0.855911 0.119204 1.34871 1.39526 0.00581481
-0.80909 -0.855824 0.0290741 1.34828 1.39515 0
-0.80889 -0.855708 0.0552407 1.34784 1.39497 0.0290741
-0.80869 -0.855475 0.157 1.34741 1.39474 0
-0.80848 -0.855097 0.229685 1.34697 1.39433 0.014537
-0.80828 -0.854777 0.229685 1.34654 1.39399 0.014537
-0.80807 -0.854603 0.133741 1.3461 1.39378 0.0377963
-0.80787 -0.854545 0.014537 1.34567 1.39367 0.0465185
-0.80766 -0.854457 0 1.34523 1.39355 0.014537
-0.80746 -0.854254 0.133741 1.3448 1.39332 0
-0.80725 -0.853905 0.238407 1.34436 1.39294 0
-0.80705 -0.853527 0.252944 1.34392 1.39253 0.0290741
-0.80684 -0.853295 0.174444 1.34349 1.39227 0.0552407
-0.80664 -0.853236 0.0290741 1.34305 1.39215 0.0232593
-0.80643 -0.853207 0 1.34262 1.3921 0
-0.80623 -0.852975 0.119204 1.34218 1.3918 0.0552407
-0.80602 -0.852626 0.229685 1.34174 1.3914 0.0290741
-0.80582 -0.852248 0.252944 1.34131 1.39096 0.014537
-0.80561 -0.851986 0.197704 1.34087 1.39064 0.0552407
-0.80541 -0.85187 0.101759 1.34043 1.39047 0.0552407
-0.8052 -0.851812 0 1.33999 1.39035 0.0377963
-0.80499 -0.851666 0.0697778 1.33956 1.39012 0.0610556
-0.80479 -0.851376 0.174444 1.33912 1.38977 0.0465185
-0.80458 -0.850998 0.252944 1.33868 1.3893 0.0232593
-0.80438 -0.850649 0.24713 1.33825 1.3889 0.0697778
-0.80417 -0.850416 0.165722 1.33781 1.38855 0.0465185
-0.80397 -0.850358 0.0377963 1.33737 1.3884 0.0552407
-0.80376 -0.850271 0.0697778 1.33693 1.38823 0.0697778
-0.80355 -0.850067 0.110481 1.33649 1.38797 0.0697778
-0.80335 -0.849747 0.215148 1.33606 1.38753 0.0872222
-0.80314 -0.84937 0.252944 1.33562 1.38704 0.0785
-0.80294 -0.849079 0.197704 1.33518 1.38663 0.0610556
-0.80273 -0.848962 0.110481 1.33474 1.38637 0.0785
-0.80253 -0.848875 0.0552407 1.3343 1.38619 0.0785
-0.80232 -0.848701 0.0872222 1.33386 1.38587 0.0785
-0.80212 -0.848381 0.183167 1.33342 1.38544 0.0785
-0.80192 -0.848061 0.215148 1.33298 1.385 0.0872222
-0.80172 -0.847741 0.220963 1.33253 1.38454 0.093037
-0.80151 -0.847596 0.110481 1.33209 1.38425 0.093037
-0.80131 -0.847509 0.0697778 1.33165 1.38401 0.093037
-0.80111 -0.847392 0.0552407 1.33121 1.38372 0.119204
-0.8009 -0.847131 0.151185 1.33077 1.38331 0.101759
-0.8007 -0.84684 0.197704 1.33032 1.38288 0.0872222
-0.8005 -0.84652 0.220963 1.32988 1.38238 0.110481
-0.80029 -0.846317 0.133741 1.32944 1.38201 0.119204
-0.80009 -0.84623 0.0610556 1.329 1.38172 0.101759
-0.79989 -0.846142 0.0697778 1.32855 1.38145 0.110481
-0.79968 -0.845939 0.125019 1.32811 1.38108 0.119204
-0.79948 -0.845619 0.206426 1.32767 1.38055 0.119204
-0.79928 -0.845328 0.206426 1.32722 1.38009 0.119204
-0.79907 -0.845096 0.157 1.32678 1.37965 0.125019
-0.79887 -0.844979 0.0785 1.32634 1.37936 0.125019
-0.79867 -0.844892 0.0465185 1.32589 1.37907 0.125019
-0.79846 -0.844718 0.110481 1.32545 1.37872 0.133741
-0.79826 -0.844427 0.188981 1.32501 1.3782 0.142463
-0.79805 -0.844107 0.215148 1.32456 1.37767 0.133741
-0.79785 -0.843875 0.188981 1.32412 1.37724 0.142463
-0.79765 -0.843758 0.0872222 1.32367 1.37683 0.142463
-0.79744 -0.843671 0.0697778 1.32323 1.37648 0.165722
-0.79724 -0.843526 0.0872222 1.32279 1.3761 0.142463
-0.79703 -0.843264 0.165722 1.32234 1.37558 0.165722
-0.79683 -0.842973 0.188981 1.3219 1.37503 0.165722
-0.79663 -0.842741 0.174444 1.32145 1.37451 0.197704
-0.79642 -0.842566 0.110481 1.32101 1.37404 0.165722
-0.79622 -0.842479 0.0697778 1.32056 1.37363 0.206426
-0.79601 -0.842392 0.0610556 1.32012 1.3732 0.229685
-0.79581 -0.842159 0.119204 1.31967 1.37262 0.24713
-0.7956 -0.841897 0.183167 1.31923 1.37195 0.238407
-0.7954 -0.841607 0.206426 1.31878 1.37122 0.284926
-0.79519 -0.841403 0.151185 1.31833 1.37058 0.284926
-0.79499 -0.841316 0.0552407 1.31789 1.37 0.32563
-0.79478 -0.841287 0.014537 1.31744 1.36948 0.348889
-0.79458 -0.841142 0.093037 1.317 1.36878 0.389593
-0.79437 -0.840851 0.174444 1.31655 1.36793 0.389593
-0.79417 -0.840531 0.215148 1.3161 1.36698 0.38087
-0.79396 -0.840327 0.151185 1.31566 1.36616 0.398315
-0.79376 -0.840211 0.0697778 1.31521 1.36543 0.398315
-0.79355 -0.840182 0 1.31476 1.36479 0.412852
-0.79335 -0.840037 0.093037 1.31432 1.36407 0.375056
-0.79314 -0.839804 0.157 1.31387 1.36328 0.38087
-0.79294 -0.839513 0.206426 1.31342 1.36244 0.348889
-0.79273 -0.83931 0.157 1.31298 1.36171 0.375056
-0.79253 -0.839194 0.093037 1.31253 1.36099 0.32563
-0.79232 -0.839165 0.0465185 1.31208 1.36049 0.311093
-0.79212 -0.839048 0.0465185 1.31163 1.35994 0.30237
-0.79191 -0.838874 0.119204 1.31119 1.35933 0.279111
-0.7917 -0.838612 0.174444 1.31074 1.35869 0.279111
-0.7915 -0.83838 0.165722 1.31029 1.35805 0.252944
-0.79129 -0.838234 0.101759 1.30984 1.35756 0.252944
-0.79109 -0.838176 0 1.30939 1.35715 0.238407
-0.79088 -0.838118 0.0552407 1.30895 1.35677 0.188981
-0.79067 -0.837972 0.0872222 1.3085 1.35628 0.220963
-0.79047 -0.837769 0.142463 1.30805 1.35578 0.215148
-0.79026 -0.837536 0.142463 1.3076 1.35526 0.215148
-0.79006 -0.83742 0.0872222 1.30715 1.35488 0.183167
-0.78985 -0.837362 0.0377963 1.3067 1.35447 0.183167
-0.78964 -0.837275 0.0552407 1.30625 1.35415 0.165722
-0.78944 -0.837129 0.0872222 1.3058 1.35375 0.151185
-0.78923 -0.836897 0.125019 1.30535 1.35334 0.133741
-0.78902 -0.836722 0.110481 1.3049 1.35296 0.151185
-0.78882 -0.836606 0.0610556 1.30445 1.35258 0.157
-0.78861 -0.836548 0.0552407 1.304 1.35232 0.142463
-0.7884 -0.836432 0.0697778 1.30355 1.352 0.133741
-0.7882 -0.836257 0.101759 1.3031 1.35162 0.133741
-0.78799 -0.836083 0.133741 1.30265 1.35125 0.142463
-0.78778 -0.835908 0.125019 1.3022 1.35084 0.142463
-0.78758 -0.835792 0.0610556 1.30175 1.35052 0.157
-0.78737 -0.835734 0.0610556 1.3013 1.3502 0.157
-0.78716 -0.835647 0.0697778 1.30085 1.34988 0.174444
-0.78696 -0.835472 0.119204 1.3004 1.34941 0.188981
-0.78675 -0.835269 0.125019 1.29995 1.34892 0.188981
-0.78654 -0.835036 0.142463 1.2995 1.34837 0.197704
-0.78633 -0.83492 0.0872222 1.29905 1.34793 0.215148
-0.78613 -0.834832 0.0697778 1.2986 1.3475 0.215148
-0.78592 -0.834716 0.0697778 1.29814 1.34703 0.229685
-0.78571 -0.834542 0.101759 1.29769 1.34648 0.252944
-0.7855 -0.834338 0.151185 1.29724 1.3459 0.261667
-0.7853 -0.834135 0.151185 1.29679 1.34532 0.270389
-0.78509 -0.833902 0.125019 1.29634 1.34462 0.279111
-0.78488 -0.833786 0.0872222 1.29588 1.34406 0.270389
-0.78467 -0.83367 0.0610556 1.29543 1.34354 0.261667
-0.78446 -0.833524 0.093037 1.29498 1.34299 0.270389
-0.78426 -0.833292 0.133741 1.29453 1.34235 0.284926
-0.78405 -0.83303 0.174444 1.29407 1.34171 0.252944
-0.78384 -0.832768 0.165722 1.29362 1.34107 0.220963
-0.78363 -0.832594 0.125019 1.29317 1.34058 0.229685
-0.78342 -0.832477 0.101759 1.29271 1.34014 0.215148
-0.78322 -0.832361 0.0872222 1.29226 1.3397 0.197704
-0.78301 -0.832187 0.101759 1.29181 1.33927 0.183167
-0.7828 -0.831954 0.133741 1.29135 1.33877 0.165722
-0.78259 -0.831722 0.142463 1.2909 1.33828 0.174444
-0.78238 -0.831489 0.157 1.29044 1.33778 0.165722
-0.78217 -0.831285 0.142463 1.28999 1.33735 0.165722
-0.78197 -0.83114 0.101759 1.28954 1.33697 0.142463
-0.78176 -0.831024 0.093037 1.28908 1.33659 0.151185
-0.78155 -0.830878 0.119204 1.28863 1.33621 0.157
-0.78134 -0.830675 0.125019 1.28817 1.33575 0.157
-0.78113 -0.830442 0.142463 1.28772 1.33526 0.183167
-0.78092 -0.830268 0.133741 1.28726 1.33479 0.197704
-0.78071 -0.830122 0.093037 1.28681 1.33435 0.197704
-0.78051 -0.829977 0.093037 1.28635 1.33392 0.197704
-0.7803 -0.829803 0.093037 1.2859 1.33342 0.206426
-0.78009 -0.829628 0.125019 1.28544 1.33293 0.197704
-0.77988 -0.829425 0.133741 1.28498 1.33241 0.215148
-0.77967 -0.829192 0.151185 1.28453 1.33182 0.238407
-0.77946 -0.829047 0.110481 1.28407 1.33133 0.220963
-0.77925 -0.828872 0.101759 1.28362 1.33069 0.279111
-0.77904 -0.828727 0.101759 1.28316 1.3302 0.24713
-0.77883 -0.828523 0.125019 1.2827 1.32959 0.252944
-0.77862 -0.82832 0.151185 1.28225 1.329 0.252944
-0.77841 -0.828116 0.133741 1.28179 1.32842 0.261667
-0.7782 -0.827942 0.110481 1.28133 1.32784 0.252944
-0.77799 -0.827797 0.110481 1.28088 1.32732 0.252944
-0.77778 -0.827622 0.110481 1.28042 1.32679 0.238407
-0.77757 -0.82736 0.142463 1.27996 1.32621 0.215148
-0.77736 -0.827128 0.157 1.2795 1.32566 0.197704
-0.77715 -0.826895 0.165722 1.27905 1.32517 0.174444
-0.77694 -0.82675 0.110481 1.27859 1.32476 0.183167
-0.77673 -0.826605 0.0872222 1.27813 1.32441 0.157
-0.77652 -0.826459 0.0872222 1.27767 1.32406 0.133741
-0.77631 -0.826256 0.133741 1.27722 1.32368 0.101759
-0.7761 -0.825965 0.151185 1.27676 1.32325 0.0872222
-0.77589 -0.825732 0.174444 1.2763 1.32287 0.093037
-0.77568 -0.825529 0.133741 1.27584 1.32255 0.0872222
-0.77547 -0.825412 0.0785 1.27538 1.32232 0.093037
-0.77526 -0.825267 0.093037 1.27492 1.32206 0.0610556
-0.77505 -0.825122 0.0872222 1.27446 1.32179 0.093037
-0.77484 -0.824889 0.142463 1.274 1.32145 0.0872222
-0.77463 -0.824657 0.165722 1.27355 1.3211 0.093037
-0.77442 -0.824424 0.151185 1.27309 1.32072 0.093037
-0.77421 -0.824279 0.119204 1.27263 1.32043 0.093037
-0.774 -0.824162 0.0785 1.27217 1.32017 0.0872222
-0.77379 -0.824017 0.0872222 1.27171 1.31988 0.0872222
-0.77357 -0.823813 0.119204 1.27125 1.3195 0.093037
-0.77336 -0.823552 0.157 1.27079 1.31909 0.101759
-0.77315 -0.82329 0.183167 1.27033 1.31865 0.101759
-0.77294 -0.823116 0.133741 1.26987 1.31831 0.110481
-0.77273 -0.82297 0.093037 1.26941 1.31796 0.125019
-0.77252 -0.822825 0.0610556 1.26895 1.31767 0.110481
-0.77231 -0.82265 0.093037 1.26848 1.31729 0.119204
-0.77209 -0.822418 0.165722 1.26802 1.31691 0.110481
-0.77188 -0.822127 0.206426 1.26756 1.31642 0.133741
-0.77167 -0.821865 0.188981 1.2671 1.31598 0.119204
-0.77146 -0.821691 0.110481 1.26664 1.31563 0.101759
-0.77125 -0.821604 0.0552407 1.26618 1.31537 0.125019
-0.77104 -0.821487 0.0552407 1.26572 1.31511 0.101759
-0.77082 -0.821226 0.151185 1.26525 1.3147 0.0785
-0.77061 -0.820906 0.206426 1.26479 1.31426 0.093037
-0.7704 -0.820586 0.215148 1.26433 1.3138 0.093037
-0.77019 -0.820412 0.125019 1.26387 1.31348 0.0785
-0.76998 -0.820325 0.0465185 1.26341 1.31328 0.0697778
-0.76976 -0.820237 0.0465185 1.26294 1.3131 0.0785
-0.76955 -0.820034 0.125019 1.26248 1.31281 0.0697778
-0.76934 -0.819714 0.188981 1.26202 1.3124 0.0785
-0.76913 -0.819423 0.215148 1.26155 1.31203 0.0610556
-0.76891 -0.81922 0.151185 1.26109 1.31176 0.0697778
-0.7687 -0.819103 0.0697778 1.26063 1.31156 0.00581481
-0.76849 -0.819045 0.0610556 1.26017 1.31144 0.0465185
-0.76827 -0.818842 0.110481 1.2597 1.31118 0.0465185
-0.76806 -0.81858 0.165722 1.25924 1.31089 0
-0.76785 -0.818231 0.206426 1.25877 1.31048 0.0552407
-0.76764 -0.818028 0.125019 1.25831 1.31019 0.0552407
-0.76742 -0.81794 0.0872222 1.25785 1.31005 0.0697778
-0.76721 -0.817795 0.0785 1.25738 1.30984 0.0697778
-0.767 -0.817621 0.110481 1.25692 1.30964 0.0232593
-0.76678 -0.81733 0.157 1.25645 1.30929 0
-0.76657 -0.817097 0.165722 1.25599 1.309 0.0290741
-0.76636 -0.816894 0.133741 1.25552 1.30871 0.0465185
-0.76615 -0.816777 0.0697778 1.25505 1.30857 0.0552407
-0.76594 -0.816661 0.0465185 1.25459 1.30839 0.0465185
-0.76573 -0.816458 0.101759 1.25412 1.3081 0.0785
-0.76552 -0.816196 0.174444 1.25365 1.30778 0.0610556
-0.76531 -0.815934 0.183167 1.25318 1.30743 0.0610556
-0.7651 -0.815702 0.142463 1.25271 1.30714 0.0465185
-0.76489 -0.815644 0.0465185 1.25224 1.307 0.0465185
-0.76468 -0.815556 0.00581481 1.25178 1.30685 0.0465185
-0.76446 -0.815382 0.101759 1.25131 1.30659 0.0785
-0.76425 -0.81512 0.174444 1.25084 1.30627 0.00581481
-0.76404 -0.814859 0.197704 1.25037 1.30595 0.014537
-0.76383 -0.814626 0.157 1.2499 1.3056 0.0697778
-0.76362 -0.814539 0.0872222 1.24943 1.3054 0.0785
-0.76341 -0.814481 0.0552407 1.24896 1.30528 0.0465185
-0.7632 -0.814364 0.0697778 1.24849 1.30508 0.0785
-0.76299 -0.814103 0.151185 1.24802 1.30473 0.0290741
-0.76278 -0.813841 0.165722 1.24755 1.30438 0.0785
-0.76256 -0.813579 0.157 1.24708 1.30403 0.0697778
-0.76235 -0.813463 0.110481 1.24661 1.30383 0.0465185
-0.76214 -0.813405 0.0610556 1.24614 1.30365 0.0610556
-0.76193 -0.813289 0.0610556 1.24567 1.30345 0.0785
-0.76172 -0.813085 0.110481 1.2452 1.30313 0.0785
-0.76151 -0.812852 0.165722 1.24473 1.30281 0.0872222
-0.76129 -0.812591 0.174444 1.24426 1.30243 0.0610556
-0.76108 -0.812416 0.119204 1.24378 1.30214 0.0785
-0.76087 -0.812358 0.0610556 1.24331 1.30197 0.0697778
-0.76066 -0.812271 0.00581481 1.24284 1.30176 0.0785
-0.76045 -0.812126 0.0872222 1.24237 1.3015 0.0785
-0.76023 -0.811864 0.157 1.2419 1.30112 0.0610556
-0.76002 -0.811631 0.174444 1.24143 1.30074 0.0872222
-0.75981 -0.811428 0.133741 1.24095 1.30042 0.0785
-0.7596 -0.811341 0.0872222 1.24048 1.30019 0.101759
-0.75938 -0.811282 0.014537 1.24001 1.29999 0.0872222
-0.75917 -0.811137 0.0785 1.23954 1.29967 0.101759
-0.75896 -0.810934 0.133741 1.23906 1.29932 0.101759
-0.75875 -0.810672 0.174444 1.23859 1.29888 0.119204
-0.75853 -0.810468 0.151185 1.23812 1.29851 0.110481
-0.75832 -0.810352 0.101759 1.23764 1.29822 0.119204
-0.75811 -0.810265 0.0785 1.23717 1.29795 0.119204
-0.75789 -0.810149 0.0610556 1.2367 1.29766 0.119204
-0.75768 -0.809945 0.125019 1.23622 1.29726 0.133741
-0.75747 -0.809712 0.151185 1.23575 1.29682 0.133741
-0.75725 -0.809451 0.174444 1.23528 1.29638 0.125019
-0.75704 -0.809276 0.133741 1.2348 1.29598 0.142463
-0.75683 -0.809189 0.0872222 1.23433 1.29569 0.133741
-0.75661 -0.809102 0.0377963 1.23385 1.29537 0.157
-0.7564 -0.808927 0.093037 1.23338 1.29496 0.157
-0.75619 -0.808724 0.151185 1.2329 1.29452 0.151185
-0.75597 -0.808433 0.188981 1.23243 1.29397 0.151185
-0.75576 -0.80823 0.142463 1.23195 1.29351 0.183167
-0.75555 -0.808113 0.0697778 1.23148 1.29313 0.174444
-0.75533 -0.807997 0.0697778 1.231 1.29269 0.206426
-0.75512 -0.807852 0.0785 1.23053 1.29223 0.197704
-0.7549 -0.807619 0.157 1.23005 1.29162 0.229685
-0.75469 -0.80727 0.197704 1.22957 1.29086 0.229685
-0.75447 -0.807038 0.151185 1.2291 1.29025 0.252944
-0.75426 -0.806921 0.110481 1.22862 1.2897 0.279111
-0.75405 -0.806805 0.0377963 1.22815 1.28914 0.293648
