angle_1_e angle_1_t d_theta_1_t angle_2_e angle_2_t d_theta_2_t
-1.14207 -1.17078 0 2.11797 2.10784 0
-1.14196 -1.17078 0 2.11773 2.10784 0
-1.14185 -1.17078 0 2.1175 2.10784 0
-1.14174 -1.17075 0.0290741 2.11726 2.10781 0
-1.14163 -1.1707 0 2.11702 2.10775 0
-1.14152 -1.17064 0.0610556 2.11678 2.1077 0
-1.14141 -1.17052 0.0552407 2.11654 2.10758 0
-1.1413 -1.17038 0.0785 2.1163 2.10743 0
-1.14119 -1.17026 0.0697778 2.11606 2.10732 0
-1.14108 -1.17017 0.0697778 2.11582 2.10723 0
-1.14096 -1.17014 0.0552407 2.11558 2.1072 0
-1.14085 -1.17009 0 2.11534 2.10714 0
-1.14074 -1.17003 0.0610556 2.1151 2.10708 0
-1.14063 -1.16988 0.0610556 2.11487 2.10694 0
-1.14052 -1.16974 0.110481 2.11463 2.10682 0
-1.14041 -1.16962 0.0785 2.11439 2.10671 0
-1.1403 -1.1695 0.0465185 2.11415 2.10659 0
-1.14019 -1.16945 0.0465185 2.11391 2.10653 0
-1.14008 -1.16933 0.0697778 2.11367 2.10642 0
-1.13997 -1.16916 0.0785 2.11343 2.10627 -0.0465185
-1.13986 -1.16898 0.093037 2.11319 2.1061 0
-1.13975 -1.16886 0.0610556 2.11295 2.10601 -0.0290741
-1.13963 -1.16878 0.0377963 2.11271 2.10595 0
-1.13952 -1.16869 0.014537 2.11247 2.10589 0
-1.13941 -1.16854 0.0872222 2.11223 2.10578 0
-1.1393 -1.16834 0.119204 2.11199 2.1056 0
-1.13919 -1.16817 0.119204 2.11175 2.10546 0
-1.13908 -1.16805 0.0785 2.11151 2.10537 0
-1.13897 -1.16802 0.0465185 2.11128 2.10537 0
-1.13886 -1.16793 0.0610556 2.11104 2.10531 0
-1.13875 -1.16782 0.0697778 2.1108 2.10522 0
-1.13864 -1.16767 0.093037 2.11056 2.10511 0
-1.13852 -1.16753 0.0785 2.11032 2.10496 0
-1.13841 -1.16741 0.0785 2.11008 2.10488 -0.0552407
-1.1383 -1.16727 0.0872222 2.10984 2.10473 0
-1.13819 -1.16712 0.093037 2.1096 2.10461 -0.0232593
-1.13808 -1.16703 0.0465185 2.10936 2.10453 0
-1.13797 -1.16692 0.0697778 2.10912 2.10444 -0.0377963
-1.13786 -1.1668 0.0785 2.10888 2.10432 0
-1.13775 -1.16665 0.0785 2.10864 2.10418 0
-1.13764 -1.16654 0.0697778 2.1084 2.10406 0
-1.13752 -1.16639 0.0697778 2.10816 2.10392 0
-1.13743 -1.16631 0.0785 2.10792 2.10386 -0.00581481
-1.13736 -1.16616 0.0465185 2.10766 2.10371 0
-1.13729 -1.16604 0.0610556 2.10741 2.1036 0
-1.13722 -1.16587 0.101759 2.10716 2.10342 0
-1.13715 -1.1657 0.0872222 2.1069 2.10325 0
-1.13708 -1.16558 0.0377963 2.10665 2.10313 0
-1.13701 -1.16552 0 2.1064 2.10307 0
-1.13694 -1.16543 0.0232593 2.10615 2.10299 0
-1.13687 -1.1652 0.093037 2.10589 2.10275 0
-1.1368 -1.16497 0.125019 2.10564 2.10252 0
-1.13673 -1.16477 0.125019 2.10539 2.10232 0
-1.13666 -1.16465 0.0552407 2.10513 2.1022 0
-1.13659 -1.16462 0.0552407 2.10488 2.10217 0
-1.13652 -1.16453 0.0290741 2.10463 2.10208 0
-1.13645 -1.16436 0.0785 2.10437 2.10191 0
-1.13638 -1.16418 0.0872222 2.10412 2.10174 0
-1.13631 -1.16398 0.110481 2.10387 2.10153 0
-1.13624 -1.16381 0.101759 2.10361 2.10139 0
-1.13617 -1.16366 0.093037 2.10336 2.10124 0
-1.1361 -1.16354 0.0552407 2.10311 2.10112 0
-1.13603 -1.16343 0.0465185 2.10285 2.10101 0
-1.13596 -1.16325 0.0697778 2.1026 2.10083 0
-1.13589 -1.16305 0.101759 2.10235 2.10063 0
-1.13582 -1.16288 0.110481 2.10209 2.10049 0
-1.13575 -1.1627 0.101759 2.10184 2.10031 0
-1.13568 -1.16258 0.0610556 2.10159 2.10022 0
-1.13561 -1.1625 0.0610556 2.10133 2.10017 -0.00581481
-1.13554 -1.16238 0.0785 2.10108 2.10005 0
-1.13547 -1.16218 0.093037 2.10083 2.09985 0
-1.1354 -1.16197 0.119204 2.10057 2.09964 0
-1.13532 -1.1618 0.0872222 2.10032 2.0995 -0.0465185
-1.13525 -1.16168 0.0610556 2.10007 2.09938 0
-1.13518 -1.1616 0.0377963 2.09981 2.09929 0
-1.13511 -1.16148 0.0377963 2.09956 2.09918 0
-1.13504 -1.16128 0.110481 2.09931 2.099 0
-1.13497 -1.16107 0.125019 2.09905 2.0988 0
-1.1349 -1.16087 0.125019 2.0988 2.0986 0
-1.13483 -1.16075 0.0785 2.09855 2.09848 0
-1.13476 -1.16069 0 2.09829 2.09842 0
-1.13469 -1.16061 0.0610556 2.09804 2.09833 0
-1.13462 -1.1604 0.110481 2.09779 2.09816 -0.014537
-1.13455 -1.16011 0.142463 2.09753 2.09787 0
-1.13448 -1.15997 0.093037 2.09728 2.09772 0
-1.1344 -1.15991 0 2.09703 2.09766 0
-1.13433 -1.15982 0.0697778 2.09677 2.09758 0
-1.13426 -1.15962 0.0872222 2.09652 2.09737 0
-1.13419 -1.15944 0.110481 2.09626 2.0972 0
-1.13412 -1.1593 0.0872222 2.09601 2.09705 -0.0552407
-1.13405 -1.15921 0.0377963 2.09576 2.097 0
-1.13398 -1.15912 0.0610556 2.0955 2.09691 0
-1.13391 -1.15901 0.0610556 2.09525 2.09679 0
-1.13384 -1.15886 0.101759 2.095 2.09665 0
-1.13376 -1.15869 0.0697778 2.09474 2.0965 0
-1.13369 -1.1586 0.0610556 2.09449 2.09641 0
-1.13362 -1.15851 0.0290741 2.09423 2.09633 0
-1.13355 -1.1584 0.0872222 2.09398 2.09621 0
-1.13348 -1.15825 0.0872222 2.09373 2.09607 0
-1.13341 -1.15811 0.0785 2.09347 2.09592 0
-1.13334 -1.15805 0.0232593 2.09322 2.09589 0
-1.13327 -1.15799 0.0377963 2.09296 2.09583 -0.0290741
-1.13319 -1.15787 0.0785 2.09271 2.09572 0
-1.13312 -1.15773 0.093037 2.09246 2.09557 0
-1.13305 -1.15755 0.093037 2.0922 2.0954 0
-1.13298 -1.1575 0.0232593 2.09195 2.09534 0
-1.13291 -1.15744 0.0465185 2.09169 2.09528 0
-1.13284 -1.15738 0 2.09144 2.09522 0
-1.13276 -1.15726 0.0872222 2.09119 2.09511 0
-1.13269 -1.15712 0.0872222 2.09093 2.09496 0
-1.13263 -1.157 0.101759 2.09068 2.09484 0
-1.13258 -1.15692 0.0697778 2.09041 2.09476 0
-1.13253 -1.15689 0 2.09015 2.09473 0
-1.13248 -1.15689 0 2.08989 2.09473 0
-1.13243 -1.15677 0.0872222 2.08963 2.09461 0
-1.13238 -1.1566 0.110481 2.08937 2.09444 0
-1.13233 -1.15648 0.0872222 2.08911 2.09432 0
-1.13228 -1.15645 0 2.08885 2.09429 0
-1.13223 -1.15645 0 2.08859 2.09429 0
-1.13218 -1.15639 0 2.08832 2.09423 0
-1.13213 -1.15622 0.0872222 2.08806 2.09406 0
-1.13207 -1.15607 0.0785 2.0878 2.09391 0
-1.13202 -1.15596 0.0785 2.08754 2.0938 0
-1.13197 -1.15593 0 2.08728 2.09377 0
-1.13192 -1.15593 0 2.08702 2.09377 0
-1.13187 -1.15587 0.0785 2.08676 2.09371 0
-1.13182 -1.15572 0.0377963 2.0865 2.09357 0
-1.13177 -1.15569 0.0465185 2.08623 2.09354 0
-1.13172 -1.15564 0.0465185 2.08597 2.09348 0
-1.13167 -1.15558 0.0552407 2.08571 2.09342 0
-1.13162 -1.15552 0 2.08545 2.09336 0
-1.13156 -1.15546 0.014537 2.08519 2.0933 0
-1.13151 -1.15537 0.0232593 2.08493 2.09322 0
-1.13146 -1.15529 0.0785 2.08467 2.09313 0
-1.13141 -1.15523 0.0552407 2.0844 2.09307 0
-1.13136 -1.15517 0.0232593 2.08414 2.09301 0
-1.13131 -1.15517 0 2.08388 2.09301 0
-1.13126 -1.15514 0.0377963 2.08362 2.09298 0
-1.1312 -1.15505 0.0232593 2.08336 2.0929 0
-1.13115 -1.155 0.00581481 2.0831 2.09284 0
-1.1311 -1.15494 0 2.08283 2.09278 0
-1.13105 -1.15485 0.0610556 2.08257 2.09269 0
-1.131 -1.15473 0.0872222 2.08231 2.09258 0
-1.13095 -1.15471 0.0552407 2.08205 2.09255 0
-1.13089 -1.15471 0 2.08179 2.09255 0
-1.13084 -1.15471 0 2.08153 2.09255 0
-1.13079 -1.15465 0.00581481 2.08126 2.09249 0
-1.13074 -1.15456 0.0610556 2.081 2.0924 0
-1.13069 -1.15444 0.014537 2.08074 2.09229 0
-1.13064 -1.15444 0 2.08048 2.09229 0
-1.13058 -1.15444 0 2.08022 2.09229 0
-1.13053 -1.15439 0 2.07996 2.09223 0
-1.13048 -1.15427 0.0610556 2.07969 2.09211 0
-1.13043 -1.15418 0.0377963 2.07943 2.09202 0
-1.13038 -1.15415 0.0377963 2.07917 2.092 0
-1.13032 -1.15415 0 2.07891 2.092 0
-1.13027 -1.15415 0 2.07865 2.092 0
-1.13022 -1.15415 0 2.07838 2.092 0
-1.13017 -1.15409 0.014537 2.07812 2.09194 0
-1.13011 -1.15398 0.0377963 2.07786 2.09182 0
-1.13006 -1.15395 0.0465185 2.0776 2.09179 0
-1.13001 -1.15392 0 2.07734 2.09176 0
-1.12996 -1.15392 0 2.07707 2.09176 0
-1.1299 -1.15389 0 2.07681 2.09173 0
-1.12985 -1.15386 0 2.07655 2.0917 0
-1.1298 -1.1538 0.0552407 2.07629 2.09165 0
-1.12975 -1.15378 0 2.07603 2.09156 0
-1.12969 -1.15375 0.0290741 2.07576 2.09153 0
-1.12964 -1.15375 0 2.0755 2.09153 0
-1.12959 -1.15372 0 2.07524 2.0915 0
-1.12954 -1.15369 0 2.07498 2.09147 0
-1.12948 -1.15366 0 2.07471 2.09144 0
-1.12943 -1.15363 0 2.07445 2.09141 0
-1.12938 -1.15357 0 2.07419 2.09136 0
-1.12932 -1.15354 0.0610556 2.07393 2.0913 0
-1.12927 -1.15348 0.0465185 2.07366 2.09124 0
-1.12922 -1.15348 0 2.0734 2.09124 0
-1.12916 -1.15348 0 2.07314 2.09124 0
-1.12911 -1.15348 0 2.07288 2.09124 0
-1.12906 -1.15343 0.0377963 2.07262 2.09115 0
-1.12901 -1.15337 0 2.07235 2.09109 0
-1.12895 -1.15337 0 2.07209 2.09109 0
-1.1289 -1.15337 0 2.07183 2.09107 0.014537
-1.12885 -1.15334 0 2.07157 2.09104 0
-1.12879 -1.15331 0 2.0713 2.09101 0
-1.12874 -1.15328 0 2.07104 2.09095 0
-1.12869 -1.15325 0 2.07078 2.09089 0.0232593
-1.12863 -1.15319 0 2.07052 2.09083 0
-1.12858 -1.15316 0.0377963 2.07025 2.09077 0.0552407
-1.12852 -1.15314 0 2.06999 2.09075 0
-1.12847 -1.15314 0 2.06973 2.09072 0.0552407
-1.12842 -1.15314 0 2.06946 2.09069 0
-1.12836 -1.15311 0 2.0692 2.09066 0
-1.12831 -1.15305 0.0290741 2.06894 2.09057 0
-1.12826 -1.15302 0 2.06868 2.09054 0.0290741
-1.1282 -1.15302 0 2.06841 2.09051 0
-1.12815 -1.15302 0 2.06815 2.09048 0
-1.1281 -1.15299 0.0232593 2.06789 2.09043 0
-1.12806 -1.15296 0.0232593 2.06762 2.0904 0
-1.12802 -1.15293 0.0232593 2.06735 2.09034 0
-1.12798 -1.15293 0 2.06708 2.09031 0.0377963
-1.12795 -1.15293 0 2.06681 2.09028 0
-1.12791 -1.15293 0 2.06655 2.09028 0
-1.12787 -1.1529 0.0552407 2.06628 2.09022 0
-1.12783 -1.15287 0.0290741 2.06601 2.09016 0.0377963
-1.12779 -1.15284 0 2.06574 2.09011 0.0552407
-1.12775 -1.15284 0 2.06547 2.09008 0.0377963
-1.12772 -1.15284 0 2.0652 2.09005 0.0610556
-1.12768 -1.15282 0.0552407 2.06494 2.08999 0.0290741
-1.12764 -1.15279 0.0465185 2.06467 2.08987 0.0290741
-1.1276 -1.15279 0 2.0644 2.08984 0.0377963
-1.12756 -1.15279 0 2.06413 2.08979 0
-1.12752 -1.15279 0 2.06386 2.08973 0.0552407
-1.12748 -1.15273 0.0232593 2.06359 2.08961 0.00581481
-1.12744 -1.15273 0 2.06332 2.08952 0.0290741
-1.12741 -1.15273 0 2.06306 2.08947 0.0610556
-1.12737 -1.1527 0 2.06279 2.08935 0.014537
-1.12733 -1.1527 0 2.06252 2.08929 0.0610556
-1.12729 -1.15267 0.0232593 2.06225 2.08915 0
-1.12725 -1.15264 0.0552407 2.06198 2.08906 0.0552407
-1.12721 -1.15264 0 2.06171 2.08897 0.0697778
-1.12717 -1.15264 0 2.06144 2.08888 0.014537
-1.12713 -1.15264 0 2.06117 2.0888 0.0785
-1.12709 -1.15261 0.0552407 2.06091 2.08868 0.0610556
-1.12705 -1.15258 0.014537 2.06064 2.08856 0.0377963
-1.12701 -1.15258 0 2.06037 2.08851 0.0552407
-1.12698 -1.15258 0 2.0601 2.08842 0.0610556
-1.12694 -1.15255 0 2.05983 2.08833 0.0232593
-1.1269 -1.15255 0 2.05956 2.08824 0.0552407
-1.12686 -1.15252 0 2.05929 2.08816 0.0465185
-1.12682 -1.15252 0 2.05902 2.08813 0.0552407
-1.12678 -1.1525 0 2.05875 2.08801 0
-1.12674 -1.1525 0 2.05849 2.08798 0.0552407
-1.1267 -1.1525 0 2.05822 2.08793 0
-1.12666 -1.15247 0.0290741 2.05795 2.08787 0
-1.12662 -1.15247 0 2.05768 2.08787 0
-1.12658 -1.15244 0 2.05741 2.08781 0.0377963
-1.12654 -1.15244 0 2.05714 2.08778 0.0232593
-1.1265 -1.15244 0 2.05687 2.08775 0
-1.12646 -1.15238 0 2.0566 2.08769 0
-1.12642 -1.15238 0 2.05633 2.08766 0.00581481
-1.12638 -1.15235 0 2.05606 2.08761 0.0290741
-1.12634 -1.15235 0 2.05579 2.08755 0.0552407
-1.1263 -1.15232 0 2.05552 2.08749 0.0465185
-1.12626 -1.15229 0.0552407 2.05526 2.08743 0
-1.12622 -1.15229 0 2.05499 2.0874 0.0232593
-1.12618 -1.15226 0 2.05472 2.08731 0.0465185
-1.12614 -1.15226 0 2.05445 2.08729 0.0552407
-1.1261 -1.15223 0 2.05418 2.0872 0.00581481
-1.12606 -1.15221 0 2.05391 2.08714 0.0290741
-1.12602 -1.15221 0 2.05364 2.08708 0.0377963
-1.12597 -1.15218 0 2.05337 2.08699 0.00581481
-1.12593 -1.15215 0 2.0531 2.08691 0.014537
-1.12589 -1.15212 0 2.05283 2.08682 0.0610556
-1.12585 -1.15212 0 2.05256 2.08676 0.0610556
-1.12581 -1.15206 0 2.05229 2.08665 0.0785
-1.12577 -1.15206 0 2.05202 2.08656 0.0377963
-1.12573 -1.15203 0.0465185 2.05175 2.08647 0
-1.12569 -1.15203 0 2.05148 2.08638 0.00581481
-1.12565 -1.15203 0.0610556 2.05121 2.08633 0.0610556
-1.12561 -1.152 0 2.05094 2.08621 0.0232593
-1.12557 -1.152 0 2.05067 2.08612 0.0697778
-1.12552 -1.152 0 2.0504 2.08601 0.0697778
-1.12548 -1.152 0 2.05013 2.08595 0.0377963
-1.12544 -1.15197 0 2.04986 2.0858 0.0697778
-1.1254 -1.15194 0 2.04959 2.08566 0.0697778
-1.12536 -1.15194 0 2.04932 2.08557 0.0377963
-1.12532 -1.15194 0 2.04905 2.08545 0.0697778
-1.12528 -1.15194 0 2.04879 2.08534 0.0697778
-1.12524 -1.15194 0 2.04852 2.08519 0.0785
-1.12519 -1.15194 0 2.04825 2.0851 0.0552407
-1.12515 -1.15194 0 2.04798 2.08499 0.0552407
-1.12511 -1.15191 0.0465185 2.04771 2.08481 0.0872222
-1.12507 -1.15191 0 2.04744 2.0847 0.0785
-1.12503 -1.15191 0 2.04717 2.08455 0.093037
-1.12499 -1.15191 0 2.0469 2.08444 0.0697778
-1.12494 -1.15191 0 2.04663 2.08426 0.0872222
-1.1249 -1.15191 0 2.04636 2.08415 0.0872222
-1.12486 -1.15191 0 2.04609 2.084 0.0872222
-1.12482 -1.15191 0 2.04582 2.08383 0.0872222
-1.12478 -1.15191 0 2.04554 2.08368 0.101759
-1.12473 -1.15191 0 2.04527 2.08351 0.101759
-1.12469 -1.15191 0 2.045 2.08333 0.101759
-1.12465 -1.15191 0 2.04473 2.08316 0.119204
-1.12461 -1.15191 0 2.04446 2.08295 0.119204
-1.12457 -1.15189 0 2.04419 2.08269 0.119204
-1.12452 -1.15189 0 2.04392 2.08246 0.142463
-1.12448 -1.15189 0 2.04365 2.0822 0.142463
-1.12444 -1.15189 0 2.04338 2.08194 0.125019
-1.1244 -1.15189 0 2.04311 2.08165 0.157
-1.12435 -1.15189 0 2.04284 2.08133 0.165722
-1.12431 -1.15189 0 2.04257 2.08101 0.174444
-1.12427 -1.15189 0 2.0423 2.08066 0.188981
-1.12423 -1.15189 0 2.04203 2.08028 0.183167
-1.12418 -1.15189 0 2.04176 2.0799 0.206426
-1.12414 -1.15189 0 2.04149 2.07955 0.206426
-1.1241 -1.15189 0 2.04122 2.07917 0.206426
-1.12406 -1.15189 0 2.04095 2.07877 0.215148
-1.12403 -1.15189 0 2.04067 2.07833 0.252944
-1.124 -1.15189 0 2.0404 2.07787 0.229685
-1.12398 -1.15189 0 2.04012 2.0774 0.252944
-1.12395 -1.15189 0 2.03984 2.07694 0.252944
-1.12392 -1.15189 0 2.03957 2.07644 0.270389
-1.12389 -1.15189 0 2.03929 2.07589 0.270389
-1.12387 -1.15189 0 2.03901 2.07542 0.284926
-1.12384 -1.15189 0 2.03874 2.0749 0.316907
-1.12381 -1.15189 0 2.03846 2.07441 0.311093
-1.12379 -1.15189 0 2.03818 2.07391 0.334352
-1.12376 -1.15189 0 2.03791 2.07327 0.30237
-1.12373 -1.15189 0 2.03763 2.07272 0.343074
-1.1237 -1.15189 0 2.03735 2.07199 0.32563
-1.12368 -1.15189 0 2.03708 2.07138 0.389593
-1.12365 -1.15189 0 2.0368 2.07071 0.38087
-1.12362 -1.15189 0 2.03652 2.07007 0.389593
-1.12359 -1.15189 0 2.03625 2.06952 0.389593
-1.12357 -1.15189 0 2.03597 2.06888 0.389593
-1.12354 -1.15189 0 2.03569 2.06827 0.343074
-1.12351 -1.15189 0 2.03541 2.06769 0.334352
-1.12348 -1.15189 0 2.03514 2.06722 0.284926
-1.12345 -1.15189 0 2.03486 2.06679 0.270389
-1.12343 -1.15189 0 2.03458 2.06647 0.229685
-1.1234 -1.15189 0 2.03431 2.06615 0.197704
-1.12337 -1.15189 0 2.03403 2.0658 0.188981
-1.12334 -1.15189 0 2.03375 2.06548 0.165722
-1.12331 -1.15189 0 2.03348 2.06522 0.157
-1.12328 -1.15189 0 2.0332 2.06493 0.151185
-1.12326 -1.15189 0 2.03292 2.06467 0.151185
-1.12323 -1.15189 0 2.03264 2.06438 0.142463
-1.1232 -1.15189 0 2.03237 2.06408 0.157
-1.12317 -1.15189 0 2.03209 2.06379 0.151185
-1.12314 -1.15189 0 2.03181 2.06353 0.151185
-1.12311 -1.15189 0 2.03153 2.06324 0.133741
-1.12309 -1.15186 0 2.03126 2.06295 0.151185
-1.12306 -1.15186 0 2.03098 2.06269 0.151185
-1.12303 -1.15183 0 2.0307 2.06243 0.133741
-1.123 -1.1518 0 2.03043 2.06217 0.142463
-1.12297 -1.1518 0 2.03015 2.06196 0.110481
-1.12294 -1.15174 0.014537 2.02987 2.06173 0.110481
-1.12291 -1.15171 0.0232593 2.02959 2.06155 0.093037
-1.12288 -1.15168 0.0552407 2.02932 2.06138 0.0552407
-1.12285 -1.15168 0 2.02904 2.06126 0.0610556
-1.12282 -1.15168 0 2.02876 2.06118 0.0610556
-1.12279 -1.15168 0 2.02848 2.06112 0.0610556
-1.12277 -1.15162 0.0610556 2.0282 2.061 0.0465185
-1.12274 -1.15157 0.0552407 2.02793 2.06086 0.0465185
-1.12271 -1.15154 0.0290741 2.02765 2.0608 0.0290741
-1.12268 -1.15154 0 2.02737 2.06074 0
-1.12265 -1.15154 0 2.02709 2.06068 0.0610556
-1.12262 -1.15148 0.0377963 2.02682 2.06057 0.0552407
-1.12259 -1.15139 0.0552407 2.02654 2.06045 0.014537
-1.12256 -1.15133 0.014537 2.02626 2.06033 0
-1.12253 -1.15133 0 2.02598 2.06025 0
-1.1225 -1.1513 0 2.0257 2.06016 0
-1.12247 -1.15122 0.0465185 2.02543 2.06001 0.0552407
-1.12244 -1.15116 0.0610556 2.02515 2.0599 0.0377963
-1.12241 -1.15107 0.0290741 2.02487 2.05975 0.0465185
-1.12238 -1.15107 0 2.02459 2.05967 0.0377963
-1.12235 -1.15107 0 2.02431 2.05961 0
-1.12232 -1.15101 0.014537 2.02404 2.05946 0.00581481
-1.12229 -1.15093 0.0552407 2.02376 2.05932 0.00581481
-1.12226 -1.15084 0 2.02348 2.05914 0.0377963
-1.12223 -1.15084 0 2.0232 2.05908 0.0377963
-1.1222 -1.15078 0 2.02292 2.059 0
-1.12217 -1.15072 0.0610556 2.02265 2.05888 0.0290741
-1.12214 -1.15064 0.0697778 2.02237 2.05876 0.0465185
-1.12211 -1.15058 0 2.02209 2.05865 0.0232593
-1.12208 -1.15058 0 2.02181 2.05862 0
-1.12204 -1.15058 0 2.02153 2.05856 0.0377963
-1.12201 -1.15052 0.0552407 2.02125 2.05847 0.0465185
-1.12198 -1.15043 0.0290741 2.02098 2.05836 0.0232593
-1.12195 -1.1504 0.0377963 2.0207 2.0583 0.0377963
-1.12192 -1.1504 0 2.02042 2.05827 0.0465185
-1.12189 -1.1504 0 2.02014 2.05821 0.014537
-1.12186 -1.1504 0 2.01986 2.05818 0.00581481
-1.12183 -1.15034 0.0232593 2.01958 2.05807 0.0552407
-1.1218 -1.15029 0 2.01931 2.05792 0.0552407
-1.12177 -1.15026 0 2.01903 2.05786 0.00581481
-1.12173 -1.15026 0 2.01875 2.0578 0.0377963
-1.1217 -1.15026 0 2.01847 2.05772 0.0610556
-1.12167 -1.15023 0.0232593 2.01819 2.0576 0.0610556
-1.12164 -1.1502 0.014537 2.01791 2.05748 0.0232593
-1.12161 -1.15014 0.0465185 2.01763 2.05734 0.0697778
-1.12158 -1.15014 0 2.01735 2.05725 0.014537
-1.12155 -1.15014 0 2.01708 2.05714 0.0610556
-1.12151 -1.15014 0 2.0168 2.05702 0.0377963
-1.12148 -1.15011 0.0552407 2.01652 2.05687 0.0465185
-1.12145 -1.15011 0 2.01624 2.05676 0.0465185
-1.12142 -1.15008 0 2.01596 2.05661 0.0610556
-1.12139 -1.15008 0 2.01568 2.05647 0.0872222
-1.12135 -1.15008 0 2.0154 2.05632 0.0697778
-1.12132 -1.15005 0.0377963 2.01512 2.05618 0.093037
-1.12129 -1.15005 0 2.01484 2.05603 0.101759
-1.12126 -1.15005 0 2.01457 2.05586 0.101759
-1.12123 -1.15005 0 2.01429 2.05568 0.0872222
-1.12119 -1.15005 0 2.01401 2.05551 0.101759
-1.12116 -1.15005 0 2.01373 2.0553 0.101759
-1.12115 -1.15005 0 2.01344 2.0551 0.119204
-1.12113 -1.15005 0 2.01316 2.05487 0.119204
-1.12111 -1.15005 0 2.01287 2.05461 0.125019
-1.12109 -1.15005 0 2.01259 2.05437 0.133741
-1.12108 -1.15005 0 2.0123 2.05414 0.125019
-1.12106 -1.15005 0 2.01202 2.05391 0.125019
-1.12104 -1.15005 0 2.01173 2.05362 0.142463
-1.12102 -1.15005 0 2.01145 2.05333 0.151185
-1.12101 -1.15005 0 2.01116 2.05307 0.165722
-1.12099 -1.15005 0 2.01088 2.05275 0.157
-1.12097 -1.15005 0 2.01059 2.05243 0.157
-1.12095 -1.15005 0 2.01031 2.05211 0.157
-1.12094 -1.15005 0 2.01002 2.05179 0.165722
-1.12092 -1.15005 0 2.00973 2.05135 0.183167
-1.1209 -1.15005 0 2.00945 2.05109 0.174444
-1.12088 -1.15005 0 2.00916 2.05074 0.188981
-1.12086 -1.15005 0 2.00888 2.05045 0.174444
-1.12085 -1.15005 0 2.00859 2.05016 0.183167
-1.12083 -1.15005 0 2.00831 2.04987 0.183167
-1.12081 -1.15005 0 2.00802 2.04958 0.174444
-1.12079 -1.15005 0 2.00773 2.0492 0.183167
-1.12077 -1.15005 0 2.00745 2.04888 0.174444
-1.12075 -1.15005 0 2.00716 2.04853 0.188981
-1.12074 -1.15005 0 2.00688 2.04818 0.183167
-1.12072 -1.15005 0 2.00659 2.04777 0.197704
-1.1207 -1.15005 0 2.00631 2.04742 0.206426
-1.12068 -1.15005 0 2.00602 2.04699 0.215148
-1.12066 -1.15005 0 2.00573 2.04652 0.229685
-1.12064 -1.15005 0 2.00545 2.04617 0.252944
-1.12062 -1.15005 0 2.00516 2.0458 0.270389
-1.1206 -1.15005 0 2.00488 2.04536 0.261667
-1.12058 -1.15005 0 2.00459 2.04487 0.270389
-1.12057 -1.15005 0 2.0043 2.04437 0.293648
-1.12055 -1.15005 0 2.00402 2.04382 0.279111
-1.12053 -1.15005 0 2.00373 2.04335 0.311093
-1.12051 -1.15005 0 2.00345 2.0428 0.293648
-1.12049 -1.15005 0 2.00316 2.04225 0.311093
-1.12047 -1.15005 0 2.00287 2.04167 0.311093
-1.12045 -1.15005 0 2.00259 2.04117 0.311093
-1.12043 -1.15005 0 2.0023 2.04065 0.293648
-1.12041 -1.15005 0 2.00201 2.0401 0.284926
-1.12039 -1.15005 0 2.00173 2.03957 0.293648
-1.12037 -1.15005 0 2.00144 2.03905 0.284926
-1.12035 -1.15005 0 2.00115 2.03853 0.284926
-1.12033 -1.15005 0 2.00087 2.038 0.293648
-1.12031 -1.15005 0 2.00058 2.03754 0.284926
-1.12029 -1.15005 0 2.0003 2.03707 0.279111
-1.12027 -1.15005 0 2.00001 2.03652 0.252944
-1.12025 -1.15005 0 1.99972 2.03614 0.229685
-1.12023 -1.15005 0 1.99944 2.0358 0.188981
-1.12021 -1.15005 0 1.99915 2.0355 0.183167
-1.12019 -1.15005 0 1.99886 2.03521 0.157
-1.12017 -1.15005 0 1.99857 2.03495 0.133741
-1.12015 -1.15005 0 1.99829 2.03475 0.125019
-1.12013 -1.15005 0 1.998 2.03455 0.110481
-1.12011 -1.15005 0 1.99771 2.03437 0.110481
-1.12009 -1.15005 0 1.99743 2.0342 0.093037
-1.12006 -1.15005 0 1.99714 2.03405 0.0872222
-1.12004 -1.15005 0 1.99685 2.03391 0.0610556
-1.12002 -1.15005 0 1.99657 2.03376 0.0697778
-1.12 -1.15005 0 1.99628 2.03361 0.0552407
-1.11998 -1.15005 0 1.99599 2.0335 0.0610556
-1.11996 -1.15002 0.0465185 1.99571 2.03335 0.0697778
-1.11994 -1.15002 0 1.99542 2.03324 0.0552407
-1.11992 -1.15 0.0465185 1.99513 2.03309 0.0785
-1.1199 -1.15 0 1.99484 2.03298 0.0552407
-1.11988 -1.14997 0 1.99456 2.03283 0.0697778
-1.11985 -1.14997 0.014537 1.99427 2.03274 0.0552407
-1.11983 -1.14991 0.014537 1.99398 2.0326 0.0290741
-1.11981 -1.14988 0 1.9937 2.03248 0.0610556
-1.11979 -1.14985 0.00581481 1.99341 2.03239 0.0290741
-1.11977 -1.14979 0 1.99312 2.03228 0
-1.11975 -1.14976 0.0552407 1.99283 2.03216 0
-1.11972 -1.1497 0 1.99255 2.03204 0
-1.1197 -1.14968 0 1.99226 2.03196 0.00581481
-1.11968 -1.14968 0 1.99197 2.0319 0.014537
-1.11966 -1.14962 0.0377963 1.99168 2.03181 0.0465185
-1.11964 -1.14956 0.0610556 1.9914 2.0317 0.0290741
-1.11961 -1.14953 0.0465185 1.99111 2.03161 0
-1.11959 -1.14953 0 1.99082 2.03158 0.0465185
-1.11957 -1.14953 0 1.99053 2.03155 0.0465185
-1.11955 -1.14944 0.0697778 1.99024 2.03143 0.0465185
-1.11952 -1.14938 0.0377963 1.98996 2.03135 0.0465185
-1.1195 -1.14933 0 1.98967 2.03126 0.0552407
-1.11948 -1.14933 0 1.98938 2.0312 0.014537
-1.11946 -1.14933 0 1.98909 2.03117 0
-1.11943 -1.14924 0.0552407 1.98881 2.03106 0
-1.11941 -1.14918 0.0610556 1.98852 2.03094 0
-1.11939 -1.14915 0 1.98823 2.03088 0
-1.11937 -1.14915 0 1.98794 2.03085 0
-1.11934 -1.14915 0 1.98765 2.03082 0
-1.11932 -1.14909 0.014537 1.98737 2.03074 0
-1.1193 -1.14907 0.0552407 1.98708 2.03068 0
-1.11927 -1.14904 0 1.98679 2.03062 0
-1.11925 -1.14904 0 1.9865 2.03062 0
-1.11923 -1.14904 0 1.98621 2.03059 0.00581481
-1.1192 -1.14898 0.00581481 1.98592 2.03053 0
-1.11918 -1.14895 0.0232593 1.98564 2.03047 0.0552407
-1.11916 -1.14892 0 1.98535 2.03045 0
-1.11913 -1.14892 0.00581481 1.98506 2.03042 0
-1.11911 -1.14892 0 1.98477 2.03042 0
-1.11909 -1.14892 0 1.98448 2.03039 0
-1.11906 -1.14889 0 1.98419 2.03033 0
-1.11905 -1.14889 0 1.9839 2.0303 0.014537
-1.11905 -1.14883 0.0232593 1.9836 2.03021 0
-1.11904 -1.14883 0 1.98331 2.03018 0.0232593
-1.11903 -1.14883 0 1.98301 2.03015 0.0610556
-1.11903 -1.14883 0 1.98272 2.0301 0
-1.11902 -1.1488 0.0290741 1.98242 2.03001 0.0552407
-1.11902 -1.1488 0 1.98212 2.02998 0.00581481
-1.11901 -1.1488 0 1.98183 2.02989 0.0465185
-1.119 -1.1488 0 1.98153 2.02986 0.0610556
-1.11899 -1.14877 0 1.98124 2.02978 0.0465185
-1.11899 -1.14877 0 1.98094 2.02969 0.0465185
-1.11898 -1.14877 0 1.98064 2.02963 0.014537
-1.11897 -1.14877 0 1.98035 2.02954 0.0697778
-1.11897 -1.14877 0 1.98005 2.02949 0.0377963
-1.11896 -1.14877 0 1.97975 2.02937 0.0377963
-1.11895 -1.14877 0 1.97946 2.02928 0.0552407
-1.11895 -1.14877 0 1.97916 2.0292 0.0465185
-1.11894 -1.14877 0 1.97887 2.02911 0.0552407
-1.11893 -1.14877 0 1.97857 2.02899 0.0465185
-1.11892 -1.14877 0 1.97827 2.0289 0.0697778
-1.11891 -1.14877 0 1.97798 2.02876 0.0465185
-1.11891 -1.14877 0 1.97768 2.02867 0.0697778
-1.1189 -1.14877 0 1.97738 2.0285 0.0697778
-1.11889 -1.14877 0 1.97709 2.02835 0.0872222
-1.11888 -1.14877 0 1.97679 2.02824 0.101759
-1.11888 -1.14877 0 1.97649 2.02806 0.093037
-1.11887 -1.14877 0 1.9762 2.02789 0.101759
-1.11886 -1.14877 0 1.9759 2.02771 0.101759
-1.11885 -1.14877 0 1.9756 2.02751 0.110481
-1.11884 -1.14877 0 1.9753 2.02733 0.110481
-1.11883 -1.14877 0 1.97501 2.0271 0.119204
-1.11883 -1.14877 0 1.97471 2.0269 0.142463
-1.11882 -1.14877 0 1.97441 2.02661 0.133741
-1.11881 -1.14877 0 1.97412 2.0264 0.142463
-1.1188 -1.14877 0 1.97382 2.02614 0.133741
-1.11879 -1.14877 0 1.97352 2.02588 0.165722
-1.11878 -1.14877 0 1.97322 2.02556 0.174444
-1.11877 -1.14877 0 1.97293 2.02521 0.188981
-1.11876 -1.14877 0 1.97263 2.02483 0.197704
-1.11875 -1.14877 0 1.97233 2.02449 0.197704
-1.11875 -1.14877 0 1.97204 2.02414 0.220963
-1.11874 -1.14877 0 1.97174 2.02361 0.229685
-1.11873 -1.14877 0 1.97144 2.02324 0.252944
-1.11872 -1.14877 0 1.97114 2.02283 0.24713
-1.11871 -1.14877 0 1.97085 2.02233 0.229685
-1.1187 -1.14877 0 1.97055 2.02184 0.279111
-1.11869 -1.1488 -0.0232593 1.97025 2.0214 0.270389
-1.11868 -1.1488 0 1.96995 2.02088 0.284926
-1.11867 -1.1488 0 1.96965 2.02042 0.284926
-1.11866 -1.1488 0 1.96936 2.0198 0.316907
-1.11865 -1.1488 0 1.96906 2.01928 0.316907
-1.11864 -1.1488 0 1.96876 2.01873 0.32563
-1.11863 -1.1488 0 1.96846 2.01815 0.357611
-1.11862 -1.1488 0 1.96817 2.01757 0.375056
-1.11861 -1.1488 0 1.96787 2.01693 0.412852
-1.1186 -1.1488 0 1.96757 2.01626 0.412852
-1.11859 -1.1488 0 1.96727 2.01559 0.430296
-1.11858 -1.1488 0 1.96697 2.01486 0.453556
-1.11857 -1.14883 -0.0232593 1.96667 2.01422 0.444833
-1.11856 -1.14883 0 1.96638 2.01355 0.444833
-1.11855 -1.14883 0 1.96608 2.01286 0.439019
-1.11854 -1.14883 0 1.96578 2.01225 0.398315
-1.11852 -1.14883 0 1.96548 2.01169 0.375056
-1.11851 -1.14883 0 1.96518 2.01102 0.348889
-1.1185 -1.14883 0 1.96489 2.01047 0.334352
-1.11849 -1.14883 0 1.96459 2.01001 0.30237
-1.11848 -1.14883 0 1.96429 2.00957 0.30237
-1.11847 -1.14883 0 1.96399 2.00913 0.30237
-1.11846 -1.14883 0 1.96369 2.00864 0.270389
-1.11845 -1.14883 0 1.96339 2.00817 0.279111
-1.11844 -1.14883 0 1.96309 2.00771 0.229685
-1.11842 -1.14883 0 1.9628 2.00727 0.261667
-1.11841 -1.14883 0 1.9625 2.00687 0.215148
-1.1184 -1.14883 0 1.9622 2.00649 0.206426
-1.11839 -1.14883 0 1.9619 2.00608 0.197704
-1.11838 -1.14883 0 1.9616 2.00579 0.151185
-1.11837 -1.14883 0 1.9613 2.0055 0.157
-1.11835 -1.14883 0 1.961 2.00527 0.142463
-1.11834 -1.14883 0 1.9607 2.00503 0.133741
-1.11833 -1.14883 0 1.9604 2.00477 0.125019
-1.11832 -1.14883 0 1.96011 2.00454 0.119204
-1.11831 -1.1488 0 1.95981 2.00431 0.125019
-1.11829 -1.1488 0 1.95951 2.00405 0.133741
-1.11828 -1.14877 0 1.95921 2.00376 0.133741
-1.11827 -1.14877 0 1.95891 2.00349 0.142463
-1.11826 -1.14877 0 1.95861 2.00326 0.157
-1.11824 -1.14875 0 1.95831 2.00294 0.174444
-1.11823 -1.14872 0 1.95801 2.00256 0.165722
-1.11822 -1.14866 0 1.95771 2.00221 0.183167
-1.1182 -1.14866 0 1.95741 2.00192 0.174444
-1.11819 -1.1486 0 1.95711 2.00149 0.165722
-1.11818 -1.14857 0.0290741 1.95681 2.00117 0.183167
-1.11817 -1.14851 0.0610556 1.95651 2.00073 0.188981
-1.11815 -1.14851 0 1.95621 2.00044 0.188981
-1.11814 -1.14848 0 1.95591 2.00006 0.174444
-1.11813 -1.14848 0 1.95561 1.99974 0.188981
-1.11812 -1.14845 0.0290741 1.95531 1.99939 0.183167
-1.11811 -1.14843 0.0377963 1.95501 1.99907 0.174444
-1.1181 -1.1484 0 1.95471 1.99875 0.165722
-1.11808 -1.1484 0 1.95441 1.99844 0.188981
-1.11807 -1.1484 0 1.95411 1.99814 0.197704
-1.11806 -1.1484 0 1.95381 1.99774 0.183167
-1.11805 -1.14837 0 1.95351 1.99736 0.220963
-1.11804 -1.14834 0 1.95321 1.99698 0.188981
-1.11803 -1.14834 0.0465185 1.95291 1.99663 0.206426
-1.11802 -1.14834 0 1.9526 1.9962 0.206426
-1.118 -1.14834 0 1.9523 1.99582 0.229685
-1.11799 -1.14834 0 1.952 1.9955 0.215148
-1.11798 -1.14834 0 1.9517 1.99512 0.197704
-1.11797 -1.14834 0 1.9514 1.99477 0.215148
-1.11796 -1.14834 0 1.9511 1.99445 0.220963
-1.11794 -1.14834 0 1.9508 1.9941 0.215148
-1.11793 -1.14834 0 1.9505 1.99367 0.215148
-1.11792 -1.14834 0 1.95019 1.99326 0.24713
-1.11791 -1.14834 0 1.94989 1.99282 0.252944
-1.1179 -1.14834 0 1.94959 1.99233 0.24713
-1.11788 -1.14834 0 1.94929 1.99186 0.252944
-1.11787 -1.14834 0 1.94899 1.99137 0.261667
-1.11786 -1.14834 0 1.94869 1.9909 0.279111
-1.11785 -1.14834 0 1.94838 1.99038 0.279111
-1.11783 -1.14834 0 1.94808 1.98986 0.279111
-1.11782 -1.14834 0 1.94778 1.98928 0.293648
-1.11781 -1.14834 0 1.94748 1.98875 0.30237
-1.11779 -1.14834 0 1.94718 1.98823 0.311093
-1.11778 -1.14834 0 1.94688 1.98768 0.30237
-1.11777 -1.14834 0 1.94657 1.98715 0.284926
-1.11775 -1.14834 0 1.94627 1.98663 0.284926
-1.11774 -1.14834 0 1.94597 1.98617 0.284926
-1.11773 -1.14834 0 1.94567 1.9857 0.252944
-1.11771 -1.14834 0 1.94537 1.98529 0.252944
-1.1177 -1.14834 0 1.94506 1.9848 0.229685
-1.11769 -1.14834 0 1.94476 1.98439 0.229685
-1.11767 -1.14834 0 1.94446 1.98401 0.229685
-1.11766 -1.14834 0 1.94416 1.98364 0.206426
-1.11765 -1.14834 0 1.94385 1.98329 0.183167
-1.11763 -1.14834 0 1.94355 1.98297 0.174444
-1.11762 -1.14834 0 1.94325 1.98268 0.188981
-1.1176 -1.14834 0 1.94295 1.98239 0.157
-1.11759 -1.14834 0 1.94264 1.9821 0.157
-1.11758 -1.14834 0 1.94234 1.98183 0.142463
-1.11756 -1.14834 0 1.94204 1.98157 0.151185
-1.11755 -1.14834 0 1.94174 1.98131 0.142463
-1.11753 -1.14834 0 1.94143 1.98108 0.142463
-1.11752 -1.14834 0 1.94113 1.98082 0.142463
-1.1175 -1.14834 0 1.94083 1.98055 0.142463
-1.11749 -1.14834 0 1.94053 1.98032 0.133741
-1.11747 -1.14834 0 1.94022 1.98012 0.133741
-1.11746 -1.14834 0 1.93992 1.97989 0.142463
-1.11744 -1.14834 0 1.93962 1.97968 0.125019
-1.11743 -1.14834 0 1.93931 1.97951 0.110481
-1.11741 -1.14834 0 1.93901 1.97936 0.093037
-1.1174 -1.14834 0 1.93871 1.97919 0.110481
-1.11738 -1.14834 0 1.9384 1.97904 0.0872222
-1.11737 -1.14834 0 1.9381 1.9789 0.0872222
-1.11735 -1.14831 0 1.9378 1.97872 0.0610556
-1.11734 -1.14831 0 1.9375 1.97864 0.0872222
-1.11732 -1.14831 0 1.93719 1.97852 0.0697778
-1.11731 -1.14831 0 1.93689 1.97843 0.0610556
-1.11729 -1.14828 0 1.93659 1.97829 0.0785
-1.11728 -1.14828 0 1.93628 1.9782 0.0465185
-1.11726 -1.14828 0 1.93598 1.97811 0.0552407
-1.11724 -1.14828 0 1.93568 1.97803 0.0872222
-1.11723 -1.14825 0.0232593 1.93537 1.97791 0.00581481
-1.11721 -1.14825 0 1.93507 1.97782 0.0697778
-1.1172 -1.14825 0 1.93476 1.97771 0.0610556
-1.11718 -1.14825 0 1.93446 1.97762 0.0610556
-1.11716 -1.14825 0 1.93416 1.97753 0.0552407
-1.11715 -1.14819 0.0377963 1.93385 1.97739 0.0552407
-1.11713 -1.14819 0 1.93355 1.9773 0.0377963
-1.11712 -1.14819 0 1.93325 1.97721 0.0465185
-1.1171 -1.14816 0 1.93294 1.97707 0.0610556
-1.11708 -1.14816 0 1.93264 1.97698 0.0465185
-1.11707 -1.14813 0.0232593 1.93233 1.97683 0.0377963
-1.11705 -1.14813 0 1.93203 1.97672 0.0465185
-1.11703 -1.14811 0.0465185 1.93173 1.9766 0.0290741
-1.11702 -1.14811 0 1.93142 1.97651 0.0377963
-1.117 -1.14811 0 1.93112 1.9764 0.0610556
-1.11698 -1.14811 0 1.93081 1.97634 0.0610556
-1.11697 -1.14808 0.0290741 1.93051 1.97625 0.0552407
-1.11695 -1.14805 0.0610556 1.93021 1.97616 0.0552407
-1.11693 -1.14805 0 1.9299 1.97611 0.0552407
-1.11691 -1.14805 0 1.9296 1.97602 0.0610556
-1.1169 -1.14805 0 1.92929 1.97596 0.0610556
-1.11688 -1.14802 0.0465185 1.92899 1.97587 0.0610556
-1.11686 -1.14799 0.0290741 1.92868 1.97579 0.0610556
-1.11684 -1.14799 0 1.92838 1.97573 0.0377963
-1.11683 -1.14799 0 1.92807 1.97564 0.014537
-1.11682 -1.14799 0 1.92776 1.97555 0.0465185
-1.11681 -1.14799 0 1.92745 1.97547 0.0697778
-1.1168 -1.14799 0 1.92715 1.97538 0.0377963
-1.11679 -1.14799 0 1.92684 1.97526 0.0465185
-1.11678 -1.14799 0 1.92653 1.97515 0.0785
-1.11677 -1.14796 0.014537 1.92622 1.975 0.0872222
-1.11676 -1.14796 0 1.92591 1.97483 0.0610556
-1.11674 -1.14796 0 1.92561 1.97471 0.093037
-1.11673 -1.14796 0 1.9253 1.97454 0.0785
-1.11672 -1.14796 0 1.92499 1.97439 0.0785
-1.11671 -1.14796 0 1.92468 1.97425 0.0785
-1.1167 -1.14796 0 1.92437 1.97407 0.093037
-1.11669 -1.14796 0 1.92406 1.97395 0.0785
-1.11667 -1.14796 0 1.92376 1.97378 0.110481
-1.11666 -1.14796 0 1.92345 1.97355 0.101759
-1.11665 -1.14796 0 1.92314 1.97334 0.101759
-1.11664 -1.14796 0 1.92283 1.97314 0.093037
-1.11663 -1.14796 0 1.92252 1.97291 0.110481
-1.11661 -1.14796 0 1.92221 1.9727 0.119204
-1.1166 -1.14796 0 1.9219 1.97247 0.133741
-1.11659 -1.14796 0 1.92159 1.97221 0.125019
-1.11658 -1.14796 0 1.92129 1.97195 0.133741
-1.11656 -1.14796 0 1.92098 1.97166 0.157
-1.11655 -1.14796 0 1.92067 1.9714 0.151185
-1.11654 -1.14796 0 1.92036 1.97108 0.174444
-1.11653 -1.14796 0 1.92005 1.97079 0.183167
-1.11651 -1.14796 0 1.91974 1.97044 0.183167
-1.1165 -1.14796 0 1.91943 1.97012 0.188981
-1.11649 -1.14796 0 1.91912 1.96977 0.188981
-1.11647 -1.14796 0 1.91881 1.96945 0.197704
-1.11646 -1.14796 0 1.9185 1.9691 0.197704
-1.11645 -1.14796 0 1.91819 1.96869 0.229685
-1.11643 -1.14796 0 1.91788 1.96829 0.215148
-1.11642 -1.14796 0 1.91758 1.96788 0.238407
-1.11641 -1.14796 0 1.91727 1.96744 0.238407
-1.11639 -1.14796 0 1.91696 1.96695 0.279111
-1.11638 -1.14796 0 1.91665 1.96645 0.284926
-1.11636 -1.14796 0 1.91634 1.9659 0.30237
-1.11635 -1.14796 0 1.91603 1.96538 0.334352
-1.11634 -1.14796 0 1.91572 1.96477 0.343074
-1.11632 -1.14796 0 1.91541 1.96413 0.348889
-1.11631 -1.14796 0 1.9151 1.96352 0.366333
-1.11629 -1.14796 0 1.91479 1.96285 0.38087
-1.11628 -1.14796 0 1.91448 1.96227 0.389593
-1.11627 -1.14796 0 1.91417 1.96154 0.398315
-1.11625 -1.14796 0 1.91386 1.9609 0.389593
-1.11624 -1.14796 0 1.91355 1.96026 0.38087
-1.11622 -1.14796 0 1.91324 1.95956 0.357611
-1.11621 -1.14796 0 1.91293 1.95892 0.334352
-1.11619 -1.14796 0 1.91262 1.95837 0.311093
-1.11618 -1.14796 0 1.91231 1.95791 0.270389
-1.11616 -1.14796 0 1.912 1.95741 0.252944
-1.11615 -1.14796 0 1.91169 1.957 0.229685
-1.11613 -1.14796 0 1.91138 1.95663 0.238407
-1.11612 -1.14796 0 1.91107 1.95619 0.215148
-1.1161 -1.14796 0 1.91076 1.95584 0.188981
-1.11609 -1.14796 0 1.91045 1.95552 0.157
-1.11607 -1.14796 0 1.91014 1.95517 0.188981
-1.11606 -1.14796 0 1.90982 1.95485 0.188981
-1.11604 -1.14796 0 1.90951 1.9545 0.188981
-1.11603 -1.14796 0 1.9092 1.95418 0.183167
-1.11601 -1.14796 0 1.90889 1.95384 0.165722
-1.116 -1.14796 0 1.90858 1.95349 0.165722
-1.11598 -1.14796 0 1.90827 1.95317 0.165722
-1.11596 -1.14796 0 1.90796 1.95282 0.188981
-1.11595 -1.14796 0 1.90765 1.95253 0.165722
-1.11593 -1.14796 0 1.90734 1.95227 0.165722
-1.11592 -1.14793 0 1.90703 1.95192 0.165722
-1.1159 -1.14793 0 1.90672 1.95163 0.183167
-1.11588 -1.14793 0 1.90641 1.95136 0.165722
-1.11587 -1.14787 0.00581481 1.90609 1.95102 0.165722
-1.11585 -1.14784 0 1.90578 1.9507 0.142463
-1.11583 -1.14781 0.00581481 1.90547 1.95035 0.165722
-1.11582 -1.14779 0 1.90516 1.95003 0.165722
-1.1158 -1.14776 0.014537 1.90485 1.94968 0.174444
-1.11578 -1.14776 0 1.90454 1.94936 0.165722
-1.11577 -1.14773 0 1.90423 1.94901 0.165722
-1.11575 -1.1477 0.0377963 1.90391 1.94863 0.188981
-1.11573 -1.14767 0 1.9036 1.94828 0.188981
-1.11571 -1.14767 0 1.90329 1.94796 0.183167
-1.11569 -1.14764 0.0232593 1.90298 1.94756 0.188981
-1.11567 -1.14761 0 1.90267 1.94724 0.197704
-1.11565 -1.14758 0 1.90236 1.94689 0.183167
-1.11563 -1.14758 0 1.90206 1.94657 0.165722
-1.11561 -1.14752 0.014537 1.90175 1.94622 0.157
-1.11558 -1.1475 0.0377963 1.90144 1.94593 0.174444
-1.11556 -1.1475 0 1.90113 1.94564 0.174444
-1.11554 -1.14747 0 1.90082 1.94529 0.188981
-1.11552 -1.14747 0 1.90051 1.94503 0.183167
-1.11549 -1.14747 0 1.9002 1.94476 0.183167
-1.11547 -1.14747 0 1.89989 1.94447 0.174444
-1.11545 -1.14744 0.014537 1.89958 1.9441 0.183167
-1.11543 -1.14744 0 1.89927 1.94378 0.183167
-1.1154 -1.14744 0 1.89896 1.94346 0.188981
-1.11538 -1.14741 0.0290741 1.89865 1.94308 0.206426
-1.11536 -1.14741 0 1.89834 1.94279 0.206426
-1.11534 -1.14741 0 1.89803 1.94247 0.188981
-1.11531 -1.14741 0 1.89772 1.94215 0.183167
-1.11529 -1.14741 0 1.89741 1.94186 0.206426
-1.11527 -1.14741 0 1.8971 1.94145 0.188981
-1.11524 -1.14741 0 1.89679 1.94113 0.188981
-1.11522 -1.14741 0 1.89648 1.94069 0.220963
-1.1152 -1.14741 0 1.89617 1.94035 0.197704
-1.11517 -1.14738 0 1.89586 1.93991 0.220963
-1.11515 -1.14738 0 1.89555 1.93941 0.229685
-1.11513 -1.14738 0 1.89524 1.93895 0.229685
-1.1151 -1.14738 0 1.89493 1.93846 0.279111
-1.11508 -1.14738 0 1.89462 1.93796 0.293648
-1.11506 -1.14738 0 1.89431 1.93741 0.30237
-1.11503 -1.14738 0 1.894 1.9368 0.30237
-1.11501 -1.14738 0 1.89369 1.93622 0.32563
-1.11499 -1.14738 0 1.89338 1.93564 0.343074
-1.11496 -1.14738 0 1.89306 1.93497 0.366333
-1.11494 -1.14738 0 1.89275 1.93436 0.343074
-1.11491 -1.14738 0 1.89244 1.93372 0.343074
-1.11489 -1.14738 0 1.89213 1.93311 0.32563
-1.11486 -1.14738 0 1.89182 1.93255 0.30237
-1.11484 -1.14738 0 1.89151 1.93188 0.316907
-1.11482 -1.14738 0 1.8912 1.93133 0.284926
-1.11479 -1.14738 0 1.89089 1.93084 0.284926
-1.11477 -1.14738 0 1.89058 1.93037 0.284926
-1.11474 -1.14738 0 1.89027 1.92988 0.229685
-1.11472 -1.14738 0 1.88996 1.92938 0.252944
-1.11469 -1.14738 0 1.88964 1.92898 0.229685
-1.11467 -1.14738 0 1.88933 1.92857 0.220963
-1.11464 -1.14738 0 1.88902 1.92819 0.229685
-1.11462 -1.14738 0 1.88871 1.92784 0.206426
-1.11459 -1.14738 0 1.8884 1.92747 0.197704
-1.11457 -1.14738 0 1.88809 1.92709 0.206426
-1.11454 -1.14738 0 1.88778 1.92674 0.220963
-1.11452 -1.14738 0 1.88746 1.92645 0.183167
-1.11449 -1.14738 0 1.88715 1.92616 0.165722
-1.11447 -1.14738 0 1.88684 1.92592 0.183167
-1.11444 -1.14738 0 1.88653 1.92563 0.157
-1.11442 -1.14738 0 1.88622 1.9254 0.125019
-1.11439 -1.14738 0 1.88591 1.9252 0.119204
-1.11436 -1.14735 0 1.8856 1.92496 0.119204
-1.11434 -1.14735 0 1.88528 1.92473 0.125019
-1.11431 -1.14732 0.0552407 1.88497 1.92456 0.101759
-1.11429 -1.14729 0.0290741 1.88466 1.92435 0.0872222
-1.11426 -1.14729 0 1.88435 1.92424 0.0872222
-1.11423 -1.14729 0 1.88404 1.92409 0.0552407
-1.11421 -1.14726 0.0377963 1.88372 1.92392 0.0610556
-1.11418 -1.14718 0 1.88341 1.92374 0.0610556
-1.11416 -1.14715 0.0377963 1.8831 1.92354 0.0785
-1.11413 -1.14712 0.0377963 1.88279 1.92339 0.0872222
-1.1141 -1.14706 0 1.88248 1.92319 0.093037
-1.11408 -1.14703 0.0232593 1.88216 1.92302 0.0552407
-1.11405 -1.147 0 1.88185 1.92281 0.0785
-1.11402 -1.14691 0.00581481 1.88154 1.92258 0.0785
-1.114 -1.14683 0.014537 1.88123 1.92235 0.0697778
-1.11397 -1.14677 0.0610556 1.88091 1.92214 0.0872222
-1.11394 -1.14668 0.0290741 1.8806 1.92191 0.093037
-1.11392 -1.14665 0.0465185 1.88029 1.92174 0.0697778
-1.11389 -1.14662 0 1.87998 1.92159 0.0785
-1.11386 -1.14656 0.014537 1.87966 1.92139 0.101759
-1.11383 -1.14651 0.0552407 1.87935 1.92119 0.0697778
-1.11381 -1.14642 0.0377963 1.87904 1.92095 0.093037
-1.11378 -1.14633 0.0232593 1.87872 1.92075 0.0872222
-1.11375 -1.14633 0 1.87841 1.92063 0.0872222
-1.11373 -1.14624 0.0290741 1.8781 1.92037 0.093037
-1.1137 -1.14616 0.0377963 1.87779 1.92014 0.0872222
-1.11367 -1.14607 0.0465185 1.87747 1.91991 0.093037
-1.11364 -1.14598 0.0232593 1.87716 1.91962 0.101759
-1.11362 -1.14593 0.0232593 1.87685 1.91938 0.101759
-1.11359 -1.1459 0.0290741 1.87653 1.91921 0.0872222
-1.11356 -1.14584 0.0290741 1.87622 1.91895 0.101759
-1.11353 -1.14578 0.00581481 1.87591 1.91868 0.133741
-1.11351 -1.14572 0 1.87559 1.91845 0.125019
-1.11349 -1.14569 0 1.87527 1.91822 0.125019
-1.11347 -1.14558 0.014537 1.87495 1.91781 0.151185
-1.11345 -1.14552 0.0552407 1.87464 1.91749 0.165722
-1.11343 -1.14543 0.0465185 1.87432 1.91714 0.157
-1.11341 -1.1454 0.0552407 1.874 1.91685 0.142463
-1.11339 -1.1454 0 1.87368 1.91656 0.165722
-1.11337 -1.1454 0 1.87337 1.91627 0.157
-1.11335 -1.14537 0 1.87305 1.91595 0.165722
-1.11333 -1.14531 0.0610556 1.87273 1.9156 0.165722
-1.11331 -1.14523 0.0552407 1.87241 1.91525 0.142463
-1.11328 -1.1452 0.0377963 1.87209 1.91493 0.142463
-1.11326 -1.1452 0 1.87178 1.91467 0.165722
-1.11324 -1.1452 0 1.87146 1.91435 0.151185
-1.11322 -1.1452 0 1.87114 1.91406 0.174444
-1.1132 -1.14514 0 1.87082 1.91374 0.174444
-1.11318 -1.14511 0 1.8705 1.91339 0.174444
-1.11316 -1.14508 0 1.87018 1.91307 0.165722
-1.11314 -1.14508 0 1.86987 1.91275 0.188981
-1.11311 -1.14508 0 1.86955 1.91243 0.188981
-1.11309 -1.14505 0 1.86923 1.91203 0.197704
-1.11307 -1.14505 0.0377963 1.86891 1.91162 0.220963
-1.11305 -1.14502 0 1.86859 1.91115 0.252944
-1.11303 -1.14502 0.00581481 1.86827 1.91072 0.252944
-1.113 -1.14502 0 1.86795 1.9102 0.252944
-1.11298 -1.14502 0 1.86763 1.9097 0.293648
-1.11296 -1.14502 0 1.86732 1.90915 0.293648
-1.11294 -1.14502 0 1.867 1.90857 0.30237
-1.11292 -1.14502 0 1.86668 1.90804 0.316907
-1.11289 -1.14499 0 1.86636 1.90746 0.32563
-1.11287 -1.14499 0 1.86604 1.90691 0.30237
-1.11285 -1.14497 0 1.86572 1.90636 0.32563
-1.11282 -1.14494 0.014537 1.8654 1.90578 0.316907
-1.1128 -1.14494 0 1.86508 1.90531 0.316907
-1.11278 -1.14494 0 1.86476 1.90485 0.270389
-1.11276 -1.14494 0 1.86444 1.90444 0.284926
-1.11273 -1.14494 0 1.86412 1.90409 0.238407
-1.11271 -1.14494 0 1.8638 1.90374 0.215148
-1.11269 -1.14494 0 1.86349 1.90345 0.197704
-1.11266 -1.14494 0 1.86317 1.90316 0.174444
-1.11264 -1.14494 0 1.86285 1.9029 0.157
-1.11262 -1.14494 0 1.86253 1.90264 0.151185
-1.11259 -1.14494 0 1.86221 1.9024 0.142463
-1.11257 -1.14494 0 1.86189 1.90217 0.151185
-1.11255 -1.14494 0 1.86157 1.90194 0.133741
-1.11252 -1.14494 0 1.86125 1.90171 0.133741
-1.1125 -1.14494 0 1.86093 1.90144 0.142463
-1.11248 -1.14494 0 1.86061 1.90124 0.119204
-1.11245 -1.14494 0 1.86029 1.90098 0.142463
-1.11243 -1.14494 0 1.85997 1.90069 0.157
-1.1124 -1.14494 0 1.85965 1.90046 0.174444
-1.11238 -1.14491 0 1.85933 1.90016 0.165722
-1.11236 -1.14491 0 1.85901 1.89987 0.151185
-1.11233 -1.14488 0.0232593 1.85869 1.89958 0.165722
-1.11231 -1.14485 0 1.85837 1.89929 0.151185
-1.11228 -1.14479 0 1.85805 1.899 0.151185
-1.11226 -1.14476 0.0232593 1.85773 1.89868 0.133741
-1.11223 -1.1447 0.0290741 1.85741 1.89842 0.125019
-1.11221 -1.14462 0.00581481 1.85708 1.8981 0.133741
-1.11218 -1.14459 0.014537 1.85676 1.8979 0.125019
-1.11216 -1.14453 0.0552407 1.85644 1.89766 0.093037
-1.11213 -1.14447 0.0610556 1.85612 1.89746 0.119204
-1.11211 -1.14444 0 1.8558 1.89729 0.110481
-1.11208 -1.14444 0 1.85548 1.89714 0.0785
-1.11206 -1.14438 0.0552407 1.85516 1.89697 0.0785
-1.11203 -1.14427 0.0465185 1.85484 1.8967 0.0697778
-1.11201 -1.14418 0.0610556 1.85452 1.89653 0.0552407
-1.11198 -1.14412 0.00581481 1.8542 1.89633 0.0872222
-1.11196 -1.14409 0 1.85388 1.89615 0.0785
-1.11193 -1.14404 0.0465185 1.85356 1.89598 0.0610556
-1.11191 -1.14392 0.0552407 1.85323 1.89572 0.0872222
-1.11188 -1.1438 0.0872222 1.85291 1.89545 0.101759
-1.11186 -1.14377 0.0552407 1.85259 1.89528 0.093037
-1.11183 -1.14374 0 1.85227 1.89513 0.0872222
-1.1118 -1.14374 0 1.85195 1.89496 0.093037
-1.11178 -1.14366 0.0610556 1.85163 1.89473 0.101759
-1.11175 -1.14354 0.0610556 1.85131 1.89444 0.101759
-1.11173 -1.14342 0.0785 1.85099 1.89415 0.101759
-1.1117 -1.1434 0.0290741 1.85066 1.89394 0.101759
-1.11167 -1.14334 0.014537 1.85034 1.89368 0.110481
-1.11165 -1.14331 0 1.85002 1.89348 0.110481
-1.11162 -1.14319 0.0697778 1.8497 1.89319 0.101759
-1.11159 -1.14308 0.0610556 1.84938 1.89287 0.101759
-1.11156 -1.14299 0.0552407 1.84906 1.89266 0.093037
-1.11153 -1.14296 0 1.84874 1.89246 0.0872222
-1.11151 -1.14296 0 1.84842 1.89229 0.101759
-1.11148 -1.1429 0.0552407 1.8481 1.89208 0.0872222
-1.11145 -1.14279 0.0697778 1.84778 1.89182 0.0872222
-1.11142 -1.1427 0.0610556 1.84745 1.89162 0.110481
-1.11139 -1.14264 0 1.84713 1.89141 0.0872222
-1.11136 -1.14264 0 1.84681 1.89124 0.110481
-1.11133 -1.14261 0 1.84649 1.89106 0.0872222
-1.11131 -1.14249 0.0785 1.84617 1.8908 0.0872222
-1.11128 -1.14238 0.0465185 1.84585 1.89054 0.0785
-1.11125 -1.14229 0.0377963 1.84553 1.89028 0.093037
-1.11122 -1.14229 0 1.84521 1.89011 0.101759
-1.11119 -1.14226 0 1.84488 1.8899 0.101759
-1.11116 -1.14217 0.0465185 1.84456 1.88961 0.093037
-1.11113 -1.14206 0.0465185 1.84424 1.88929 0.110481
-1.1111 -1.14197 0.0290741 1.84392 1.88897 0.110481
-1.11107 -1.14194 0 1.8436 1.88874 0.125019
-1.11104 -1.14194 0 1.84328 1.88845 0.125019
-1.11101 -1.14185 0.0552407 1.84295 1.88813 0.125019
-1.11098 -1.14177 0.0697778 1.84263 1.88775 0.142463
-1.11096 -1.14168 0.0552407 1.84231 1.8874 0.133741
-1.11093 -1.14165 0.00581481 1.84199 1.88705 0.183167
-1.1109 -1.14165 0 1.84167 1.88679 0.183167
-1.11087 -1.14165 0 1.84134 1.8865 0.188981
-1.11084 -1.14156 0.0697778 1.84102 1.88609 0.174444
-1.11081 -1.14145 0.0785 1.8407 1.88563 0.215148
-1.11078 -1.14139 0.0697778 1.84038 1.88516 0.206426
-1.11075 -1.14139 0 1.84006 1.88484 0.206426
-1.11072 -1.14139 0 1.83973 1.88438 0.220963
-1.11069 -1.14133 0.014537 1.83941 1.88394 0.206426
-1.11066 -1.14124 0.0377963 1.83909 1.88351 0.220963
-1.11062 -1.14119 0.0465185 1.83877 1.8831 0.206426
-1.11059 -1.14119 0 1.83844 1.88278 0.215148
-1.11056 -1.14119 0 1.83812 1.88246 0.206426
-1.11053 -1.14119 0 1.8378 1.88211 0.206426
-1.1105 -1.14113 0.0610556 1.83748 1.88164 0.206426
-1.11047 -1.14104 0.0552407 1.83715 1.88112 0.220963
-1.11044 -1.14104 0 1.83683 1.88074 0.229685
-1.11041 -1.14104 0 1.83651 1.88019 0.252944
-1.11038 -1.14104 0 1.83618 1.87975 0.252944
-1.11035 -1.14101 0 1.83586 1.87923 0.293648
-1.11032 -1.14098 0 1.83554 1.87868 0.311093
-1.11029 -1.14095 0.0377963 1.83522 1.87804 0.311093
-1.11025 -1.14095 0 1.83489 1.87743 0.343074
-1.11022 -1.14095 0 1.83457 1.87688 0.357611
-1.11019 -1.14095 0 1.83425 1.87615 0.348889
-1.11016 -1.14092 0.0377963 1.83392 1.87554 0.343074
-1.11013 -1.1409 0.0232593 1.8336 1.87493 0.348889
-1.1101 -1.1409 0 1.83328 1.87426 0.32563
-1.11006 -1.1409 0 1.83295 1.87368 0.32563
-1.11003 -1.1409 0 1.83263 1.8731 0.30237
-1.11 -1.1409 0 1.83231 1.87252 0.311093
-1.10997 -1.1409 0 1.83198 1.87208 0.279111
-1.10994 -1.14087 0 1.83166 1.87164 0.279111
-1.1099 -1.14087 0 1.83133 1.87115 0.252944
-1.10987 -1.14087 0 1.83101 1.87074 0.252944
-1.10984 -1.14087 0 1.83069 1.87031 0.220963
-1.10981 -1.14087 0 1.83036 1.86993 0.220963
-1.10978 -1.14087 0 1.83004 1.86955 0.206426
-1.10974 -1.14087 0 1.82972 1.86917 0.206426
-1.10971 -1.14087 0 1.82939 1.86885 0.206426
-1.10968 -1.14084 0 1.82907 1.86842 0.183167
-1.10965 -1.14084 0 1.82874 1.86813 0.206426
-1.10961 -1.14081 0 1.82842 1.86775 0.188981
-1.10958 -1.14081 0 1.8281 1.86749 0.174444
-1.10955 -1.14078 0.0290741 1.82777 1.86714 0.174444
-1.10951 -1.14072 0 1.82745 1.86676 0.174444
-1.10948 -1.14072 0 1.82712 1.86647 0.165722
-1.10945 -1.14069 0.00581481 1.8268 1.86618 0.151185
-1.10941 -1.14063 0.0377963 1.82647 1.86589 0.133741
-1.10939 -1.14058 0.0465185 1.82614 1.8656 0.142463
-1.10936 -1.14052 0 1.82582 1.8653 0.119204
-1.10933 -1.14049 0 1.82549 1.86507 0.119204
-1.10931 -1.14046 0 1.82516 1.86487 0.133741
-1.10928 -1.14037 0.0610556 1.82483 1.86461 0.119204
-1.10925 -1.14028 0.0377963 1.8245 1.86432 0.101759
-1.10923 -1.1402 0.0232593 1.82417 1.86403 0.119204
-1.1092 -1.14017 0 1.82384 1.86376 0.110481
-1.10917 -1.14005 0.00581481 1.82351 1.86344 0.125019
-1.10914 -1.13994 0.0465185 1.82318 1.86312 0.119204
-1.10912 -1.13982 0.0785 1.82286 1.86278 0.142463
-1.10909 -1.13967 0.0465185 1.82253 1.8624 0.119204
-1.10906 -1.13959 0.0465185 1.8222 1.86202 0.125019
-1.10903 -1.13956 0 1.82187 1.86179 0.125019
-1.10901 -1.13944 0.014537 1.82154 1.86141 0.125019
-1.10898 -1.1393 0.0785 1.82121 1.86103 0.119204
-1.10895 -1.13909 0.0785 1.82088 1.86059 0.119204
-1.10892 -1.13898 0.0697778 1.82055 1.86025 0.133741
-1.10889 -1.13895 0.0610556 1.82022 1.86004 0.119204
-1.10887 -1.13889 0.0552407 1.81989 1.85975 0.119204
-1.10884 -1.1388 0.0610556 1.81956 1.85949 0.119204
-1.10881 -1.13871 0.0785 1.81923 1.85917 0.110481
-1.10878 -1.1386 0.0610556 1.8189 1.85885 0.133741
-1.10875 -1.13848 0.0697778 1.81857 1.8585 0.133741
-1.10872 -1.13842 0.0610556 1.81824 1.85824 0.125019
-1.10869 -1.13837 0 1.81791 1.85798 0.101759
-1.10867 -1.13828 0.0465185 1.81758 1.85769 0.110481
-1.10864 -1.13816 0.0552407 1.81725 1.8574 0.0872222
-1.10861 -1.13802 0.0872222 1.81692 1.85699 0.119204
-1.10858 -1.13796 0.014537 1.81659 1.85673 0.101759
-1.10855 -1.13793 0.0465185 1.81626 1.85647 0.119204
-1.10852 -1.1379 0 1.81593 1.85626 0.093037
-1.10849 -1.13784 0.0552407 1.8156 1.856 0.133741
-1.10846 -1.13778 0.0290741 1.81527 1.85574 0.125019
-1.10843 -1.13776 0.0232593 1.81494 1.85545 0.151185
-1.1084 -1.1377 0 1.81461 1.85516 0.119204
-1.10837 -1.13764 0.0232593 1.81428 1.85481 0.157
-1.10835 -1.13755 0.0552407 1.81394 1.85443 0.151185
-1.10832 -1.13746 0.0697778 1.81361 1.85405 0.157
-1.10829 -1.13744 0 1.81328 1.8537 0.174444
-1.10826 -1.13744 0 1.81295 1.85336 0.197704
-1.10823 -1.13744 0 1.81262 1.85298 0.206426
-1.1082 -1.13732 0.0697778 1.81229 1.85248 0.220963
-1.10817 -1.13726 0.0610556 1.81196 1.85202 0.238407
-1.10814 -1.13723 0.0465185 1.81163 1.85152 0.238407
-1.10811 -1.13723 0 1.8113 1.85106 0.252944
-1.10808 -1.13723 0 1.81097 1.85056 0.284926
-1.10805 -1.13717 0 1.81063 1.84998 0.284926
-1.10802 -1.13712 0.00581481 1.8103 1.8494 0.311093
-1.10798 -1.13706 0 1.80997 1.84879 0.316907
-1.10795 -1.137 0.00581481 1.80964 1.84818 0.311093
-1.10792 -1.137 0 1.80931 1.84757 0.311093
-1.10789 -1.13697 0.014537 1.80898 1.84699 0.316907
-1.10786 -1.13697 0 1.80864 1.84641 0.311093
-1.10783 -1.13694 0 1.80831 1.8458 0.32563
-1.1078 -1.13694 0 1.80798 1.84521 0.311093
-1.10777 -1.13691 0 1.80765 1.84469 0.30237
-1.10774 -1.13691 0 1.80732 1.8442 0.252944
-1.1077 -1.13691 0 1.80699 1.84379 0.252944
-1.10767 -1.13691 0 1.80666 1.84341 0.215148
-1.10764 -1.13691 0 1.80633 1.84306 0.188981
-1.1076 -1.13691 0 1.806 1.84274 0.183167
-1.10757 -1.13691 0 1.80567 1.84245 0.188981
-1.10753 -1.13691 0 1.80534 1.84213 0.157
-1.1075 -1.13691 0 1.80501 1.84184 0.157
-1.10746 -1.13691 0 1.80467 1.84152 0.174444
-1.10743 -1.13691 0 1.80434 1.8412 0.165722
-1.1074 -1.13691 0 1.80401 1.84088 0.174444
-1.10736 -1.13691 0 1.80368 1.84056 0.174444
-1.10733 -1.13691 0 1.80335 1.84024 0.197704
-1.10729 -1.13691 0 1.80302 1.83989 0.183167
-1.10726 -1.13691 0 1.80269 1.83963 0.174444
-1.10722 -1.13691 0 1.80236 1.83931 0.183167
-1.10719 -1.13691 0 1.80203 1.83896 0.174444
-1.10715 -1.13685 0 1.8017 1.83867 0.165722
-1.10712 -1.13682 0 1.80137 1.83835 0.165722
-1.10708 -1.1368 0 1.80103 1.83806 0.165722
-1.10705 -1.13677 0 1.8007 1.83777 0.125019
-1.10701 -1.13671 0 1.80037 1.83751 0.133741
-1.10698 -1.13665 0.0610556 1.80004 1.83728 0.125019
-1.10694 -1.13659 0.0610556 1.79971 1.83704 0.101759
-1.10691 -1.13653 0 1.79938 1.83678 0.125019
-1.10687 -1.13653 0 1.79905 1.83664 0.0872222
-1.10684 -1.13653 0 1.79871 1.83652 0.0785
-1.1068 -1.13648 0.0377963 1.79838 1.83632 0.0785
-1.10676 -1.13636 0.0465185 1.79805 1.83606 0.0872222
-1.10673 -1.1363 0.0290741 1.79772 1.83588 0.0610556
-1.10669 -1.13627 0.0232593 1.79739 1.83574 0.0465185
-1.10666 -1.13621 0.0377963 1.79705 1.83556 0.0785
-1.10662 -1.13616 0.0465185 1.79672 1.83539 0.0697778
-1.10658 -1.1361 0.0232593 1.79639 1.83521 0.0610556
-1.10655 -1.13604 0.0377963 1.79606 1.83501 0.0610556
-1.10651 -1.13601 0 1.79573 1.83486 0.0872222
-1.10648 -1.13595 0.0610556 1.79539 1.83463 0.0872222
-1.10644 -1.13584 0.0377963 1.79506 1.83437 0.0697778
-1.1064 -1.13578 0.0465185 1.79473 1.8342 0.0785
-1.10637 -1.13575 0 1.7944 1.83402 0.0785
-1.10633 -1.13572 0 1.79406 1.83385 0.0872222
-1.10629 -1.13566 0.0552407 1.79373 1.83367 0.0785
-1.10626 -1.13555 0.0465185 1.7934 1.83344 0.0872222
-1.10622 -1.13549 0.0377963 1.79307 1.83324 0.0697778
-1.10618 -1.13543 0 1.79273 1.83303 0.0872222
-1.10615 -1.13543 0 1.7924 1.83292 0.0785
-1.10611 -1.13537 0.0232593 1.79207 1.83274 0.0610556
-1.10607 -1.13528 0.0377963 1.79174 1.83251 0.0785
-1.10603 -1.13517 0.0785 1.7914 1.83228 0.0785
-1.106 -1.13511 0.0377963 1.79107 1.8321 0.0697778
-1.10596 -1.13508 0.0465185 1.79074 1.83199 0.0785
-1.10592 -1.13508 0 1.7904 1.83187 0.0785
-1.10588 -1.13502 0.00581481 1.79007 1.83172 0.0610556
-1.10585 -1.13496 0.0377963 1.78974 1.83158 0.0610556
-1.10581 -1.13488 0.0697778 1.7894 1.83138 0.0872222
-1.10577 -1.13482 0.014537 1.78907 1.8312 0.0697778
-1.10573 -1.13479 0.0552407 1.78874 1.83106 0.0697778
-1.1057 -1.13476 0 1.7884 1.83091 0.0785
-1.10566 -1.13473 0.0610556 1.78807 1.83079 0.0610556
-1.10562 -1.13467 0.0552407 1.78774 1.83062 0.0785
-1.10558 -1.13464 0.0465185 1.7874 1.83047 0.0610556
-1.10554 -1.13459 0.0465185 1.78707 1.83027 0.0610556
-1.10551 -1.13459 0 1.78674 1.83013 0.093037
-1.10547 -1.13459 0 1.7864 1.83001 0.093037
-1.10543 -1.13456 0 1.78607 1.82981 0.093037
-1.10539 -1.13447 0.0290741 1.78574 1.82957 0.093037
-1.10535 -1.13441 0.0465185 1.7854 1.82934 0.101759
-1.10531 -1.13438 0.0552407 1.78507 1.82911 0.110481
-1.10527 -1.13435 0.0377963 1.78473 1.82888 0.119204
-1.10523 -1.13435 0 1.7844 1.8287 0.133741
-1.10519 -1.13435 0 1.78407 1.82847 0.151185
-1.10515 -1.13432 0 1.78374 1.82821 0.133741
-1.10511 -1.13427 0 1.7834 1.82792 0.165722
-1.10507 -1.13424 0.0377963 1.78307 1.82762 0.165722
-1.10502 -1.13421 0 1.78274 1.82733 0.183167
-1.10498 -1.13421 0 1.78241 1.82704 0.197704
-1.10494 -1.13421 0 1.78208 1.82675 0.188981
-1.1049 -1.13418 0 1.78174 1.82637 0.188981
-1.10485 -1.13415 0.0610556 1.78141 1.82605 0.197704
-1.10481 -1.13409 0 1.78108 1.82565 0.197704
-1.10477 -1.13409 0 1.78075 1.8253 0.215148
-1.10473 -1.13409 0 1.78041 1.82498 0.220963
-1.10468 -1.13409 0 1.78008 1.82466 0.206426
-1.10464 -1.13406 0 1.77975 1.82425 0.220963
-1.1046 -1.13406 0 1.77941 1.82393 0.197704
-1.10456 -1.13406 0 1.77908 1.82361 0.229685
-1.10451 -1.13406 0 1.77875 1.82329 0.220963
-1.10447 -1.13406 0 1.77842 1.82291 0.220963
-1.10443 -1.13406 0 1.77808 1.82257 0.229685
-1.10438 -1.13403 0.0552407 1.77775 1.82219 0.229685
-1.10434 -1.13403 0 1.77742 1.82175 0.279111
-1.1043 -1.13403 0 1.77708 1.82132 0.284926
-1.10425 -1.13403 0 1.77675 1.82088 0.284926
-1.10421 -1.13403 0 1.77642 1.82033 0.311093
-1.10417 -1.13403 0 1.77608 1.8198 0.343074
-1.10412 -1.13403 0 1.77575 1.81925 0.38087
-1.10408 -1.13403 0 1.77542 1.81861 0.398315
-1.10404 -1.13403 0 1.77508 1.81797 0.407037
-1.10399 -1.13403 0 1.77475 1.81727 0.421574
-1.10395 -1.13403 0 1.77442 1.81661 0.444833
-1.1039 -1.13403 0 1.77408 1.81597 0.430296
-1.10386 -1.13403 0 1.77375 1.81536 0.407037
-1.10382 -1.13403 0 1.77341 1.81475 0.412852
-1.10377 -1.13403 0 1.77308 1.81416 0.398315
-1.10373 -1.13403 0 1.77275 1.81352 0.375056
-1.10368 -1.13403 0 1.77241 1.813 0.357611
-1.10364 -1.13403 0 1.77208 1.81242 0.357611
-1.10359 -1.13403 0 1.77174 1.8119 0.334352
-1.10355 -1.13403 0 1.77141 1.81143 0.311093
-1.10351 -1.13403 0 1.77108 1.81088 0.30237
-1.10346 -1.13403 0 1.77074 1.81041 0.293648
-1.10342 -1.13403 0 1.77041 1.80995 0.270389
-1.10337 -1.13403 0 1.77007 1.80957 0.270389
-1.10333 -1.13403 0 1.76974 1.80913 0.252944
-1.10328 -1.13403 0 1.7694 1.80873 0.252944
-1.10324 -1.13403 0 1.76907 1.80835 0.229685
-1.10319 -1.13403 0 1.76874 1.80797 0.220963
-1.10315 -1.13403 0 1.7684 1.80762 0.24713
-1.1031 -1.13403 0 1.76807 1.80727 0.229685
-1.10306 -1.13403 0 1.76773 1.80695 0.215148
-1.10301 -1.13403 0 1.7674 1.80663 0.206426
-1.10297 -1.13403 0 1.76706 1.80634 0.188981
-1.10292 -1.13403 0 1.76673 1.80602 0.183167
-1.10287 -1.13403 0 1.76639 1.8057 0.188981
-1.10283 -1.134 0 1.76606 1.80533 0.183167
-1.10278 -1.13398 0 1.76572 1.80503 0.183167
-1.10274 -1.13392 0 1.76539 1.80463 0.165722
-1.10269 -1.13389 0 1.76505 1.80431 0.188981
-1.10265 -1.13386 0 1.76472 1.80396 0.188981
-1.1026 -1.13383 0.0610556 1.76438 1.80364 0.183167
-1.10255 -1.13377 0.0552407 1.76404 1.80329 0.215148
-1.10251 -1.13377 0 1.76371 1.80291 0.206426
-1.10246 -1.13377 0 1.76337 1.80259 0.206426
-1.10241 -1.13374 0 1.76304 1.80221 0.215148
-1.10237 -1.13366 0.0290741 1.7627 1.80178 0.238407
-1.10233 -1.13354 0.0610556 1.76236 1.80128 0.238407
-1.10229 -1.13345 0.0465185 1.76202 1.80082 0.229685
-1.10226 -1.13342 0 1.76167 1.80041 0.229685
-1.10222 -1.13339 0 1.76133 1.8 0.229685
-1.10219 -1.13334 0.0290741 1.76098 1.79951 0.252944
-1.10215 -1.13322 0.0552407 1.76064 1.79899 0.238407
-1.10212 -1.13313 0.0872222 1.76029 1.79843 0.229685
-1.10209 -1.13307 0 1.75995 1.798 0.252944
-1.10205 -1.13307 0 1.7596 1.79759 0.252944
-1.10202 -1.13302 0.0465185 1.75926 1.79716 0.229685
-1.10198 -1.1329 0.0697778 1.75891 1.79666 0.252944
-1.10195 -1.13281 0.0785 1.75857 1.79617 0.252944
-1.10191 -1.13278 0.0552407 1.75822 1.7957 0.252944
-1.10188 -1.13278 0 1.75787 1.79527 0.252944
-1.10184 -1.13275 0 1.75753 1.79477 0.261667
-1.10181 -1.1327 0.0610556 1.75718 1.79434 0.279111
-1.10177 -1.13258 0.0552407 1.75684 1.7937 0.279111
-1.10173 -1.13252 0.0232593 1.75649 1.79323 0.270389
-1.1017 -1.13252 0 1.75614 1.79274 0.284926
-1.10166 -1.13252 0 1.7558 1.79218 0.284926
-1.10163 -1.13246 0.0552407 1.75545 1.79166 0.311093
-1.10159 -1.13241 0 1.75511 1.79111 0.284926
-1.10156 -1.13238 0 1.75476 1.79058 0.32563
-1.10152 -1.13238 0.0465185 1.75441 1.79 0.343074
-1.10148 -1.13238 0 1.75407 1.78945 0.343074
-1.10145 -1.13238 0 1.75372 1.78896 0.343074
-1.10141 -1.13238 0 1.75337 1.78837 0.348889
-1.10138 -1.13238 0 1.75303 1.78788 0.32563
-1.10134 -1.13232 0.0552407 1.75268 1.78736 0.311093
-1.1013 -1.13229 0 1.75233 1.78689 0.284926
-1.10127 -1.13229 0 1.75199 1.78651 0.261667
-1.10123 -1.13229 0 1.75164 1.78585 0.540778
-1.10119 -1.13229 0 1.75129 1.78555 0.197704
-1.10116 -1.13229 0 1.75095 1.78526 0.183167
-1.10112 -1.13229 0 1.7506 1.78497 0.165722
-1.10108 -1.13229 0 1.75025 1.78474 0.174444
-1.10105 -1.13226 0 1.7499 1.78448 0.165722
-1.10101 -1.13226 0 1.74956 1.78425 0.151185
-1.10097 -1.13226 0 1.74921 1.78401 0.125019
-1.10093 -1.13226 0 1.74886 1.78375 0.133741
-1.1009 -1.13226 0 1.74851 1.78355 0.151185
-1.10086 -1.13226 0 1.74817 1.78326 0.151185
-1.10082 -1.13223 0.0610556 1.74782 1.783 0.165722
-1.10078 -1.13223 0 1.74747 1.78271 0.157
-1.10075 -1.13223 0 1.74712 1.78244 0.165722
-1.10071 -1.13223 0 1.74678 1.78221 0.165722
-1.10067 -1.1322 0 1.74643 1.78186 0.157
-1.10063 -1.1322 0 1.74608 1.7816 0.165722
-1.1006 -1.13217 0.014537 1.74573 1.78134 0.174444
-1.10056 -1.13211 0 1.74538 1.78096 0.165722
-1.10052 -1.13206 0.0552407 1.74504 1.78064 0.157
-1.10048 -1.132 0.00581481 1.74469 1.78035 0.151185
-1.10044 -1.13197 0.0232593 1.74434 1.78012 0.133741
-1.1004 -1.13197 0 1.74399 1.77991 0.125019
-1.10037 -1.13194 0 1.74364 1.77968 0.119204
-1.10033 -1.13188 0.0610556 1.74329 1.77948 0.093037
-1.10029 -1.1318 0.0785 1.74294 1.77922 0.101759
-1.10025 -1.13177 0 1.7426 1.77904 0.119204
-1.10021 -1.13177 0 1.74225 1.7789 0.0785
-1.10017 -1.13177 0 1.7419 1.77875 0.0785
-1.10013 -1.13165 0.0290741 1.74155 1.77846 0.093037
-1.10011 -1.13153 0.093037 1.74119 1.7782 0.0785
-1.10008 -1.13145 0.0290741 1.74083 1.778 0.093037
-1.10006 -1.13145 0 1.74047 1.77785 0.0785
-1.10004 -1.13145 0 1.74011 1.7777 0.093037
-1.10001 -1.13136 0.0232593 1.73974 1.77747 0.0610556
-1.09999 -1.13124 0.0785 1.73938 1.77721 0.101759
-1.09997 -1.13116 0.0377963 1.73902 1.77698 0.0872222
-1.09995 -1.13116 0 1.73866 1.77677 0.110481
-1.09992 -1.13116 0 1.73829 1.7766 0.110481
-1.0999 -1.1311 0.0552407 1.73793 1.77637 0.093037
-1.09987 -1.13098 0.0697778 1.73757 1.77611 0.101759
-1.09985 -1.13089 0.0610556 1.73721 1.77584 0.110481
-1.09983 -1.13089 0 1.73684 1.77564 0.110481
-1.0998 -1.13089 0 1.73648 1.77547 0.110481
-1.09978 -1.13086 0 1.73612 1.77529 0.093037
-1.09976 -1.13078 0.0465185 1.73576 1.77497 0.101759
-1.09973 -1.13066 0.0465185 1.73539 1.77468 0.101759
-1.09971 -1.1306 0.0465185 1.73503 1.77445 0.110481
-1.09968 -1.1306 0 1.73467 1.7743 0.0872222
-1.09966 -1.1306 0 1.7343 1.77416 0.0872222
-1.09963 -1.1306 0 1.73394 1.77398 0.0872222
-1.09961 -1.13052 0.00581481 1.73358 1.77375 0.0872222
-1.09958 -1.13046 0.0290741 1.73321 1.77355 0.101759
-1.09956 -1.13043 0.0697778 1.73285 1.7734 0.0872222
-1.09953 -1.13037 0.0290741 1.73248 1.77317 0.0785
-1.09951 -1.13037 0 1.73212 1.77302 0.101759
-1.09948 -1.13037 0 1.73176 1.77288 0.093037
-1.09946 -1.13034 0 1.73139 1.77265 0.110481
-1.09943 -1.13028 0 1.73103 1.77241 0.119204
-1.09941 -1.13023 0.00581481 1.73066 1.77218 0.110481
-1.09938 -1.1302 0.0552407 1.7303 1.77195 0.110481
-1.09936 -1.13017 0.0465185 1.72994 1.77172 0.133741
-1.09933 -1.13014 0.0232593 1.72957 1.77145 0.133741
-1.09931 -1.13014 0 1.72921 1.77125 0.133741
-1.09928 -1.13014 0 1.72884 1.77102 0.151185
-1.09925 -1.13014 0 1.72848 1.77076 0.157
-1.09923 -1.13011 0.0552407 1.72811 1.77049 0.174444
-1.0992 -1.13005 0.0377963 1.72775 1.77015 0.188981
-1.09918 -1.13002 0 1.72738 1.76983 0.188981
-1.09915 -1.13002 0 1.72702 1.76953 0.188981
-1.09912 -1.13002 0 1.72665 1.76922 0.197704
-1.0991 -1.12999 0 1.72629 1.76887 0.197704
-1.09907 -1.12999 0 1.72592 1.76855 0.206426
-1.09904 -1.12996 0 1.72556 1.76817 0.220963
-1.09902 -1.12996 0 1.72519 1.76782 0.220963
-1.09899 -1.12993 0 1.72483 1.76744 0.215148
-1.09896 -1.12991 0 1.72446 1.76706 0.215148
-1.09893 -1.12988 0.0232593 1.7241 1.76663 0.229685
-1.09891 -1.12988 0 1.72373 1.76622 0.24713
-1.09887 -1.12988 0 1.72337 1.76581 0.261667
-1.09884 -1.12988 0 1.72301 1.76541 0.279111
-1.09881 -1.12988 0 1.72265 1.76491 0.30237
-1.09878 -1.12988 0 1.72229 1.76424 0.311093
-1.09874 -1.12988 0 1.72193 1.76372 0.348889
-1.09871 -1.12988 0 1.72156 1.76314 0.366333
-1.09868 -1.12988 0 1.7212 1.76256 0.38087
-1.09864 -1.12988 0 1.72084 1.76195 0.398315
-1.09861 -1.12988 0 1.72048 1.76137 0.407037
-1.09858 -1.12988 0 1.72012 1.76075 0.389593
-1.09854 -1.12988 0 1.71975 1.76009 0.398315
-1.09851 -1.12988 0 1.71939 1.75942 0.412852
-1.09848 -1.12988 0 1.71903 1.75881 0.389593
-1.09844 -1.12988 0 1.71867 1.75735 0.389593
-1.09841 -1.12988 0 1.7183 1.75671 0.375056
-1.09837 -1.12988 0 1.71794 1.7561 0.398315
-1.09834 -1.12988 0 1.71758 1.75555 0.366333
-1.09831 -1.12988 0 1.71722 1.75503 0.316907
-1.09827 -1.12988 0 1.71685 1.75445 0.32563
-1.09824 -1.12988 0 1.71649 1.75395 0.284926
-1.0982 -1.12988 0 1.71613 1.75352 0.279111
-1.09817 -1.12988 0 1.71577 1.75288 0.284926
-1.09813 -1.12988 0 1.7154 1.75244 0.238407
-1.0981 -1.12988 0 1.71504 1.75203 0.229685
-1.09806 -1.12988 0 1.71468 1.75168 0.238407
-1.09803 -1.12988 0 1.71431 1.75128 0.206426
-1.09799 -1.12988 0 1.71395 1.7509 0.206426
-1.09796 -1.12988 0 1.71359 1.75055 0.188981
-1.09792 -1.12988 0 1.71322 1.7502 0.197704
-1.09789 -1.12988 0 1.71286 1.74985 0.188981
-1.09785 -1.12988 0 1.7125 1.74944 0.188981
-1.09782 -1.12988 0 1.71213 1.7491 0.183167
-1.09778 -1.12988 0 1.71177 1.74878 0.174444
-1.09775 -1.12985 0 1.7114 1.74843 0.188981
-1.09771 -1.12982 0 1.71104 1.74805 0.206426
-1.09768 -1.12979 0.014537 1.71068 1.74767 0.206426
-1.09764 -1.12973 0.0465185 1.71031 1.74729 0.188981
-1.0976 -1.1297 0.0552407 1.70995 1.74694 0.188981
-1.09757 -1.12967 0.0290741 1.70958 1.74657 0.215148
-1.09753 -1.12967 0 1.70922 1.74622 0.206426
-1.09749 -1.12964 0 1.70886 1.74584 0.206426
-1.09746 -1.12961 0.0290741 1.70849 1.74549 0.206426
-1.09742 -1.1295 0.0697778 1.70813 1.74503 0.229685
-1.09739 -1.12944 0.0610556 1.70776 1.74459 0.206426
-1.09735 -1.12938 0.00581481 1.7074 1.74418 0.229685
-1.09731 -1.12938 0 1.70703 1.7438 0.206426
-1.09728 -1.12932 0.0552407 1.70667 1.7434 0.215148
-1.09724 -1.12924 0.0465185 1.7063 1.74293 0.229685
-1.0972 -1.12912 0.0872222 1.70594 1.74247 0.229685
-1.09716 -1.12906 0.0697778 1.70557 1.742 0.24713
-1.09713 -1.129 0.0290741 1.70521 1.74159 0.229685
-1.09709 -1.129 0 1.70484 1.74125 0.220963
-1.09705 -1.12897 0 1.70448 1.74087 0.197704
-1.09702 -1.12886 0.0785 1.70411 1.7404 0.215148
-1.09698 -1.12871 0.093037 1.70375 1.73991 0.206426
-1.09694 -1.12863 0.0697778 1.70338 1.73947 0.215148
-1.0969 -1.1286 0.0377963 1.70301 1.73907 0.220963
-1.09686 -1.1286 0 1.70265 1.73872 0.220963
-1.09682 -1.1286 0 1.70229 1.73834 0.238407
-1.09678 -1.12851 0.0465185 1.70193 1.73784 0.229685
-1.09674 -1.12836 0.101759 1.70156 1.73729 0.252944
-1.09669 -1.12831 0.0232593 1.7012 1.7368 0.252944
-1.09665 -1.12828 0.00581481 1.70084 1.73633 0.252944
-1.09661 -1.12828 0 1.70048 1.7359 0.279111
-1.09657 -1.12825 0 1.70011 1.73546 0.252944
-1.09652 -1.12816 0.0610556 1.69975 1.73494 0.270389
-1.09648 -1.12807 0.0697778 1.69939 1.73441 0.252944
-1.09644 -1.12804 0.0610556 1.69903 1.73395 0.261667
-1.0964 -1.12804 0 1.69866 1.73354 0.252944
-1.09635 -1.12804 0 1.6983 1.73313 0.279111
-1.09631 -1.12804 0 1.69794 1.73273 0.24713
-1.09627 -1.12799 0.0697778 1.69758 1.73229 0.229685
-1.09622 -1.12796 0.0465185 1.69721 1.73194 0.197704
-1.09618 -1.12793 0.0290741 1.69685 1.73162 0.188981
-1.09614 -1.12793 0 1.69649 1.73133 0.183167
-1.09609 -1.12793 0 1.69612 1.73113 0.151185
-1.09605 -1.12793 0 1.69576 1.7309 0.133741
-1.096 -1.12787 0 1.6954 1.73066 0.110481
-1.09596 -1.12784 0 1.69503 1.73046 0.119204
-1.09592 -1.12784 0 1.69467 1.73028 0.101759
-1.09587 -1.12778 0.0232593 1.6943 1.73005 0.0872222
-1.09583 -1.12778 0 1.69394 1.72985 0.101759
-1.09578 -1.12778 0 1.69358 1.72967 0.101759
-1.09574 -1.12778 0 1.69321 1.7295 0.093037
-1.0957 -1.12775 0.0465185 1.69285 1.7293 0.125019
-1.09565 -1.12772 0.0465185 1.69249 1.72903 0.133741
-1.09561 -1.12772 0 1.69212 1.72883 0.133741
-1.09556 -1.12772 0 1.69176 1.72857 0.151185
-1.09552 -1.12772 0 1.69139 1.72831 0.125019
-1.09547 -1.12767 0.0610556 1.69103 1.72799 0.174444
-1.09543 -1.12761 0.0552407 1.69066 1.72764 0.183167
-1.09538 -1.12761 0 1.6903 1.72735 0.188981
-1.09534 -1.12761 0 1.68993 1.727 0.206426
-1.09529 -1.12761 0 1.68957 1.72668 0.197704
-1.09525 -1.12755 0.0697778 1.68921 1.7263 0.197704
-1.0952 -1.12746 0.014537 1.68884 1.72589 0.188981
-1.09516 -1.12743 0.0290741 1.68848 1.72557 0.188981
-1.09511 -1.12743 0 1.68811 1.72528 0.183167
-1.09507 -1.12743 0 1.68775 1.72499 0.183167
-1.09502 -1.12738 0.00581481 1.68738 1.72467 0.188981
-1.09497 -1.12732 0.0465185 1.68702 1.72438 0.151185
-1.09493 -1.12726 0.0610556 1.68665 1.72409 0.157
-1.09488 -1.1272 0.0552407 1.68628 1.72383 0.125019
-1.09484 -1.1272 0 1.68592 1.72366 0.110481
-1.09479 -1.1272 0 1.68555 1.72348 0.101759
-1.09474 -1.1272 0 1.68519 1.72334 0.0872222
-1.0947 -1.12711 0.0465185 1.68482 1.72307 0.093037
-1.09465 -1.12706 0.0377963 1.68446 1.7229 0.0610556
-1.09461 -1.12703 0.00581481 1.68409 1.72273 0.0872222
-1.09456 -1.12703 0 1.68372 1.72258 0.093037
-1.09451 -1.12703 0 1.68336 1.72246 0.0785
-1.09447 -1.12697 0 1.68299 1.72226 0.0785
-1.09442 -1.12691 0.0552407 1.68263 1.72206 0.0872222
-1.09437 -1.12685 0.0377963 1.68226 1.72188 0.093037
-1.09433 -1.12682 0.0232593 1.68189 1.72171 0.093037
-1.09428 -1.12682 0 1.68153 1.72159 0.0785
-1.09423 -1.12682 0 1.68116 1.72145 0.093037
-1.09418 -1.12682 0 1.6808 1.7213 0.0872222
-1.09414 -1.12677 0 1.68043 1.72113 0.0872222
-1.0941 -1.12674 0 1.68006 1.72098 0.0610556
-1.09406 -1.12671 0 1.67968 1.72081 0.119204
-1.09402 -1.12668 0.014537 1.67931 1.72063 0.093037
-1.09398 -1.12662 0.0610556 1.67894 1.72043 0.0610556
-1.09393 -1.12659 0.0465185 1.67856 1.72025 0.0872222
-1.09389 -1.12656 0 1.67819 1.72005 0.0697778
-1.09385 -1.12656 0 1.67781 1.71993 0.093037
-1.09381 -1.12656 0 1.67744 1.71979 0.0697778
-1.09377 -1.12647 0.0785 1.67707 1.71956 0.0552407
-1.09373 -1.12642 0.0377963 1.67669 1.71935 0.0785
-1.09369 -1.12639 0 1.67632 1.71921 0.0697778
-1.09365 -1.12639 0 1.67594 1.71906 0.0610556
-1.09361 -1.12636 0 1.67557 1.71889 0.093037
-1.09356 -1.12627 0.0610556 1.6752 1.71866 0.0872222
-1.09352 -1.12615 0.0465185 1.67482 1.71839 0.0785
-1.09348 -1.12613 0.0377963 1.67445 1.71822 0.0872222
-1.09344 -1.12613 0 1.67407 1.71804 0.0872222
-1.0934 -1.12613 0 1.6737 1.71793 0.0872222
-1.09336 -1.1261 0 1.67332 1.71772 0.093037
-1.09331 -1.12604 0.0465185 1.67295 1.71752 0.093037
-1.09327 -1.12598 0.0610556 1.67257 1.71729 0.101759
-1.09323 -1.12595 0.0552407 1.6722 1.71706 0.125019
-1.09319 -1.12595 0 1.67182 1.71688 0.110481
-1.09314 -1.12595 0 1.67145 1.71668 0.125019
-1.0931 -1.12592 0 1.67107 1.71645 0.125019
-1.09306 -1.12583 0.0465185 1.6707 1.71613 0.125019
-1.09302 -1.12581 0.0465185 1.67032 1.71586 0.142463
-1.09297 -1.12578 0.0610556 1.66995 1.7156 0.133741
-1.09293 -1.12578 0 1.66957 1.71534 0.165722
-1.09289 -1.12578 0 1.6692 1.71505 0.151185
-1.09285 -1.12578 0 1.66882 1.71479 0.165722
-1.0928 -1.12575 0 1.66844 1.71447 0.151185
-1.09276 -1.12569 0.00581481 1.66807 1.71409 0.183167
-1.09272 -1.12566 0 1.66769 1.71365 0.197704
-1.09267 -1.12566 0 1.66732 1.71325 0.215148
-1.09263 -1.12566 0 1.66694 1.71284 0.206426
-1.09259 -1.12563 0.0377963 1.66656 1.71235 0.238407
-1.09254 -1.1256 0 1.66619 1.71197 0.229685
-1.0925 -1.1256 0 1.66581 1.71156 0.238407
-1.09245 -1.1256 0 1.66544 1.71118 0.238407
-1.09241 -1.1256 0 1.66506 1.71078 0.252944
-1.09237 -1.12557 0 1.66468 1.71025 0.252944
-1.09232 -1.12557 0 1.66431 1.70982 0.284926
-1.09228 -1.12552 0.0232593 1.66393 1.70929 0.270389
-1.09223 -1.12552 0 1.66355 1.7088 0.293648
-1.09219 -1.12552 0 1.66317 1.7083 0.311093
-1.09214 -1.12552 0 1.6628 1.70781 0.311093
-1.0921 -1.12552 0 1.66242 1.70732 0.334352
-1.09205 -1.12552 0 1.66204 1.70673 0.343074
-1.09201 -1.12552 0 1.66167 1.7061 0.366333
-1.09197 -1.12552 0 1.66129 1.70531 0.407037
-1.09192 -1.12552 0 1.66091 1.70464 0.407037
-1.09187 -1.12552 0 1.66053 1.70391 0.444833
-1.09183 -1.12552 0 1.66016 1.70319 0.439019
-1.09178 -1.12552 0 1.65978 1.70249 0.453556
-1.09174 -1.12552 0 1.6594 1.70176 0.439019
-1.09169 -1.12552 0 1.65902 1.70104 0.439019
-1.09165 -1.12552 0 1.65864 1.70037 0.430296
-1.0916 -1.12552 0 1.65827 1.69973 0.439019
-1.09156 -1.12552 0 1.65789 1.69906 0.407037
-1.09151 -1.12552 0 1.65751 1.69842 0.412852
-1.09147 -1.12552 0 1.65713 1.69781 0.389593
-1.09142 -1.12552 0 1.65675 1.6972 0.38087
-1.09137 -1.12552 0 1.65637 1.69662 0.375056
-1.09133 -1.12552 0 1.656 1.69598 0.375056
-1.09128 -1.12552 0 1.65562 1.69531 0.375056
-1.09123 -1.12552 0 1.65524 1.69473 0.357611
-1.09119 -1.12552 0 1.65485 1.69415 0.357611
-1.09115 -1.12552 0 1.65447 1.69351 0.343074
-1.09111 -1.12552 0 1.65409 1.69298 0.316907
-1.09107 -1.12552 0 1.6537 1.69246 0.293648
-1.09103 -1.12552 0 1.65332 1.69197 0.30237
-1.09099 -1.12552 0 1.65293 1.6915 0.279111
-1.09095 -1.12549 0.0552407 1.65254 1.69106 0.279111
-1.09091 -1.12549 0 1.65216 1.69057 0.293648
-1.09086 -1.12549 0 1.65177 1.69008 0.30237
-1.09082 -1.12549 0 1.65139 1.68964 0.279111
-1.09078 -1.12549 0 1.651 1.68917 0.284926
-1.09074 -1.12546 0 1.65062 1.68865 0.311093
-1.0907 -1.12546 0 1.65023 1.68801 0.334352
-1.09066 -1.12546 0 1.64985 1.68746 0.343074
-1.09061 -1.12543 0.0610556 1.64946 1.68685 0.348889
-1.09057 -1.12537 0 1.64907 1.68603 0.38087
-1.09053 -1.12537 0 1.64869 1.68548 0.375056
-1.09049 -1.12537 0 1.6483 1.68487 0.389593
-1.09045 -1.12534 0 1.64791 1.68417 0.366333
-1.0904 -1.12528 0.0610556 1.64753 1.68348 0.375056
-1.09036 -1.1252 0.0290741 1.64714 1.68272 0.38087
-1.09032 -1.12514 0 1.64676 1.68208 0.389593
-1.09027 -1.12514 0 1.64637 1.68147 0.38087
-1.09023 -1.12511 0 1.64598 1.68074 0.38087
-1.09019 -1.12502 0.0697778 1.64559 1.68002 0.389593
-1.09015 -1.12493 0.0377963 1.64521 1.67926 0.389593
-1.0901 -1.12488 0.0290741 1.64482 1.67862 0.366333
-1.09006 -1.12488 0.0377963 1.64443 1.67801 0.366333
-1.09002 -1.12485 0 1.64405 1.6774 0.357611
-1.08997 -1.12482 0 1.64366 1.67682 0.343074
-1.08993 -1.12476 0.0552407 1.64327 1.67629 0.32563
-1.08989 -1.1247 0.0785 1.64288 1.67577 0.30237
-1.08984 -1.12464 0.0232593 1.6425 1.67528 0.270389
-1.0898 -1.12461 0.0232593 1.64211 1.67487 0.261667
-1.08975 -1.12461 0 1.64172 1.67446 0.24713
-1.08971 -1.12456 0 1.64133 1.67406 0.206426
-1.08967 -1.12453 0.0377963 1.64095 1.67374 0.188981
-1.08962 -1.12447 0.014537 1.64056 1.67339 0.174444
-1.08958 -1.12441 0.0610556 1.64017 1.67304 0.157
-1.08953 -1.12441 0 1.63978 1.67272 0.157
-1.08949 -1.12441 0 1.63939 1.67249 0.151185
-1.08944 -1.12438 0 1.639 1.67222 0.142463
-1.0894 -1.12435 0 1.63862 1.67196 0.125019
-1.08935 -1.12429 0.0290741 1.63823 1.67164 0.142463
-1.08931 -1.12426 0.0377963 1.63784 1.67138 0.165722
-1.08926 -1.12421 0.0290741 1.63745 1.67106 0.142463
-1.08922 -1.12421 0 1.63706 1.67083 0.142463
-1.08917 -1.12421 0 1.63667 1.6706 0.151185
-1.08913 -1.12421 0 1.63628 1.67036 0.151185
-1.08908 -1.12412 0.0697778 1.63589 1.67004 0.142463
-1.08904 -1.12406 0.0465185 1.6355 1.66978 0.133741
-1.08899 -1.12403 0 1.63511 1.66955 0.133741
-1.08895 -1.12403 0 1.63472 1.66932 0.110481
-1.0889 -1.124 0 1.63433 1.66911 0.110481
-1.08886 -1.12389 0.0552407 1.63395 1.66885 0.119204
-1.08881 -1.12377 0.0785 1.63356 1.66856 0.093037
-1.08876 -1.12371 0.0290741 1.63317 1.66839 0.0785
-1.08872 -1.12371 0 1.63278 1.66827 0.0610556
-1.08867 -1.12371 0 1.63239 1.66815 0.0872222
-1.08862 -1.12363 0.0290741 1.632 1.66792 0.0872222
-1.08858 -1.12348 0.0785 1.63161 1.66772 0.0610556
-1.08853 -1.12336 0.0785 1.63121 1.66751 0.0610556
-1.08848 -1.12331 0.0697778 1.63082 1.6674 0.0552407
-1.08844 -1.12331 0 1.63043 1.66734 0.0290741
-1.08839 -1.12331 0 1.63004 1.66725 0.0552407
-1.08835 -1.12322 0.0697778 1.62965 1.66711 0.0465185
-1.08831 -1.12307 0.0872222 1.62925 1.66687 0.00581481
-1.08827 -1.12293 0.0785 1.62885 1.66667 0.0465185
-1.08822 -1.1229 0 1.62846 1.66655 0.0610556
-1.08818 -1.12287 0 1.62806 1.66647 0.0552407
-1.08814 -1.12284 0 1.62766 1.66638 0.0610556
-1.0881 -1.12272 0.0872222 1.62727 1.66621 0.0552407
-1.08805 -1.12255 0.0872222 1.62687 1.66597 0.0552407
-1.08801 -1.12246 0.0872222 1.62647 1.6658 0.0610556
-1.08797 -1.12246 0 1.62607 1.66577 0.0465185
-1.08793 -1.12246 0 1.62568 1.66571 0.014537
-1.08788 -1.12243 0 1.62528 1.66562 0.00581481
-1.08784 -1.12232 0.0872222 1.62488 1.66542 0.00581481
-1.0878 -1.12217 0.0785 1.62448 1.66525 0
-1.08776 -1.12211 0.0377963 1.62409 1.6651 0.0610556
-1.08771 -1.12211 0 1.62369 1.66504 0.0610556
-1.08767 -1.12211 0 1.62329 1.66498 0.0552407
-1.08763 -1.12206 0 1.62289 1.66487 0.0610556
-1.08758 -1.12194 0.0697778 1.62249 1.66469 0.0290741
-1.08754 -1.12182 0.0697778 1.6221 1.66449 0.0290741
-1.08749 -1.12176 0.0232593 1.6217 1.66437 0.0697778
-1.08745 -1.12176 0 1.6213 1.66429 0.0290741
-1.08741 -1.12176 0 1.6209 1.66423 0
-1.08736 -1.12171 0 1.6205 1.66411 0.0465185
-1.08732 -1.12159 0.0610556 1.6201 1.66391 0.0290741
-1.08727 -1.1215 0.0552407 1.6197 1.66373 0.0785
-1.08723 -1.12144 0.0377963 1.61931 1.66356 0.0610556
-1.08719 -1.12144 0.014537 1.61891 1.66344 0.0465185
-1.08714 -1.12144 0 1.61851 1.66336 0.0610556
-1.0871 -1.12142 0 1.61811 1.66321 0.0377963
-1.08705 -1.12136 0.0697778 1.61771 1.66304 0.0785
-1.08701 -1.12124 0.0872222 1.61731 1.6628 0.0785
-1.08696 -1.12121 0 1.61691 1.6626 0.0785
-1.08692 -1.12121 0 1.61651 1.66246 0.0697778
-1.08687 -1.12121 0 1.61611 1.66234 0.0785
-1.08683 -1.12112 0.0377963 1.61571 1.66208 0.093037
-1.08678 -1.12107 0.0552407 1.61531 1.66182 0.093037
-1.08674 -1.12104 0.0377963 1.61491 1.66161 0.101759
-1.08669 -1.12104 0 1.61451 1.66144 0.110481
-1.08664 -1.12104 0 1.61411 1.66123 0.133741
-1.0866 -1.12101 0 1.61371 1.66094 0.157
-1.08655 -1.12092 0.0552407 1.61331 1.66065 0.119204
-1.08651 -1.12086 0.0552407 1.61291 1.66039 0.151185
-1.08646 -1.12083 0 1.61251 1.6601 0.142463
-1.08641 -1.12083 0 1.61211 1.65987 0.133741
-1.08637 -1.12083 0 1.6117 1.65961 0.151185
-1.08632 -1.12081 0 1.6113 1.65932 0.165722
-1.08627 -1.12075 0.014537 1.6109 1.65897 0.157
-1.08623 -1.12066 0.00581481 1.6105 1.65862 0.165722
-1.08618 -1.12063 0.0290741 1.6101 1.6583 0.165722
-1.08613 -1.1206 0 1.6097 1.65795 0.197704
-1.08609 -1.1206 0 1.6093 1.65763 0.188981
-1.08604 -1.1206 0 1.6089 1.65731 0.183167
-1.08599 -1.12057 0.0552407 1.60849 1.65693 0.215148
-1.08595 -1.12051 0.0290741 1.60809 1.65652 0.215148
-1.0859 -1.12049 0.0377963 1.60769 1.65615 0.220963
-1.08585 -1.12049 0 1.60729 1.65577 0.220963
-1.0858 -1.12049 0 1.60689 1.6553 0.252944
-1.08576 -1.12046 0 1.60648 1.65484 0.252944
-1.08572 -1.12043 0 1.60607 1.65437 0.261667
-1.08567 -1.12037 0.0552407 1.60566 1.65388 0.261667
-1.08563 -1.12031 0 1.60525 1.65333 0.293648
-1.08559 -1.12031 0 1.60484 1.65286 0.284926
-1.08555 -1.12031 0 1.60444 1.6524 0.293648
-1.0855 -1.12028 0.0290741 1.60403 1.65184 0.32563
-1.08546 -1.12025 0.0552407 1.60362 1.65126 0.316907
-1.08542 -1.12022 0.0290741 1.60321 1.65068 0.366333
-1.08537 -1.12022 0 1.6028 1.65007 0.366333
-1.08533 -1.12022 0 1.60239 1.6494 0.439019
-1.08529 -1.12022 0 1.60198 1.64867 0.412852
-1.08524 -1.12019 0.0290741 1.60157 1.64792 0.430296
-1.0852 -1.12017 0.0552407 1.60116 1.64707 0.508796
-1.08516 -1.12014 0.0552407 1.60075 1.64623 0.508796
-1.08511 -1.12014 0 1.60034 1.64536 0.508796
-1.08507 -1.12014 0 1.59993 1.64452 0.572759
-1.08503 -1.12014 0 1.59952 1.64367 0.526241
-1.08498 -1.12011 0.0465185 1.59911 1.64283 0.462278
-1.08494 -1.12011 0 1.5987 1.64202 0.494259
-1.08489 -1.12008 0.0290741 1.59829 1.64123 0.453556
-1.08485 -1.12008 0 1.59787 1.64048 0.485537
-1.0848 -1.12008 0 1.59746 1.63984 0.430296
-1.08476 -1.12008 0 1.59705 1.63911 0.439019
-1.08471 -1.12008 0 1.59664 1.63844 0.398315
-1.08467 -1.12002 0.0232593 1.59623 1.63774 0.398315
-1.08462 -1.12002 0 1.59582 1.6371 0.375056
-1.08458 -1.11999 0 1.59541 1.63652 0.366333
-1.08453 -1.11999 0 1.59499 1.63597 0.343074
-1.08449 -1.11999 0 1.59458 1.63545 0.32563
-1.08444 -1.11999 0 1.59417 1.63501 0.293648
-1.0844 -1.11999 0 1.59376 1.63451 0.293648
-1.08435 -1.11996 0.014537 1.59335 1.63405 0.30237
-1.08431 -1.11996 0 1.59293 1.63358 0.30237
-1.08426 -1.11996 0 1.59252 1.63306 0.311093
-1.08421 -1.11996 0 1.59211 1.63254 0.343074
-1.08417 -1.11996 0 1.5917 1.63196 0.366333
-1.08412 -1.11993 0.0290741 1.59128 1.63129 0.407037
-1.08407 -1.1199 0 1.59087 1.63056 0.430296
-1.08403 -1.1199 0 1.59046 1.62986 0.444833
-1.08398 -1.1199 0 1.59005 1.62905 0.476815
-1.08393 -1.1199 0 1.58963 1.62821 0.508796
-1.08389 -1.11985 0 1.58922 1.6273 0.508796
-1.08384 -1.11979 0.0465185 1.58881 1.62643 0.508796
-1.08379 -1.11976 0.00581481 1.58839 1.62562 0.508796
-1.08375 -1.11973 0.0610556 1.58798 1.62475 0.508796
-1.0837 -1.11973 0 1.58757 1.62387 0.508796
-1.08365 -1.11967 0.0465185 1.58715 1.62294 0.534963
-1.0836 -1.11964 0.00581481 1.58674 1.62207 0.508796
-1.08356 -1.11958 0.0465185 1.58632 1.6212 0.566944
-1.08352 -1.11955 0 1.5859 1.6203 0.508796
-1.08348 -1.1195 0.00581481 1.58548 1.61943 0.508796
-1.08344 -1.11944 0.0377963 1.58505 1.61852 0.540778
-1.08339 -1.11932 0.0697778 1.58463 1.61771 0.462278
-1.08335 -1.11924 0.0465185 1.58421 1.61693 0.444833
-1.08331 -1.11921 0.0465185 1.58379 1.61626 0.398315
-1.08327 -1.11921 0 1.58336 1.61567 0.357611
-1.08323 -1.11918 0.0610556 1.58294 1.61515 0.30237
-1.08319 -1.11912 0.0610556 1.58252 1.61466 0.279111
-1.08314 -1.11903 0.0232593 1.58209 1.61419 0.229685
-1.0831 -1.119 0.0552407 1.58167 1.61381 0.252944
-1.08306 -1.119 0 1.58125 1.61344 0.220963
-1.08302 -1.11897 0.0290741 1.58082 1.61309 0.206426
-1.08297 -1.11894 0.0290741 1.5804 1.61274 0.183167
-1.08293 -1.11886 0.0290741 1.57997 1.61239 0.197704
-1.08289 -1.11883 0 1.57955 1.61204 0.183167
-1.08285 -1.1188 0 1.57913 1.61169 0.197704
-1.0828 -1.11877 0 1.5787 1.61131 0.197704
-1.08276 -1.11868 0.0377963 1.57828 1.61085 0.220963
-1.08272 -1.11862 0.0232593 1.57785 1.61047 0.206426
-1.08267 -1.11862 0 1.57743 1.61015 0.206426
-1.08263 -1.11862 0 1.577 1.60983 0.215148
-1.08259 -1.11862 0 1.57658 1.60948 0.215148
-1.08254 -1.11857 0.0377963 1.57615 1.6091 0.229685
-1.0825 -1.11851 0.0610556 1.57573 1.60873 0.197704
-1.08246 -1.11848 0 1.5753 1.60838 0.183167
-1.08241 -1.11845 0.0290741 1.57488 1.60809 0.197704
-1.08237 -1.11842 0 1.57445 1.6078 0.183167
-1.08232 -1.11833 0.0552407 1.57403 1.60742 0.197704
-1.08228 -1.11828 0.0290741 1.5736 1.6071 0.157
-1.08223 -1.11819 0.0697778 1.57317 1.60675 0.165722
-1.08219 -1.11816 0.0610556 1.57275 1.60652 0.151185
-1.08214 -1.11807 0.0290741 1.57232 1.60623 0.142463
-1.0821 -1.11804 0 1.57189 1.60596 0.142463
-1.08205 -1.11798 0.0232593 1.57147 1.60576 0.119204
-1.08201 -1.11787 0.0465185 1.57104 1.60547 0.0872222
-1.08196 -1.11775 0.0785 1.57062 1.60521 0.101759
-1.08193 -1.11764 0.0610556 1.57018 1.60495 0.0872222
-1.08189 -1.11758 0.0465185 1.56974 1.60477 0.0785
-1.08186 -1.11755 0.0552407 1.56929 1.60463 0.0610556
-1.08182 -1.11749 0.0552407 1.56885 1.60448 0.0697778
-1.08179 -1.1174 0.0465185 1.56841 1.60431 0.0785
-1.08175 -1.11735 0.0610556 1.56797 1.60416 0.0465185
-1.08172 -1.11729 0.0290741 1.56753 1.60405 0.0232593
-1.08168 -1.11723 0.014537 1.56709 1.6039 0.0232593
-1.08165 -1.11717 0.0290741 1.56665 1.60378 0.0290741
-1.08161 -1.11705 0.0785 1.56621 1.60361 0.0610556
-1.08157 -1.11694 0.0785 1.56576 1.60341 0.0465185
-1.08154 -1.11688 0.0610556 1.56532 1.60329 0.0465185
-1.0815 -1.11688 0 1.56488 1.60323 0.014537
-1.08147 -1.11688 0 1.56444 1.60314 0.0610556
-1.08143 -1.11679 0 1.56399 1.603 0.0697778
-1.08139 -1.11668 0.0697778 1.56355 1.60282 0.0552407
-1.08136 -1.11656 0.0610556 1.56311 1.60265 0.0610556
-1.08132 -1.1165 0.00581481 1.56267 1.60253 0.0610556
-1.08128 -1.1165 0 1.56222 1.60248 0.0232593
-1.08125 -1.1165 0 1.56178 1.60242 0.0290741
-1.08121 -1.11641 0.0232593 1.56134 1.60227 0
-1.08117 -1.1163 0.0610556 1.56089 1.60207 0.00581481
-1.08113 -1.11621 0.0610556 1.56045 1.60189 0.0697778
-1.0811 -1.11618 0.0465185 1.56001 1.60181 0.0610556
