angle_1_e angle_1_t d_theta_1_t angle_2_e angle_2_t d_theta_2_t
-1.2963 -1.30048 0 2.39752 2.36695 0
-1.29616 -1.30048 0 2.39732 2.36695 0
-1.29602 -1.30048 0 2.39711 2.36695 0
-1.29588 -1.30048 0 2.3969 2.36695 0
-1.29574 -1.30048 0 2.3967 2.36701 -0.0465185
-1.29559 -1.30048 0 2.39649 2.36707 0
-1.29545 -1.30048 0 2.39629 2.36715 -0.0377963
-1.29531 -1.30048 0 2.39608 2.36727 -0.0465185
-1.29517 -1.30048 0 2.39587 2.36741 -0.093037
-1.29503 -1.30048 0 2.39567 2.36759 -0.0785
-1.29489 -1.30048 0 2.39546 2.36779 -0.110481
-1.29475 -1.30048 0 2.39526 2.36802 -0.110481
-1.29461 -1.30048 0 2.39505 2.36826 -0.133741
-1.29447 -1.30048 0 2.39484 2.36849 -0.151185
-1.29433 -1.30048 0 2.39464 2.36872 -0.142463
-1.29418 -1.30045 0 2.39443 2.36893 -0.125019
-1.29404 -1.30045 0 2.39422 2.36913 -0.119204
-1.2939 -1.3004 0.0610556 2.39402 2.36927 -0.110481
-1.29376 -1.30037 0.0232593 2.39381 2.36942 -0.093037
-1.29362 -1.30034 0.0232593 2.39361 2.36954 -0.0872222
-1.29348 -1.30031 0.0232593 2.3934 2.36965 -0.0610556
-1.29334 -1.30028 0.0552407 2.39319 2.36974 -0.0785
-1.2932 -1.30022 0.0377963 2.39299 2.36977 -0.0552407
-1.29306 -1.30022 0.0232593 2.39278 2.36983 -0.0697778
-1.29292 -1.30019 0.0290741 2.39258 2.36989 -0.0465185
-1.29278 -1.30019 0 2.39237 2.36991 -0.00581481
-1.29264 -1.30016 0.0232593 2.39216 2.37 -0.00581481
-1.2925 -1.30013 0.0377963 2.39196 2.37 -0.0377963
-1.29235 -1.30013 0 2.39175 2.37006 0
-1.29221 -1.30013 0 2.39154 2.37012 0
-1.29207 -1.30013 0 2.39134 2.37018 -0.0232593
-1.29193 -1.3001 0 2.39113 2.37018 -0.0377963
-1.29179 -1.3001 0 2.39093 2.37023 -0.0377963
-1.29172 -1.30008 0 2.3907 2.37023 -0.0290741
-1.29165 -1.30008 0 2.39047 2.37026 -0.0465185
-1.29159 -1.30008 0 2.39024 2.37026 0
-1.29152 -1.30008 0 2.39001 2.37026 0
-1.29146 -1.30008 0 2.38978 2.37026 0
-1.2914 -1.30008 0 2.38955 2.37026 0
-1.29133 -1.30008 0 2.38933 2.37026 0
-1.29127 -1.30008 0 2.3891 2.37026 0
-1.2912 -1.30008 0 2.38887 2.37026 0
-1.29114 -1.30008 0 2.38864 2.37026 0
-1.29108 -1.30008 0 2.38841 2.37026 0
-1.29101 -1.30008 0 2.38818 2.37026 0
-1.29095 -1.30008 0 2.38795 2.37026 0
-1.29088 -1.30008 0 2.38772 2.37026 0
-1.29082 -1.30005 0 2.38749 2.37023 0
-1.29075 -1.30005 0 2.38726 2.37023 0
-1.29069 -1.30002 0.014537 2.38704 2.37021 0
-1.29062 -1.30002 0 2.38681 2.37021 0
-1.29056 -1.29999 0.0377963 2.38658 2.37018 0
-1.29049 -1.29999 0 2.38635 2.37018 0
-1.29043 -1.29999 0 2.38612 2.37018 0
-1.29037 -1.29999 0 2.38589 2.37018 0
-1.2903 -1.29999 0 2.38566 2.37018 0
-1.29024 -1.29999 0 2.38543 2.37018 0
-1.29017 -1.29996 0.014537 2.3852 2.37015 0
-1.29011 -1.29996 0 2.38497 2.37015 0
-1.29004 -1.29996 0 2.38474 2.37015 0
-1.28998 -1.29996 0 2.38451 2.37015 0
-1.28991 -1.29996 0 2.38429 2.37015 0
-1.28985 -1.29996 0 2.38406 2.37015 0
-1.28978 -1.29993 0 2.38383 2.37012 0
-1.28972 -1.29993 0 2.3836 2.37012 0
-1.28965 -1.29993 0 2.38337 2.37012 0
-1.28959 -1.29993 0 2.38314 2.37012 0
-1.28952 -1.29993 0 2.38291 2.37012 0
-1.28946 -1.2999 0.014537 2.38268 2.37009 0
-1.28939 -1.2999 0 2.38245 2.37009 0
-1.28933 -1.2999 0 2.38222 2.37009 0
-1.28926 -1.29987 0 2.38199 2.37006 0
-1.2892 -1.29987 0 2.38176 2.37006 0
-1.28913 -1.29984 0 2.38154 2.37003 0
-1.28907 -1.29984 0 2.38131 2.37003 0
-1.289 -1.29984 0 2.38108 2.37003 0
-1.28894 -1.29981 0.0552407 2.38085 2.37 0
-1.28887 -1.29979 0 2.38062 2.36997 0
-1.28881 -1.29976 0 2.38039 2.36994 0
-1.28874 -1.29976 0 2.38016 2.36994 0
-1.28868 -1.29976 0 2.37993 2.36994 0
-1.28861 -1.29976 0 2.3797 2.36991 0
-1.28854 -1.29973 0 2.37947 2.36989 0
-1.28848 -1.2997 0.0552407 2.37924 2.36986 0
-1.28841 -1.2997 0 2.37901 2.36986 0
-1.28835 -1.29967 0.014537 2.37878 2.36983 0
-1.28828 -1.29967 0 2.37855 2.36983 0
-1.28822 -1.29967 0 2.37833 2.36983 0
-1.28816 -1.29967 0 2.37809 2.36983 0
-1.28813 -1.29964 0 2.37785 2.3698 0
-1.2881 -1.29964 0 2.37761 2.3698 0
-1.28807 -1.29961 0.0377963 2.37737 2.36977 0
-1.28804 -1.29958 0 2.37713 2.36971 0.0232593
-1.28801 -1.29958 0.00581481 2.37689 2.36971 0
-1.28799 -1.29958 0 2.37665 2.36971 0
-1.28796 -1.29958 0 2.37641 2.36971 0
-1.28793 -1.29955 0 2.37617 2.36968 0
-1.2879 -1.29955 0 2.37593 2.36968 0
-1.28787 -1.29952 0.0465185 2.37569 2.36965 0
-1.28784 -1.29952 0 2.37545 2.36965 0
-1.28781 -1.29949 0.0552407 2.37521 2.36959 0.0465185
-1.28778 -1.29949 0 2.37497 2.36959 0
-1.28775 -1.29949 0 2.37473 2.36959 0
-1.28772 -1.29949 0 2.37449 2.36959 0
-1.28769 -1.29947 0 2.37425 2.36957 0
-1.28766 -1.29947 0.00581481 2.37401 2.36957 0
-1.28763 -1.29944 0 2.37377 2.36951 0
-1.2876 -1.29941 0.014537 2.37353 2.36948 0.0377963
-1.28757 -1.29941 0 2.37329 2.36948 0
-1.28754 -1.29938 0 2.37305 2.36945 0
-1.28751 -1.29938 0 2.3728 2.36942 0
-1.28748 -1.29938 0 2.37256 2.36942 0
-1.28745 -1.29935 0.0377963 2.37232 2.36939 0
-1.28742 -1.29935 0 2.37208 2.36939 0
-1.28738 -1.29935 0 2.37184 2.36936 0.0610556
-1.28735 -1.29935 0 2.3716 2.36936 0
-1.28732 -1.29932 0.0610556 2.37136 2.36933 0
-1.28729 -1.29932 0 2.37112 2.3693 0.0290741
-1.28726 -1.29929 0 2.37088 2.36927 0
-1.28723 -1.29929 0 2.37064 2.36927 0
-1.2872 -1.29929 0 2.3704 2.36925 0.0232593
-1.28717 -1.29926 0 2.37016 2.36922 0
-1.28714 -1.29926 0 2.36992 2.36916 0
-1.28711 -1.29923 0 2.36968 2.36913 0
-1.28708 -1.29923 0.0465185 2.36944 2.36913 0
-1.28705 -1.29923 0 2.3692 2.3691 0
-1.28701 -1.2992 0.0290741 2.36896 2.36907 0
-1.28698 -1.2992 0 2.36872 2.36907 0
-1.28695 -1.2992 0 2.36848 2.36907 0
-1.28692 -1.2992 0 2.36824 2.36907 0
-1.28689 -1.2992 0 2.36799 2.36907 0
-1.28686 -1.29917 0.0552407 2.36775 2.36904 0
-1.28683 -1.29917 0 2.36751 2.36904 0
-1.2868 -1.29917 0 2.36727 2.36904 0
-1.28676 -1.29917 0 2.36703 2.36904 0
-1.28673 -1.29915 0.014537 2.36679 2.36901 0
-1.2867 -1.29915 0 2.36655 2.36901 0
-1.28667 -1.29909 0.0377963 2.36631 2.36896 0
-1.28664 -1.29909 0 2.36607 2.36896 0
-1.28661 -1.29909 0 2.36583 2.36896 0
-1.28657 -1.29909 0 2.36559 2.36896 0
-1.28654 -1.29909 0 2.36535 2.36896 0
-1.28651 -1.29909 0 2.36511 2.36896 0
-1.28648 -1.29906 0 2.36487 2.36893 0
-1.28645 -1.29903 0 2.36463 2.3689 0
-1.28641 -1.29903 0 2.36438 2.3689 0
-1.28638 -1.29903 0 2.36414 2.3689 0
-1.28635 -1.299 0.0290741 2.3639 2.36887 0
-1.28632 -1.299 0 2.36366 2.36887 0
-1.28628 -1.29897 0.0232593 2.36342 2.36884 0
-1.28625 -1.29897 0 2.36318 2.36884 0
-1.28622 -1.29897 0 2.36294 2.36884 0
-1.28619 -1.29894 0.0552407 2.3627 2.36881 0
-1.28616 -1.29891 0 2.36246 2.36878 0
-1.28612 -1.29891 0.00581481 2.36222 2.36875 0.0232593
-1.28609 -1.29891 0 2.36198 2.36875 0
-1.28606 -1.29891 0 2.36174 2.36875 0
-1.28602 -1.29888 0.0232593 2.3615 2.36872 0
-1.28599 -1.29885 0 2.36125 2.36869 0
-1.28596 -1.29885 0 2.36101 2.36869 0
-1.28593 -1.29885 0 2.36077 2.36869 0
-1.28589 -1.29883 0 2.36053 2.36866 0
-1.28588 -1.29883 0 2.36028 2.36866 0
-1.28588 -1.29877 0 2.36004 2.36858 0.0610556
-1.28587 -1.29877 0 2.35979 2.36858 0
-1.28586 -1.29874 0 2.35954 2.36855 0
-1.28585 -1.29874 0 2.35929 2.36855 0
-1.28585 -1.29871 0.0290741 2.35904 2.36852 0
-1.28584 -1.29871 0 2.35879 2.36849 0
-1.28583 -1.29868 0 2.35854 2.36846 0
-1.28582 -1.29868 0 2.35829 2.36846 0
-1.28582 -1.29865 0.0552407 2.35804 2.36843 0
-1.28581 -1.29862 0 2.35779 2.3684 0
-1.2858 -1.29862 0 2.35755 2.36837 0.0465185
-1.28579 -1.29862 0 2.3573 2.36837 0
-1.28578 -1.29859 0 2.35705 2.36834 0
-1.28578 -1.29859 0 2.3568 2.36832 0
-1.28577 -1.29856 0.014537 2.35655 2.36829 0
-1.28576 -1.29856 0 2.3563 2.36829 0
-1.28575 -1.29853 0.0290741 2.35605 2.36823 0
-1.28574 -1.29853 0 2.3558 2.36823 0
-1.28573 -1.29853 0 2.35555 2.3682 0
-1.28573 -1.29853 0 2.3553 2.3682 0
-1.28572 -1.29851 0 2.35506 2.36814 0.0465185
-1.28571 -1.29851 0 2.35481 2.36814 0
-1.2857 -1.29851 0 2.35456 2.36808 0.0552407
-1.28569 -1.29851 0 2.35431 2.36808 0
-1.28568 -1.29845 0.0290741 2.35406 2.368 0.0232593
-1.28567 -1.29845 0 2.35381 2.368 0
-1.28566 -1.29845 0 2.35356 2.36797 0
-1.28565 -1.29845 0 2.35331 2.36797 0
-1.28565 -1.29845 0 2.35306 2.36794 0.0290741
-1.28564 -1.29845 0 2.35281 2.36791 0
-1.28563 -1.29845 0 2.35256 2.36788 0
-1.28562 -1.29845 0 2.35232 2.36788 0
-1.28561 -1.29842 0 2.35207 2.36782 0.00581481
-1.2856 -1.29842 0 2.35182 2.36779 0.0377963
-1.28559 -1.29842 0 2.35157 2.36776 0.0232593
-1.28558 -1.29842 0 2.35132 2.36773 0.0465185
-1.28557 -1.29842 0 2.35107 2.36768 0.014537
-1.28556 -1.29842 0 2.35082 2.36765 0.0377963
-1.28555 -1.29839 0.0552407 2.35057 2.36759 0.0610556
-1.28554 -1.29839 0 2.35032 2.36756 0.0290741
-1.28553 -1.29839 0 2.35007 2.3675 0
-1.28552 -1.29839 0 2.34982 2.36747 0
-1.28551 -1.29839 0 2.34957 2.36741 0.0610556
-1.2855 -1.29839 0 2.34932 2.36739 0
-1.28549 -1.29839 0 2.34907 2.36733 0.0610556
-1.28548 -1.29839 0 2.34883 2.36727 0
-1.28547 -1.29839 0 2.34858 2.36721 0.0290741
-1.28546 -1.29839 0 2.34833 2.36715 0.0465185
-1.28545 -1.29839 0 2.34808 2.36712 0
-1.28544 -1.29839 0 2.34783 2.36707 0
-1.28543 -1.29839 0 2.34758 2.36698 0.00581481
-1.28542 -1.29839 0 2.34733 2.36692 0.0377963
-1.28541 -1.29839 0 2.34708 2.36686 0.0552407
-1.2854 -1.29839 0 2.34683 2.3668 0.0465185
-1.28538 -1.29836 0.014537 2.34658 2.36672 0
-1.28537 -1.29836 0 2.34633 2.36663 0.014537
-1.28536 -1.29836 0 2.34608 2.36657 0.0232593
-1.28535 -1.29836 0 2.34583 2.36651 0
-1.28534 -1.29836 0 2.34558 2.36645 0.0610556
-1.28533 -1.29836 0 2.34533 2.3664 0.0552407
-1.28532 -1.29836 0 2.34508 2.36637 0
-1.28531 -1.29836 0 2.34483 2.36628 0.014537
-1.2853 -1.29836 0 2.34459 2.36625 0.0552407
-1.28528 -1.29836 0 2.34434 2.36619 0
-1.28527 -1.29836 0 2.34409 2.36613 0.0610556
-1.28526 -1.29836 0 2.34384 2.36608 0.0290741
-1.28525 -1.29836 0 2.34359 2.36605 0
-1.28524 -1.29836 0 2.34334 2.36599 0.0552407
-1.28523 -1.29836 0 2.34309 2.36593 0.0610556
-1.28521 -1.29836 0 2.34284 2.36587 0.00581481
-1.2852 -1.29836 0 2.34259 2.36582 0.0465185
-1.28519 -1.29836 0 2.34234 2.36576 0.0552407
-1.28518 -1.29836 0 2.34209 2.36567 0.0697778
-1.28517 -1.29836 0 2.34184 2.36558 0.0232593
-1.28515 -1.29836 0 2.34159 2.36552 0.0697778
-1.28514 -1.29836 0 2.34134 2.36544 0.0290741
-1.28513 -1.29836 0 2.34109 2.36535 0.0785
-1.28512 -1.29836 0 2.34084 2.36526 0.0290741
-1.2851 -1.29836 0 2.34059 2.36518 0.0697778
-1.28509 -1.29836 0 2.34034 2.36512 0.0552407
-1.28508 -1.29836 0 2.34009 2.365 0.0377963
-1.28507 -1.29836 0 2.33984 2.36494 0.0610556
-1.28505 -1.29836 0 2.33959 2.36483 0.0785
-1.28504 -1.29836 0 2.33934 2.36477 0.0377963
-1.28503 -1.29836 0 2.33909 2.36465 0.0552407
-1.28504 -1.29836 0 2.33883 2.36456 0.0465185
-1.28506 -1.29836 0 2.33857 2.36448 0.0377963
-1.28508 -1.29836 0 2.33832 2.36436 0.0610556
-1.28509 -1.29836 0 2.33806 2.36425 0.0785
-1.28511 -1.29836 0 2.3378 2.36416 0.0552407
-1.28512 -1.29836 0 2.33754 2.36401 0.0872222
-1.28514 -1.29836 0 2.33728 2.3639 0.0785
-1.28515 -1.29836 0 2.33702 2.36378 0.0785
-1.28517 -1.29836 0 2.33676 2.36363 0.0872222
-1.28519 -1.29836 0 2.3365 2.36343 0.0785
-1.2852 -1.29836 0 2.33624 2.36329 0.093037
-1.28522 -1.29836 0 2.33598 2.36305 0.119204
-1.28523 -1.29836 0 2.33572 2.36288 0.093037
-1.28525 -1.29836 0 2.33546 2.36265 0.125019
-1.28526 -1.29836 0 2.3352 2.36241 0.125019
-1.28528 -1.29836 0 2.33494 2.36218 0.125019
-1.28529 -1.29836 0 2.33468 2.36195 0.133741
-1.28531 -1.29836 0 2.33443 2.36174 0.125019
-1.28532 -1.29836 0 2.33417 2.36151 0.142463
-1.28533 -1.29836 0 2.33391 2.36125 0.133741
-1.28535 -1.29836 0 2.33365 2.36102 0.151185
-1.28536 -1.29836 0 2.33339 2.36079 0.133741
-1.28538 -1.29839 -0.0377963 2.33313 2.36058 0.133741
-1.28539 -1.29839 0 2.33287 2.36035 0.125019
-1.28541 -1.29839 0 2.33261 2.36012 0.142463
-1.28542 -1.29839 0 2.33235 2.35988 0.125019
-1.28543 -1.29839 0 2.33209 2.35968 0.119204
-1.28545 -1.29839 0 2.33183 2.35948 0.110481
-1.28546 -1.29839 0 2.33157 2.35927 0.101759
-1.28548 -1.29839 0 2.33131 2.3591 0.110481
-1.28549 -1.29839 0 2.33105 2.35892 0.093037
-1.2855 -1.29839 0 2.33079 2.35875 0.101759
-1.28552 -1.29839 0 2.33053 2.35858 0.101759
-1.28553 -1.29839 0 2.33027 2.3584 0.0872222
-1.28554 -1.29839 0 2.33001 2.35817 0.093037
-1.28556 -1.29839 0 2.32975 2.35799 0.119204
-1.28557 -1.29839 0 2.32949 2.35782 0.119204
-1.28558 -1.29839 0 2.32923 2.35762 0.110481
-1.28559 -1.29839 0 2.32897 2.35741 0.119204
-1.28561 -1.29839 0 2.32871 2.35721 0.101759
-1.28562 -1.29839 0 2.32845 2.35701 0.093037
-1.28563 -1.29839 0 2.32819 2.3568 0.110481
-1.28565 -1.29839 0 2.32793 2.3566 0.125019
-1.28566 -1.29839 0 2.32767 2.35637 0.110481
-1.28567 -1.29839 0 2.32741 2.35613 0.125019
-1.28568 -1.29839 0 2.32715 2.35593 0.125019
-1.28569 -1.29839 0 2.32689 2.35564 0.125019
-1.28571 -1.29839 0 2.32663 2.35541 0.142463
-1.28572 -1.29839 0 2.32637 2.35514 0.142463
-1.28573 -1.29839 0 2.32611 2.35491 0.142463
-1.28574 -1.29839 0 2.32585 2.35465 0.133741
-1.28575 -1.29839 0 2.32559 2.35439 0.151185
-1.28577 -1.29839 0 2.32533 2.35413 0.142463
-1.28578 -1.29839 0 2.32507 2.35384 0.142463
-1.28579 -1.29842 -0.00581481 2.32481 2.3536 0.151185
-1.2858 -1.29842 0 2.32455 2.35331 0.157
-1.28581 -1.29842 0 2.32429 2.35302 0.174444
-1.28582 -1.29842 0 2.32403 2.35264 0.165722
-1.28583 -1.29842 0 2.32377 2.35235 0.197704
-1.28585 -1.29842 0 2.32351 2.35198 0.188981
-1.28586 -1.29842 0 2.32325 2.35154 0.206426
-1.28587 -1.29842 0 2.32299 2.35113 0.252944
-1.28588 -1.29842 0 2.32273 2.35073 0.24713
-1.28589 -1.29842 0 2.32247 2.35026 0.252944
-1.2859 -1.29842 0 2.32221 2.3498 0.220963
-1.28591 -1.29842 0 2.32195 2.34936 0.270389
-1.28592 -1.29842 0 2.32169 2.34892 0.293648
-1.28593 -1.29842 0 2.32143 2.34849 0.284926
-1.28594 -1.29842 0 2.32117 2.34802 0.261667
-1.28595 -1.29842 0 2.32091 2.34756 0.279111
-1.28596 -1.29845 0 2.32065 2.34715 0.270389
-1.28597 -1.29845 0 2.32039 2.34671 0.279111
-1.28598 -1.29845 0 2.32013 2.34622 0.252944
-1.28599 -1.29845 0 2.31987 2.34578 0.220963
-1.286 -1.29845 0 2.31961 2.34526 0.24713
-1.28601 -1.29845 0 2.31935 2.34488 0.229685
-1.28602 -1.29848 -0.0377963 2.31909 2.34453 0.238407
-1.28603 -1.29848 0 2.31883 2.34418 0.197704
-1.28604 -1.29848 0 2.31857 2.34384 0.197704
-1.28605 -1.29848 0 2.31831 2.34352 0.197704
-1.28606 -1.29848 0 2.31805 2.34322 0.183167
-1.28607 -1.29848 0 2.31779 2.34293 0.142463
-1.28608 -1.29848 0 2.31753 2.3427 0.151185
-1.28609 -1.29848 0 2.31727 2.34238 0.142463
-1.2861 -1.29848 0 2.31701 2.34215 0.142463
-1.28611 -1.29848 0 2.31675 2.34189 0.119204
-1.28611 -1.29848 0 2.31649 2.34171 0.119204
-1.28612 -1.29845 0.0290741 2.31623 2.34148 0.119204
-1.28614 -1.29845 0 2.31596 2.34128 0.101759
-1.28616 -1.29845 0 2.3157 2.3411 0.101759
-1.28618 -1.29845 0 2.31543 2.34093 0.119204
-1.2862 -1.29845 0 2.31517 2.34078 0.0785
-1.28622 -1.29845 0 2.3149 2.34061 0.0785
-1.28624 -1.29845 0 2.31464 2.34046 0.0872222
-1.28626 -1.29845 0 2.31437 2.34032 0.0785
-1.28628 -1.29845 0 2.31411 2.34023 0.093037
-1.2863 -1.29845 0 2.31384 2.34011 0.0697778
-1.28633 -1.29845 0 2.31358 2.34003 0.0697778
-1.28635 -1.29845 0 2.31331 2.33994 0.0610556
-1.28637 -1.29845 0 2.31305 2.33985 0.014537
-1.28639 -1.29845 0 2.31278 2.33979 0.00581481
-1.28641 -1.29845 0 2.31252 2.33971 0.014537
-1.28643 -1.29845 0 2.31225 2.33965 0.0552407
-1.28644 -1.29845 0 2.31199 2.33962 0
-1.28646 -1.29845 0 2.31172 2.33956 0.0552407
-1.28648 -1.29845 0 2.31146 2.3395 0
-1.2865 -1.29845 0 2.31119 2.33947 0
-1.28652 -1.29845 0 2.31093 2.33944 0.0465185
-1.28654 -1.29845 0 2.31066 2.33942 0.0232593
-1.28656 -1.29842 0.00581481 2.3104 2.33936 0.00581481
-1.28658 -1.29842 0 2.31013 2.33933 0.0552407
-1.2866 -1.29842 0 2.30987 2.33927 0.0610556
-1.28662 -1.29842 0 2.3096 2.33921 0
-1.28664 -1.29842 0 2.30934 2.33915 0.014537
-1.28666 -1.29842 0 2.30907 2.3391 0.0290741
-1.28667 -1.29842 0 2.30881 2.33904 0
-1.28669 -1.29842 0 2.30854 2.33898 0
-1.28671 -1.29842 0 2.30828 2.33889 0.0290741
-1.28673 -1.29842 0 2.30801 2.33883 0.014537
-1.28675 -1.29842 0 2.30775 2.33875 0.0377963
-1.28677 -1.29842 0 2.30748 2.33866 0.0465185
-1.28678 -1.29842 0 2.30722 2.33857 0.014537
-1.2868 -1.29842 0 2.30695 2.33846 0.0697778
-1.28682 -1.29842 0 2.30668 2.33837 0.0465185
-1.28684 -1.29842 0 2.30642 2.33828 0.0785
-1.28686 -1.29842 0 2.30615 2.33819 0.0697778
-1.28687 -1.29842 0 2.30589 2.33808 0.0785
-1.28689 -1.29842 0 2.30562 2.33796 0.0610556
-1.28691 -1.29842 0 2.30536 2.33785 0.0377963
-1.28693 -1.29842 0 2.30509 2.33776 0.0290741
-1.28694 -1.29842 0 2.30483 2.33764 0.0610556
-1.28696 -1.29842 0 2.30456 2.33756 0.0465185
-1.28698 -1.29842 0 2.3043 2.33741 0.0785
-1.28699 -1.29842 0 2.30403 2.33732 0.0552407
-1.28701 -1.29842 0 2.30376 2.33721 0.0377963
-1.28703 -1.29842 0 2.3035 2.33712 0.0785
-1.28704 -1.29842 0 2.30323 2.337 0.0785
-1.28706 -1.29842 0 2.30297 2.33689 0.0465185
-1.28708 -1.29842 0 2.3027 2.33677 0.0377963
-1.28709 -1.29842 0 2.30244 2.33665 0.0785
-1.28711 -1.29842 0 2.30217 2.33651 0.0697778
-1.28713 -1.29842 0 2.3019 2.33639 0.0697778
-1.28714 -1.29842 0 2.30164 2.33625 0.0872222
-1.28716 -1.29842 0 2.30137 2.3361 0.0697778
-1.28718 -1.29842 0 2.30111 2.33596 0.0872222
-1.28719 -1.29842 0 2.30084 2.33578 0.0872222
-1.28721 -1.29842 0 2.30058 2.33561 0.093037
-1.28722 -1.29842 0 2.30031 2.33543 0.101759
-1.28724 -1.29842 0 2.30004 2.33526 0.110481
-1.28725 -1.29842 0 2.29978 2.33505 0.101759
-1.28727 -1.29842 0 2.29951 2.33485 0.110481
-1.28729 -1.29842 0 2.29925 2.33465 0.110481
-1.2873 -1.29842 0 2.29898 2.33442 0.142463
-1.28732 -1.29842 0 2.29871 2.33421 0.125019
-1.28733 -1.29842 0 2.29845 2.33398 0.125019
-1.28735 -1.29845 0 2.29818 2.33378 0.151185
-1.28736 -1.29845 0 2.29792 2.33354 0.133741
-1.28738 -1.29845 0 2.29765 2.33331 0.151185
-1.28739 -1.29845 0 2.29738 2.33305 0.142463
-1.28741 -1.29845 0 2.29712 2.33279 0.165722
-1.28742 -1.29845 0 2.29685 2.33253 0.151185
-1.28743 -1.29845 0 2.29659 2.33218 0.157
-1.28745 -1.29845 0 2.29632 2.33186 0.157
-1.28746 -1.29845 0 2.29605 2.33159 0.151185
-1.28748 -1.29845 0 2.29579 2.33128 0.174444
-1.28749 -1.29845 0 2.29552 2.33096 0.197704
-1.28751 -1.29845 0 2.29526 2.33061 0.197704
-1.28752 -1.29845 0 2.29499 2.33026 0.197704
-1.28753 -1.29845 0 2.29472 2.32991 0.197704
-1.28755 -1.29845 0 2.29446 2.32953 0.206426
-1.28756 -1.29845 -0.0465185 2.29419 2.32915 0.215148
-1.28758 -1.29848 -0.0552407 2.29392 2.3288 0.206426
-1.28759 -1.29848 0 2.29366 2.32843 0.229685
-1.2876 -1.29848 0 2.29339 2.32799 0.238407
-1.28762 -1.29848 0 2.29313 2.32755 0.252944
-1.28763 -1.29848 0 2.29286 2.32706 0.252944
-1.28764 -1.29848 0 2.29259 2.32654 0.279111
-1.28766 -1.29848 0 2.29233 2.32587 0.279111
-1.28767 -1.29848 0 2.29206 2.32531 0.30237
-1.28768 -1.29848 0 2.29179 2.32473 0.316907
-1.28769 -1.29848 0 2.29153 2.32415 0.311093
-1.28771 -1.29848 0 2.29126 2.3236 0.32563
-1.28772 -1.29851 -0.0465185 2.29099 2.32302 0.343074
-1.28773 -1.29851 0 2.29073 2.32244 0.316907
-1.28777 -1.29851 0 2.29045 2.32186 0.343074
-1.28782 -1.29851 0 2.29017 2.32127 0.334352
-1.28787 -1.29851 0 2.28989 2.32072 0.32563
-1.28792 -1.29853 0 2.28961 2.32017 0.293648
-1.28797 -1.29853 0 2.28933 2.31973 0.279111
-1.28802 -1.29853 0 2.28905 2.3193 0.238407
-1.28807 -1.29853 0 2.28877 2.31889 0.229685
-1.28812 -1.29856 -0.00581481 2.28849 2.3186 0.183167
-1.28816 -1.29856 0 2.28821 2.31825 0.157
-1.28821 -1.29856 0 2.28793 2.31802 0.125019
-1.28826 -1.29856 0 2.28765 2.31778 0.165722
-1.28831 -1.29856 0 2.28737 2.31758 0.125019
-1.28836 -1.29856 0 2.28709 2.31738 0.125019
-1.2884 -1.29856 0 2.28681 2.31717 0.119204
-1.28845 -1.29856 0 2.28653 2.317 0.101759
-1.2885 -1.29856 0 2.28625 2.3168 0.110481
-1.28855 -1.29856 0 2.28597 2.31662 0.119204
-1.28859 -1.29856 0 2.28569 2.31645 0.101759
-1.28864 -1.29856 0 2.28541 2.31627 0.110481
-1.28869 -1.29856 0 2.28513 2.31613 0.110481
-1.28874 -1.29856 0 2.28485 2.31595 0.093037
-1.28878 -1.29856 0 2.28456 2.31578 0.093037
-1.28883 -1.29853 0.014537 2.28428 2.3156 0.0785
-1.28888 -1.29853 0 2.284 2.31546 0.0697778
-1.28892 -1.29853 0 2.28372 2.31534 0.0552407
-1.28897 -1.29853 0 2.28344 2.3152 0.0610556
-1.28902 -1.29853 0 2.28316 2.31508 0.0697778
-1.28906 -1.29853 0 2.28288 2.31499 0.0697778
-1.28911 -1.29853 0 2.2826 2.31488 0.0465185
-1.28915 -1.29853 0 2.28232 2.31479 0.0465185
-1.2892 -1.29853 0 2.28204 2.31467 0.0290741
-1.28925 -1.29853 0 2.28176 2.31459 0.0232593
-1.28929 -1.29853 0 2.28148 2.3145 0.0785
-1.28934 -1.29853 0 2.2812 2.31441 0.0465185
-1.28938 -1.29853 0 2.28091 2.3143 0.0697778
-1.28943 -1.29853 0 2.28063 2.31421 0.0290741
-1.28947 -1.29853 0 2.28035 2.31415 0.0697778
-1.28952 -1.29853 0 2.28007 2.31403 0.014537
-1.28956 -1.29853 0 2.27979 2.31395 0.0465185
-1.28961 -1.29853 0 2.27951 2.31389 0.0290741
-1.28965 -1.29853 0 2.27923 2.3138 0.00581481
-1.2897 -1.29853 0 2.27895 2.31371 0.0697778
-1.28974 -1.29853 0 2.27867 2.31363 0.0610556
-1.28979 -1.29853 0 2.27839 2.31354 0.0465185
-1.28983 -1.29853 0 2.2781 2.31345 0.0290741
-1.28987 -1.29853 0 2.27782 2.31334 0.0232593
-1.28992 -1.29853 0 2.27754 2.31322 0.0697778
-1.28996 -1.29853 0 2.27726 2.31313 0.0465185
-1.29001 -1.29853 0 2.27698 2.31299 0.0872222
-1.29005 -1.29853 0 2.2767 2.31287 0.0465185
-1.29009 -1.29853 0 2.27642 2.31273 0.0785
-1.29014 -1.29853 0 2.27614 2.31258 0.093037
-1.29018 -1.29853 0 2.27585 2.31246 0.0697778
-1.29022 -1.29853 0 2.27557 2.31232 0.0872222
-1.29027 -1.29853 0 2.27529 2.31214 0.0872222
-1.29031 -1.29853 0 2.27501 2.312 0.093037
-1.29035 -1.29853 0 2.27473 2.31185 0.0610556
-1.29039 -1.29853 0 2.27445 2.31168 0.093037
-1.29044 -1.29853 0 2.27416 2.31156 0.0785
-1.29048 -1.29853 0 2.27388 2.31139 0.0697778
-1.29052 -1.29853 0 2.2736 2.31124 0.0872222
-1.29056 -1.29853 0 2.27332 2.31107 0.101759
-1.29061 -1.29853 0 2.27304 2.31092 0.0872222
-1.29065 -1.29853 0 2.27276 2.31078 0.0785
-1.29069 -1.29853 0 2.27247 2.3106 0.0785
-1.29073 -1.29853 0 2.27219 2.31046 0.093037
-1.29077 -1.29853 0 2.27191 2.31025 0.101759
-1.29082 -1.29853 0 2.27163 2.31008 0.101759
-1.29086 -1.29853 0 2.27135 2.30988 0.110481
-1.2909 -1.29853 0 2.27107 2.3097 0.101759
-1.29094 -1.29853 0 2.27078 2.3095 0.101759
-1.29098 -1.29853 0 2.2705 2.30932 0.101759
-1.29102 -1.29853 0 2.27022 2.30912 0.125019
-1.29106 -1.29853 0 2.26994 2.30892 0.119204
-1.2911 -1.29853 0 2.26966 2.30871 0.110481
-1.29114 -1.29853 0 2.26937 2.30851 0.125019
-1.29118 -1.29856 0 2.26909 2.30834 0.110481
-1.29122 -1.29856 -0.0552407 2.26881 2.30813 0.119204
-1.29126 -1.29856 0 2.26853 2.3079 0.125019
-1.2913 -1.29856 0 2.26825 2.30767 0.142463
-1.29134 -1.29856 0 2.26797 2.30741 0.151185
-1.29138 -1.29856 0 2.26769 2.30717 0.157
-1.29142 -1.29856 0 2.2674 2.30691 0.157
-1.29145 -1.29856 0 2.26712 2.30659 0.174444
-1.29149 -1.29856 0 2.26684 2.30627 0.174444
-1.29153 -1.29856 0 2.26656 2.30592 0.197704
-1.29157 -1.29856 0 2.26628 2.30554 0.215148
-1.29161 -1.29856 0 2.266 2.30514 0.229685
-1.29164 -1.29859 -0.0465185 2.26571 2.30479 0.220963
-1.29168 -1.29859 0 2.26543 2.30438 0.238407
-1.29172 -1.29859 0 2.26515 2.30395 0.252944
-1.29176 -1.29859 0 2.26487 2.30345 0.261667
-1.29179 -1.29859 0 2.26459 2.30299 0.279111
-1.29183 -1.29859 0 2.2643 2.30249 0.284926
-1.29187 -1.29862 -0.00581481 2.26402 2.30203 0.284926
-1.2919 -1.29862 0 2.26374 2.30147 0.284926
-1.29194 -1.29868 -0.00581481 2.26346 2.30104 0.30237
-1.29198 -1.29868 0 2.26318 2.30049 0.311093
-1.29201 -1.29871 0 2.26289 2.29996 0.334352
-1.29205 -1.29874 0 2.26261 2.29935 0.334352
-1.29209 -1.29874 0 2.26233 2.29874 0.334352
-1.29212 -1.29877 0 2.26205 2.29813 0.357611
-1.29216 -1.2988 -0.0610556 2.26177 2.29746 0.407037
-1.2922 -1.29883 -0.0465185 2.26148 2.29676 0.412852
-1.29223 -1.29885 -0.0552407 2.2612 2.29589 0.430296
-1.29227 -1.29885 0 2.26092 2.29508 0.421574
-1.2923 -1.29888 0 2.26064 2.29438 0.421574
-1.29234 -1.29891 0 2.26036 2.29365 0.430296
-1.29237 -1.29894 -0.0290741 2.26007 2.29298 0.389593
-1.29241 -1.299 -0.0290741 2.25979 2.29234 0.412852
-1.29244 -1.29903 0 2.25951 2.29165 0.38087
-1.29248 -1.29906 0 2.25923 2.29101 0.366333
-1.29252 -1.29909 -0.0552407 2.25894 2.2904 0.343074
-1.29255 -1.29915 0 2.25866 2.2899 0.316907
-1.29259 -1.29917 -0.0232593 2.25838 2.28938 0.311093
-1.29262 -1.29917 0 2.2581 2.28883 0.293648
-1.29265 -1.2992 -0.014537 2.25781 2.28839 0.252944
-1.29269 -1.29923 0 2.25753 2.28798 0.229685
-1.29272 -1.29926 0 2.25725 2.28761 0.206426
-1.29276 -1.29926 0 2.25697 2.28729 0.206426
-1.29279 -1.29929 0 2.25668 2.28702 0.151185
-1.29283 -1.29932 -0.0232593 2.2564 2.28682 0.151185
-1.29286 -1.29932 0 2.25612 2.28662 0.119204
-1.29289 -1.29932 0 2.25584 2.28644 0.125019
-1.29293 -1.29932 0 2.25555 2.28633 0.0697778
-1.29296 -1.29932 0 2.25527 2.28618 0.0785
-1.293 -1.29932 0 2.25499 2.28606 0.0610556
-1.29303 -1.29932 0 2.2547 2.28595 0.0785
-1.29306 -1.29932 0 2.25442 2.28589 0.0697778
-1.2931 -1.29932 0 2.25414 2.2858 0.0552407
-1.29313 -1.29932 0 2.25386 2.28569 0.0465185
-1.29316 -1.29929 0 2.25357 2.28557 0.0552407
-1.29319 -1.29929 0 2.25329 2.28548 0.0232593
-1.29323 -1.29929 0 2.25301 2.28543 0.0377963
-1.29326 -1.29929 0 2.25272 2.28534 0.0552407
-1.29329 -1.29926 0 2.25244 2.28522 0.0697778
-1.29333 -1.29926 0 2.25216 2.28513 0.0552407
-1.29336 -1.29926 0 2.25188 2.28508 0
-1.29339 -1.29926 0 2.25159 2.28502 0.014537
-1.29342 -1.29926 0 2.25131 2.28493 0.0610556
-1.29345 -1.29926 0 2.25103 2.28487 0.0465185
-1.29349 -1.29926 0 2.25074 2.28479 0.0377963
-1.29352 -1.29926 0 2.25046 2.28473 0.0610556
-1.29355 -1.29926 0 2.25018 2.28464 0.0552407
-1.29358 -1.29926 0 2.24989 2.28458 0.0377963
-1.29361 -1.29926 0 2.24961 2.28444 0.0785
-1.29364 -1.29926 0 2.24933 2.28432 0.0552407
-1.29368 -1.29926 0 2.24904 2.28423 0.0610556
-1.29371 -1.29926 0 2.24876 2.28412 0.0610556
-1.29374 -1.29926 0 2.24848 2.28397 0.0785
-1.29377 -1.29926 0 2.24819 2.28383 0.0785
-1.2938 -1.29926 0 2.24791 2.28368 0.0697778
-1.29383 -1.29926 0 2.24763 2.28351 0.0785
-1.29386 -1.29926 0 2.24734 2.28333 0.101759
-1.29389 -1.29926 0 2.24706 2.28316 0.0785
-1.29392 -1.29926 0 2.24678 2.28298 0.110481
-1.29394 -1.29926 0 2.2465 2.28278 0.101759
-1.29397 -1.29926 0 2.24622 2.28258 0.101759
-1.29399 -1.29926 0 2.24594 2.28234 0.142463
-1.29401 -1.29926 0 2.24565 2.28211 0.125019
-1.29404 -1.29926 0 2.24537 2.28182 0.165722
-1.29406 -1.29926 0 2.24509 2.28156 0.151185
-1.29409 -1.29926 0 2.24481 2.28118 0.174444
-1.29411 -1.29926 0 2.24453 2.28086 0.188981
-1.29413 -1.29926 0 2.24425 2.28054 0.174444
-1.29416 -1.29926 0 2.24397 2.28019 0.183167
-1.29418 -1.29926 0 2.24369 2.27981 0.206426
-1.2942 -1.29926 0 2.2434 2.27944 0.206426
-1.29423 -1.29926 0 2.24312 2.27906 0.206426
-1.29425 -1.29926 0 2.24284 2.27871 0.206426
-1.29427 -1.29932 -0.0232593 2.24256 2.27836 0.220963
-1.2943 -1.29932 0 2.24228 2.2779 0.24713
-1.29432 -1.29932 0 2.242 2.27743 0.252944
-1.29434 -1.29932 0 2.24172 2.27694 0.252944
-1.29436 -1.29932 0 2.24143 2.27644 0.261667
-1.29439 -1.29935 -0.00581481 2.24115 2.27595 0.284926
-1.29441 -1.29935 0 2.24087 2.27542 0.293648
-1.29443 -1.29935 0 2.24059 2.2749 0.316907
-1.29445 -1.29938 -0.0465185 2.24031 2.27438 0.334352
-1.29447 -1.29938 0 2.24003 2.2738 0.343074
-1.2945 -1.29938 0 2.23974 2.27321 0.343074
-1.29452 -1.29941 0 2.23946 2.27269 0.348889
-1.29454 -1.29941 0 2.23918 2.27214 0.343074
-1.29456 -1.29947 -0.00581481 2.2389 2.27162 0.334352
-1.29458 -1.29947 0 2.23862 2.271 0.334352
-1.29461 -1.29949 -0.0552407 2.23834 2.27039 0.32563
-1.29463 -1.29955 0 2.23805 2.2699 0.334352
-1.29465 -1.29955 0 2.23777 2.26935 0.293648
-1.29467 -1.29958 -0.00581481 2.23749 2.26888 0.293648
-1.29469 -1.29967 0 2.23721 2.2685 0.279111
-1.29471 -1.29973 -0.014537 2.23693 2.26816 0.252944
-1.29473 -1.29976 -0.0552407 2.23664 2.26775 0.229685
-1.29475 -1.29981 -0.0465185 2.23636 2.26749 0.188981
-1.29477 -1.29984 -0.0377963 2.23608 2.2672 0.183167
-1.2948 -1.29987 0 2.2358 2.26691 0.183167
-1.29482 -1.29987 0 2.23552 2.26661 0.157
-1.29484 -1.2999 -0.014537 2.23523 2.26638 0.125019
-1.29486 -1.29996 -0.0377963 2.23495 2.26618 0.157
-1.29488 -1.29999 -0.0232593 2.23467 2.26597 0.110481
-1.2949 -1.29999 0 2.23439 2.26571 0.151185
-1.29492 -1.29999 0 2.23411 2.26545 0.119204
-1.29494 -1.29999 0 2.23382 2.26522 0.151185
-1.29496 -1.29999 0 2.23354 2.26499 0.119204
-1.29498 -1.29999 0 2.23326 2.26478 0.119204
-1.295 -1.29999 0 2.23298 2.26458 0.119204
-1.29502 -1.29999 0 2.23269 2.26438 0.110481
-1.29504 -1.29999 0 2.23241 2.26417 0.101759
-1.29506 -1.29999 0 2.23213 2.264 0.093037
-1.29507 -1.29999 0 2.23185 2.26388 0.0872222
-1.29509 -1.29999 0 2.23156 2.26377 0.0785
-1.29511 -1.29996 0 2.23128 2.26362 0.0377963
-1.29513 -1.29996 0 2.231 2.26353 0.0290741
-1.29515 -1.29996 0 2.23072 2.26347 0.0610556
-1.29517 -1.29996 0 2.23044 2.26342 0
-1.29519 -1.29996 0 2.23015 2.26333 0.0232593
-1.29521 -1.29996 0 2.22987 2.26327 0
-1.29523 -1.29996 0 2.22959 2.26321 0.0552407
-1.29524 -1.29996 0 2.2293 2.26315 0.0697778
-1.29526 -1.29996 0 2.22902 2.26307 0.014537
-1.29528 -1.29996 0 2.22874 2.26298 0.0610556
-1.2953 -1.29996 0 2.22846 2.26286 0.0377963
-1.29532 -1.29996 0 2.22817 2.26278 0.0552407
-1.29534 -1.29996 0 2.22789 2.26263 0.0785
-1.29535 -1.29996 0 2.22761 2.26251 0.0552407
-1.29537 -1.29996 0 2.22733 2.2624 0.0290741
-1.29539 -1.29996 0 2.22704 2.26228 0.0610556
-1.29541 -1.29996 0 2.22676 2.26214 0.0552407
-1.29542 -1.29996 0 2.22648 2.26199 0.0872222
-1.29544 -1.29996 0 2.22619 2.26185 0.0785
-1.29546 -1.29996 0 2.22591 2.26173 0.0785
-1.29548 -1.29996 0 2.22563 2.26161 0.0552407
-1.29549 -1.29996 0 2.22534 2.2615 0.0377963
-1.29552 -1.29996 0 2.22506 2.26135 0.0785
-1.29555 -1.29996 0 2.22477 2.26121 0.0552407
-1.29558 -1.29996 0 2.22448 2.26106 0.0785
-1.29561 -1.29996 0 2.22419 2.26094 0.0872222
-1.29564 -1.29996 0 2.2239 2.2608 0.0785
-1.29567 -1.29996 0 2.22362 2.26065 0.093037
-1.29569 -1.29996 0 2.22333 2.26051 0.0785
-1.29572 -1.29996 0 2.22304 2.26033 0.0872222
-1.29575 -1.29996 0 2.22275 2.26016 0.093037
-1.29578 -1.29996 0 2.22246 2.26001 0.101759
-1.2958 -1.29996 0 2.22217 2.25981 0.093037
-1.29583 -1.29996 0 2.22189 2.25961 0.110481
-1.29586 -1.29996 0 2.2216 2.2594 0.119204
-1.29589 -1.29996 0 2.22131 2.2592 0.133741
-1.29591 -1.29996 0 2.22102 2.25894 0.142463
-1.29594 -1.29996 0 2.22073 2.25874 0.133741
-1.29597 -1.29996 0 2.22044 2.2585 0.142463
-1.296 -1.29996 0 2.22015 2.25827 0.142463
-1.29602 -1.29996 0 2.21987 2.25804 0.142463
-1.29605 -1.29999 0 2.21958 2.2578 0.157
-1.29608 -1.29999 0 2.21929 2.25757 0.142463
-1.2961 -1.29999 0 2.219 2.25728 0.165722
-1.29613 -1.29999 0 2.21871 2.25702 0.157
-1.29616 -1.29999 0 2.21842 2.25679 0.151185
-1.29618 -1.29999 0 2.21813 2.2565 0.165722
-1.29621 -1.29999 0 2.21784 2.25621 0.165722
-1.29623 -1.29999 0 2.21755 2.25592 0.151185
-1.29626 -1.29999 0 2.21727 2.25562 0.157
-1.29629 -1.29999 0 2.21698 2.25536 0.165722
-1.29631 -1.29999 0 2.21669 2.25504 0.165722
-1.29634 -1.30002 -0.0465185 2.2164 2.25478 0.188981
-1.29636 -1.30002 0 2.21611 2.25446 0.197704
-1.29639 -1.30002 0 2.21582 2.25411 0.206426
-1.29641 -1.30002 0 2.21553 2.25373 0.206426
-1.29644 -1.30002 0 2.21524 2.25336 0.220963
-1.29646 -1.30002 0 2.21495 2.25298 0.215148
-1.29649 -1.30005 0 2.21466 2.25266 0.220963
-1.29651 -1.30005 0 2.21437 2.25228 0.229685
-1.29654 -1.30005 0 2.21409 2.2519 0.238407
-1.29656 -1.30005 0 2.2138 2.25152 0.215148
-1.29659 -1.30008 0 2.21351 2.25121 0.215148
-1.29661 -1.3001 0 2.21322 2.25089 0.215148
-1.29664 -1.3001 0 2.21293 2.25051 0.229685
-1.29666 -1.30013 -0.0290741 2.21264 2.25013 0.220963
-1.29668 -1.30016 0 2.21235 2.24972 0.238407
-1.29671 -1.30016 -0.0290741 2.21206 2.2492 0.252944
-1.29673 -1.30019 0 2.21177 2.24873 0.293648
-1.29676 -1.30022 0 2.21148 2.24815 0.316907
-1.29678 -1.30022 0 2.21119 2.24754 0.343074
-1.2968 -1.30031 -0.0377963 2.2109 2.24702 0.398315
-1.29683 -1.30034 0 2.21061 2.24638 0.389593
-1.29685 -1.30037 -0.0610556 2.21032 2.24571 0.430296
-1.29687 -1.3004 0 2.21003 2.24498 0.430296
-1.2969 -1.30045 -0.0610556 2.20974 2.24434 0.439019
-1.29692 -1.30048 0 2.20945 2.2437 0.407037
-1.29694 -1.30054 -0.0377963 2.20916 2.24312 0.421574
-1.29697 -1.3006 0 2.20887 2.24254 0.38087
-1.29699 -1.30066 -0.0377963 2.20858 2.24199 0.38087
-1.29701 -1.30072 -0.0377963 2.20829 2.24147 0.375056
-1.29703 -1.3008 -0.00581481 2.208 2.24097 0.366333
-1.29706 -1.30086 -0.0610556 2.20771 2.24048 0.348889
-1.29708 -1.30095 -0.0610556 2.20742 2.24004 0.32563
-1.2971 -1.30104 -0.0552407 2.20713 2.2396 0.316907
-1.29712 -1.30109 -0.0610556 2.20684 2.2392 0.284926
-1.29715 -1.30115 -0.0552407 2.20655 2.23882 0.279111
-1.29717 -1.30121 -0.0465185 2.20626 2.23841 0.293648
-1.29719 -1.30127 -0.0377963 2.20597 2.23801 0.252944
-1.29721 -1.30136 -0.0610556 2.20568 2.23763 0.252944
-1.29723 -1.30144 -0.0290741 2.20539 2.23725 0.238407
-1.29726 -1.30147 0 2.2051 2.23684 0.220963
-1.29728 -1.30153 -0.0465185 2.20481 2.23652 0.220963
-1.2973 -1.30162 -0.0552407 2.20452 2.23626 0.197704
-1.29732 -1.30167 0 2.20423 2.236 0.183167
-1.29734 -1.3017 0 2.20394 2.23571 0.183167
-1.29736 -1.3017 0 2.20365 2.23539 0.142463
-1.29738 -1.30173 -0.0232593 2.20336 2.23513 0.151185
-1.2974 -1.30176 0 2.20307 2.23492 0.142463
-1.29743 -1.30176 -0.014537 2.20278 2.23469 0.125019
-1.29745 -1.30176 0 2.20249 2.23452 0.119204
-1.29747 -1.30176 0 2.2022 2.23434 0.119204
-1.29749 -1.30176 0 2.20191 2.23417 0.093037
-1.29751 -1.30176 0 2.20162 2.23402 0.0872222
-1.29753 -1.30176 0 2.20133 2.23388 0.0697778
-1.29755 -1.30176 0 2.20104 2.23373 0.0872222
-1.29757 -1.30176 0 2.20075 2.23362 0.0697778
-1.29759 -1.30176 0 2.20046 2.23347 0.0610556
-1.29761 -1.30176 0 2.20017 2.23335 0.0465185
-1.29763 -1.30176 0 2.19988 2.23324 0.0785
-1.29765 -1.30176 0 2.19959 2.23315 0.0552407
-1.29767 -1.30176 0 2.19929 2.23303 0.0610556
-1.29769 -1.30176 0 2.199 2.23295 0.0785
-1.29771 -1.30176 0 2.19871 2.23283 0.0785
-1.29773 -1.30176 0 2.19842 2.23271 0.0610556
-1.29775 -1.30176 0 2.19813 2.23263 0.0610556
-1.29777 -1.30176 0 2.19784 2.23251 0.0610556
-1.29778 -1.30176 0 2.19755 2.23237 0.0785
-1.2978 -1.30176 0 2.19726 2.23225 0.0697778
-1.29782 -1.30176 0 2.19697 2.23213 0.0610556
-1.29784 -1.30176 0 2.19668 2.23199 0.0697778
-1.29786 -1.30176 0 2.19639 2.23181 0.093037
-1.29788 -1.30176 0 2.19609 2.23164 0.0872222
-1.2979 -1.30176 0 2.1958 2.23146 0.093037
-1.29792 -1.30176 0 2.19551 2.23126 0.119204
-1.29793 -1.30176 0 2.19522 2.23106 0.110481
-1.29795 -1.30176 0 2.19493 2.23085 0.125019
-1.29797 -1.30176 0 2.19464 2.23059 0.125019
-1.29799 -1.30176 0 2.19435 2.23036 0.119204
-1.29801 -1.30176 0 2.19406 2.23007 0.151185
-1.29802 -1.30176 0 2.19376 2.22981 0.151185
-1.29804 -1.30176 0 2.19347 2.22954 0.151185
-1.29806 -1.30176 0 2.19318 2.22923 0.157
-1.29808 -1.30176 0 2.19289 2.22896 0.165722
-1.2981 -1.30176 0 2.1926 2.22867 0.174444
-1.29811 -1.30176 0 2.19231 2.22835 0.183167
-1.29813 -1.30176 0 2.19202 2.22803 0.188981
-1.29815 -1.30176 0 2.19172 2.22771 0.183167
-1.29816 -1.30176 0 2.19143 2.22739 0.197704
-1.29818 -1.30176 0 2.19114 2.22699 0.188981
-1.2982 -1.30176 0 2.19085 2.22664 0.206426
-1.29822 -1.30176 0 2.19056 2.22623 0.238407
-1.29823 -1.30179 -0.0290741 2.19027 2.22582 0.24713
-1.29825 -1.30182 0 2.18997 2.22536 0.252944
-1.29826 -1.30185 0 2.18968 2.22495 0.279111
-1.29828 -1.30188 0 2.18939 2.22449 0.261667
-1.2983 -1.30194 0 2.1891 2.22408 0.279111
-1.29831 -1.30197 -0.0377963 2.18881 2.22361 0.30237
-1.29833 -1.30202 0 2.18851 2.22312 0.316907
-1.29835 -1.30208 -0.0290741 2.18822 2.22265 0.334352
-1.29836 -1.30214 -0.0290741 2.18793 2.22201 0.343074
-1.29838 -1.30217 0 2.18764 2.22146 0.366333
-1.29839 -1.30226 -0.0290741 2.18735 2.22085 0.348889
-1.29841 -1.30234 0 2.18705 2.22033 0.375056
-1.29842 -1.30243 -0.0377963 2.18676 2.21978 0.389593
-1.29844 -1.30255 -0.0465185 2.18647 2.21919 0.375056
-1.29846 -1.30263 -0.0785 2.18618 2.21867 0.348889
-1.29847 -1.30275 -0.0465185 2.18589 2.21821 0.316907
-1.29849 -1.30284 -0.0610556 2.18559 2.21777 0.293648
-1.2985 -1.30295 -0.0552407 2.1853 2.21739 0.270389
-1.29852 -1.30307 -0.0785 2.18501 2.2171 0.229685
-1.29853 -1.30316 -0.0377963 2.18472 2.21675 0.220963
-1.29855 -1.3033 -0.0552407 2.18442 2.21655 0.206426
-1.29856 -1.30342 -0.0697778 2.18413 2.21629 0.188981
-1.29857 -1.30356 -0.0785 2.18384 2.21611 0.183167
-1.29859 -1.30368 -0.0785 2.18355 2.21588 0.174444
-1.2986 -1.30377 -0.0377963 2.18326 2.21562 0.183167
-1.29862 -1.30386 -0.0465185 2.18296 2.21536 0.183167
-1.29863 -1.30394 -0.0377963 2.18267 2.2151 0.165722
-1.29865 -1.30403 -0.0377963 2.18238 2.21486 0.174444
-1.29866 -1.30409 -0.0552407 2.18209 2.2146 0.197704
-1.29867 -1.30418 -0.014537 2.18179 2.21437 0.188981
-1.29869 -1.3042 -0.0377963 2.1815 2.21408 0.188981
-1.2987 -1.30426 0 2.18121 2.21387 0.142463
-1.29872 -1.30429 -0.0610556 2.18091 2.21364 0.142463
-1.29873 -1.30435 0 2.18062 2.21338 0.142463
-1.29874 -1.30435 0 2.18033 2.21315 0.133741
-1.29876 -1.30435 0 2.18004 2.21297 0.110481
-1.29877 -1.30438 0 2.17974 2.21283 0.110481
-1.29878 -1.30438 -0.00581481 2.17945 2.21265 0.0785
-1.2988 -1.30438 0 2.17916 2.21251 0.0610556
-1.29881 -1.30438 0 2.17887 2.21242 0.0465185
-1.29882 -1.30438 0 2.17857 2.2123 0.0785
-1.29883 -1.30438 0 2.17828 2.21219 0.0697778
-1.29885 -1.30438 0 2.17799 2.2121 0.0552407
-1.29886 -1.30438 0 2.17769 2.21201 0.0552407
-1.29887 -1.30438 0 2.1774 2.21193 0.0465185
-1.29889 -1.30438 0 2.1771 2.21184 0.0232593
-1.29891 -1.30438 0 2.17681 2.21175 0.0377963
-1.29894 -1.30438 0 2.17651 2.21166 0.0785
-1.29896 -1.30438 0 2.17621 2.21155 0.0872222
-1.29898 -1.30438 0 2.17591 2.21146 0.0610556
-1.29901 -1.30438 0 2.17561 2.21134 0.0872222
-1.29903 -1.30438 0 2.17531 2.21126 0.0465185
-1.29905 -1.30438 0 2.17501 2.21114 0.0552407
-1.29908 -1.30438 0 2.17471 2.21102 0.0785
-1.2991 -1.30438 0 2.17441 2.21088 0.0610556
-1.29912 -1.30438 0 2.17412 2.21073 0.0552407
-1.29914 -1.30438 0 2.17382 2.21062 0.0697778
-1.29917 -1.30438 0 2.17352 2.21047 0.0872222
-1.29919 -1.30438 0 2.17322 2.21033 0.0610556
-1.29921 -1.30438 0 2.17292 2.21018 0.0872222
-1.29923 -1.30438 0 2.17262 2.21004 0.0872222
-1.29926 -1.30438 0 2.17232 2.20986 0.0785
-1.29928 -1.30438 0 2.17202 2.20972 0.093037
-1.2993 -1.30438 0 2.17172 2.20954 0.101759
-1.29932 -1.30441 0 2.17142 2.20937 0.0785
-1.29934 -1.30441 0 2.17112 2.20919 0.0785
-1.29936 -1.30441 0 2.17082 2.20899 0.093037
-1.29939 -1.30441 0 2.17052 2.20882 0.0872222
-1.29941 -1.30441 0 2.17022 2.20864 0.110481
-1.29943 -1.30441 0 2.16992 2.20844 0.093037
-1.29945 -1.30441 0 2.16962 2.20823 0.110481
-1.29947 -1.30441 0 2.16933 2.208 0.125019
-1.29949 -1.30444 -0.0610556 2.16903 2.2078 0.119204
-1.29951 -1.30444 0 2.16873 2.20754 0.133741
-1.29953 -1.30444 0 2.16843 2.20727 0.142463
-1.29955 -1.30444 0 2.16813 2.20701 0.165722
-1.29957 -1.30447 0 2.16783 2.20675 0.157
-1.29959 -1.3045 0 2.16753 2.20652 0.142463
-1.29961 -1.30452 -0.0290741 2.16723 2.20626 0.157
-1.29964 -1.30455 0 2.16693 2.20594 0.183167
-1.29966 -1.30458 0 2.16663 2.20568 0.174444
-1.29968 -1.30458 0 2.16633 2.20536 0.174444
-1.2997 -1.30464 0 2.16603 2.20509 0.174444
-1.29971 -1.3047 -0.0377963 2.16573 2.20483 0.183167
-1.29973 -1.30476 -0.0610556 2.16543 2.20448 0.197704
-1.29975 -1.30481 -0.0552407 2.16513 2.20422 0.174444
-1.29977 -1.30484 0 2.16483 2.2039 0.188981
-1.29979 -1.30487 0 2.16453 2.20358 0.188981
-1.29981 -1.30493 -0.0290741 2.16423 2.20329 0.206426
-1.29983 -1.30502 -0.014537 2.16393 2.20297 0.215148
-1.29985 -1.30508 -0.0697778 2.16363 2.20265 0.220963
-1.29987 -1.30519 -0.0465185 2.16333 2.20233 0.229685
-1.29989 -1.30525 -0.0697778 2.16302 2.20195 0.252944
-1.29991 -1.30528 -0.0552407 2.16272 2.20149 0.270389
-1.29993 -1.30534 0 2.16242 2.20102 0.293648
-1.29994 -1.3054 -0.0465185 2.16212 2.20053 0.30237
-1.29996 -1.30548 -0.0552407 2.16182 2.19998 0.343074
-1.29998 -1.30557 -0.0697778 2.16152 2.1994 0.334352
-1.3 -1.30566 -0.0465185 2.16122 2.19884 0.366333
-1.30002 -1.30572 -0.0697778 2.16092 2.19826 0.375056
-1.30004 -1.3058 -0.0697778 2.16062 2.19771 0.375056
-1.30005 -1.30586 -0.0552407 2.16032 2.19695 0.357611
-1.30007 -1.30595 -0.0552407 2.16002 2.1964 0.375056
-1.30009 -1.30601 -0.0377963 2.15972 2.19582 0.375056
-1.30011 -1.30612 -0.0697778 2.15942 2.19521 0.366333
-1.30013 -1.30624 -0.0785 2.15912 2.19466 0.375056
-1.30014 -1.30633 -0.0290741 2.15882 2.19405 0.375056
-1.30016 -1.30638 -0.0465185 2.15852 2.19346 0.348889
-1.30018 -1.30647 -0.0610556 2.15821 2.19291 0.343074
-1.30019 -1.30659 -0.0697778 2.15791 2.1925 0.334352
-1.30021 -1.30668 -0.0610556 2.15761 2.19213 0.293648
-1.30023 -1.30679 -0.0697778 2.15731 2.19184 0.270389
-1.30025 -1.30685 -0.0465185 2.15701 2.19149 0.238407
-1.30026 -1.30691 -0.00581481 2.15671 2.19117 0.238407
-1.30028 -1.30697 -0.0552407 2.15641 2.19091 0.206426
-1.3003 -1.30708 -0.0465185 2.15611 2.1907 0.197704
-1.30031 -1.30717 -0.0465185 2.15581 2.19053 0.157
-1.30033 -1.30726 -0.014537 2.1555 2.19035 0.157
-1.30034 -1.30734 -0.0552407 2.1552 2.19015 0.151185
-1.30036 -1.30743 -0.0552407 2.1549 2.19 0.151185
-1.30038 -1.30749 -0.0552407 2.1546 2.18989 0.110481
-1.30039 -1.30752 0 2.1543 2.18974 0.110481
-1.30041 -1.30752 0 2.154 2.18954 0.110481
-1.30043 -1.30755 0 2.15369 2.18942 0.110481
-1.30045 -1.30761 -0.0552407 2.15339 2.18931 0.119204
-1.30047 -1.30764 0 2.15308 2.18916 0.093037
-1.30049 -1.30766 -0.0377963 2.15278 2.18902 0.0872222
-1.30051 -1.30766 0 2.15248 2.18887 0.093037
-1.30053 -1.30766 0 2.15217 2.18872 0.101759
-1.30055 -1.30766 0 2.15187 2.18861 0.0872222
-1.30057 -1.30766 0 2.15156 2.18849 0.0785
-1.30059 -1.30766 0 2.15126 2.18838 0.0465185
-1.30061 -1.30766 0 2.15095 2.18829 0.0610556
-1.30063 -1.30766 0 2.15065 2.1882 0.0465185
-1.30065 -1.30766 0 2.15035 2.18814 0.014537
-1.30067 -1.30766 0 2.15004 2.18809 0
-1.30069 -1.30766 0 2.14974 2.18806 0.0465185
-1.30071 -1.30766 0 2.14943 2.188 0
-1.30073 -1.30766 0 2.14913 2.18794 0.0610556
-1.30075 -1.30766 0 2.14882 2.18791 0.00581481
-1.30076 -1.30766 0 2.14852 2.18788 0
-1.30078 -1.30766 0 2.14822 2.18785 0.0377963
-1.3008 -1.30766 0 2.14791 2.18777 0.0610556
-1.30082 -1.30766 0 2.14761 2.18771 0.0552407
-1.30084 -1.30766 0 2.1473 2.18765 0.0697778
-1.30086 -1.30766 0 2.147 2.18756 0.014537
-1.30087 -1.30766 0 2.14669 2.18745 0.0697778
-1.30089 -1.30766 0 2.14639 2.18736 0.0377963
-1.30091 -1.30766 0 2.14608 2.18724 0.0785
-1.30093 -1.30766 0 2.14578 2.1871 0.0872222
-1.30094 -1.30766 0 2.14547 2.18695 0.0872222
-1.30096 -1.30766 0 2.14517 2.18678 0.101759
-1.30098 -1.30766 0 2.14486 2.1866 0.093037
-1.301 -1.30766 0 2.14456 2.1864 0.093037
-1.30101 -1.30766 0 2.14425 2.1862 0.119204
-1.30103 -1.30766 0 2.14395 2.18599 0.125019
-1.30105 -1.30766 0 2.14364 2.18579 0.119204
-1.30106 -1.30766 0 2.14334 2.18553 0.125019
-1.30108 -1.30766 0 2.14303 2.18529 0.133741
-1.3011 -1.30766 0 2.14273 2.18506 0.125019
-1.30111 -1.30766 0 2.14242 2.18474 0.157
-1.30113 -1.30766 0 2.14212 2.18448 0.142463
-1.30115 -1.30772 0 2.14181 2.18428 0.151185
-1.30116 -1.30772 0 2.14151 2.18399 0.174444
-1.30118 -1.30772 0 2.1412 2.1837 0.174444
-1.3012 -1.30775 -0.0552407 2.1409 2.1834 0.183167
-1.30121 -1.30775 0 2.14059 2.18308 0.183167
-1.30123 -1.30778 -0.0232593 2.14029 2.18279 0.174444
-1.30124 -1.30778 0 2.13998 2.18242 0.183167
-1.30126 -1.30781 0 2.13967 2.18207 0.197704
-1.30127 -1.30784 0 2.13937 2.18175 0.215148
-1.30129 -1.3079 -0.00581481 2.13906 2.18143 0.206426
-1.3013 -1.30795 -0.0552407 2.13876 2.18108 0.238407
-1.30132 -1.30801 -0.0552407 2.13845 2.1807 0.229685
-1.30134 -1.30807 0 2.13815 2.18035 0.229685
-1.30135 -1.3081 0 2.13784 2.17986 0.229685
-1.30137 -1.30813 -0.0610556 2.13753 2.17933 0.252944
-1.30138 -1.30825 -0.0465185 2.13723 2.17896 0.284926
-1.30139 -1.3083 -0.0552407 2.13692 2.17835 0.311093
-1.30141 -1.30836 -0.0552407 2.13662 2.17782 0.32563
-1.30142 -1.30842 -0.0610556 2.13631 2.17727 0.334352
-1.30144 -1.30851 -0.0465185 2.136 2.1766 0.375056
-1.30145 -1.30857 -0.0610556 2.1357 2.17599 0.375056
-1.30147 -1.30862 0 2.13539 2.17529 0.407037
-1.30148 -1.30871 -0.0552407 2.13509 2.17462 0.412852
-1.30149 -1.30877 -0.0610556 2.13478 2.17396 0.439019
-1.30151 -1.30889 -0.0552407 2.13447 2.17329 0.412852
-1.30152 -1.30897 -0.0552407 2.13417 2.17271 0.407037
-1.30154 -1.30906 -0.0552407 2.13386 2.17215 0.348889
-1.30155 -1.30912 -0.0610556 2.13356 2.1716 0.357611
-1.30156 -1.30921 -0.014537 2.13325 2.17114 0.316907
-1.30158 -1.30929 -0.0697778 2.13294 2.17067 0.311093
-1.30159 -1.30941 -0.0785 2.13264 2.17029 0.279111
-1.3016 -1.3095 -0.0465185 2.13233 2.16986 0.284926
-1.30162 -1.30955 0 2.13202 2.16945 0.293648
-1.30164 -1.30961 0 2.13171 2.16898 0.270389
-1.30166 -1.30973 -0.0697778 2.1314 2.16863 0.238407
-1.30167 -1.30987 -0.0785 2.13109 2.16834 0.252944
-1.30169 -1.30999 -0.0697778 2.13079 2.16808 0.215148
-1.30171 -1.31002 0 2.13048 2.16773 0.206426
-1.30172 -1.31005 0 2.13017 2.16741 0.197704
-1.30174 -1.31008 0 2.12986 2.16715 0.188981
-1.30176 -1.31016 -0.0465185 2.12955 2.16695 0.142463
-1.30177 -1.31025 -0.0610556 2.12924 2.16674 0.157
-1.30179 -1.31031 -0.0290741 2.12893 2.16657 0.151185
-1.3018 -1.31034 0 2.12862 2.16634 0.142463
-1.30182 -1.31034 0 2.12831 2.16611 0.125019
-1.30184 -1.31034 0 2.128 2.16587 0.125019
-1.30185 -1.3104 -0.014537 2.12769 2.16576 0.119204
-1.30187 -1.31043 0 2.12738 2.16558 0.119204
-1.30188 -1.31043 0 2.12707 2.16541 0.101759
-1.3019 -1.31043 0 2.12677 2.1652 0.101759
-1.30191 -1.31043 0 2.12646 2.165 0.101759
-1.30193 -1.31043 0 2.12615 2.16483 0.110481
-1.30194 -1.31043 0 2.12584 2.16462 0.110481
-1.30196 -1.31043 0 2.12553 2.16445 0.0872222
-1.30197 -1.31043 0 2.12522 2.16427 0.093037
-1.30199 -1.31043 0 2.12491 2.16407 0.110481
-1.302 -1.31043 0 2.1246 2.1639 0.0872222
-1.30202 -1.31043 0 2.12429 2.16375 0.093037
-1.30203 -1.31043 0 2.12398 2.16358 0.093037
-1.30205 -1.31043 0 2.12367 2.1634 0.110481
-1.30206 -1.31043 0 2.12336 2.16326 0.093037
-1.30208 -1.31043 0 2.12305 2.16308 0.0785
-1.30209 -1.31043 0 2.12274 2.16288 0.101759
-1.3021 -1.31043 0 2.12243 2.1627 0.101759
-1.30212 -1.31043 0 2.12212 2.16253 0.110481
-1.30213 -1.31043 0 2.12181 2.16235 0.101759
-1.30215 -1.31043 0 2.1215 2.16218 0.119204
-1.30216 -1.31043 0 2.12119 2.16201 0.125019
-1.30217 -1.31043 0 2.12088 2.1618 0.119204
-1.30219 -1.31043 0 2.12057 2.16157 0.125019
-1.3022 -1.31043 0 2.12026 2.16134 0.133741
-1.30221 -1.31043 0 2.11995 2.16113 0.142463
-1.30223 -1.31043 0 2.11964 2.16087 0.151185
-1.30224 -1.31043 0 2.11933 2.16058 0.165722
-1.30225 -1.31043 0 2.11902 2.16032 0.142463
-1.30227 -1.31043 0 2.11871 2.16003 0.165722
-1.30228 -1.31043 0 2.1184 2.15971 0.174444
-1.30229 -1.31043 0 2.11808 2.1593 0.183167
-1.3023 -1.31043 0 2.11777 2.15895 0.206426
-1.30232 -1.31043 0 2.11746 2.15863 0.206426
-1.30233 -1.31043 0 2.11715 2.15831 0.215148
-1.30234 -1.31043 0 2.11684 2.15785 0.220963
-1.30235 -1.31043 0 2.11653 2.15747 0.215148
-1.30236 -1.31043 0 2.11622 2.15706 0.220963
-1.30238 -1.31043 0 2.11591 2.15666 0.220963
-1.30239 -1.31043 0 2.1156 2.15628 0.220963
-1.3024 -1.31046 -0.0377963 2.11529 2.15587 0.238407
-1.30241 -1.31048 -0.0290741 2.11498 2.15546 0.252944
-1.30242 -1.31051 0 2.11467 2.15503 0.252944
-1.30243 -1.31051 0 2.11436 2.15456 0.261667
-1.30245 -1.31051 0 2.11404 2.15404 0.284926
-1.30246 -1.31057 0 2.11373 2.15357 0.311093
-1.30247 -1.3106 0 2.11342 2.15299 0.316907
-1.30248 -1.31069 -0.0232593 2.11311 2.15247 0.343074
-1.30249 -1.31072 -0.0465185 2.1128 2.15186 0.366333
-1.3025 -1.31075 0 2.11249 2.15122 0.357611
-1.30251 -1.3108 0 2.11218 2.15061 0.38087
-1.30252 -1.31083 0 2.11187 2.14997 0.389593
-1.30253 -1.31092 -0.0610556 2.11155 2.14939 0.398315
-1.30254 -1.31101 -0.0785 2.11124 2.14878 0.389593
-1.30255 -1.31107 0 2.11093 2.1482 0.375056
-1.30256 -1.31107 0 2.11062 2.14753 0.375056
-1.30257 -1.31112 -0.00581481 2.11031 2.14689 0.366333
-1.30258 -1.31121 -0.0552407 2.11 2.14636 0.343074
-1.30259 -1.31136 -0.0872222 2.10969 2.14593 0.316907
-1.3026 -1.31141 -0.0377963 2.10937 2.14538 0.316907
-1.30261 -1.31144 -0.00581481 2.10906 2.14488 0.284926
-1.30262 -1.3115 -0.0465185 2.10875 2.14436 0.293648
-1.30263 -1.31156 -0.0697778 2.10844 2.14392 0.270389
-1.30264 -1.31168 -0.0552407 2.10813 2.1436 0.229685
-1.30265 -1.31171 -0.0290741 2.10782 2.14319 0.238407
-1.30266 -1.31173 0 2.1075 2.14279 0.229685
-1.30267 -1.31176 0 2.10719 2.14244 0.206426
-1.30268 -1.31182 -0.0465185 2.10688 2.14209 0.220963
-1.30269 -1.31194 -0.0785 2.10657 2.14189 0.183167
-1.3027 -1.312 0 2.10626 2.14165 0.183167
-1.30271 -1.312 0 2.10594 2.14139 0.151185
-1.30273 -1.312 0 2.10562 2.14116 0.125019
-1.30275 -1.312 0 2.1053 2.14093 0.125019
-1.30277 -1.312 0 2.10498 2.14075 0.0872222
-1.30279 -1.31203 -0.0552407 2.10466 2.14061 0.101759
-1.30281 -1.31203 0 2.10435 2.14043 0.0872222
-1.30283 -1.31203 0 2.10403 2.14026 0.0697778
-1.30284 -1.31203 0 2.10371 2.14011 0.093037
-1.30286 -1.31203 0 2.10339 2.14 0.0697778
-1.30288 -1.31203 0 2.10307 2.13988 0.0697778
-1.3029 -1.31203 0 2.10275 2.13976 0.0552407
-1.30292 -1.31203 0 2.10243 2.13968 0.0552407
-1.30294 -1.312 0 2.10211 2.13959 0.0552407
-1.30295 -1.312 0 2.10179 2.13953 0.0232593
-1.30297 -1.312 0 2.10148 2.13947 0.014537
-1.30299 -1.312 0 2.10116 2.13942 0.014537
-1.30301 -1.312 0 2.10084 2.13939 0.0552407
-1.30302 -1.312 0 2.10052 2.13933 0.0552407
-1.30304 -1.312 0 2.1002 2.1393 0
-1.30306 -1.312 0 2.09988 2.13924 0
-1.30308 -1.312 0 2.09956 2.13918 0.0377963
-1.30309 -1.312 0 2.09924 2.13915 0
-1.30311 -1.312 0 2.09892 2.1391 0.0610556
-1.30313 -1.312 0 2.0986 2.13901 0.0465185
-1.30314 -1.312 0 2.09828 2.13895 0.0552407
-1.30316 -1.312 0 2.09796 2.13886 0.014537
-1.30318 -1.312 0 2.09764 2.13878 0.0697778
-1.30319 -1.312 0 2.09732 2.13869 0.0610556
-1.30321 -1.312 0 2.097 2.1386 0.0697778
-1.30322 -1.312 0 2.09668 2.13848 0.0552407
-1.30324 -1.312 0 2.09636 2.13837 0.0785
-1.30326 -1.312 0 2.09604 2.13825 0.0552407
-1.30327 -1.312 0 2.09572 2.13808 0.093037
-1.30329 -1.312 0 2.0954 2.13793 0.0552407
-1.3033 -1.312 0 2.09508 2.13779 0.0872222
-1.30332 -1.312 0 2.09476 2.13764 0.0872222
-1.30333 -1.312 0 2.09444 2.13747 0.101759
-1.30335 -1.312 0 2.09412 2.13732 0.101759
-1.30337 -1.312 0 2.0938 2.13715 0.101759
-1.30338 -1.312 0 2.09348 2.13691 0.119204
-1.3034 -1.312 0 2.09316 2.13674 0.0872222
-1.30341 -1.312 0 2.09284 2.13654 0.110481
-1.30342 -1.312 0 2.09252 2.13633 0.110481
-1.30344 -1.312 0 2.0922 2.1361 0.125019
-1.30345 -1.312 0 2.09188 2.1359 0.119204
-1.30347 -1.312 0 2.09156 2.13566 0.142463
-1.30348 -1.312 0 2.09124 2.1354 0.133741
-1.3035 -1.312 0 2.09092 2.1352 0.133741
-1.30351 -1.312 0 2.0906 2.13494 0.142463
-1.30352 -1.312 0 2.09028 2.13465 0.133741
-1.30354 -1.31203 0 2.08996 2.13441 0.165722
-1.30355 -1.31203 0 2.08964 2.13415 0.157
-1.30357 -1.31203 0 2.08932 2.1338 0.165722
-1.30358 -1.31205 0 2.089 2.13351 0.165722
-1.30359 -1.31205 0 2.08868 2.13322 0.165722
-1.30361 -1.31205 0 2.08835 2.1329 0.174444
-1.30362 -1.31208 -0.0290741 2.08803 2.13261 0.197704
-1.30363 -1.31208 0 2.08771 2.13226 0.183167
-1.30365 -1.31208 0 2.08739 2.13191 0.215148
-1.30366 -1.31211 0 2.08707 2.13159 0.215148
-1.30367 -1.31211 -0.0552407 2.08675 2.13122 0.252944
-1.30368 -1.31214 0 2.08643 2.13081 0.238407
-1.3037 -1.31214 0 2.08611 2.1304 0.261667
-1.30371 -1.31214 0 2.08579 2.12988 0.279111
-1.30372 -1.31217 0 2.08546 2.12941 0.293648
-1.30373 -1.3122 0 2.08514 2.12895 0.316907
-1.30375 -1.31223 0 2.08482 2.12845 0.334352
-1.30376 -1.31229 0 2.0845 2.12796 0.32563
-1.30377 -1.31232 0 2.08418 2.12735 0.343074
-1.30378 -1.31235 -0.0552407 2.08386 2.12683 0.366333
-1.30379 -1.3124 0 2.08354 2.12627 0.348889
-1.30381 -1.31243 0 2.08321 2.12552 0.366333
-1.30382 -1.31246 -0.0552407 2.08289 2.12499 0.343074
-1.30383 -1.31252 -0.0697778 2.08257 2.1245 0.343074
-1.30384 -1.31261 -0.00581481 2.08225 2.12404 0.311093
-1.30385 -1.31264 -0.0377963 2.08193 2.12348 0.284926
-1.30386 -1.31266 0 2.08161 2.12308 0.279111
-1.30387 -1.31269 -0.00581481 2.08128 2.12258 0.252944
-1.30388 -1.31281 -0.0232593 2.08096 2.12229 0.238407
-1.3039 -1.31287 -0.0290741 2.08064 2.122 0.220963
-1.30393 -1.31296 -0.0377963 2.08031 2.12165 0.220963
-1.30395 -1.31301 -0.0377963 2.07998 2.12136 0.206426
-1.30397 -1.31304 0 2.07965 2.12095 0.188981
-1.30399 -1.31307 -0.0290741 2.07932 2.12066 0.174444
-1.30402 -1.31307 0 2.07899 2.12031 0.188981
-1.30404 -1.31313 0 2.07866 2.12005 0.188981
-1.30406 -1.31316 0 2.07832 2.11976 0.183167
-1.30408 -1.31319 0 2.07799 2.11947 0.183167
-1.3041 -1.31325 0 2.07766 2.11924 0.165722
-1.30412 -1.31325 0 2.07733 2.11895 0.174444
-1.30415 -1.31328 0 2.077 2.11869 0.165722
-1.30417 -1.31328 0 2.07667 2.11842 0.142463
-1.30419 -1.31328 0 2.07634 2.11816 0.125019
-1.30421 -1.31328 0 2.07601 2.11793 0.119204
-1.30423 -1.31328 0 2.07568 2.11773 0.119204
-1.30425 -1.31328 0 2.07535 2.11752 0.119204
-1.30427 -1.31328 0 2.07502 2.11729 0.119204
-1.30429 -1.31328 0 2.07469 2.11712 0.101759
-1.30431 -1.31328 0 2.07436 2.11691 0.110481
-1.30434 -1.31328 0 2.07403 2.11674 0.110481
-1.30436 -1.31328 0 2.0737 2.11648 0.110481
-1.30438 -1.31328 0 2.07337 2.11627 0.119204
-1.3044 -1.31328 0 2.07304 2.11607 0.119204
-1.30442 -1.31328 0 2.0727 2.11581 0.142463
-1.30444 -1.31328 0 2.07237 2.11557 0.133741
-1.30446 -1.31328 0 2.07204 2.11531 0.157
-1.30448 -1.31328 0 2.07171 2.11502 0.151185
-1.3045 -1.31328 0 2.07138 2.11479 0.151185
-1.30451 -1.31328 0 2.07105 2.1145 0.157
-1.30453 -1.31328 0 2.07072 2.11418 0.142463
-1.30455 -1.31328 0 2.07039 2.11389 0.174444
-1.30457 -1.31328 0 2.07006 2.1136 0.165722
-1.30459 -1.31328 0 2.06972 2.11325 0.165722
-1.30461 -1.31328 0 2.06939 2.11296 0.174444
-1.30463 -1.31328 0 2.06906 2.11267 0.157
-1.30465 -1.31328 0 2.06873 2.11238 0.183167
-1.30467 -1.31328 0 2.0684 2.11209 0.165722
-1.30468 -1.31328 0 2.06807 2.11179 0.165722
-1.3047 -1.31328 0 2.06773 2.11148 0.174444
-1.30472 -1.31328 0 2.0674 2.11118 0.188981
-1.30474 -1.31328 0 2.06707 2.11078 0.183167
-1.30476 -1.31328 0 2.06674 2.11043 0.197704
-1.30477 -1.31328 0 2.06641 2.11008 0.197704
-1.30479 -1.31328 0 2.06607 2.10967 0.220963
-1.30481 -1.31328 0 2.06574 2.10932 0.220963
-1.30483 -1.31328 0 2.06541 2.10892 0.220963
-1.30485 -1.31328 0 2.06508 2.10851 0.215148
-1.30486 -1.31328 0 2.06475 2.10813 0.197704
-1.30488 -1.31328 0 2.06441 2.10772 0.220963
-1.3049 -1.31328 0 2.06408 2.10735 0.215148
-1.30491 -1.31328 0 2.06375 2.10694 0.215148
-1.30493 -1.31328 0 2.06342 2.1065 0.238407
-1.30495 -1.31328 0 2.06308 2.1061 0.220963
-1.30496 -1.31328 0 2.06275 2.10563 0.252944
-1.30498 -1.3133 -0.0552407 2.06242 2.1052 0.270389
-1.305 -1.3133 0 2.06209 2.10473 0.284926
-1.30501 -1.3133 0 2.06175 2.10418 0.284926
-1.30503 -1.3133 0 2.06142 2.10363 0.293648
-1.30504 -1.3133 0 2.06109 2.10304 0.32563
-1.30506 -1.31333 0 2.06076 2.10243 0.32563
-1.30508 -1.31333 0 2.06042 2.10174 0.375056
-1.30509 -1.31339 -0.014537 2.06009 2.10112 0.389593
-1.30511 -1.31342 0 2.05976 2.10043 0.357611
-1.30512 -1.31345 0 2.05942 2.09973 0.389593
-1.30514 -1.31345 0 2.05909 2.09897 0.38087
-1.30515 -1.31348 -0.0552407 2.05876 2.09828 0.32563
-1.30517 -1.31351 -0.00581481 2.05842 2.09769 0.343074
-1.30519 -1.31357 -0.014537 2.05809 2.09717 0.334352
-1.30522 -1.3136 0 2.05774 2.09656 0.32563
-1.30525 -1.31362 0 2.0574 2.09607 0.316907
-1.30528 -1.31365 -0.0610556 2.05705 2.09557 0.30237
-1.30532 -1.31371 0 2.05671 2.09514 0.261667
-1.30535 -1.31374 -0.0552407 2.05636 2.0947 0.279111
-1.30538 -1.31377 0 2.05601 2.09429 0.252944
-1.30541 -1.3138 0 2.05567 2.09386 0.252944
-1.30544 -1.3138 -0.00581481 2.05532 2.09345 0.238407
-1.30547 -1.31383 -0.0377963 2.05498 2.09307 0.197704
-1.30551 -1.31392 0 2.05463 2.09281 0.188981
-1.30554 -1.31392 0 2.05429 2.09249 0.183167
-1.30557 -1.31394 0 2.05394 2.09223 0.174444
-1.3056 -1.31394 0 2.05359 2.09197 0.142463
-1.30563 -1.31397 0 2.05325 2.09176 0.125019
-1.30566 -1.31397 0 2.0529 2.09159 0.0872222
-1.30569 -1.314 0 2.05255 2.09144 0.0872222
-1.30572 -1.314 0 2.05221 2.09127 0.101759
-1.30575 -1.314 0 2.05186 2.09112 0.0872222
-1.30578 -1.314 0 2.05151 2.09098 0.0552407
-1.30581 -1.314 0 2.05117 2.09083 0.093037
-1.30584 -1.314 0 2.05082 2.09069 0.0465185
-1.30587 -1.314 0 2.05047 2.09057 0.0872222
-1.3059 -1.314 0 2.05013 2.09043 0.0872222
-1.30593 -1.314 0 2.04978 2.09028 0.0785
-1.30596 -1.314 0 2.04943 2.09013 0.0610556
-1.30599 -1.314 0 2.04909 2.08999 0.0610556
-1.30602 -1.31397 0 2.04874 2.08981 0.0552407
-1.30604 -1.31397 0 2.04839 2.08973 0.0610556
-1.30607 -1.31397 0 2.04805 2.08961 0.0785
-1.3061 -1.31397 0 2.0477 2.08947 0.0785
-1.30613 -1.31397 0 2.04735 2.08935 0.0697778
-1.30616 -1.31397 0 2.047 2.08926 0.0785
-1.30619 -1.31397 0 2.04666 2.08915 0.0377963
-1.30621 -1.31397 0 2.04631 2.08903 0.0785
-1.30624 -1.31397 0 2.04596 2.08891 0.0552407
-1.30627 -1.31397 0 2.04561 2.0888 0.0610556
-1.3063 -1.31397 0 2.04527 2.08865 0.0697778
-1.30633 -1.31397 0 2.04492 2.08848 0.0697778
-1.30635 -1.31397 0 2.04457 2.08833 0.0785
-1.30638 -1.31397 0 2.04422 2.08813 0.119204
-1.30641 -1.31397 0 2.04388 2.08793 0.093037
-1.30643 -1.31397 0 2.04353 2.08766 0.119204
-1.30646 -1.31397 0 2.04318 2.08743 0.151185
-1.30649 -1.31397 0 2.04283 2.0872 0.133741
-1.30651 -1.31397 0 2.04248 2.08691 0.165722
-1.30654 -1.31397 0 2.04214 2.08665 0.174444
-1.30657 -1.31397 0 2.04179 2.08624 0.197704
-1.30659 -1.31397 0 2.04144 2.08592 0.197704
-1.30662 -1.31397 0 2.04109 2.08557 0.183167
-1.30665 -1.31397 0 2.04074 2.08522 0.206426
-1.30667 -1.31397 0 2.04039 2.08487 0.220963
-1.3067 -1.31397 0 2.04005 2.08452 0.215148
-1.30672 -1.31397 0 2.0397 2.08417 0.215148
-1.30674 -1.314 -0.0552407 2.03935 2.08377 0.206426
-1.30676 -1.314 0 2.03901 2.08339 0.206426
-1.30678 -1.314 0 2.03867 2.08307 0.206426
-1.30679 -1.314 0 2.03832 2.08272 0.229685
-1.30681 -1.314 0 2.03798 2.08234 0.206426
-1.30683 -1.31406 0 2.03764 2.08202 0.197704
-1.30685 -1.31406 -0.0290741 2.03729 2.08167 0.206426
-1.30686 -1.31409 0 2.03695 2.08135 0.206426
-1.30688 -1.31409 0 2.03661 2.08098 0.229685
-1.3069 -1.31412 0 2.03626 2.0806 0.238407
-1.30692 -1.31412 0 2.03592 2.08019 0.252944
-1.30693 -1.31418 -0.0552407 2.03557 2.07981 0.279111
-1.30695 -1.31421 0 2.03523 2.07935 0.279111
-1.30697 -1.31423 -0.0465185 2.03489 2.07888 0.284926
-1.30698 -1.31423 0 2.03454 2.07839 0.30237
-1.307 -1.31426 0 2.0342 2.07787 0.311093
-1.30702 -1.31429 0 2.03385 2.07734 0.316907
-1.30703 -1.31432 -0.00581481 2.03351 2.07679 0.334352
-1.30705 -1.31438 0 2.03316 2.07627 0.343074
-1.30706 -1.31444 -0.0465185 2.03282 2.07568 0.343074
-1.30708 -1.31447 0 2.03247 2.07513 0.357611
-1.3071 -1.31453 -0.0290741 2.03213 2.07467 0.32563
-1.30711 -1.31455 0 2.03179 2.07417 0.316907
-1.30713 -1.31458 0 2.03144 2.07371 0.30237
-1.30714 -1.31461 0 2.0311 2.07327 0.261667
-1.30716 -1.31467 -0.0552407 2.03075 2.07292 0.252944
-1.30717 -1.3147 -0.0552407 2.03041 2.07249 0.215148
-1.30719 -1.31476 -0.014537 2.03006 2.07217 0.215148
-1.3072 -1.31476 0 2.02972 2.07179 0.206426
-1.30722 -1.31479 0 2.02937 2.07147 0.188981
-1.30723 -1.31485 -0.0465185 2.02903 2.07121 0.165722
-1.30725 -1.3149 0 2.02868 2.07095 0.174444
-1.30726 -1.31493 0 2.02834 2.07068 0.174444
-1.30727 -1.31493 0 2.02799 2.07036 0.174444
-1.30729 -1.31493 0 2.02764 2.07007 0.174444
-1.3073 -1.31496 0 2.0273 2.06981 0.165722
-1.30732 -1.31499 -0.0552407 2.02695 2.06955 0.174444
-1.30733 -1.31499 0 2.02661 2.06926 0.157
-1.30734 -1.31499 0 2.02626 2.06894 0.174444
-1.30736 -1.31499 0 2.02592 2.06868 0.151185
-1.30737 -1.31499 0 2.02557 2.06842 0.165722
-1.30738 -1.31499 0 2.02523 2.06813 0.151185
-1.30747 -1.31499 0 2.02483 2.06786 0.151185
-1.30758 -1.31499 0 2.02441 2.06763 0.119204
-1.30769 -1.31499 0 2.02399 2.06743 0.133741
-1.3078 -1.31499 0 2.02357 2.0672 0.110481
-1.3079 -1.31499 0 2.02315 2.06702 0.110481
-1.30801 -1.31499 0 2.02273 2.06682 0.119204
-1.30812 -1.31499 0 2.02231 2.06664 0.101759
-1.30823 -1.31499 0 2.02189 2.06647 0.101759
-1.30834 -1.31499 0 2.02147 2.06632 0.0785
-1.30844 -1.31499 0 2.02105 2.06606 0.119204
-1.30855 -1.31499 0 2.02063 2.06589 0.101759
-1.30866 -1.31499 0 2.02021 2.06568 0.110481
-1.30876 -1.31499 0 2.01979 2.06548 0.119204
-1.30887 -1.31499 0 2.01937 2.06525 0.125019
-1.30897 -1.31499 0 2.01895 2.06504 0.133741
-1.30908 -1.31499 0 2.01852 2.06478 0.133741
-1.30918 -1.31499 0 2.0181 2.06452 0.142463
