angle_1_e angle_1_t d_theta_1_t angle_2_e angle_2_t d_theta_2_t
-0.88669 -0.895685 0 2.28316 2.25975 0
-0.88637 -0.895685 0 2.28308 2.25975 0
-0.88605 -0.895685 0 2.283 2.25975 0
-0.88573 -0.895685 0 2.28292 2.25975 0
-0.88541 -0.895685 0 2.28283 2.25975 0
-0.88509 -0.895685 0 2.28275 2.25975 0
-0.88477 -0.895685 0 2.28267 2.25975 0
-0.88445 -0.895685 0 2.28259 2.25978 0
-0.88413 -0.895685 0 2.28251 2.25978 0
-0.88381 -0.895655 0 2.28242 2.25978 -0.0377963
-0.88349 -0.895655 0 2.28234 2.25984 -0.0377963
-0.88317 -0.895568 0.0232593 2.28226 2.25981 -0.014537
-0.88285 -0.895539 0 2.28218 2.25981 -0.0290741
-0.88253 -0.89551 0.0552407 2.28209 2.25984 -0.014537
-0.88221 -0.895452 0.00581481 2.28201 2.25981 0
-0.88189 -0.895423 0 2.28193 2.25981 0
-0.88157 -0.895394 0 2.28184 2.25981 -0.0290741
-0.88125 -0.895336 0.0552407 2.28176 2.25975 0
-0.88093 -0.895248 0.0232593 2.28168 2.25969 -0.00581481
-0.88061 -0.89519 0.0610556 2.28159 2.25967 0
-0.88029 -0.895132 0 2.28151 2.25964 0
-0.87997 -0.895074 0.0610556 2.28143 2.25961 -0.00581481
-0.87966 -0.895016 0.0232593 2.28134 2.25955 0
-0.87934 -0.894958 0.0465185 2.28126 2.25952 0
-0.87902 -0.8949 0.00581481 2.28118 2.25949 -0.0377963
-0.8787 -0.894812 0.0610556 2.28109 2.25943 0
-0.87838 -0.894725 0.0377963 2.28101 2.25937 0
-0.87806 -0.894638 0.0785 2.28093 2.25932 0
-0.87774 -0.894551 0.0552407 2.28084 2.25923 0
-0.87742 -0.894492 0.0465185 2.28076 2.25923 -0.0377963
-0.8771 -0.894434 0.0377963 2.28067 2.2592 0
-0.87678 -0.894347 0.0465185 2.28059 2.25917 0
-0.87646 -0.89426 0.0610556 2.2805 2.25914 -0.0377963
-0.87615 -0.894202 0.0377963 2.28043 2.25914 -0.0552407
-0.87584 -0.894085 0.0232593 2.2804 2.25908 -0.00581481
-0.87553 -0.893969 0.0552407 2.28037 2.25903 0
-0.87522 -0.893882 0.0377963 2.28033 2.259 -0.0377963
-0.87491 -0.893795 0.0377963 2.2803 2.259 -0.0465185
-0.8746 -0.893707 0.014537 2.28027 2.25897 -0.0552407
-0.87429 -0.89362 0.0465185 2.28023 2.25897 -0.0377963
-0.87398 -0.893533 0.0610556 2.2802 2.25894 -0.0377963
-0.87367 -0.893446 0.0697778 2.28017 2.25894 -0.0377963
-0.87336 -0.89333 0.0377963 2.28014 2.25891 -0.0610556
-0.87305 -0.893271 0.014537 2.2801 2.25894 -0.0610556
-0.87274 -0.893242 0.0552407 2.28007 2.25903 -0.0465185
-0.87243 -0.893126 0.0610556 2.28003 2.259 -0.0465185
-0.87212 -0.89301 0.093037 2.28 2.259 -0.0610556
-0.87181 -0.892922 0.0785 2.27997 2.259 -0.0785
-0.8715 -0.892864 0.014537 2.27993 2.25903 -0.0785
-0.87119 -0.892777 0.014537 2.2799 2.25906 -0.0785
-0.87088 -0.892719 0.0465185 2.27987 2.25911 -0.0785
-0.87057 -0.892574 0.0872222 2.27983 2.25908 -0.0785
-0.87026 -0.892428 0.093037 2.2798 2.25906 -0.0872222
-0.86995 -0.892312 0.101759 2.27976 2.25903 -0.0552407
-0.86964 -0.892254 0.0232593 2.27973 2.25914 -0.0785
-0.86933 -0.892196 0 2.2797 2.2592 -0.093037
-0.86902 -0.892108 0.0610556 2.27966 2.25926 -0.0785
-0.86871 -0.891963 0.101759 2.27963 2.25926 -0.0785
-0.8684 -0.891789 0.101759 2.27959 2.25926 -0.101759
-0.86809 -0.891672 0.0697778 2.27956 2.25929 -0.110481
-0.86778 -0.891585 0.0785 2.27952 2.25935 -0.093037
-0.86747 -0.891527 0.0377963 2.27949 2.25946 -0.110481
-0.86716 -0.891411 0.0552407 2.27945 2.25955 -0.093037
-0.86685 -0.891265 0.0697778 2.27942 2.25961 -0.093037
-0.86654 -0.891062 0.101759 2.27938 2.25961 -0.0872222
-0.86623 -0.890887 0.093037 2.27935 2.25961 -0.093037
-0.86592 -0.890771 0.0697778 2.27931 2.25969 -0.101759
-0.86561 -0.890626 0.0697778 2.27928 2.25972 -0.110481
-0.8653 -0.890509 0.0610556 2.27924 2.25978 -0.101759
-0.86499 -0.890364 0.093037 2.27921 2.25984 -0.119204
-0.86468 -0.89019 0.093037 2.27917 2.25987 -0.110481
-0.86437 -0.890015 0.0697778 2.27913 2.25987 -0.110481
-0.86406 -0.88987 0.0785 2.2791 2.2599 -0.110481
-0.86375 -0.889695 0.093037 2.27906 2.25993 -0.119204
-0.86344 -0.889492 0.119204 2.27903 2.25996 -0.110481
-0.86313 -0.889288 0.125019 2.27899 2.25996 -0.142463
-0.86282 -0.889143 0.093037 2.27895 2.26001 -0.119204
-0.86251 -0.889027 0.0465185 2.27892 2.2601 -0.125019
-0.8622 -0.888881 0.0552407 2.27888 2.26022 -0.125019
-0.86189 -0.888707 0.093037 2.27885 2.26025 -0.151185
-0.86158 -0.888445 0.165722 2.27881 2.26022 -0.142463
-0.86127 -0.888183 0.151185 2.27877 2.26022 -0.151185
-0.86096 -0.88798 0.110481 2.27874 2.26025 -0.142463
-0.86065 -0.887893 0.0697778 2.2787 2.26036 -0.151185
-0.86034 -0.887776 0.0552407 2.27866 2.26048 -0.142463
-0.86003 -0.887602 0.0872222 2.27863 2.2606 -0.151185
-0.85972 -0.887311 0.151185 2.2786 2.26063 -0.165722
-0.85942 -0.886962 0.188981 2.27857 2.2606 -0.151185
-0.85911 -0.886701 0.142463 2.27854 2.26065 -0.165722
-0.8588 -0.886497 0.093037 2.27852 2.2608 -0.174444
-0.85849 -0.886323 0.0697778 2.27849 2.26097 -0.174444
-0.85818 -0.886119 0.110481 2.27846 2.26106 -0.183167
-0.85787 -0.885799 0.157 2.27843 2.26109 -0.188981
-0.85757 -0.88548 0.188981 2.27841 2.26109 -0.174444
-0.85726 -0.885189 0.183167 2.27838 2.26112 -0.188981
-0.85695 -0.884956 0.125019 2.27835 2.26118 -0.165722
-0.85664 -0.884782 0.110481 2.27832 2.26129 -0.183167
-0.85633 -0.884578 0.133741 2.27829 2.26141 -0.188981
-0.85602 -0.884317 0.133741 2.27826 2.26147 -0.183167
-0.85572 -0.884055 0.142463 2.27824 2.2615 -0.183167
-0.85541 -0.883764 0.151185 2.27821 2.26156 -0.183167
-0.8551 -0.883473 0.157 2.27818 2.26158 -0.183167
-0.85479 -0.883183 0.183167 2.27815 2.26161 -0.197704
-0.85448 -0.882921 0.157 2.27812 2.26167 -0.206426
-0.85417 -0.88263 0.157 2.27809 2.26173 -0.206426
-0.85387 -0.882427 0.125019 2.27806 2.26188 -0.206426
-0.85356 -0.882194 0.142463 2.27803 2.26196 -0.206426
-0.85325 -0.881932 0.157 2.278 2.26205 -0.188981
-0.85294 -0.881555 0.183167 2.27798 2.26208 -0.229685
-0.85263 -0.881206 0.215148 2.27795 2.26211 -0.183167
-0.85232 -0.880799 0.174444 2.27792 2.26205 -0.174444
-0.85201 -0.880537 0.165722 2.27789 2.26211 -0.188981
-0.85171 -0.880304 0.133741 2.27786 2.26222 -0.183167
-0.8514 -0.880014 0.133741 2.27783 2.26225 -0.165722
-0.85109 -0.879636 0.188981 2.2778 2.26217 -0.151185
-0.85078 -0.8792 0.220963 2.27777 2.26202 -0.165722
-0.85047 -0.87888 0.220963 2.27774 2.26193 -0.142463
-0.85016 -0.878589 0.188981 2.27771 2.26188 -0.151185
-0.84986 -0.878356 0.142463 2.27768 2.2619 -0.142463
-0.84955 -0.878066 0.133741 2.27765 2.2619 -0.133741
-0.84924 -0.877804 0.151185 2.27762 2.26188 -0.142463
-0.84893 -0.877426 0.174444 2.27759 2.26176 -0.125019
-0.84862 -0.877077 0.206426 2.27756 2.26167 -0.151185
-0.84831 -0.87667 0.238407 2.27753 2.2615 -0.125019
-0.848 -0.876321 0.151185 2.2775 2.26144 -0.151185
-0.8477 -0.876089 0.133741 2.27746 2.26147 -0.125019
-0.84739 -0.875885 0.119204 2.27743 2.2615 -0.142463
-0.84708 -0.875623 0.142463 2.2774 2.26147 -0.142463
-0.84677 -0.875304 0.165722 2.27737 2.26141 -0.133741
-0.84646 -0.874984 0.183167 2.27734 2.26135 -0.151185
-0.84615 -0.874664 0.183167 2.27731 2.26129 -0.151185
-0.84585 -0.874402 0.165722 2.27728 2.26129 -0.133741
-0.84554 -0.87417 0.110481 2.27725 2.26129 -0.142463
-0.84523 -0.873937 0.110481 2.27722 2.26132 -0.142463
-0.84492 -0.873705 0.133741 2.27718 2.26138 -0.133741
-0.84461 -0.873414 0.174444 2.27715 2.26129 -0.119204
-0.8443 -0.873094 0.188981 2.27712 2.26121 -0.142463
-0.84399 -0.872774 0.165722 2.27709 2.26109 -0.101759
-0.84369 -0.872512 0.142463 2.27706 2.26106 -0.119204
-0.84338 -0.87228 0.125019 2.27702 2.261 -0.101759
-0.84307 -0.872105 0.119204 2.27699 2.261 -0.101759
-0.84276 -0.871873 0.157 2.27696 2.26094 -0.0785
-0.84245 -0.871582 0.151185 2.27693 2.2608 -0.0697778
-0.84214 -0.871175 0.165722 2.2769 2.26057 -0.0697778
-0.84183 -0.870942 0.151185 2.27686 2.26048 -0.0872222
-0.84153 -0.870739 0.125019 2.27683 2.26042 -0.0785
-0.84122 -0.870565 0.101759 2.27683 2.26036 -0.0872222
-0.84092 -0.870332 0.125019 2.27682 2.26028 -0.0785
-0.84061 -0.870128 0.133741 2.27682 2.26022 -0.0697778
-0.84031 -0.869838 0.142463 2.27681 2.26007 -0.0785
-0.84 -0.869576 0.142463 2.27681 2.25993 -0.0610556
-0.8397 -0.869372 0.125019 2.2768 2.25987 -0.0785
-0.83939 -0.869169 0.110481 2.2768 2.25978 -0.0697778
-0.83909 -0.868995 0.119204 2.27679 2.25975 -0.0785
-0.83878 -0.868849 0.101759 2.27679 2.25972 -0.0697778
-0.83848 -0.868646 0.119204 2.27678 2.25967 -0.0872222
-0.83818 -0.868413 0.133741 2.27678 2.25958 -0.0610556
-0.83787 -0.86818 0.142463 2.27677 2.25949 -0.101759
-0.83757 -0.867977 0.119204 2.27677 2.25943 -0.101759
-0.83726 -0.867744 0.125019 2.27676 2.25937 -0.093037
-0.83696 -0.86757 0.133741 2.27676 2.25935 -0.0872222
-0.83665 -0.867337 0.101759 2.27675 2.25932 -0.093037
-0.83635 -0.867163 0.093037 2.27675 2.25935 -0.093037
-0.83604 -0.866959 0.119204 2.27674 2.25929 -0.093037
-0.83574 -0.866698 0.157 2.27673 2.2592 -0.101759
-0.83543 -0.866436 0.174444 2.27673 2.25914 -0.110481
-0.83513 -0.866232 0.133741 2.27672 2.25914 -0.119204
-0.83482 -0.866058 0.125019 2.27671 2.25914 -0.133741
-0.83452 -0.865942 0.0552407 2.27671 2.25923 -0.110481
-0.83421 -0.865767 0.110481 2.2767 2.25929 -0.142463
-0.83391 -0.865477 0.142463 2.2767 2.25923 -0.142463
-0.8336 -0.865186 0.183167 2.27669 2.25914 -0.133741
-0.8333 -0.864924 0.142463 2.27668 2.25911 -0.142463
-0.83299 -0.864721 0.157 2.27668 2.25917 -0.157
-0.83269 -0.864575 0.119204 2.27667 2.25923 -0.151185
-0.83238 -0.864372 0.110481 2.27666 2.25935 -0.165722
-0.83208 -0.864168 0.133741 2.27665 2.25943 -0.142463
-0.83177 -0.863848 0.151185 2.27665 2.25943 -0.157
-0.83147 -0.863558 0.157 2.27664 2.25952 -0.183167
-0.83116 -0.863267 0.142463 2.27663 2.25958 -0.188981
-0.83086 -0.862976 0.157 2.27663 2.25964 -0.197704
-0.83055 -0.862685 0.142463 2.27662 2.25975 -0.215148
-0.83025 -0.862453 0.142463 2.27661 2.25987 -0.215148
-0.82994 -0.862191 0.125019 2.2766 2.26004 -0.229685
-0.82964 -0.8619 0.151185 2.2766 2.26013 -0.215148
-0.82933 -0.861639 0.183167 2.27659 2.26028 -0.229685
-0.82903 -0.861261 0.197704 2.27658 2.26033 -0.238407
-0.82872 -0.860941 0.165722 2.27657 2.26045 -0.229685
-0.82842 -0.860679 0.151185 2.27656 2.26068 -0.220963
-0.82811 -0.860389 0.133741 2.27656 2.26092 -0.252944
-0.82781 -0.86004 0.157 2.27655 2.26106 -0.270389
-0.8275 -0.85972 0.188981 2.27654 2.26121 -0.252944
-0.8272 -0.859313 0.238407 2.27653 2.26132 -0.284926
-0.82689 -0.858906 0.220963 2.27652 2.26138 -0.279111
-0.82658 -0.858586 0.188981 2.27651 2.26158 -0.30237
-0.82628 -0.858353 0.133741 2.2765 2.26188 -0.311093
-0.82597 -0.858063 0.142463 2.2765 2.26214 -0.284926
-0.82567 -0.857714 0.174444 2.27649 2.26228 -0.30237
-0.82536 -0.857336 0.220963 2.27648 2.2624 -0.316907
-0.82506 -0.8569 0.252944 2.27647 2.26243 -0.293648
-0.82475 -0.856493 0.252944 2.27646 2.26249 -0.270389
-0.82445 -0.856173 0.206426 2.27645 2.26263 -0.261667
-0.82414 -0.855824 0.206426 2.27644 2.26278 -0.279111
-0.82384 -0.855504 0.183167 2.27643 2.26286 -0.252944
-0.82353 -0.855126 0.183167 2.27642 2.26292 -0.220963
-0.82322 -0.854719 0.220963 2.27641 2.26286 -0.220963
-0.82292 -0.854312 0.252944 2.2764 2.26281 -0.183167
-0.82261 -0.853818 0.252944 2.27639 2.26263 -0.188981
-0.82231 -0.853353 0.252944 2.27638 2.26249 -0.165722
-0.822 -0.852975 0.220963 2.27637 2.2624 -0.174444
-0.8217 -0.852626 0.206426 2.27636 2.26225 -0.165722
-0.82139 -0.852335 0.183167 2.27635 2.2622 -0.125019
-0.82109 -0.851986 0.183167 2.27634 2.26205 -0.125019
-0.82078 -0.851579 0.220963 2.27633 2.26185 -0.119204
-0.82047 -0.851172 0.261667 2.27632 2.26164 -0.101759
-0.82017 -0.850707 0.252944 2.27631 2.26135 -0.110481
-0.81986 -0.850358 0.229685 2.2763 2.26118 -0.0785
-0.81956 -0.850038 0.165722 2.27629 2.26103 -0.093037
-0.81925 -0.849777 0.142463 2.27628 2.26092 -0.0872222
-0.81895 -0.849515 0.157 2.27627 2.2608 -0.0610556
-0.81864 -0.849195 0.174444 2.27626 2.2606 -0.0872222
-0.81833 -0.848846 0.197704 2.27625 2.26042 -0.0785
-0.81803 -0.848439 0.206426 2.27625 2.26016 -0.0872222
-0.81773 -0.848119 0.157 2.27625 2.25996 -0.0610556
-0.81742 -0.847858 0.151185 2.27625 2.25984 -0.0552407
-0.81712 -0.847596 0.119204 2.27625 2.25972 -0.0377963
-0.81681 -0.847305 0.133741 2.27625 2.25955 -0.0785
-0.81651 -0.846985 0.174444 2.27624 2.25935 -0.0785
-0.8162 -0.846666 0.188981 2.27624 2.25917 -0.0785
-0.8159 -0.846346 0.165722 2.27624 2.25897 -0.0872222
-0.81559 -0.846113 0.133741 2.27624 2.25888 -0.0785
-0.81529 -0.845881 0.119204 2.27624 2.25879 -0.0872222
-0.81498 -0.845648 0.125019 2.27624 2.25868 -0.0785
-0.81468 -0.845445 0.142463 2.27623 2.25862 -0.0872222
-0.81437 -0.845154 0.157 2.27623 2.25847 -0.093037
-0.81407 -0.844863 0.165722 2.27623 2.25833 -0.0872222
-0.81376 -0.84463 0.157 2.27623 2.25824 -0.093037
-0.81346 -0.844369 0.125019 2.27623 2.25815 -0.0872222
-0.81315 -0.844165 0.110481 2.27622 2.25812 -0.101759
-0.81285 -0.843933 0.125019 2.27622 2.2581 -0.0872222
-0.81254 -0.843671 0.133741 2.27622 2.25801 -0.101759
-0.81224 -0.84338 0.157 2.27622 2.25792 -0.110481
-0.81193 -0.84309 0.165722 2.27621 2.2578 -0.119204
-0.81163 -0.842857 0.151185 2.27621 2.25778 -0.125019
-0.81132 -0.842653 0.142463 2.27621 2.25778 -0.119204
-0.81102 -0.84245 0.110481 2.2762 2.25778 -0.110481
-0.81071 -0.842275 0.110481 2.2762 2.25783 -0.119204
-0.81041 -0.842072 0.133741 2.2762 2.25786 -0.151185
-0.8101 -0.841781 0.174444 2.2762 2.25783 -0.142463
-0.8098 -0.841461 0.188981 2.27619 2.2578 -0.165722
-0.80949 -0.8412 0.142463 2.27619 2.25786 -0.183167
-0.80919 -0.840996 0.125019 2.27619 2.25798 -0.174444
-0.80888 -0.840822 0.110481 2.27618 2.2581 -0.183167
-0.80858 -0.840589 0.125019 2.27618 2.25821 -0.188981
-0.80827 -0.840327 0.133741 2.27617 2.25827 -0.188981
-0.80797 -0.840095 0.174444 2.27617 2.2583 -0.183167
-0.80766 -0.839775 0.174444 2.27617 2.25833 -0.188981
-0.80736 -0.839542 0.151185 2.27616 2.25839 -0.197704
-0.80705 -0.839339 0.125019 2.27616 2.25847 -0.183167
-0.80675 -0.839194 0.110481 2.27615 2.25862 -0.183167
-0.80644 -0.838961 0.125019 2.27615 2.25871 -0.183167
-0.80614 -0.83867 0.142463 2.27615 2.25876 -0.197704
-0.80583 -0.838409 0.174444 2.27614 2.25879 -0.183167
-0.80552 -0.83806 0.165722 2.27614 2.25879 -0.215148
-0.80522 -0.837827 0.157 2.27613 2.25888 -0.188981
-0.80491 -0.837565 0.142463 2.27613 2.259 -0.206426
-0.80461 -0.837333 0.133741 2.27612 2.25908 -0.197704
-0.8043 -0.837042 0.133741 2.27612 2.25929 -0.206426
-0.804 -0.836751 0.151185 2.27611 2.25937 -0.220963
-0.80369 -0.836432 0.174444 2.27611 2.25946 -0.238407
-0.80339 -0.836083 0.188981 2.2761 2.25952 -0.238407
-0.80308 -0.835792 0.183167 2.2761 2.25961 -0.238407
-0.80277 -0.83553 0.157 2.27609 2.25978 -0.229685
-0.80247 -0.835269 0.151185 2.27609 2.26004 -0.238407
-0.80216 -0.834978 0.142463 2.27608 2.26022 -0.252944
-0.80186 -0.834687 0.165722 2.27607 2.26039 -0.279111
-0.80155 -0.834367 0.183167 2.27607 2.26048 -0.252944
-0.80125 -0.834018 0.206426 2.27606 2.26057 -0.270389
-0.80094 -0.83367 0.215148 2.27606 2.26077 -0.252944
-0.80064 -0.833321 0.174444 2.27605 2.26089 -0.252944
-0.80033 -0.83303 0.165722 2.27605 2.26112 -0.261667
-0.80002 -0.83271 0.151185 2.27604 2.26129 -0.252944
-0.79972 -0.832361 0.183167 2.27603 2.26141 -0.252944
-0.79941 -0.831954 0.197704 2.27603 2.26158 -0.270389
-0.79911 -0.83146 0.238407 2.27602 2.2615 -0.252944
-0.7988 -0.831111 0.215148 2.27601 2.26156 -0.252944
-0.79849 -0.830791 0.188981 2.27601 2.26161 -0.238407
-0.79819 -0.8305 0.174444 2.276 2.26173 -0.229685
-0.79788 -0.830152 0.183167 2.27599 2.26185 -0.229685
-0.79758 -0.829745 0.206426 2.27599 2.2619 -0.220963
-0.79727 -0.829221 0.238407 2.27598 2.26182 -0.215148
-0.79697 -0.828785 0.252944 2.27597 2.26185 -0.238407
-0.79666 -0.82832 0.220963 2.27597 2.26173 -0.215148
-0.79635 -0.827913 0.206426 2.27596 2.26182 -0.220963
-0.79605 -0.827535 0.206426 2.27595 2.26185 -0.220963
-0.79574 -0.827099 0.238407 2.27594 2.26182 -0.220963
-0.79544 -0.826663 0.220963 2.27594 2.26176 -0.215148
-0.79513 -0.826285 0.229685 2.27593 2.26173 -0.220963
-0.79482 -0.825907 0.24713 2.27592 2.26167 -0.206426
-0.79452 -0.8255 0.229685 2.27591 2.26164 -0.206426
-0.79421 -0.825093 0.206426 2.27591 2.26164 -0.197704
-0.79391 -0.824715 0.197704 2.27592 2.26161 -0.197704
-0.7936 -0.824308 0.206426 2.27592 2.26156 -0.188981
-0.7933 -0.82393 0.215148 2.27593 2.26153 -0.174444
-0.79299 -0.823494 0.220963 2.27593 2.26141 -0.174444
-0.79269 -0.823087 0.229685 2.27594 2.26132 -0.183167
-0.79238 -0.822709 0.206426 2.27594 2.26126 -0.151185
-0.79208 -0.822389 0.174444 2.27595 2.26126 -0.165722
-0.79177 -0.82204 0.165722 2.27595 2.26121 -0.157
-0.79147 -0.82172 0.174444 2.27596 2.26112 -0.142463
-0.79116 -0.821342 0.206426 2.27596 2.26103 -0.157
-0.79086 -0.820935 0.220963 2.27597 2.26089 -0.125019
-0.79055 -0.820557 0.197704 2.27597 2.26074 -0.119204
-0.79025 -0.820237 0.151185 2.27598 2.26063 -0.119204
-0.78994 -0.820005 0.157 2.27598 2.26057 -0.110481
-0.78964 -0.819743 0.142463 2.27598 2.26048 -0.110481
-0.78933 -0.819481 0.165722 2.27599 2.26039 -0.093037
-0.78903 -0.819191 0.151185 2.27599 2.26028 -0.093037
-0.78872 -0.8189 0.183167 2.27599 2.26016 -0.093037
-0.78841 -0.818638 0.165722 2.276 2.26004 -0.0872222
-0.78811 -0.818347 0.165722 2.276 2.25993 -0.093037
-0.7878 -0.818115 0.133741 2.276 2.25987 -0.0872222
-0.7875 -0.817853 0.133741 2.27601 2.25978 -0.110481
-0.78719 -0.81765 0.125019 2.27601 2.25975 -0.093037
-0.78689 -0.817446 0.125019 2.27601 2.25969 -0.101759
-0.78658 -0.817185 0.125019 2.27602 2.25964 -0.093037
-0.78628 -0.816952 0.125019 2.27602 2.25958 -0.101759
-0.78597 -0.81669 0.125019 2.27602 2.25949 -0.093037
-0.78567 -0.816429 0.133741 2.27603 2.2594 -0.101759
-0.78536 -0.816225 0.125019 2.27603 2.2594 -0.119204
-0.78505 -0.816051 0.101759 2.27603 2.2594 -0.093037
-0.78475 -0.815847 0.110481 2.27603 2.25937 -0.0697778
-0.78444 -0.815673 0.119204 2.27604 2.25937 -0.093037
-0.78414 -0.815498 0.119204 2.27604 2.25935 -0.119204
-0.78383 -0.815266 0.133741 2.27604 2.25926 -0.101759
-0.78353 -0.815091 0.119204 2.27604 2.2592 -0.0872222
-0.78322 -0.814946 0.101759 2.27604 2.2592 -0.093037
-0.78291 -0.814771 0.119204 2.27605 2.2592 -0.110481
-0.78261 -0.814597 0.110481 2.27605 2.25917 -0.093037
-0.7823 -0.814422 0.133741 2.27605 2.25914 -0.101759
-0.782 -0.814219 0.125019 2.27605 2.25908 -0.093037
-0.78169 -0.814045 0.133741 2.27605 2.25908 -0.125019
-0.78139 -0.813841 0.110481 2.27606 2.25908 -0.110481
-0.78108 -0.813608 0.125019 2.27606 2.25908 -0.119204
-0.78077 -0.813434 0.093037 2.27606 2.25911 -0.125019
-0.78047 -0.813201 0.119204 2.27606 2.25914 -0.142463
-0.78016 -0.812969 0.142463 2.27606 2.25911 -0.133741
-0.77986 -0.812678 0.157 2.27606 2.25911 -0.133741
-0.77955 -0.812445 0.151185 2.27606 2.25914 -0.151185
-0.77924 -0.812242 0.101759 2.27606 2.25923 -0.142463
-0.77894 -0.812038 0.093037 2.27606 2.25935 -0.165722
-0.77863 -0.811835 0.133741 2.27606 2.2594 -0.165722
-0.77832 -0.811544 0.183167 2.27607 2.25937 -0.157
-0.77802 -0.811253 0.151185 2.27607 2.2594 -0.151185
-0.77771 -0.810992 0.157 2.27607 2.25943 -0.174444
-0.77741 -0.810788 0.110481 2.27607 2.25955 -0.157
-0.7771 -0.810527 0.142463 2.27607 2.25958 -0.174444
-0.77679 -0.810323 0.119204 2.27607 2.25967 -0.165722
-0.77649 -0.809945 0.188981 2.27607 2.25967 -0.174444
-0.77618 -0.809654 0.165722 2.27607 2.25967 -0.188981
-0.77587 -0.809393 0.165722 2.27607 2.25975 -0.197704
-0.77557 -0.809102 0.174444 2.27607 2.25978 -0.197704
-0.77526 -0.80884 0.151185 2.27607 2.25996 -0.188981
-0.77496 -0.808579 0.133741 2.27607 2.26004 -0.197704
-0.77465 -0.808346 0.133741 2.27606 2.26022 -0.220963
-0.77434 -0.807997 0.174444 2.27606 2.26028 -0.229685
-0.77404 -0.807677 0.183167 2.27606 2.26036 -0.252944
-0.77373 -0.807299 0.206426 2.27606 2.26042 -0.270389
-0.77342 -0.80698 0.188981 2.27606 2.2606 -0.252944
-0.77312 -0.806718 0.165722 2.27606 2.2608 -0.30237
-0.77281 -0.806427 0.157 2.27606 2.26112 -0.293648
-0.7725 -0.806165 0.142463 2.27606 2.26138 -0.30237
-0.7722 -0.805817 0.188981 2.27606 2.26156 -0.311093
-0.77189 -0.80541 0.215148 2.27606 2.26176 -0.316907
-0.77158 -0.804944 0.238407 2.27605 2.26188 -0.316907
-0.77128 -0.804595 0.206426 2.27605 2.26205 -0.32563
-0.77097 -0.804305 0.188981 2.27605 2.26228 -0.32563
-0.77066 -0.804014 0.157 2.27605 2.26254 -0.32563
-0.77036 -0.803665 0.174444 2.27605 2.26278 -0.311093
-0.77005 -0.803258 0.220963 2.27605 2.26286 -0.279111
-0.76974 -0.802822 0.252944 2.27604 2.26292 -0.279111
-0.76944 -0.802328 0.279111 2.27604 2.26289 -0.252944
-0.76913 -0.801833 0.238407 2.27604 2.26286 -0.229685
-0.76882 -0.801426 0.215148 2.27604 2.26281 -0.188981
-0.76852 -0.801077 0.188981 2.27604 2.26281 -0.174444
-0.76821 -0.800641 0.220963 2.27603 2.26266 -0.157
-0.7679 -0.800205 0.252944 2.27603 2.26249 -0.142463
-0.7676 -0.799769 0.279111 2.27606 2.26228 -0.133741
-0.76729 -0.799275 0.279111 2.27609 2.26199 -0.133741
-0.76699 -0.798839 0.279111 2.27612 2.26179 -0.125019
-0.76668 -0.798432 0.220963 2.27616 2.26158 -0.119204
-0.76638 -0.798083 0.183167 2.27619 2.26144 -0.101759
-0.76608 -0.797734 0.174444 2.27623 2.26126 -0.093037
-0.76577 -0.797356 0.215148 2.27626 2.26112 -0.110481
-0.76547 -0.796862 0.279111 2.2763 2.2608 -0.101759
-0.76516 -0.796455 0.24713 2.27633 2.26057 -0.110481
-0.76486 -0.796077 0.229685 2.27636 2.26036 -0.119204
-0.76455 -0.795728 0.206426 2.2764 2.26019 -0.0872222
-0.76425 -0.795466 0.157 2.27643 2.2601 -0.093037
-0.76394 -0.795175 0.142463 2.27647 2.25999 -0.093037
-0.76364 -0.794856 0.183167 2.2765 2.25984 -0.110481
-0.76333 -0.794478 0.220963 2.27653 2.25964 -0.0872222
-0.76303 -0.794158 0.220963 2.27657 2.25946 -0.101759
-0.76272 -0.793838 0.197704 2.2766 2.25932 -0.0872222
-0.76242 -0.793518 0.174444 2.27663 2.25917 -0.110481
-0.76211 -0.793257 0.142463 2.27667 2.25911 -0.101759
-0.76181 -0.793024 0.142463 2.2767 2.25906 -0.101759
-0.7615 -0.792762 0.151185 2.27673 2.259 -0.119204
-0.7612 -0.792384 0.174444 2.27677 2.25882 -0.119204
-0.76089 -0.792035 0.197704 2.2768 2.25868 -0.119204
-0.76058 -0.791716 0.183167 2.27683 2.25853 -0.119204
-0.76028 -0.791454 0.151185 2.27686 2.25847 -0.110481
-0.75997 -0.791221 0.142463 2.2769 2.25844 -0.125019
-0.75967 -0.791047 0.125019 2.27693 2.25847 -0.119204
-0.75936 -0.790785 0.142463 2.27696 2.25844 -0.125019
-0.75906 -0.790465 0.157 2.27699 2.25836 -0.133741
-0.75875 -0.790146 0.197704 2.27702 2.2583 -0.142463
-0.75844 -0.789826 0.165722 2.27706 2.25818 -0.142463
-0.75814 -0.789593 0.151185 2.27709 2.25821 -0.133741
-0.75783 -0.789361 0.119204 2.27712 2.25824 -0.133741
-0.75753 -0.789157 0.119204 2.27715 2.25833 -0.165722
-0.75722 -0.788866 0.142463 2.27718 2.2583 -0.133741
-0.75692 -0.788605 0.142463 2.27722 2.25827 -0.142463
-0.75661 -0.788227 0.188981 2.27725 2.25818 -0.142463
-0.7563 -0.787907 0.165722 2.27728 2.25815 -0.157
-0.756 -0.787703 0.142463 2.27731 2.25818 -0.142463
-0.75569 -0.787529 0.0872222 2.27734 2.2583 -0.151185
-0.75538 -0.787325 0.0872222 2.27737 2.25836 -0.174444
-0.75508 -0.787093 0.125019 2.2774 2.25836 -0.142463
-0.75477 -0.786773 0.165722 2.27743 2.25833 -0.165722
-0.75447 -0.786395 0.220963 2.27746 2.25827 -0.151185
-0.75416 -0.786104 0.151185 2.27749 2.25824 -0.183167
-0.75385 -0.78593 0.110481 2.27753 2.25839 -0.183167
-0.75355 -0.785785 0.0552407 2.27756 2.25862 -0.183167
-0.75324 -0.785581 0.110481 2.27759 2.25876 -0.188981
-0.75293 -0.785261 0.165722 2.27762 2.25882 -0.215148
-0.75263 -0.784883 0.215148 2.27765 2.25891 -0.220963
-0.75232 -0.784505 0.188981 2.27768 2.259 -0.24713
-0.75201 -0.784331 0.133741 2.27771 2.25923 -0.252944
-0.75171 -0.784156 0.0872222 2.27774 2.25964 -0.279111
-0.7514 -0.783953 0.110481 2.27777 2.25993 -0.284926
-0.75109 -0.783691 0.133741 2.2778 2.26025 -0.284926
-0.75079 -0.783313 0.197704 2.27783 2.26039 -0.279111
-0.75048 -0.782848 0.220963 2.27786 2.26048 -0.279111
-0.75017 -0.782528 0.183167 2.27788 2.26071 -0.279111
-0.74987 -0.782267 0.133741 2.27791 2.261 -0.293648
-0.74956 -0.782063 0.101759 2.27794 2.26132 -0.261667
-0.74925 -0.78183 0.142463 2.27797 2.26156 -0.284926
-0.74894 -0.781482 0.197704 2.278 2.2617 -0.252944
-0.74864 -0.781016 0.229685 2.27803 2.26173 -0.284926
-0.74833 -0.780551 0.24713 2.27806 2.26173 -0.270389
-0.74802 -0.780202 0.215148 2.27809 2.26179 -0.252944
-0.74772 -0.779941 0.157 2.27812 2.26199 -0.238407
-0.74741 -0.779708 0.125019 2.27815 2.26222 -0.229685
-0.7471 -0.779388 0.157 2.27817 2.26237 -0.252944
-0.74679 -0.778952 0.215148 2.2782 2.26237 -0.238407
-0.74649 -0.778458 0.252944 2.27823 2.26234 -0.252944
-0.74618 -0.777935 0.284926 2.27826 2.26225 -0.24713
-0.74587 -0.777469 0.252944 2.27829 2.26228 -0.24713
-0.74556 -0.77715 0.174444 2.27831 2.2624 -0.238407
-0.74525 -0.776859 0.157 2.27834 2.26257 -0.229685
-0.74495 -0.776539 0.174444 2.27837 2.26266 -0.24713
-0.74464 -0.776103 0.229685 2.2784 2.2626 -0.238407
-0.74433 -0.775609 0.270389 2.27843 2.26251 -0.229685
-0.74402 -0.775085 0.284926 2.27845 2.26243 -0.229685
-0.74372 -0.774591 0.261667 2.27848 2.26234 -0.220963
-0.74341 -0.774155 0.220963 2.27851 2.26237 -0.229685
-0.7431 -0.773806 0.188981 2.27854 2.26234 -0.215148
-0.74279 -0.773544 0.197704 2.27856 2.2624 -0.188981
-0.74248 -0.773166 0.215148 2.27859 2.26237 -0.206426
-0.74218 -0.772788 0.24713 2.27861 2.26228 -0.206426
-0.74187 -0.772381 0.279111 2.27864 2.26217 -0.174444
-0.74156 -0.771974 0.279111 2.27866 2.26205 -0.197704
-0.74125 -0.771625 0.252944 2.27869 2.26199 -0.183167
-0.74094 -0.771277 0.220963 2.27871 2.26193 -0.197704
-0.74063 -0.770957 0.206426 2.27874 2.26188 -0.183167
-0.74033 -0.770666 0.197704 2.27876 2.26185 -0.183167
-0.74002 -0.770288 0.188981 2.27879 2.26179 -0.174444
-0.73971 -0.769939 0.220963 2.27881 2.2617 -0.174444
-0.7394 -0.76959 0.252944 2.27884 2.26161 -0.157
-0.73909 -0.769154 0.252944 2.27886 2.2615 -0.183167
-0.73878 -0.768776 0.220963 2.27889 2.26138 -0.165722
-0.73848 -0.768398 0.188981 2.27891 2.26135 -0.165722
-0.73817 -0.768137 0.157 2.27893 2.26138 -0.165722
-0.73786 -0.767788 0.183167 2.27896 2.26129 -0.157
-0.73755 -0.767439 0.197704 2.27898 2.26124 -0.151185
-0.73724 -0.767061 0.229685 2.27901 2.26112 -0.142463
-0.73693 -0.766741 0.206426 2.27903 2.26103 -0.142463
-0.73662 -0.766421 0.188981 2.27905 2.26097 -0.125019
-0.73631 -0.76613 0.157 2.27908 2.26092 -0.157
-0.736 -0.765898 0.142463 2.2791 2.26092 -0.142463
-0.7357 -0.765636 0.133741 2.27912 2.26092 -0.142463
-0.73539 -0.765404 0.157 2.27915 2.26089 -0.125019
-0.73508 -0.765142 0.165722 2.27917 2.2608 -0.110481
-0.73477 -0.764851 0.183167 2.27919 2.26071 -0.125019
-0.73446 -0.76456 0.174444 2.27922 2.2606 -0.101759
-0.73415 -0.76427 0.119204 2.27924 2.26054 -0.110481
-0.73384 -0.764095 0.110481 2.27926 2.26051 -0.0872222
-0.73353 -0.763921 0.093037 2.27929 2.26048 -0.0872222
-0.73322 -0.763746 0.119204 2.27931 2.26042 -0.0872222
-0.73291 -0.763543 0.142463 2.27933 2.26036 -0.0697778
-0.7326 -0.763281 0.151185 2.27935 2.26022 -0.0872222
-0.73229 -0.76302 0.165722 2.27938 2.26007 -0.0610556
-0.73199 -0.762816 0.133741 2.2794 2.25999 -0.0785
-0.73168 -0.762642 0.133741 2.27942 2.25993 -0.0785
-0.73137 -0.762496 0.0872222 2.27944 2.2599 -0.0785
-0.73106 -0.762293 0.101759 2.27946 2.25981 -0.0785
-0.73075 -0.762118 0.119204 2.27949 2.25975 -0.0610556
-0.73044 -0.761827 0.133741 2.27951 2.25961 -0.0610556
-0.73013 -0.761624 0.142463 2.27953 2.25949 -0.0872222
-0.72982 -0.761391 0.142463 2.27955 2.25937 -0.0872222
-0.72951 -0.761246 0.110481 2.27957 2.25937 -0.0610556
-0.7292 -0.761042 0.0697778 2.27959 2.25935 -0.0697778
-0.72889 -0.760868 0.0872222 2.27962 2.25932 -0.0872222
-0.72858 -0.760635 0.125019 2.27964 2.25923 -0.0785
-0.72827 -0.760345 0.157 2.27966 2.25911 -0.0697778
-0.72796 -0.760054 0.157 2.27968 2.259 -0.0872222
-0.72765 -0.75988 0.110481 2.2797 2.259 -0.093037
-0.72734 -0.759763 0.0785 2.27972 2.25906 -0.0872222
-0.72703 -0.759618 0.0610556 2.27974 2.25908 -0.110481
-0.72672 -0.759414 0.119204 2.27976 2.25906 -0.101759
-0.72641 -0.759153 0.133741 2.27978 2.25897 -0.110481
-0.7261 -0.758862 0.174444 2.2798 2.25888 -0.093037
-0.72579 -0.758629 0.142463 2.27982 2.25885 -0.110481
-0.72548 -0.758455 0.0872222 2.27984 2.25888 -0.125019
-0.72517 -0.75831 0.0872222 2.27986 2.25897 -0.133741
-0.72486 -0.758135 0.0872222 2.27988 2.25906 -0.133741
-0.72455 -0.757873 0.125019 2.2799 2.25908 -0.125019
-0.72424 -0.757554 0.165722 2.27992 2.25906 -0.165722
-0.72393 -0.757205 0.165722 2.27994 2.259 -0.174444
-0.72362 -0.756972 0.133741 2.27996 2.25911 -0.183167
-0.72331 -0.756798 0.093037 2.27998 2.25923 -0.174444
-0.72299 -0.756623 0.0872222 2.28 2.25943 -0.215148
-0.72268 -0.75642 0.125019 2.28002 2.25964 -0.229685
-0.72237 -0.756013 0.157 2.28004 2.25975 -0.252944
-0.72206 -0.755693 0.197704 2.28006 2.25984 -0.252944
-0.72175 -0.755373 0.197704 2.28008 2.26001 -0.284926
-0.72144 -0.75514 0.157 2.2801 2.26025 -0.284926
-0.72113 -0.754937 0.125019 2.28012 2.26054 -0.311093
-0.72082 -0.754733 0.101759 2.28014 2.26092 -0.311093
-0.72051 -0.754472 0.142463 2.28015 2.26118 -0.32563
-0.7202 -0.754123 0.220963 2.28017 2.26141 -0.343074
-0.71989 -0.753658 0.252944 2.28019 2.26156 -0.348889
-0.71958 -0.753251 0.220963 2.28021 2.26176 -0.316907
-0.71927 -0.752931 0.174444 2.28023 2.26208 -0.357611
-0.71895 -0.752669 0.142463 2.28025 2.26246 -0.348889
-0.71864 -0.752378 0.142463 2.28027 2.26283 -0.375056
-0.71833 -0.751971 0.206426 2.28028 2.2631 -0.357611
-0.71802 -0.751448 0.279111 2.2803 2.26324 -0.357611
-0.71771 -0.750925 0.30237 2.28032 2.26336 -0.343074
-0.7174 -0.750401 0.261667 2.28034 2.26345 -0.311093
-0.71709 -0.750023 0.220963 2.28036 2.26359 -0.311093
-0.71678 -0.749704 0.183167 2.2804 2.26371 -0.270389
-0.71647 -0.749384 0.188981 2.28044 2.26382 -0.252944
-0.71615 -0.749006 0.220963 2.28047 2.26379 -0.220963
-0.71584 -0.748541 0.284926 2.28051 2.26365 -0.197704
-0.71553 -0.748046 0.30237 2.28055 2.26345 -0.174444
-0.71522 -0.747494 0.316907 2.28059 2.26313 -0.142463
-0.71491 -0.747029 0.279111 2.28063 2.26289 -0.119204
-0.7146 -0.746593 0.215148 2.28066 2.26266 -0.110481
-0.71429 -0.746273 0.174444 2.2807 2.26251 -0.093037
-0.71397 -0.745895 0.206426 2.28074 2.26231 -0.101759
-0.71366 -0.74543 0.220963 2.28078 2.26199 -0.0872222
-0.71335 -0.744906 0.261667 2.28082 2.26161 -0.093037
-0.71304 -0.744441 0.284926 2.28085 2.26129 -0.0697778
-0.71273 -0.743976 0.261667 2.28089 2.261 -0.0785
-0.71242 -0.743598 0.220963 2.28093 2.2608 -0.0872222
-0.7121 -0.743336 0.151185 2.28097 2.26071 -0.0785
-0.71179 -0.743046 0.157 2.281 2.26063 -0.101759
-0.71148 -0.742668 0.197704 2.28104 2.26045 -0.110481
-0.71117 -0.742202 0.220963 2.28108 2.26022 -0.125019
-0.71086 -0.741766 0.238407 2.28111 2.26001 -0.133741
-0.71054 -0.741388 0.229685 2.28115 2.25987 -0.119204
-0.71023 -0.74104 0.174444 2.28119 2.25975 -0.133741
-0.70992 -0.740749 0.151185 2.28122 2.25972 -0.125019
-0.70961 -0.740516 0.142463 2.28126 2.25972 -0.125019
-0.7093 -0.740225 0.151185 2.2813 2.25969 -0.133741
-0.70898 -0.739906 0.188981 2.28133 2.25958 -0.133741
-0.70867 -0.739557 0.197704 2.28137 2.25949 -0.142463
-0.70836 -0.739208 0.188981 2.2814 2.2594 -0.133741
-0.70805 -0.738917 0.157 2.28144 2.25937 -0.157
-0.70773 -0.738685 0.133741 2.28148 2.25943 -0.151185
-0.70742 -0.738452 0.119204 2.28151 2.25952 -0.165722
-0.70711 -0.738161 0.142463 2.28155 2.25952 -0.165722
-0.70679 -0.737841 0.183167 2.28158 2.25955 -0.183167
-0.70648 -0.737463 0.215148 2.28162 2.25949 -0.174444
-0.70617 -0.737144 0.183167 2.28165 2.25952 -0.188981
-0.70586 -0.736853 0.133741 2.28169 2.25967 -0.206426
-0.70554 -0.736678 0.093037 2.28172 2.2599 -0.188981
-0.70523 -0.736475 0.119204 2.28176 2.26007 -0.197704
-0.70492 -0.736097 0.174444 2.28179 2.2601 -0.220963
-0.7046 -0.735719 0.220963 2.28183 2.2601 -0.238407
-0.70429 -0.73537 0.220963 2.28186 2.26016 -0.229685
-0.70398 -0.735108 0.142463 2.2819 2.26031 -0.229685
-0.70367 -0.734934 0.0872222 2.28193 2.26057 -0.229685
-0.70335 -0.73476 0.101759 2.28197 2.26083 -0.24713
-0.70304 -0.734556 0.133741 2.282 2.261 -0.252944
-0.70273 -0.734265 0.188981 2.28203 2.26109 -0.270389
-0.70241 -0.733945 0.206426 2.28207 2.26118 -0.261667
-0.7021 -0.733655 0.197704 2.2821 2.26126 -0.252944
-0.70178 -0.733393 0.174444 2.28214 2.2615 -0.270389
-0.70147 -0.73316 0.133741 2.28217 2.2617 -0.252944
-0.70116 -0.732986 0.119204 2.2822 2.26193 -0.261667
-0.70084 -0.732782 0.125019 2.28224 2.26214 -0.261667
-0.70053 -0.732492 0.157 2.28227 2.26231 -0.261667
-0.70022 -0.732143 0.197704 2.2823 2.2624 -0.252944
-0.6999 -0.731823 0.197704 2.28234 2.26251 -0.24713
-0.69959 -0.731474 0.197704 2.28237 2.2626 -0.252944
-0.69928 -0.731212 0.183167 2.2824 2.26278 -0.252944
-0.69896 -0.73098 0.142463 2.28244 2.26295 -0.252944
-0.69865 -0.730805 0.125019 2.28247 2.26321 -0.252944
-0.69833 -0.730573 0.133741 2.2825 2.26336 -0.270389
-0.69802 -0.730253 0.157 2.28254 2.2635 -0.252944
-0.69771 -0.729904 0.220963 2.28257 2.26356 -0.252944
-0.69739 -0.729526 0.238407 2.2826 2.26359 -0.252944
-0.69708 -0.729206 0.206426 2.28263 2.26365 -0.279111
-0.69676 -0.728916 0.183167 2.28267 2.26379 -0.252944
-0.69645 -0.728654 0.133741 2.2827 2.264 -0.252944
-0.69613 -0.728421 0.125019 2.28273 2.26417 -0.252944
-0.69582 -0.728102 0.165722 2.28276 2.26429 -0.238407
-0.69551 -0.727636 0.24713 2.28279 2.26426 -0.238407
-0.69519 -0.727171 0.270389 2.28283 2.26417 -0.215148
-0.69488 -0.726764 0.238407 2.28286 2.2642 -0.215148
-0.69456 -0.726444 0.188981 2.28289 2.26426 -0.229685
-0.69425 -0.726183 0.151185 2.28292 2.26432 -0.197704
-0.69393 -0.725892 0.157 2.28295 2.26438 -0.183167
-0.69362 -0.725543 0.188981 2.28298 2.26435 -0.197704
-0.6933 -0.725194 0.252944 2.28301 2.26432 -0.206426
-0.69299 -0.724758 0.284926 2.28305 2.2642 -0.215148
-0.69267 -0.724322 0.279111 2.28306 2.26408 -0.188981
-0.69236 -0.723944 0.220963 2.28306 2.264 -0.188981
-0.69205 -0.723595 0.206426 2.28307 2.26397 -0.197704
-0.69173 -0.723304 0.174444 2.28307 2.264 -0.188981
-0.69142 -0.722985 0.188981 2.28307 2.26397 -0.188981
-0.6911 -0.722665 0.229685 2.28308 2.26394 -0.220963
-0.69079 -0.722287 0.252944 2.28308 2.26385 -0.183167
-0.69047 -0.721851 0.279111 2.28308 2.26371 -0.188981
-0.69016 -0.721415 0.293648 2.28308 2.26359 -0.197704
-0.68984 -0.720949 0.279111 2.28309 2.26347 -0.188981
-0.68953 -0.720542 0.220963 2.28309 2.26342 -0.215148
-0.68922 -0.720222 0.183167 2.28309 2.26342 -0.188981
-0.6889 -0.719874 0.174444 2.28309 2.26345 -0.188981
-0.68859 -0.719525 0.220963 2.2831 2.26342 -0.197704
-0.68827 -0.71906 0.24713 2.2831 2.2633 -0.215148
-0.68796 -0.718536 0.293648 2.2831 2.26313 -0.206426
-0.68764 -0.718129 0.279111 2.2831 2.26301 -0.188981
-0.68733 -0.717751 0.24713 2.28311 2.26295 -0.183167
-0.68701 -0.71746 0.188981 2.28311 2.26292 -0.188981
-0.6867 -0.717199 0.174444 2.28311 2.26295 -0.183167
-0.68638 -0.716879 0.174444 2.28311 2.26292 -0.183167
-0.68607 -0.716443 0.229685 2.28311 2.26283 -0.183167
-0.68575 -0.716007 0.270389 2.28311 2.26269 -0.188981
-0.68544 -0.715571 0.252944 2.28311 2.26254 -0.165722
-0.68512 -0.715164 0.252944 2.28312 2.2624 -0.142463
-0.68481 -0.714844 0.206426 2.28312 2.26234 -0.157
-0.68449 -0.714524 0.197704 2.28312 2.26231 -0.157
-0.68418 -0.714262 0.174444 2.28312 2.26228 -0.151185
-0.68386 -0.714001 0.188981 2.28312 2.26225 -0.142463
-0.68355 -0.713565 0.206426 2.28312 2.26214 -0.133741
-0.68323 -0.713216 0.206426 2.28312 2.26202 -0.151185
-0.68292 -0.712838 0.229685 2.28312 2.26193 -0.174444
-0.6826 -0.71246 0.206426 2.28312 2.26179 -0.142463
-0.68229 -0.712198 0.174444 2.28312 2.26182 -0.151185
-0.68197 -0.711965 0.133741 2.28312 2.26185 -0.142463
-0.68166 -0.711762 0.142463 2.28312 2.26188 -0.142463
-0.68134 -0.711529 0.151185 2.28312 2.26188 -0.151185
-0.68103 -0.711239 0.188981 2.28312 2.26179 -0.157
-0.68071 -0.710919 0.174444 2.28312 2.26173 -0.151185
-0.6804 -0.710628 0.151185 2.28312 2.26167 -0.133741
-0.68008 -0.710308 0.133741 2.28312 2.26167 -0.133741
-0.67977 -0.710105 0.125019 2.28312 2.2617 -0.133741
-0.67945 -0.709872 0.110481 2.28312 2.2617 -0.133741
-0.67914 -0.709669 0.125019 2.28312 2.2617 -0.133741
-0.67882 -0.709436 0.165722 2.28312 2.26167 -0.125019
-0.67851 -0.709145 0.165722 2.28312 2.26158 -0.125019
-0.67819 -0.708884 0.142463 2.28312 2.26156 -0.125019
-0.67788 -0.708651 0.133741 2.28312 2.26153 -0.110481
-0.67756 -0.708506 0.119204 2.28312 2.26158 -0.142463
-0.67724 -0.708302 0.110481 2.28312 2.26161 -0.119204
-0.67693 -0.70807 0.125019 2.28312 2.26161 -0.142463
-0.67661 -0.707837 0.151185 2.28311 2.26161 -0.142463
-0.6763 -0.707575 0.165722 2.28311 2.26161 -0.165722
-0.67598 -0.707314 0.165722 2.28311 2.26158 -0.165722
-0.67567 -0.707081 0.151185 2.28311 2.26167 -0.157
-0.67535 -0.706877 0.110481 2.28311 2.26173 -0.183167
-0.67504 -0.706674 0.119204 2.28311 2.26182 -0.165722
-0.67472 -0.706354 0.133741 2.2831 2.26193 -0.197704
-0.6744 -0.706034 0.174444 2.2831 2.26199 -0.215148
-0.67409 -0.705715 0.183167 2.2831 2.26205 -0.206426
-0.67377 -0.705395 0.188981 2.2831 2.26214 -0.206426
-0.67346 -0.705104 0.157 2.2831 2.26222 -0.229685
-0.67314 -0.704842 0.133741 2.28309 2.26243 -0.238407
-0.67283 -0.70461 0.125019 2.28309 2.26263 -0.229685
-0.67251 -0.704348 0.157 2.28309 2.26272 -0.252944
-0.67219 -0.703999 0.188981 2.28309 2.26283 -0.252944
-0.67188 -0.703621 0.215148 2.28308 2.26289 -0.252944
-0.67156 -0.703243 0.220963 2.28308 2.26301 -0.261667
-0.67125 -0.702952 0.183167 2.28308 2.26318 -0.284926
-0.67093 -0.702662 0.174444 2.28307 2.26342 -0.261667
-0.67062 -0.702371 0.142463 2.28307 2.26362 -0.293648
-0.6703 -0.70208 0.174444 2.28307 2.26388 -0.293648
-0.66998 -0.701644 0.206426 2.28306 2.26403 -0.30237
-0.66967 -0.701237 0.220963 2.28306 2.26417 -0.334352
-0.66935 -0.700772 0.229685 2.28306 2.26432 -0.311093
-0.66904 -0.700394 0.206426 2.28305 2.26446 -0.270389
-0.66872 -0.700074 0.183167 2.28305 2.26467 -0.284926
-0.6684 -0.699725 0.188981 2.28305 2.26481 -0.279111
-0.66809 -0.699347 0.206426 2.28304 2.26487 -0.252944
-0.66777 -0.69894 0.220963 2.28304 2.26487 -0.220963
-0.66745 -0.698475 0.261667 2.28303 2.26472 -0.183167
-0.66714 -0.69801 0.279111 2.28303 2.26458 -0.174444
-0.66682 -0.697516 0.24713 2.28303 2.26432 -0.133741
-0.66651 -0.697109 0.229685 2.28302 2.26411 -0.119204
-0.66619 -0.696789 0.197704 2.28302 2.26394 -0.093037
-0.66587 -0.696411 0.206426 2.28301 2.26374 -0.0785
-0.66556 -0.695975 0.24713 2.28301 2.26345 -0.0610556
-0.66524 -0.69551 0.238407 2.28299 2.26313 -0.0872222
-0.66493 -0.695102 0.24713 2.28297 2.26283 -0.0697778
-0.66461 -0.694695 0.229685 2.28294 2.2626 -0.093037
-0.6643 -0.694317 0.206426 2.28292 2.26237 -0.0872222
-0.66398 -0.693969 0.183167 2.28289 2.2622 -0.0872222
-0.66367 -0.693649 0.174444 2.28287 2.26202 -0.0872222
-0.66335 -0.693329 0.188981 2.28284 2.26188 -0.110481
-0.66303 -0.693009 0.220963 2.28282 2.2617 -0.0872222
-0.66272 -0.692689 0.220963 2.28279 2.26153 -0.125019
-0.6624 -0.692282 0.220963 2.28277 2.26129 -0.093037
-0.66209 -0.691962 0.197704 2.28274 2.26118 -0.110481
-0.66177 -0.691614 0.188981 2.28272 2.26097 -0.101759
-0.66146 -0.691294 0.165722 2.28269 2.26083 -0.093037
-0.66114 -0.691003 0.165722 2.28267 2.26071 -0.119204
-0.66083 -0.690741 0.183167 2.28264 2.26063 -0.119204
-0.66051 -0.690422 0.197704 2.28262 2.26048 -0.110481
-0.6602 -0.690073 0.197704 2.28259 2.26033 -0.119204
-0.65988 -0.689724 0.197704 2.28257 2.26016 -0.101759
-0.65957 -0.689404 0.188981 2.28254 2.26007 -0.119204
-0.65925 -0.689113 0.157 2.28251 2.25993 -0.093037
-0.65894 -0.688881 0.165722 2.28249 2.25993 -0.142463
-0.65862 -0.688619 0.157 2.28246 2.25984 -0.110481
-0.6583 -0.688299 0.183167 2.28244 2.25975 -0.133741
-0.65799 -0.688008 0.183167 2.28241 2.25967 -0.142463
-0.65767 -0.687689 0.206426 2.28238 2.25958 -0.125019
-0.65736 -0.687398 0.183167 2.28236 2.25955 -0.133741
-0.65704 -0.687078 0.157 2.28233 2.25949 -0.133741
-0.65673 -0.686787 0.142463 2.2823 2.25946 -0.142463
-0.65641 -0.686497 0.151185 2.28228 2.25943 -0.142463
-0.6561 -0.686148 0.183167 2.28225 2.25937 -0.151185
-0.65578 -0.685741 0.206426 2.28222 2.25923 -0.151185
-0.65547 -0.685421 0.206426 2.2822 2.25917 -0.151185
-0.65515 -0.68513 0.188981 2.28217 2.25914 -0.133741
-0.65483 -0.684868 0.142463 2.28214 2.25914 -0.157
-0.65452 -0.684636 0.142463 2.28211 2.25917 -0.157
-0.6542 -0.684403 0.151185 2.28209 2.25923 -0.174444
-0.65389 -0.684083 0.183167 2.28206 2.2592 -0.157
-0.65357 -0.683735 0.183167 2.28203 2.25914 -0.165722
-0.65326 -0.683415 0.197704 2.282 2.25911 -0.183167
-0.65294 -0.683095 0.174444 2.28198 2.25908 -0.142463
-0.65263 -0.682804 0.157 2.28195 2.25906 -0.165722
-0.65231 -0.682572 0.142463 2.28192 2.25917 -0.183167
-0.652 -0.68231 0.142463 2.28189 2.2592 -0.165722
-0.65168 -0.682019 0.142463 2.28186 2.25923 -0.183167
-0.65136 -0.681728 0.157 2.28184 2.25929 -0.188981
-0.65105 -0.68135 0.183167 2.28181 2.25932 -0.165722
-0.65073 -0.681031 0.174444 2.28178 2.25937 -0.215148
-0.65042 -0.680798 0.151185 2.28175 2.25955 -0.220963
-0.6501 -0.680565 0.119204 2.28172 2.25972 -0.229685
-0.64979 -0.680333 0.125019 2.28169 2.25996 -0.252944
-0.64947 -0.680042 0.165722 2.28166 2.2601 -0.252944
-0.64916 -0.67978 0.157 2.28164 2.26028 -0.270389
-0.64884 -0.679461 0.188981 2.28161 2.26042 -0.252944
-0.64852 -0.679199 0.151185 2.28158 2.26063 -0.270389
-0.64821 -0.678937 0.157 2.28155 2.26089 -0.270389
-0.64789 -0.678734 0.119204 2.28152 2.26115 -0.252944
-0.64758 -0.678385 0.142463 2.28149 2.26144 -0.293648
-0.64726 -0.678094 0.157 2.28146 2.26167 -0.261667
-0.64695 -0.677745 0.197704 2.28143 2.26179 -0.270389
-0.64663 -0.677425 0.183167 2.2814 2.2619 -0.279111
-0.64631 -0.677135 0.165722 2.28137 2.26202 -0.252944
-0.646 -0.676873 0.165722 2.28134 2.26211 -0.238407
-0.64568 -0.676611 0.142463 2.28131 2.2622 -0.24713
-0.64537 -0.67635 0.151185 2.28128 2.26225 -0.206426
-0.64505 -0.676088 0.188981 2.28125 2.26225 -0.197704
-0.64474 -0.675768 0.197704 2.28122 2.26222 -0.174444
-0.64442 -0.675448 0.206426 2.28119 2.26217 -0.157
-0.64411 -0.675129 0.220963 2.28116 2.26211 -0.183167
-0.64379 -0.674809 0.197704 2.28113 2.26202 -0.151185
-0.64347 -0.674518 0.165722 2.2811 2.26196 -0.142463
-0.64316 -0.674256 0.188981 2.28107 2.26193 -0.133741
-0.64284 -0.673937 0.165722 2.28104 2.26182 -0.142463
-0.64253 -0.673646 0.206426 2.28101 2.26173 -0.125019
-0.64221 -0.673326 0.238407 2.28098 2.26164 -0.151185
-0.6419 -0.67289 0.197704 2.28095 2.26147 -0.151185
-0.64158 -0.67257 0.197704 2.28092 2.26141 -0.157
-0.64126 -0.67225 0.215148 2.28088 2.26135 -0.174444
-0.64095 -0.67193 0.174444 2.28085 2.26132 -0.183167
-0.64063 -0.671611 0.157 2.28082 2.26135 -0.183167
-0.64032 -0.671291 0.183167 2.28079 2.26138 -0.188981
-0.64 -0.670913 0.197704 2.28076 2.26138 -0.206426
-0.63969 -0.670506 0.238407 2.28072 2.26138 -0.220963
-0.63937 -0.670099 0.238407 2.28068 2.26138 -0.229685
-0.63906 -0.669663 0.183167 2.28064 2.26144 -0.229685
-0.63874 -0.669314 0.183167 2.2806 2.26164 -0.238407
-0.63843 -0.668965 0.174444 2.28056 2.2617 -0.229685
-0.63811 -0.668616 0.188981 2.28052 2.26176 -0.24713
-0.6378 -0.668238 0.215148 2.28048 2.26179 -0.215148
-0.63748 -0.667831 0.220963 2.28044 2.26173 -0.215148
-0.63717 -0.667395 0.220963 2.2804 2.26167 -0.197704
-0.63685 -0.667046 0.215148 2.28035 2.26164 -0.188981
-0.63654 -0.666639 0.206426 2.28031 2.26156 -0.183167
-0.63622 -0.666261 0.206426 2.28027 2.26144 -0.165722
-0.63591 -0.665883 0.188981 2.28023 2.26138 -0.142463
-0.63559 -0.665418 0.220963 2.28019 2.26121 -0.142463
-0.63528 -0.665011 0.206426 2.28015 2.26106 -0.142463
-0.63496 -0.664633 0.215148 2.2801 2.26092 -0.133741
-0.63465 -0.664255 0.229685 2.28006 2.26077 -0.133741
-0.63433 -0.663877 0.229685 2.28002 2.26063 -0.133741
-0.63402 -0.663557 0.215148 2.27998 2.26051 -0.125019
-0.6337 -0.66315 0.197704 2.27994 2.26036 -0.151185
-0.63339 -0.66283 0.165722 2.27989 2.26033 -0.142463
-0.63307 -0.662423 0.206426 2.27985 2.26019 -0.142463
-0.63276 -0.662045 0.206426 2.27981 2.26007 -0.133741
-0.63244 -0.661638 0.220963 2.27977 2.25996 -0.151185
-0.63213 -0.661347 0.183167 2.27972 2.2599 -0.157
-0.63181 -0.661028 0.188981 2.27968 2.25984 -0.157
-0.6315 -0.660708 0.165722 2.27964 2.25978 -0.151185
-0.63118 -0.660417 0.188981 2.2796 2.25981 -0.165722
-0.63087 -0.660039 0.183167 2.27955 2.25969 -0.142463
-0.63055 -0.659748 0.174444 2.27951 2.25967 -0.151185
-0.63024 -0.6594 0.165722 2.27947 2.25958 -0.133741
-0.62992 -0.659109 0.165722 2.27942 2.25952 -0.125019
-0.62961 -0.658847 0.151185 2.27938 2.25946 -0.133741
-0.62929 -0.658585 0.174444 2.27934 2.2594 -0.125019
-0.62898 -0.658353 0.133741 2.27929 2.25937 -0.133741
-0.62866 -0.658062 0.151185 2.27925 2.25929 -0.110481
-0.62835 -0.65783 0.125019 2.27921 2.25926 -0.101759
-0.62803 -0.65751 0.165722 2.27916 2.25911 -0.110481
-0.62772 -0.657248 0.151185 2.27912 2.259 -0.0785
-0.6274 -0.656986 0.142463 2.27907 2.25894 -0.093037
-0.62709 -0.656725 0.133741 2.27903 2.25882 -0.0872222
-0.62677 -0.656434 0.142463 2.27899 2.25871 -0.0785
-0.62646 -0.656201 0.142463 2.27894 2.25859 -0.0785
-0.62615 -0.655911 0.151185 2.2789 2.25844 -0.0610556
-0.62583 -0.655649 0.142463 2.27885 2.2583 -0.0552407
-0.62552 -0.655445 0.125019 2.27881 2.25821 -0.0552407
-0.6252 -0.655213 0.133741 2.27876 2.2581 -0.0552407
-0.62489 -0.655009 0.125019 2.27872 2.25801 -0.0465185
-0.62457 -0.654777 0.125019 2.27867 2.25786 -0.0785
-0.62426 -0.654544 0.142463 2.27863 2.25775 -0.0552407
-0.62394 -0.654253 0.125019 2.27858 2.2576 -0.0610556
-0.62363 -0.65405 0.157 2.27854 2.25749 -0.0872222
-0.62331 -0.653788 0.157 2.27849 2.25734 -0.0785
-0.623 -0.653527 0.151185 2.27845 2.25722 -0.0610556
-0.62268 -0.653323 0.133741 2.2784 2.25714 -0.0697778
-0.62237 -0.653149 0.125019 2.27836 2.25708 -0.093037
-0.62205 -0.652945 0.133741 2.27831 2.25702 -0.093037
-0.62174 -0.652712 0.125019 2.27827 2.25693 -0.110481
-0.62142 -0.65248 0.157 2.27822 2.25685 -0.0697778
-0.62111 -0.652218 0.165722 2.27818 2.25676 -0.110481
-0.62079 -0.651898 0.142463 2.27813 2.25664 -0.101759
-0.62048 -0.651666 0.142463 2.27808 2.25661 -0.101759
-0.62016 -0.651404 0.151185 2.27804 2.25655 -0.093037
-0.61985 -0.651172 0.133741 2.27799 2.25653 -0.101759
-0.61953 -0.650881 0.151185 2.27795 2.25644 -0.110481
-0.61922 -0.65059 0.165722 2.2779 2.25641 -0.133741
-0.61891 -0.650328 0.165722 2.27785 2.25641 -0.125019
-0.61859 -0.650038 0.165722 2.27781 2.25638 -0.157
-0.61828 -0.649718 0.157 2.27776 2.25635 -0.151185
-0.61796 -0.649427 0.151185 2.27771 2.25638 -0.174444
-0.61765 -0.649165 0.142463 2.27767 2.25647 -0.188981
-0.61733 -0.648758 0.174444 2.27762 2.25647 -0.197704
-0.61702 -0.648439 0.188981 2.27757 2.25655 -0.197704
-0.6167 -0.64809 0.188981 2.27753 2.25664 -0.215148
-0.61639 -0.64777 0.165722 2.27748 2.25679 -0.220963
-0.61607 -0.64745 0.151185 2.27743 2.2569 -0.229685
-0.61576 -0.647159 0.151185 2.27738 2.25708 -0.252944
-0.61544 -0.64684 0.174444 2.27734 2.25717 -0.252944
-0.61513 -0.646491 0.206426 2.27729 2.25725 -0.252944
-0.61481 -0.646055 0.229685 2.27724 2.25734 -0.252944
-0.6145 -0.645647 0.215148 2.27719 2.25743 -0.252944
-0.61419 -0.645357 0.183167 2.27712 2.25763 -0.284926
-0.61388 -0.645066 0.174444 2.27705 2.25778 -0.252944
-0.61356 -0.644717 0.165722 2.27698 2.25792 -0.229685
-0.61325 -0.644368 0.197704 2.27691 2.2581 -0.279111
-0.61294 -0.643932 0.220963 2.27684 2.25815 -0.293648
-0.61263 -0.643467 0.238407 2.27677 2.25815 -0.252944
-0.61231 -0.643031 0.252944 2.2767 2.25815 -0.229685
-0.612 -0.642595 0.206426 2.27663 2.25812 -0.220963
-0.61169 -0.642246 0.197704 2.27656 2.25812 -0.215148
-0.61138 -0.641897 0.188981 2.27649 2.25812 -0.183167
-0.61107 -0.641519 0.215148 2.27642 2.25807 -0.174444
-0.61075 -0.641083 0.229685 2.27635 2.25789 -0.142463
-0.61044 -0.640647 0.229685 2.27628 2.25772 -0.142463
-0.61013 -0.640123 0.30237 2.27621 2.25743 -0.133741
-0.60982 -0.639687 0.24713 2.27614 2.25719 -0.119204
-0.6095 -0.639251 0.229685 2.27607 2.25699 -0.119204
-0.60919 -0.638902 0.197704 2.276 2.25682 -0.101759
-0.60888 -0.638553 0.197704 2.27593 2.25667 -0.101759
-0.60857 -0.638205 0.220963 2.27586 2.2565 -0.093037
-0.60826 -0.637856 0.252944 2.27579 2.25632 -0.110481
-0.60794 -0.637449 0.238407 2.27572 2.25609 -0.110481
-0.60763 -0.6371 0.220963 2.27565 2.25592 -0.110481
-0.60732 -0.636751 0.238407 2.27558 2.25574 -0.133741
-0.60701 -0.63646 0.215148 2.27551 2.25565 -0.125019
-0.6067 -0.63614 0.197704 2.27543 2.25551 -0.133741
-0.60638 -0.63585 0.188981 2.27536 2.25542 -0.133741
-0.60607 -0.635559 0.188981 2.27529 2.25533 -0.133741
-0.60576 -0.635268 0.197704 2.27522 2.25522 -0.119204
-0.60545 -0.634861 0.215148 2.27515 2.25507 -0.142463
-0.60514 -0.63457 0.206426 2.27508 2.25498 -0.133741
-0.60482 -0.63425 0.197704 2.27501 2.25487 -0.119204
-0.60451 -0.633872 0.215148 2.27494 2.25472 -0.119204
-0.6042 -0.633524 0.174444 2.27486 2.25461 -0.110481
-0.60389 -0.633204 0.197704 2.27479 2.25446 -0.093037
-0.60358 -0.632884 0.165722 2.27472 2.25432 -0.110481
-0.60327 -0.632593 0.174444 2.27465 2.25414 -0.0872222
-0.60295 -0.632273 0.174444 2.27458 2.254 -0.0610556
-0.60264 -0.631925 0.215148 2.2745 2.25379 -0.0872222
-0.60233 -0.631576 0.183167 2.27443 2.25356 -0.0610556
-0.60202 -0.631285 0.174444 2.27436 2.25341 -0.0552407
-0.60171 -0.631023 0.142463 2.27429 2.2533 -0.0610556
-0.6014 -0.630732 0.157 2.27421 2.25309 -0.0290741
-0.60108 -0.630413 0.157 2.27414 2.25289 -0.0872222
-0.60077 -0.630064 0.174444 2.27407 2.25269 -0.0697778
-0.60046 -0.629744 0.183167 2.274 2.25248 -0.0785
-0.60015 -0.629453 0.165722 2.27392 2.25228 -0.0290741
-0.59984 -0.629192 0.125019 2.27385 2.25214 -0.0552407
-0.59953 -0.628959 0.133741 2.27378 2.25199 -0.0697778
-0.59921 -0.628726 0.125019 2.2737 2.25187 -0.0697778
-0.5989 -0.628377 0.142463 2.27363 2.25164 -0.0377963
-0.59859 -0.628029 0.174444 2.27356 2.25135 0
-0.59828 -0.627767 0.165722 2.27348 2.25118 0
-0.59797 -0.627534 0.151185 2.27341 2.251 0
-0.59766 -0.62736 0.110481 2.27334 2.25089 -0.0290741
-0.59735 -0.627185 0.119204 2.27326 2.25077 -0.0610556
-0.59703 -0.626982 0.110481 2.27319 2.25062 0
-0.59672 -0.626749 0.133741 2.27312 2.25048 -0.0232593
-0.59641 -0.626546 0.157 2.27304 2.2503 -0.00581481
-0.5961 -0.626284 0.157 2.27297 2.2501 -0.0465185
-0.59579 -0.626052 0.142463 2.27289 2.2499 -0.00581481
-0.59548 -0.625877 0.125019 2.27282 2.24981 0
-0.59517 -0.625703 0.125019 2.27275 2.24969 -0.0377963
-0.59486 -0.625528 0.119204 2.27267 2.24955 -0.0232593
-0.59454 -0.625354 0.110481 2.2726 2.24943 -0.0377963
-0.59423 -0.62515 0.125019 2.27252 2.24929 -0.0552407
-0.59392 -0.624918 0.157 2.27244 2.24911 0
-0.59361 -0.624627 0.157 2.27236 2.24888 0
-0.5933 -0.624394 0.157 2.27228 2.2487 -0.014537
-0.59299 -0.624162 0.119204 2.27219 2.24856 -0.0377963
-0.59268 -0.623958 0.125019 2.27211 2.24841 -0.0697778
-0.59237 -0.623726 0.119204 2.27203 2.2483 -0.0290741
-0.59206 -0.623493 0.142463 2.27194 2.24812 -0.0610556
-0.59175 -0.623231 0.142463 2.27186 2.24795 -0.0377963
-0.59144 -0.62297 0.142463 2.27178 2.24777 -0.0465185
-0.59113 -0.622708 0.142463 2.27169 2.2476 -0.0377963
-0.59082 -0.622505 0.133741 2.27161 2.24748 -0.0697778
-0.59051 -0.622301 0.125019 2.27153 2.24737 -0.0377963
-0.5902 -0.622097 0.125019 2.27144 2.24728 -0.0465185
-0.58989 -0.621865 0.142463 2.27136 2.24713 -0.0377963
-0.58958 -0.621603 0.165722 2.27127 2.24699 -0.0552407
-0.58927 -0.621342 0.174444 2.27119 2.24684 -0.0377963
-0.58896 -0.621109 0.157 2.2711 2.2467 -0.0785
-0.58866 -0.620847 0.142463 2.27102 2.24655 -0.0465185
-0.58835 -0.620615 0.119204 2.27093 2.2465 -0.0610556
-0.58804 -0.620324 0.142463 2.27085 2.24635 -0.0785
-0.58773 -0.619975 0.174444 2.27077 2.24612 -0.0610556
-0.58742 -0.619655 0.188981 2.27068 2.24597 -0.0872222
-0.58711 -0.619277 0.183167 2.2706 2.24577 -0.0872222
-0.5868 -0.619016 0.165722 2.27051 2.24562 -0.0872222
-0.58649 -0.618754 0.142463 2.27043 2.24556 -0.110481
-0.58618 -0.618492 0.142463 2.27034 2.24548 -0.101759
-0.58587 -0.618143 0.165722 2.27026 2.2453 -0.0785
-0.58556 -0.617736 0.188981 2.27017 2.24513 -0.110481
-0.58525 -0.617242 0.220963 2.27008 2.24487 -0.101759
-0.58494 -0.616893 0.215148 2.27 2.24472 -0.125019
-0.58463 -0.616544 0.174444 2.26991 2.24461 -0.125019
-0.58432 -0.616254 0.151185 2.26983 2.24455 -0.125019
-0.58401 -0.615934 0.157 2.26974 2.24449 -0.151185
-0.5837 -0.615585 0.197704 2.26966 2.2444 -0.151185
-0.58339 -0.615149 0.238407 2.26957 2.24426 -0.157
-0.58309 -0.614655 0.252944 2.26948 2.24411 -0.174444
-0.58278 -0.614277 0.215148 2.2694 2.24405 -0.174444
-0.58247 -0.613957 0.188981 2.26931 2.24411 -0.188981
-0.58216 -0.613608 0.151185 2.26923 2.24417 -0.215148
-0.58185 -0.613259 0.197704 2.26914 2.24423 -0.220963
-0.58154 -0.612852 0.215148 2.26905 2.24426 -0.229685
-0.58123 -0.612329 0.252944 2.26897 2.24423 -0.238407
-0.58092 -0.611922 0.252944 2.26888 2.24423 -0.252944
-0.58061 -0.611544 0.238407 2.26879 2.24426 -0.24713
-0.5803 -0.611224 0.188981 2.26871 2.24443 -0.270389
-0.57999 -0.610846 0.183167 2.26862 2.24461 -0.279111
-0.57969 -0.610468 0.197704 2.26853 2.24475 -0.270389
-0.57938 -0.610061 0.206426 2.26845 2.24484 -0.293648
-0.57907 -0.609625 0.252944 2.26836 2.24495 -0.284926
-0.57876 -0.609101 0.252944 2.26827 2.24501 -0.279111
-0.57845 -0.608665 0.238407 2.26819 2.2451 -0.293648
-0.57814 -0.608316 0.197704 2.2681 2.24522 -0.293648
-0.57783 -0.607997 0.165722 2.26801 2.24542 -0.30237
-0.57752 -0.607648 0.197704 2.26792 2.24559 -0.284926
-0.57722 -0.607212 0.238407 2.26784 2.24571 -0.270389
-0.57691 -0.606775 0.229685 2.26775 2.24574 -0.252944
-0.5766 -0.606281 0.220963 2.26766 2.24571 -0.24713
-0.57629 -0.605874 0.238407 2.26757 2.24574 -0.229685
-0.57598 -0.605467 0.206426 2.26749 2.24574 -0.220963
-0.57568 -0.605118 0.197704 2.26737 2.2458 -0.220963
-0.57537 -0.604769 0.220963 2.26725 2.24583 -0.215148
-0.57507 -0.604391 0.183167 2.26712 2.2458 -0.215148
-0.57477 -0.604013 0.220963 2.26699 2.24577 -0.206426
-0.57446 -0.603606 0.252944 2.26687 2.24574 -0.215148
-0.57416 -0.603228 0.215148 2.26674 2.24568 -0.183167
-0.57386 -0.602792 0.220963 2.26662 2.24559 -0.183167
-0.57355 -0.602472 0.174444 2.26649 2.24556 -0.165722
-0.57325 -0.602124 0.188981 2.26637 2.24551 -0.151185
-0.57295 -0.601804 0.165722 2.26624 2.24548 -0.142463
-0.57264 -0.601426 0.183167 2.26611 2.24533 -0.125019
-0.57234 -0.601019 0.197704 2.26599 2.24519 -0.142463
-0.57204 -0.60067 0.188981 2.26586 2.24501 -0.119204
-0.57173 -0.600321 0.183167 2.26574 2.2449 -0.125019
-0.57143 -0.60003 0.157 2.26561 2.24478 -0.101759
-0.57113 -0.59974 0.165722 2.26548 2.24469 -0.093037
-0.57083 -0.599478 0.133741 2.26536 2.24458 -0.0872222
-0.57052 -0.599187 0.157 2.26523 2.24446 -0.0697778
-0.57022 -0.598838 0.174444 2.26511 2.24429 -0.101759
-0.56992 -0.598518 0.188981 2.26498 2.24411 -0.093037
-0.56961 -0.598228 0.174444 2.26485 2.24399 -0.093037
-0.56931 -0.597966 0.142463 2.26473 2.24391 -0.0785
-0.56901 -0.597762 0.119204 2.2646 2.24382 -0.0872222
-0.56871 -0.59753 0.119204 2.26447 2.24379 -0.101759
-0.5684 -0.597268 0.133741 2.26434 2.2437 -0.093037
-0.5681 -0.596948 0.157 2.26422 2.24356 -0.093037
-0.5678 -0.596629 0.174444 2.26409 2.24344 -0.110481
-0.5675 -0.596338 0.157 2.26396 2.24333 -0.093037
-0.56719 -0.596076 0.133741 2.26384 2.2433 -0.110481
-0.56689 -0.595815 0.110481 2.26371 2.24327 -0.110481
-0.56659 -0.595582 0.133741 2.26358 2.24324 -0.110481
-0.56629 -0.595291 0.157 2.26345 2.24318 -0.119204
-0.56599 -0.595 0.165722 2.26333 2.24309 -0.125019
-0.56568 -0.594681 0.142463 2.2632 2.24301 -0.125019
-0.56538 -0.594419 0.151185 2.26307 2.24298 -0.125019
-0.56508 -0.594157 0.125019 2.26294 2.24295 -0.119204
-0.56478 -0.593896 0.133741 2.26282 2.24295 -0.142463
-0.56448 -0.593605 0.151185 2.26269 2.24292 -0.133741
-0.56417 -0.593227 0.174444 2.26256 2.2428 -0.133741
-0.56387 -0.592936 0.174444 2.26243 2.24277 -0.142463
-0.56357 -0.592616 0.165722 2.2623 2.24266 -0.125019
