torque_1 torque_1_t torque_2 torque_2_t
-1.15292 0.021875 -0.286513 0.04375
-1.16327 0.6125 -0.277213 -0.021875
-1.17362 0.721875 -0.267613 -0.0875
-0.99368 1.09375 -0.259186 -0.503125
-0.959969 1.18125 -0.249586 -0.371875
-1.2016 1.1375 -0.241158 0
-1.21195 1.3125 -0.231558 -0.2625
-1.10208 1.575 -0.224874 -0.175
-1.03713 1.29062 -0.217319 -0.13125
-0.999944 1.61875 -0.210336 -0.196875
-1.16889 1.35625 -0.201908 -0.109375
-0.973966 1.46562 -0.19318 -0.2625
-1.25921 1.37813 -0.184752 -0.4375
-0.990741 1.575 -0.176897 -0.175
-0.969401 1.33438 -0.169341 -0.153125
-0.977134 1.29062 -0.161486 -0.021875
-1.01525 1.46562 -0.153058 -0.153125
-1.30004 1.3125 -0.14433 0
-1.30909 1.53125 -0.135902 -0.4375
-1.01023 1.50937 -0.128919 -0.0875
-0.883209 1.33438 -0.12398 -0.065625
-0.975548 1.26875 -0.117869 0.196875
-1.33086 1.37813 -0.111186 -0.065625
-1.34076 1.55313 -0.101586 -0.065625
-1.07229 1.55313 -0.09403 -0.35
-0.916192 1.44375 -0.0887911 -0.459375
-0.805013 1.37813 -0.08268 -0.04375
-0.971345 1.24687 -0.0759967 0.021875
-1.37419 1.3125 -0.0663967 0
-1.3841 1.55313 -0.0570967 -0.021875
-0.99802 1.575 -0.0501133 -0.30625
-1.00183 1.3125 -0.0451744 -0.240625
-0.845729 1.4 -0.0399356 0.371875
-1.09928 1.29062 -0.0329522 -0.284375
-1.10833 1.53125 -0.0245244 0.175
-1.3482 1.24687 -0.0166689 0.021875
-1.14849 1.575 -0.01173 0.065625
-0.993701 1.46562 -0.00561889 -0.21875
-0.968435 1.46562 -0.00038 0.2625
-1.04754 1.37813 0.00630333 -0.13125
-1.21519 1.44375 0.0141589 -0.153125
-1.45637 1.55313 0.0228867 0.153125
-1.11391 1.64062 0.02957 0.04375
-1.00011 1.42188 0.0339367 0.240625
-0.915388 1.35625 0.0383033 -0.153125
-1.0368 1.42188 0.0441144 0.04375
-1.45288 1.50937 0.0528422 -0.0875
-1.49054 1.64062 0.06157 0.13125
-1.18908 1.6625 0.0665089 0.328125
-0.900385 1.61875 0.0711756 0.459375
-0.945596 1.44375 0.0755422 0.4375
-1.06656 1.44375 0.0816533 0.021875
-1.36544 1.46562 0.0906811 -0.175
-1.5194 1.61875 0.0994089 0.04375
-1.24742 1.77188 0.10582 0.459375
-0.971504 1.59688 0.109314 0.153125
-0.813647 1.4875 0.113981 -0.175
-1.09276 1.44375 0.11922 0
-1.30442 1.50937 0.128248 0.4375
-1.54429 1.575 0.136103 0.48125
-1.15732 1.72812 0.143387 0.503125
-0.925469 1.575 0.146881 0.35
-0.838539 1.44375 0.150676 0.503125
-1.00005 1.42188 0.155042 0.04375
-1.37076 1.46562 0.163198 -0.196875
-1.56919 1.6625 0.172798 0.04375
-1.18135 1.77188 0.179209 0.109375
-0.905441 1.59688 0.183003 -0.153125
-0.788128 1.42188 0.185626 0.109375
-0.97916 1.44375 0.190292 0.13125
-1.39303 1.42188 0.198148 0.13125
-1.44523 1.6625 0.207176 -0.109375
-1.28954 1.68437 0.213287 0.0875
-1.08632 1.68437 0.217081 0.065625
-0.765934 1.575 0.220003 0.021875
-0.838911 1.4 0.223498 0.13125
-1.0894 1.3125 0.229037 -0.021875
-1.60765 1.42188 0.238637 -0.153125
-1.3092 1.79375 0.246792 0.546875
-1.14742 1.53125 0.248842 0.48125
-0.781667 1.50937 0.250592 0.503125
-0.781101 1.35625 0.253514 0
-1.10252 1.35625 0.257881 0.153125
-1.61945 1.46562 0.266909 0.109375
-1.62543 1.81563 0.274192 0.13125
-1.0297 1.75 0.277687 0.415625
-0.634018 1.4875 0.278864 -0.04375
-0.671379 1.24687 0.278298 0.525
-1.11171 1.3125 0.284409 0.546875
-1.5128 1.46562 0.293437 0.021875
-1.63724 1.6625 0.302464 0.021875
-1.04327 1.75 0.306831 -0.021875
-0.555988 1.46562 0.305392 -0.04375
-0.684496 1.05 0.307442 0.065625
-0.96275 1.20312 0.311809 0.0875
-1.6409 1.37813 0.321709 -0.04375
-1.6495 1.575 0.330737 -0.021875
-1.09869 1.70625 0.335403 0
-0.657635 1.50937 0.335409 0.109375
-0.567229 1.24687 0.336587 0.04375
-1.04855 1.18125 0.341253 0
-1.62409 1.33438 0.349981 0.065625
-1.6613 1.59688 0.359009 0.13125
-1.19903 1.6625 0.364548 0.13125
-0.583979 1.4 0.364853 0.04375
-0.579038 1.18125 0.364859 0.13125
-0.944514 1.18125 0.369526 0.525
-1.35838 1.35625 0.377681 0.04375
-1.67311 1.44375 0.387581 0.196875
-1.32758 1.68437 0.39312 0.328125
-0.845534 1.575 0.39487 0.48125
-0.564839 1.11563 0.395176 0.48125
-0.838717 1.225 0.397226 0.196875
-1.23543 1.33438 0.403637 0.503125
-1.56384 1.53125 0.411792 0.525
-1.6579 1.6625 0.421974 0.13125
-1.0177 1.77188 0.42257 0.175
-0.691635 1.44375 0.422003 0.371875
-0.440872 1.53125 0.423181 0.21875
-1.00725 1.225 0.426685 0.13125
-1.68409 1.37813 0.434259 0.13125
-1.69269 1.72812 0.445894 0.21875
-1.14188 1.70625 0.446781 0.13125
-0.612296 1.4875 0.446214 0.196875
-0.372595 1.24687 0.443903 0.13125
-0.690085 1.1375 0.445953 0.2625
-1.337 1.1375 0.454109 0.240625
-1.69534 1.50937 0.464009 0.21875
-1.42159 1.68437 0.472455 0.35
-0.77702 1.55313 0.468981 0.56875
-0.420573 1.18125 0.46667 0.525
-0.4857 1.1375 0.464359 0.153125
-1.24715 1.11563 0.471942 0.21875
-1.69271 1.44375 0.483296 0.153125
-1.26082 1.59688 0.487381 0.21875
-0.864684 1.4 0.490594 0.2625
-0.421014 1.225 0.486248 0.196875
-0.606363 1.02812 0.487426 0.21875
-1.05992 1.18125 0.492974 0.35
-1.69315 1.33438 0.50142 0.240625
-1.34979 1.68437 0.508703 0.109375
-0.985347 1.46562 0.513661 0.175
-0.541677 1.33438 0.509314 0.328125
-0.536736 1.07187 0.50992 0.2625
-1.01806 1.07187 0.51982 0.328125
-1.69359 1.3125 0.52187 0.2625
-1.69998 1.75 0.530026 0.56875
-1.03157 1.68437 0.539353 0.39375
-0.500675 1.35625 0.531809 0.328125
-0.288289 1.07187 0.529498 0.371875
-0.811914 0.9625 0.537072 0.371875
-1.45838 1.24687 0.540003 0.65625
-1.70042 1.4875 0.549903 0.240625
-1.31214 1.61875 0.555442 0.74375
-0.711176 1.59688 0.555748 0.56875
-0.266199 1.20312 0.552864 0.371875
-0.581072 1.00625 0.554624 0.39375
-1.18131 1.1375 0.558709 0.39375
-1.69955 1.29062 0.571816 0.240625
-1.70639 1.61875 0.576192 0.39375
-0.876759 1.70625 0.578242 0.503125
-0.299639 1.33438 0.575359 0.9625
-0.379303 1.07187 0.573048 0.6125
-1.02184 1.02812 0.578587 0.415625
-1.69869 1.33438 0.591694 0.328125
-1.70814 1.75 0.59607 0.415625
-1.27493 1.75 0.601609 0.809375
-0.511 1.53125 0.599598 0.65625
-0.343534 1.20312 0.597287 0.284375
-0.778628 1.11563 0.600209 0.39375
-1.7013 1.42188 0.612444 0.39375
-1.71075 1.77188 0.61682 0.809375
-1.71627 1.77188 0.624103 0.809375
-0.679199 1.88125 0.626744 0.503125
-0.306906 1.29062 0.619781 0.525
-0.594014 1.18125 0.621259 0.896875
-1.42815 1.24687 0.62767 0.48125
-1.7138 1.59688 0.64135 0.4375
-1.72325 1.75 0.646898 0.525
-0.893626 1.8375 0.655053 0.48125
-0.566252 1.4 0.646937 0.525
-0.604922 1.3125 0.647242 0.525
-1.20647 1.33438 0.654535 0.39375
-1.72471 1.55313 0.662109 0.525
-1.73416 1.8375 0.671137 0.525
-1.13843 1.8375 0.674359 0.525
-0.651154 1.50937 0.672048 0.91875
-0.646213 1.24687 0.670909 0.39375
-1.17245 1.26875 0.675576 0.525
-1.733 1.42188 0.684031 0.56875
-1.74245 1.79375 0.693059 0.503125
-1.44008 1.72812 0.70355 0.9625
-0.795513 1.77188 0.702111 0.9625
-0.630664 1.42188 0.701844 0.459375
-0.95077 1.3125 0.704766 0.48125
-1.71484 1.4 0.710605 0.525
-1.75336 1.8375 0.717307 0.48125
-1.75889 1.8375 0.722564 1.02812
-0.884339 1.925 0.727522 0.503125
-0.645047 1.46562 0.727837 1.05
-0.831703 1.44375 0.728142 0.546875
-1.52178 1.37813 0.731074 0.56875
-1.76382 1.85938 0.737203 0.546875
-1.77065 1.94687 0.745068 0.546875
-0.939717 1.99063 0.751198 1.00625
-0.682413 1.59688 0.745398 0.48125
-1.00252 1.4875 0.74862 0.48125
-1.76659 1.53125 0.753577 1.05
-1.77604 1.85938 0.763487 0.678125
-1.38775 1.96875 0.762929 0.634375
-0.859478 1.90312 0.760909 0.678125
-0.694629 1.59688 0.765294 0.7
-1.10327 1.42188 0.764146 0.721875
-1.78142 1.53125 0.771729 0.634375
-1.79087 1.90312 0.786 1.07187
-1.24006 1.96875 0.785724 0.678125
-0.755399 1.70625 0.786911 1.07187
-0.750007 1.46562 0.782574 0.678125
-1.27756 1.46562 0.793064 0.721875
-1.79535 1.61875 0.80152 0.56875
-1.80435 1.85938 0.80387 0.984375
-1.29671 1.96875 0.81407 0.634375
-0.855654 1.81563 0.806826 0.721875
-0.690355 1.55313 0.805687 0.721875
-1.20161 1.55313 0.816759 1.3125
-1.80577 1.68437 0.822016 0.678125
-1.81477 2.0125 0.82582 0.634375
-1.35073 1.94687 0.832822 1.11563
-0.736546 1.77188 0.835753 1.1375
-0.731154 1.44375 0.833161 0.74375
-1.02174 1.44375 0.834639 0.6125
-1.6259 1.53125 0.842522 0.678125
-1.82388 1.75 0.851559 1.15938
-1.82895 1.88125 0.857689 0.721875
-0.996709 1.94687 0.851607 0.765625
-0.713805 1.53125 0.849014 0.65625
-0.708414 1.4 0.850201 0.678125
-1.35357 1.35625 0.856622 1.20312
-1.82775 1.68437 0.868276 1.15938
-1.83589 1.90312 0.874987 0.853125
-1.16572 1.90312 0.876464 1.15938
-0.677994 1.53125 0.867485 0.721875
-0.629441 1.33438 0.868672 0.853125
-1.22661 1.3125 0.875383 0.765625
-1.83163 1.55313 0.878314 0.853125
-1.84108 1.88125 0.891422 0.940625
-1.24359 1.94687 0.894644 1.20312
-0.568189 1.55313 0.894677 1.42188
-0.560631 1.225 0.892666 0.721875
-1.11419 1.29062 0.895016 0.875
-1.7602 1.46562 0.901727 0.83125
-1.84234 1.81563 0.9128 0.896875
-1.28977 1.94687 0.911951 1.46562
-0.595905 1.72812 0.913148 1.225
-0.398057 1.37813 0.908811 0.896875
-1.0666 1.20312 0.912033 0.853125
-1.83067 1.46562 0.92107 0.765625
-1.83967 1.88125 0.924292 0.896875
-1.2871 1.90312 0.926942 1.29062
-0.480009 1.6625 0.930455 0.853125
-0.470692 1.225 0.924083 0.940625
-0.905337 1.26875 0.926433 1.1375
-1.80024 1.4 0.931409 0.940625
-1.83831 1.85938 0.946842 0.940625
-1.37428 1.925 0.948611 1.3125
-0.727089 1.70625 0.948344 0.91875
-0.397957 1.42188 0.944889 1.46562
-0.714139 1.18125 0.939098 1.15938
-1.43022 1.35625 0.950461 0.853125
-1.83172 1.68437 0.953692 0.896875
-1.83855 1.85938 0.964183 0.91875
-0.917328 1.925 0.960137 0.91875
-0.397907 1.4875 0.958716 1.02812
-0.390349 1.11563 0.952926 1.3125
-1.14742 1.15938 0.959927 1.35625
-1.75158 1.55313 0.964603 0.940625
-1.83327 1.81563 0.974813 1.00625
-1.1631 1.81563 0.981233 1.37813
-0.559523 1.53125 0.980103 0.9625
-0.303076 1.24687 0.97344 1.02812
-0.89632 0.984375 0.9755 1.20312
-1.67492 1.3125 0.985127 0.940625
-1.8293 1.61875 0.988059 1.20312
-1.68814 1.68437 0.993898 1.00625
-0.559473 1.79375 0.99335 0.896875
-0.303026 1.225 0.98814 1.55313
-0.574289 1.20312 0.987874 1.35625
-1.62603 1.20312 0.996339 0.896875
-1.82446 1.6625 1.00654 0.83125
-1.83346 1.8375 1.01297 0.940625
-0.883163 1.88125 1.01183 1.33438
-0.555789 1.44375 1.00925 1.02812
-0.579472 1.26875 1.00898 0.984375
-1.38323 1.24687 1.01075 1.09375
-1.82834 1.59688 1.0195 0.896875
-1.83734 1.77188 1.03261 1.02812
-1.05132 1.925 1.03032 1.05
-0.564898 1.46562 1.02976 0.896875
-0.586414 1.26875 1.02805 0.875
-1.20074 1.35625 1.03214 1.02812
-1.83352 1.61875 1.04148 1.225
-1.84297 1.90312 1.04906 1.20312
-1.33532 1.88125 1.05026 1.09375
-0.689444 1.72812 1.04738 1.53125
-0.726355 1.4 1.04538 0.896875
-1.00371 1.44375 1.04627 0.940625
-1.84046 1.4875 1.05154 1.225
-1.84946 1.94687 1.06058 1.05
-1.54709 2.0125 1.06497 1.50937
-0.771238 1.81563 1.06209 1.11563
-0.648691 1.53125 1.06038 1.11563
-0.967039 1.53125 1.05749 1.1375
-1.61305 1.4875 1.06218 1.09375
-1.8551 1.90312 1.07296 1.46562
-1.86279 2.03437 1.0759 1.15938
-0.988239 2.03437 1.07621 1.35625
-0.618114 1.6625 1.0745 1.64062
-0.701702 1.37813 1.07047 1.09375
-1.41909 1.44375 1.07601 1.07187
-1.8642 1.70625 1.0839 1.18125
-1.87365 2.0125 1.09148 1.15938
-1.64352 2.0125 1.095 1.18125
-0.765047 2.0125 1.08922 1.68437
-0.716044 1.4875 1.08634 1.6625
-1.03484 1.46562 1.0887 1.46562
-1.87245 1.55313 1.09366 1.09375
-1.88145 2.0125 1.10242 1.4875
-1.88829 1.99063 1.10856 1.4875
-0.894376 2.12188 1.1048 1.61875
-0.728219 1.55313 1.10309 1.42188
-0.88666 1.55313 1.1008 1.4
-1.60712 1.55313 1.10984 1.20312
-1.89232 1.8375 1.11423 1.50937
-1.90177 2.1 1.12269 1.24687
-1.1893 2.05625 1.12127 1.24687
-0.791855 1.68437 1.12101 1.24687
-0.947679 1.53125 1.11987 1.29062
-1.46331 1.6625 1.12426 1.225
-1.90842 1.75 1.13273 1.26875
-1.91656 2.03437 1.13624 1.37813
-1.29131 2.1 1.1386 1.55313
-0.879332 1.81563 1.13282 1.24687
-0.963779 1.64062 1.13343 1.33438
-1.44772 1.68437 1.13346 1.18125
-1.9219 1.8375 1.14047 1.4
-1.93135 2.03437 1.14893 1.35625
-1.46732 2.12188 1.14867 1.37813
-0.940351 1.90312 1.14696 1.59688
-0.819972 1.70625 1.14263 1.42188
-1.33037 1.59688 1.14441 1.44375
-1.65832 1.8375 1.1485 1.35625
-1.94484 1.94687 1.15697 1.33438
-1.95167 2.14375 1.15903 1.29062
-1.19166 2.20938 1.15471 1.35625
-0.866904 1.79375 1.15095 1.24687
-0.90774 1.70625 1.14837 1.29062
-1.59651 1.68437 1.15189 1.46562
-1.95439 1.99063 1.15716 1.33438
-1.96384 2.12188 1.16301 1.3125
-1.3399 2.23125 1.16216 1.29062
-0.927924 1.88125 1.15608 1.26875
-0.880229 1.6625 1.15496 1.575
-1.495 1.6625 1.15586 1.20312
-1.96919 1.99063 1.16026 1.29062
-1.97864 2.16562 1.16377 1.35625
-1.35208 2.20938 1.16089 1.575
-0.822494 1.94687 1.15569 1.33438
-0.862472 1.61875 1.15049 1.59688
-1.53363 1.64062 1.14878 1.24687
-1.9792 1.925 1.15231 1.72812
-1.9882 2.16562 1.15408 1.1375
-1.23125 2.20938 1.15091 1.24687
-0.906046 1.90312 1.14309 1.42188
-1.03063 1.77188 1.13528 1.29062
-1.70441 1.77188 1.13531 1.11563
-1.99006 1.925 1.13796 1.55313
-1.99645 2.14375 1.13625 1.20312
-1.20912 2.31875 1.13105 1.15938
-0.748297 1.90312 1.11829 1.3125
-0.904121 1.68437 1.11629 1.575
-1.6365 1.61875 1.11458 1.20312
-1.99439 1.96875 1.11577 1.11563
-2 2.12188 1.12162 1.18125
-1.33497 2.1875 1.11758 1.18125
-0.849002 1.81563 1.11034 1.8375
-0.88853 1.55313 1.10834 1.79375
-1.44385 1.55313 1.10575 1.53125
-2 1.88125 1.1084 1.18125
-2 2.12188 1.11193 1.225
-1.46259 2.14375 1.10934 1.75
-1.01847 1.90312 1.10123 1.75
-0.810008 1.77188 1.094 1.29062
-1.37679 1.55313 1.08967 1.18125
-1.86466 1.88125 1.08971 1.09375
-2 2.05625 1.08887 1.42188
-1.58583 2.07812 1.08657 1.46562
-0.983557 1.96875 1.07207 1.4
-0.818258 1.64062 1.06047 1.02812
-1.18067 1.575 1.05121 1.1375
-1.82668 1.77188 1.04659 1.05
-2 2.05625 1.04401 1.29062
-1.75182 2.23125 1.03445 1.07187
-1.03411 1.96875 1.02053 1.20312
-0.750348 1.79375 1.00486 1.00625
-0.980165 1.575 0.993846 1.09375
-1.55133 1.64062 0.985448 1.4
-2 1.88125 0.981992 1.3125
-2 2.1 0.978537 1.24687
-1.1578 2.1 0.96665 1.15938
-0.625148 1.68437 0.956216 1.35625
-0.778805 1.50937 0.944339 1.26875
-1.39227 1.61875 0.940883 1.37813
-2 1.72812 0.940335 1.07187
-2 2.12188 0.939787 1.4
-1.36564 2.12188 0.935459 1.35625
-0.78983 1.77188 0.924153 1.50937
-0.753198 1.50937 0.914883 1.33438
-1.23276 1.50937 0.911727 1.4
-1.74839 1.72812 0.916122 1.02812
-2 2.12188 0.918772 1.1375
-1.48279 2.1 0.916479 1.33438
-0.996815 1.8375 0.911279 1.20312
-0.668992 1.59688 0.904635 1.1375
-1.10278 1.44375 0.902924 0.984375
-1.55719 1.61875 0.905574 0.9625
-2 1.77188 0.91084 1.42188
-1.56955 2.12188 0.912618 1.18125
-0.997215 1.925 0.911207 1.24687
-0.668534 1.44375 0.900192 0.91875
-0.8235 1.46562 0.899935 1.24687
-1.6268 1.42188 0.902585 1.07187
-2 1.79375 0.906407 1.44375
-1.5951 2.03437 0.908476 1.29062
-0.992832 1.77188 0.904148 1.29062
-0.501626 1.4875 0.898948 0.875
-0.697137 1.20312 0.894048 1.26875
-1.33967 1.37813 0.896116 0.896875
-2 1.61875 0.906626 0.875
-1.87577 1.99063 0.911311 0.9625
-1.06909 1.81563 0.904376 1.07187
-0.327686 1.53125 0.904127 0.7875
-0.432049 1.11563 0.898355 1.15938
-1.15829 1.20312 0.89927 0.853125
-1.9959 1.4875 0.912105 0.853125
-2 1.88125 0.918253 0.83125
-1.12684 1.96875 0.921203 1.35625
-0.312752 1.50937 0.916003 1.02812
-0.0942339 1.18125 0.911103 0.83125
-0.861922 1.20312 0.914053 0.91875
-1.78414 1.24687 0.923109 0.74375
-1.98167 1.68437 0.933909 0.74375
-1.98544 1.85938 0.94122 0.74375
-0.457726 1.96875 0.935448 1.09375
-0.0779922 1.20312 0.929676 0.91875
-0.196892 1.09375 0.92652 1.35625
-1.50899 0.896875 0.933831 0.74375
-1.95496 1.50937 0.945503 0.7875
-1.96396 1.75 0.956303 1.00625
-1.08635 1.925 0.957509 1.07187
-0.271811 1.42188 0.952609 0.940625
-0.259877 1.09375 0.949453 0.9625
-0.941651 1.26875 0.953276 0.9625
-1.93741 1.24687 0.963203 0.83125
-1.94641 1.90312 0.974003 1.07187
-1.87488 1.88125 0.97957 1.18125
-0.468246 1.90312 0.977287 1.07187
-0.178801 1.18125 0.973259 1.53125
-0.563292 1.1375 0.97272 0.9625
-1.80487 1.20312 0.981776 0.853125
-1.93148 1.90312 0.993448 1.11563
-1.94048 1.81563 1.00425 0.91875
-0.828964 2.0125 1.00458 1.07187
-0.454463 1.42188 1.0023 1.44375
-0.680355 1.26875 1.00263 1.33438
-1.48497 1.3125 1.01081 1.05
-1.92963 1.64062 1.02161 1.02812
-1.93863 1.85938 1.03241 1.44375
-1.14954 2.14375 1.03449 1.02812
-0.615137 1.59688 1.03251 0.984375
-0.564826 1.4 1.03284 0.91875
-1.29414 1.33438 1.03928 1.46562
-1.92823 1.59688 1.05008 1.1375
-2 1.85938 1.06263 1.44375
-1.42782 2.12188 1.06558 1.4875
-0.663889 1.925 1.06504 1.18125
-0.568209 1.53125 1.0648 1.46562
-1.32398 1.37813 1.06949 1.02812
-1.929 1.68437 1.08029 1.18125
-1.9393 2.03437 1.09196 1.18125
-1.94262 2.03437 1.09928 1.29062
-0.787494 2.12188 1.09961 1.59688
-0.663189 1.575 1.09937 1.07187
-0.936618 1.50937 1.10232 1.225
-1.78701 1.59688 1.11138 1.53125
-2 1.90312 1.12392 1.09375
-1.95169 2.14375 1.13385 1.07187
-1.0027 2.1875 1.13913 1.07187
-0.587201 1.59688 1.13394 1.53125
-0.859321 1.44375 1.13515 1.15938
-1.54894 1.59688 1.14333 1.55313
-1.95044 1.85938 1.15356 1.55313
-2 2.03437 1.16261 1.75
-1.17253 2.16562 1.16934 1.15938
-0.758791 1.75 1.16648 1.50937
-0.707172 1.61875 1.16624 1.29062
-1.43865 1.53125 1.17181 1.20312
-1.95644 1.72812 1.18406 1.8375
-1.96544 2.0125 1.19399 1.26875
-1.25036 2.05625 1.18997 1.72812
-0.803169 1.77188 1.18594 1.53125
-0.870463 1.64062 1.19151 1.46562
-1.48478 1.53125 1.19505 1.4875
-1.95897 1.8375 1.20352 1.53125
-1.96666 2.03437 1.21171 1.6625
-1.25243 2.1 1.21176 1.61875
-0.7647 1.75 1.215 1.68437
-0.685314 1.55313 1.21533 1.925
-1.3274 1.4 1.22033 1.26875
-1.96104 1.72812 1.22531 1.225
-1.97004 2.03437 1.23496 1.81563
-1.41748 2.1 1.23878 1.24687
-0.697156 1.85938 1.23737 1.79375
-0.687839 1.37813 1.24004 1.20312
-1.12334 1.42188 1.24444 1.6625
-1.88696 1.61875 1.24915 1.29062
-1.96864 2.0125 1.25675 1.35625
-1.45969 2.03437 1.26609 1.53125
-0.76975 1.8375 1.26498 1.4875
-0.555156 1.50937 1.25688 1.18125
-1.0321 1.4 1.25926 1.26875
-1.56313 1.575 1.27006 1.15938
-1.96463 1.77188 1.28087 1.44375
-1.77811 2.03437 1.28731 1.33438
-1.09078 2.0125 1.28882 1.29062
-0.643595 1.64062 1.28014 1.29062
-0.636895 1.44375 1.2857 1.3125
-1.19045 1.4 1.28663 1.46562
-1.95276 1.77188 1.29801 1.575
-1.96045 2.0125 1.29951 1.35625
-1.20175 2.05625 1.30537 1.46562
-0.592042 1.70625 1.30223 1.77188
-0.582726 1.44375 1.29966 1.55313
-1.17859 1.02812 1.30261 1.99063
-1.86952 1.59688 1.31022 1.72812
-1.94989 1.90312 1.32015 1.24687
-1.27972 1.96875 1.3234 1.925
-0.672631 1.6625 1.3185 2.0125
-0.3435 1.42188 1.31652 1.79375
-0.936743 1.24687 1.31394 1.42188
-1.70036 1.4875 1.3233 1.75
-1.94195 1.77188 1.33353 1.4875
-1.50699 1.96875 1.33909 1.70625
-0.831589 1.75 1.34031 1.94687
-0.457088 1.46562 1.33483 1.85938
-0.772819 1.24687 1.33633 1.925
-1.61973 1.37813 1.3422 1.29062
-1.93401 1.72812 1.35678 2.05625
-1.93909 1.90312 1.35886 2.03437
-0.945176 1.99063 1.3592 2.03437
-0.49799 1.46562 1.36188 1.4875
-0.605828 1.33438 1.35611 1.53125
-1.40868 1.3125 1.36285 2.0125
-1.92603 1.68437 1.37511 2.0125
-1.93458 1.96875 1.38447 1.90312
-1.17674 2.0125 1.38627 1.8375
-0.687247 1.61875 1.38429 2.0125
-0.518881 1.4 1.37998 1.44375
-1.13014 1.20312 1.38149 1.35625
-1.92324 1.50937 1.39172 2.03437
-1.93179 1.925 1.40283 1.4875
-1.4673 2.0125 1.40608 2.1
-0.730683 2.1 1.39828 2.05625
-0.605928 1.44375 1.39717 1.79375
-0.996512 1.4 1.40043 2.05625
-1.73061 1.575 1.40629 1.44375
-1.92814 1.88125 1.41565 1.96875
-1.93407 1.90312 1.42064 1.88125
-0.983321 2.14375 1.41954 1.88125
-0.611437 1.64062 1.41407 2.1
-0.88049 1.50937 1.41121 1.61875
-1.52605 1.4 1.41651 1.46562
-1.9271 1.77188 1.42237 1.575
-1.93565 1.99063 1.42824 2.20938
-1.10513 2.12188 1.42801 2.0125
-0.820464 1.6625 1.42312 1.96875
-0.846313 1.61875 1.41881 1.61875
-1.46018 1.6625 1.4212 1.59688
-1.93392 1.8375 1.42212 2.20938
-1.94247 2.03437 1.428 1.53125
-1.22824 2.14375 1.42398 1.575
-0.858971 1.77188 1.41822 1.925
-0.898049 1.61875 1.4113 1.44375
-1.46831 1.575 1.40932 1.50937
-1.94204 1.8375 1.40821 1.79375
-1.95059 2.12188 1.41146 1.59688
-1.4002 2.16562 1.40599 1.925
-0.958243 1.925 1.39733 1.79375
-0.955018 1.72812 1.38895 1.81563
-1.43937 1.68437 1.3864 1.90312
-1.95671 1.88125 1.3818 1.75
-1.96526 2.12188 1.38244 1.81563
-1.73468 2.16562 1.37464 1.81563
-1.09096 2.14375 1.36364 1.59688
-1.04413 1.8375 1.3512 1.88125
-1.36595 1.88125 1.34399 1.59688
-1.96921 1.88125 1.33707 1.53125
-1.97907 2.20938 1.33392 1.55313
-1.98369 2.20938 1.32613 1.4875
-1.22585 2.42813 1.31339 1.79375
-1.06272 1.925 1.29746 1.37813
-1.31055 1.81563 1.28444 1.70625
-1.9865 1.90312 1.2717 1.88125
-1.99505 2.23125 1.25868 1.50937
-2 2.3625 1.24885 1.68437
-1.28544 2.45 1.2239 1.6625
-1.12231 2.0125 1.20535 1.77188
-1.28291 1.94687 1.18593 2.0125
-1.93023 1.94687 1.17697 1.42188
-2 2.29688 1.16976 1.8375
-2 2.34063 1.16546 1.68437
-1.3071 2.40625 1.15272 1.70625
-1.23119 1.99063 1.14231 1.44375
-1.3931 2.03437 1.13859 1.35625
-1.79154 2.03437 1.13545 1.46562
-2 2.25312 1.13493 1.24687
-2 2.3625 1.13731 1.33438
-1.48952 2.42813 1.13243 1.29062
-1.25415 2.14375 1.13074 1.79375
-1.32754 2.05625 1.12789 1.70625
-1.74051 2.05625 1.12911 1.6625
-2 2.23125 1.13499 1.24687
-2 2.29688 1.13678 1.64062
-1.5984 2.40625 1.13772 1.55313
-1.18945 2.14375 1.13429 1.70625
-1.3492 1.99063 1.13231 1.50937
-1.67364 2.12188 1.13469 1.29062
-2 2.16562 1.13824 1.29062
-2 2.31875 1.13975 1.55313
-1.57383 2.40625 1.13894 1.4
-1.25079 2.16562 1.13347 1.225
-1.20396 1.94687 1.1315 1.3125
-1.52754 1.99063 1.12806 1.29062
-2 2.1 1.12958 1.29062
-2 2.34063 1.12731 1.225
-1.62994 2.34063 1.12621 1.42188
-1.21837 2.1 1.11842 1.50937
-1.00901 1.79375 1.11033 1.29062
-1.32867 1.85938 1.10603 1.72812
-1.85663 1.925 1.10261 1.26875
-2 2.20938 1.10179 1.42188
-1.70597 2.275 1.09924 1.24687
-1.26533 2.14375 1.09115 1.24687
-0.981972 2.0125 1.08103 1.225
-1.04927 1.81563 1.07412 1.50937
-1.5323 1.81563 1.07156 1.68437
-1.78668 2.0125 1.07162 1.29062
-1.9499 1.925 1.07081 1.72812
-1.38104 2.16562 1.06708 1.72812
-1.01091 1.85938 1.05842 1.72812
-0.816089 1.70625 1.05005 1.4875
-1.32428 1.64062 1.04692 1.6625
-1.73725 1.81563 1.05047 1.72812
-1.94846 1.94687 1.05489 1.42188
-1.62934 2.1 1.05321 1.68437
-1.17416 1.925 1.05065 1.6625
-0.818123 1.72812 1.0449 1.225
-1.16379 1.4875 1.04321 1.68437
-1.80849 1.72812 1.04618 1.46562
-2 1.96875 1.05235 1.68437
-1.70275 2.12188 1.05735 1.24687
-1.17619 1.99063 1.05654 1.6625
-0.892841 1.77188 1.05253 0.984375
-1.16582 1.8375 1.05143 0.91875
-1.73739 1.70625 1.0544 1.26875
-2 1.99063 1.06463 1.55313
-1.66203 2.12188 1.0647 1.44375
-1.26545 2.0125 1.06388 1.44375
-0.938486 1.79375 1.06046 1.53125
-1.09517 1.61875 1.05936 1.00625
-1.57821 1.61875 1.06116 0.9625
-2 1.925 1.06676 1.00625
-1.82267 2.14375 1.07031 1.4
-1.33972 2.05625 1.06688 1.59688
-0.940069 1.85938 1.05996 1.68437
-0.889758 1.68437 1.05566 1.07187
-1.37018 1.64062 1.05572 1.4
-1.94306 1.81563 1.0584 1.4
-2 2.1 1.06283 1.29062
-1.49773 2.25312 1.05853 1.44375
-0.935561 2.07812 1.05161 0.940625
-0.65004 1.75 1.04295 1.55313
-1.03932 1.575 1.0404 1.02812
-1.77079 1.68437 1.03989 0.940625
-2 2.1 1.04344 0.940625
-1.65052 2.16562 1.04175 1.07187
-1.04735 1.99063 1.03571 1.00625
-0.674606 1.68437 1.02822 1.55313
-0.799598 1.575 1.02218 1.4
-1.55753 1.55313 1.02136 1.53125
-2 1.99063 1.02433 1.00625
-2 2.12188 1.02731 1.50937
-1.15959 2.16562 1.02388 1.55313
-0.668789 1.70625 1.01522 1.33438
-0.659023 1.53125 1.00976 1.44375
-1.29804 1.4 1.00605 1.1375
-2 1.64062 1.01134 1.44375
-2 1.96875 1.01664 1.24687
-1.35729 2.03437 1.01438 1.46562
-0.707892 1.70625 1.00834 1.42188
-0.581829 1.46562 0.998805 1.55313
-1.22085 1.33438 0.999166 1.24687
-2 1.64062 1.00272 1.15938
-2 2.0125 1.00772 1.24687
-1.3977 2.0125 1.00576 1.42188
-0.791914 1.75 0.999711 1.50937
-0.651764 1.44375 0.992803 1.50937
-1.21679 1.4 0.989666 1.42188
-2 1.64062 0.99467 1.225
-2 2.05625 0.998811 1.15938
-1.59716 2.07812 0.997127 1.53125
-0.789164 1.94687 0.992255 1.61875
-0.61949 1.53125 0.98214 1.53125
-1.05238 1.46562 0.983074 1.1375
-1.6997 1.575 0.988668 1.6625
-2 1.88125 0.992509 1.35625
-2 2.20938 0.995487 1.3125
-0.948489 2.3625 0.992059 1.53125
-0.530826 1.64062 0.986314 1.53125
-0.79988 1.4875 0.984631 1.55313
-1.69126 1.53125 0.991098 1.11563
-2 1.99063 0.999881 1.02812
-2 2.07812 1.00809 1.05
-1.22587 1.88125 1.00903 1.53125
-0.690151 1.72812 1.00415 1.05
-0.769364 1.55313 1.0016 1.575
-1.32378 1.64062 1.00051 0.9625
-2 1.8375 1.01336 1.05
-2 2.16562 1.02157 1.53125
-1.42402 2.1 1.01873 1.55313
-0.614715 1.925 1.01356 1.33438
-0.605399 1.575 1.01363 1.37813
-1.47832 1.70625 1.01718 1.33438
-2 2.07812 1.02539 1.4875
-2 2.05625 1.03418 1.6625
-1.21644 2.12188 1.03076 1.225
-0.770564 1.88125 1.02908 1.33438
-0.790322 1.64062 1.02827 1.61875
-1.52049 1.59688 1.03474 1.05
-2 1.99063 1.04557 1.33438
-2 2.1875 1.05435 1.44375
-1.3313 2.20938 1.05646 1.59688
-0.681901 1.88125 1.05682 1.59688
-0.718812 1.575 1.05513 1.59688
-1.40275 1.4875 1.06247 1.07187
-2 1.70625 1.06778 1.4
-2 2.1875 1.08005 1.24687
-1.6549 1.925 1.09175 1.15938
-0.803747 1.925 1.086 1.46562
-0.767523 1.53125 1.09217 1.575
-1.15941 1.55313 1.09689 1.02812
-2 1.64062 1.10074 1.18125
-2 2.20938 1.11244 1.18125
-2 2.07812 1.12413 1.61875
-0.940989 2.51562 1.12304 1.59688
-0.771314 1.59688 1.11933 1.72812
-0.882219 1.61875 1.12144 1.70625
-1.7313 1.68437 1.13285 1.4875
-2 2.0125 1.1457 1.15938
-2 2.12188 1.15566 1.37813
-1.29759 2.20938 1.1566 1.79375
-0.897086 1.81563 1.15754 1.75
-0.847633 1.96875 1.1611 1.55313
-1.32851 1.6625 1.16639 1.55313
-1.90269 1.77188 1.17257 1.72812
-2 2.03437 1.18427 1.4
-1.71018 2.14375 1.19074 1.77188
-1.0211 2.03437 1.19197 1.79375
-0.736887 1.70625 1.19233 1.81563
-1.09709 1.59688 1.20083 1.59688
-1.65588 1.79375 1.20642 1.61875
-2 1.925 1.21492 1.94687
-2 2.12188 1.22313 1.8375
-1.23017 2.16562 1.22989 1.8375
-0.784289 1.79375 1.22473 1.4
-0.777589 1.61875 1.22596 1.79375
-1.53552 1.59688 1.23243 1.8375
-2 1.94687 1.24471 1.64062
-2 2.20938 1.25699 1.88125
-1.34764 2.16562 1.26201 1.8375
-0.94668 1.75 1.25772 1.53125
-0.852308 1.6625 1.25808 1.8375
-1.28781 1.61875 1.26658 1.81563
-2 1.77188 1.27886 1.70625
-2 2.16562 1.28184 2.0125
-1.59549 2.12188 1.28744 2.05625
-0.700276 2.0125 1.28723 1.26875
-0.642114 1.50937 1.28613 1.8375
-1.37097 1.46562 1.29173 1.75
-2 1.79375 1.30256 1.42188
-2 2.1 1.30873 1.77188
-1.38792 2.1 1.31723 1.99063
-0.783439 1.79375 1.3115 1.96875
-0.774981 1.50937 1.31564 1.94687
-1.21093 1.55313 1.31629 2.03437
-1.90011 1.75 1.32857 1.4875
-2 2.03437 1.33418 1.46562
-1.61993 2.14375 1.34529 2.0125
-0.811072 1.96875 1.33984 2.07812
-0.641398 1.53125 1.33758 2.0125
-1.00029 1.46562 1.34057 1.96875
-1.68991 1.64062 1.34704 1.81563
-2 1.94687 1.35641 1.99063
-2 2.14375 1.36405 1.575
-1.13206 2.1875 1.36296 1.77188
-0.641264 1.70625 1.36274 1.4
-0.602424 1.50937 1.36078 1.85938
-1.40311 1.59688 1.36725 1.55313
-2 1.8375 1.37459 1.44375
-2 2.0125 1.3863 1.35625
-1.33152 2.12188 1.38928 1.8375
-0.725737 1.77188 1.38382 2.07812
-0.598365 1.50937 1.38419 2.0125
-1.10569 1.35625 1.38455 2.16562
-1.75257 1.59688 1.39219 1.59688
-2 1.85938 1.40215 1.96875
-1.52967 2.03437 1.40193 2.23125
-0.881586 1.90312 1.40084 2.25312
-0.624689 1.55313 1.39946 2.07812
-0.867736 1.50937 1.39838 2.1875
-1.67059 1.575 1.40397 2.16562
-1.95448 1.925 1.41655 2.03437
-1.9155 2.03437 1.42157 1.99063
-1.03743 2.1875 1.42281 1.33438
-0.499551 1.6625 1.41212 1.6625
-0.738223 1.42188 1.41481 1.4875
-1.5706 1.50937 1.41983 1.50937
-2 1.88125 1.42833 1.96875
-2 1.99063 1.43597 1.925
-1.10259 2.14375 1.43983 1.90312
-0.584024 1.55313 1.43438 2.1
-0.603781 1.4 1.433 1.53125
-1.33133 1.35625 1.43453 1.96875
-2 1.72812 1.44566 1.925
-2 1.99063 1.45706 2.16562
-1.23067 2.1 1.4586 2.16562
-0.740323 1.6625 1.45373 1.55313
-0.757014 1.44375 1.44828 1.96875
-1.2815 1.4875 1.45243 1.88125
-1.72485 1.75 1.45628 1.70625
-2 1.88125 1.46566 2.16562
-1.41343 2.07812 1.46894 1.99063
-0.853869 1.81563 1.4664 2.20938
-0.75733 1.53125 1.4595 2.16562
-1.07392 1.4875 1.46131 1.94687
-1.88115 1.50937 1.46808 1.68437
-2 2.14375 1.47572 1.64062
-1.57103 2.07812 1.47608 1.61875
-0.924254 1.90312 1.47238 1.96875
-0.727264 1.53125 1.46839 1.88125
-0.956632 1.55313 1.46643 1.59688
-1.60134 1.6625 1.47116 2.20938
-2 1.90312 1.47705 1.79375
-2 2.07812 1.48004 2.0125
-1.17824 2.47187 1.47778 2.25312
-0.732814 1.64062 1.47146 2.275
-0.725664 1.59688 1.46515 2.25312
-1.39683 1.53125 1.46552 1.77188
-2 1.88125 1.46967 2.12188
-2 2.20938 1.47177 2.03437
-1.7785 2.14375 1.4704 1.925
-0.813666 2.12188 1.46176 2.16562
-0.732523 1.68437 1.45166 2.12188
-1.05087 1.53125 1.44622 1.90312
-2 1.64062 1.44658 2.14375
-2 2.14375 1.44608 1.64062
-2 2.12188 1.44412 2.03437
-0.977815 2.31875 1.43606 2.05625
-0.692295 1.6625 1.4216 1.68437
-1.0525 1.55313 1.41267 1.6625
-1.97602 1.70625 1.40663 1.79375
-2 2.14375 1.40642 2.05625
-2 2.14375 1.40243 1.90312
-1.14589 2.25312 1.39088 1.90312
-0.865602 1.77188 1.3773 2.0125
-1.06504 1.55313 1.36313 1.99063
-1.78198 1.75 1.35652 2.05625
-2 2.07812 1.35166 1.75
-2 2.1875 1.3404 1.81563
-1.36195 2.29688 1.32798 2.1
-1.03674 1.94687 1.31032 1.85938
-1.03352 1.70625 1.29383 2.07812
-1.55931 1.75 1.28344 1.4
-2 2.0125 1.27829 2.05625
-2 2.25312 1.27052 1.77188
-1.44718 2.275 1.26449 1.42188
-1.09245 1.96875 1.24974 1.42188
-1.11875 1.85938 1.24401 1.37813
-1.60223 1.8375 1.24118 1.20312
-2 2.05625 1.24271 1.44375
-2 2.29688 1.24338 1.61875
-1.59141 2.29688 1.23648 1.88125
-1.2239 2.14375 1.22842 2.07812
-1.17882 1.88125 1.22559 1.72812
-1.45573 1.94687 1.22073 1.90312
-1.98675 2.05625 1.22051 1.8375
-2 2.34063 1.22118 1.88125
-1.95677 2.34063 1.21807 1.8375
-1.24168 2.34063 1.21001 1.8375
-1.15168 1.99063 1.20543 1.79375
-1.28059 1.99063 1.20144 1.75
-1.72309 2.03437 1.19745 1.55313
-2 2.1875 1.20073 1.64062
-2 2.29688 1.19965 1.79375
-1.41805 2.40625 1.19566 1.6625
-1.16814 2.05625 1.19255 1.77188
-1.25259 1.90312 1.18652 1.68437
-1.45681 2.0125 1.18602 1.4875
-1.78432 2.05625 1.18842 1.4
-2 2.1875 1.18851 1.4875
-1.66188 2.34063 1.1883 1.75
-1.33929 2.14375 1.18198 1.75
-1.05769 1.96875 1.17567 1.72812
-1.17121 1.81563 1.16965 1.81563
-1.49303 1.90312 1.1677 1.6625
-1.86284 2.0125 1.16894 1.59688
-1.86661 2.1875 1.16728 1.81563
-1.47264 2.14375 1.16126 1.75
-1.14699 1.94687 1.15407 1.81563
-0.981689 1.79375 1.14601 1.6625
-1.33042 1.6625 1.14348 1.6625
-1.58001 1.8375 1.1424 1.53125
-1.94806 1.90312 1.14218 1.77188
-1.747 2.16562 1.14082 1.81563
-1.33719 2.07812 1.13538 1.4875
-0.982905 1.8375 1.12936 1.18125
-1.0502 1.64062 1.12479 1.79375
-1.37071 1.6625 1.12458 1.77188
-1.73921 1.77188 1.12496 1.575
-1.9465 1.99063 1.12562 1.575
-1.497 2.12188 1.126 1.3125
-1.17179 1.81563 1.1223 1.72812
-1.00605 1.77188 1.1186 1.72812
-1.16318 1.6625 1.11868 1.75
-1.57398 1.70625 1.11964 1.575
-1.89756 1.88125 1.12554 1.75
-1.78503 2.1 1.12824 1.70625
-1.33116 2.05625 1.1292 1.75
-0.933269 1.81563 1.12811 1.72812
-1.04417 1.59688 1.12704 1.75
-1.40875 1.6625 1.12886 1.4875
-1.77856 1.79375 1.13651 1.1375
-1.94223 1.925 1.14008 1.75
-1.42005 2.14375 1.14279 1.53125
-1.09439 1.85938 1.14316 1.70625
-0.929094 1.68437 1.14063 1.53125
-1.20383 1.6625 1.14246 1.4875
-1.61463 1.6625 1.14836 1.77188
-1.73601 1.88125 1.14961 1.575
-1.57856 1.94687 1.15434 1.53125
-1.16875 1.90312 1.15443 1.53125
-1.09022 1.6625 1.15335 1.79375
-1.04252 1.6625 1.15169 1.79375
-1.28949 1.64062 1.15352 1.59688
-1.61177 1.64062 1.15593 1.46562
-1.77544 1.8375 1.15776 1.77188
-1.36825 2.14375 1.16047 1.46562
-1.08796 1.6625 1.1559 1.29062
-0.964964 1.59688 1.15482 1.70625
-1.1221 1.50937 1.15317 1.68437
-1.60428 1.53125 1.15383 1.90312
-1.79833 1.8375 1.15915 1.85938
-1.6105 1.96875 1.15837 1.8375
-1.15532 1.8375 1.15816 1.68437
-0.917336 1.59688 1.15214 1.85938
-1.02824 1.50937 1.14845 1.77188
-1.4655 1.55313 1.14766 1.64062
-1.71771 1.79375 1.15211 1.61875
-1.79416 1.90312 1.15103 1.8375
-1.35658 1.94687 1.14938 1.8375
-0.987763 1.77188 1.1451 1.8375
-0.953297 1.575 1.14228 1.55313
-1.22803 1.4875 1.13598 1.64062
-1.66791 1.6625 1.13896 1.50937
-1.79059 1.925 1.1408 1.72812
-1.60145 2.0125 1.14001 1.46562
-1.03042 1.88125 1.13487 1.225
-1.02503 1.59688 1.12973 1.64062
-1.02095 1.64062 1.12807 1.55313
-1.45952 1.59688 1.12641 1.64062
-1.75533 1.81563 1.12969 1.53125
-1.87671 2.12188 1.13065 1.61875
-1.30829 2.1 1.12842 1.24687
-1.0267 1.81563 1.12385 1.50937
-0.946005 1.6625 1.11609 1.59688
-1.42557 1.59688 1.11531 1.61875
-1.77953 1.85938 1.11801 1.575
-1.78461 2.03437 1.11985 1.64062
-1.46463 2.07812 1.11674 1.59688
-1.11166 1.94687 1.11654 1.6625
-0.859141 1.70625 1.10819 1.50937
-1.26471 1.59688 1.10799 1.575
-1.54468 1.79375 1.10924 1.29062
-2 1.88125 1.1134 1.70625
-1.59628 2.20938 1.11291 1.6625
-1.30407 1.96875 1.11213 1.68437
-0.788573 1.81563 1.10873 1.70625
-1.06069 1.53125 1.10446 1.70625
-1.45434 1.6625 1.10454 1.68437
-1.98406 1.85938 1.10899 1.59688
-1.71248 2.16562 1.11549 1.50937
-1.2749 2.03437 1.11209 1.59688
-0.976154 1.81563 1.10694 1.575
-1.05884 1.64062 1.10559 1.3125
-1.49741 1.68437 1.10568 1.53125
-1.75093 1.925 1.11304 1.46562
-1.87054 2.0125 1.11401 1.42188
-1.39066 2.05625 1.11497 1.64062
-1.06545 1.85938 1.11012 1.50937
-1.01645 1.68437 1.10585 1.53125
-1.33696 1.72812 1.10653 1.53125
-1.75038 1.68437 1.11156 1.50937
-1.87176 1.96875 1.11631 1.72812
-1.50948 2.0125 1.11524 1.75
-1.18644 1.79375 1.11621 1.18125
-1.02245 1.70625 1.1163 1.75
-1.17958 1.64062 1.11349 1.77188
-1.59038 1.70625 1.11794 1.26875
-1.83022 2.1875 1.12879 1.4875
-1.78907 2.1 1.13237 1.55313
-1.30788 2.16562 1.13538 1.68437
-1.02628 1.72812 1.13372 1.8375
-1.0645 1.575 1.13091 1.8375
-1.54623 1.68437 1.13943 1.64062
-1.75744 1.99063 1.14534 1.72812
-1.6753 2.12188 1.15591 1.64062
-1.47162 1.99063 1.15774 1.35625
-1.14641 1.8375 1.159 1.8375
-1.23041 1.70625 1.15764 1.53125
-1.39016 1.90312 1.16384 1.44375
-1.83004 1.96875 1.16801 1.72812
-1.6752 2.1875 1.17508 1.75
-1.60498 2.05625 1.17983 1.79375
-1.19516 2.03437 1.18109 1.44375
-1.11925 1.90312 1.18292 1.75
-1.23408 1.79375 1.18506 1.79375
-1.71757 1.8375 1.19242 1.20312
-1.88256 2.14375 1.19687 1.81563
-1.79779 2.14375 1.20656 1.81563
-1.28753 2.16562 1.20637 1.81563
-0.991396 1.94687 1.20938 1.81563
-1.07408 1.75 1.20627 1.4875
-1.46773 1.75 1.21334 1.81563
-1.83754 1.94687 1.22565 1.61875
-1.68271 2.1 1.23476 1.77188
-1.47903 2.03437 1.23719 1.6625
-1.19744 1.90312 1.23553 1.90312
-1.03345 1.72812 1.23476 1.88125
-1.35311 1.61875 1.24503 1.53125
-1.51678 1.90312 1.25298 1.42188
-1.68045 1.94687 1.25802 1.35625
-1.44725 1.99063 1.26452 1.925
-1.28326 1.79375 1.26315 1.99063
-1.07566 1.75 1.26761 1.79375
-1.27771 1.64062 1.26771 2.03437
-1.51276 1.77188 1.28118 1.75
-1.63283 1.8375 1.28244 1.88125
-1.76612 1.925 1.29446 1.925
-1.314 2.0125 1.29921 2.07812
-1.12094 1.72812 1.29582 2.07812
-0.984713 1.70625 1.29941 1.90312
-1.39159 1.59688 1.3027 2.07812
-1.62795 1.81563 1.31559 1.88125
-1.67664 1.85938 1.32151 2.05625
-1.44519 1.94687 1.32858 2.1
-1.19398 1.8375 1.33333 2.1
-0.957305 1.70625 1.33227 1.81563
-1.11575 1.61875 1.33673 2.05625
-1.59793 1.68437 1.34642 2.1875
-1.67438 1.90312 1.35379 2.1
-1.67684 1.94687 1.35476 2.16562
-1.23664 1.99063 1.35834 2.07812
-0.984121 1.75 1.3628 2.1
-0.980038 1.68437 1.35999 2.12188
-1.34331 1.6625 1.36562 2.14375
-1.78449 1.77188 1.37386 2.1
-1.62704 2.03437 1.38093 2.1
-1.39298 1.96875 1.37987 1.90312
-0.790264 1.8375 1.38288 2.05625
-0.973854 1.59688 1.38007 2.05625
-1.29351 1.575 1.38453 2.05625
-1.70693 1.75 1.39277 1.81563
-1.78514 1.94687 1.39752 2.03437
-1.46517 2.0125 1.39965 2.05625
-1.1122 1.85938 1.4018 2.07812
-0.858366 1.72812 1.40102 1.925
-1.10141 1.6625 1.39647 2.05625
-1.61398 1.64062 1.40296 2.03437
-2 1.94687 1.40947 2.1
-1.66774 2.20938 1.41247 2.1
-1.11125 1.99063 1.41024 2.03437
-0.812497 1.68437 1.40802 2.07812
-0.896086 1.59688 1.40522 2.05625
-1.53687 1.59688 1.40561 2.07812
-2 1.85938 1.41443 2.03437
-1.98705 2.1 1.41715 2.05625
-1.30104 2.14375 1.41579 2.03437
-0.814614 1.77188 1.40921 2.07812
-0.778839 1.53125 1.40641 2.07812
-1.25755 1.4875 1.40505 1.88125
-1.93394 1.6625 1.40893 2.03437
-2 1.99063 1.41485 2.05625
-1.55159 2.1 1.41669 2.03437
-0.948872 1.81563 1.41128 2.0125
-0.811339 1.61875 1.40876 1.99063
-1.17375 1.55313 1.4042 1.94687
-1.90698 1.6625 1.40809 1.96875
-2 2.03437 1.41371 1.94687
-1.67 2.14375 1.41004 1.96875
-1.02498 1.99063 1.40491 1.99063
-0.901986 1.72812 1.39687 1.96875
-1.17541 1.68437 1.39146 1.99063
-1.90865 1.77188 1.39068 2.0125
-2 2.12188 1.39137 2.05625
-1.67429 2.14375 1.39031 2.03437
-1.19048 2.07812 1.38198 1.90312
-1.02518 1.79375 1.37366 2.1
-1.2713 1.81563 1.36562 2.05625
-1.66887 1.90312 1.36078 2.07812
-2 2.03437 1.36118 1.99063
-1.67902 2.16562 1.35605 1.90312
-1.31413 1.88125 1.34685 2.07812
-1.03384 1.90312 1.33794 2.07812
-1.14867 1.77188 1.32816 2.03437
-1.55817 1.79375 1.32536 2.0125
-1.88436 1.94687 1.32081 1.88125
-2 2.07812 1.31917 2.0125
-1.36771 2.20938 1.31376 2.05625
-0.926202 1.96875 1.30601 1.90312
-0.992188 1.68437 1.29623 1.575
-1.47568 1.8375 1.2975 1.85938
-2 1.925 1.2976 1.55313
-2 2.1875 1.30353 2.0125
-1.37461 2.25312 1.30014 1.8375
-1.00362 1.85938 1.2956 2.03437
-0.970464 1.6625 1.2928 2.0125
-1.64293 1.6625 1.29669 2.0125
-2 2.0125 1.29998 2.05625
-2 2.20938 1.30591 1.33438
-1.38196 2.275 1.30572 1.99063
-1.1748 1.85938 1.30292 1.925
-1.09803 1.79375 1.3007 1.96875
-1.53791 1.77188 1.30314 1.79375
-1.98172 1.96875 1.30673 1.88125
-2 2.1875 1.31324 1.75
-1.5972 2.25312 1.31393 2.03437
-1.02486 2.0125 1.30793 1.64062
-1.06439 1.75 1.30658 2.0125
-1.50165 1.75 1.30814 1.99063
-1.80053 2.03437 1.31145 1.90312
-1.9959 2.1 1.31592 1.70625
-1.60324 2.20938 1.31486 1.99063
-1.19474 2.07812 1.31206 1.8375
-1.11318 1.88125 1.30752 1.94687
-1.38923 1.925 1.30851 1.94687
-1.71281 1.94687 1.31268 1.50937
-2 2.1 1.31802 1.72812
-1.64811 2.25312 1.31871 1.96875
-1.19207 2.07812 1.31766 1.59688
-0.996389 1.8375 1.31398 1.94687
-1.10905 1.77188 1.3138 1.79375
-1.66653 1.8375 1.32002 1.79375
-1.83413 2.03437 1.32682 1.50937
-1.92381 2.16562 1.331 1.50937
-1.28186 2.25312 1.32936 1.81563
-1.02934 1.88125 1.3315 1.81563
-1.02395 1.77188 1.32755 1.79375
-1.55019 1.64062 1.33405 1.96875
-1.83147 2.03437 1.3391 1.79375
-1.76386 2.12188 1.34677 1.94687
-1.39941 2.14375 1.34688 1.925
-1.07421 1.90312 1.3467 1.90312
-1.02651 1.81563 1.34594 1.75
-1.38892 1.75 1.34693 1.8375
-1.80103 1.88125 1.35459 1.99063
-1.71934 2.3625 1.3611 1.96875
-1.39806 2.07812 1.36325 1.99063
-1.11777 1.90312 1.35899 1.96875
-1.15644 1.85938 1.36463 1.88125
-1.18535 1.77188 1.36823 1.99063
-1.66798 1.75 1.37008 1.8375
-1.75897 2.03437 1.37862 1.94687
-1.60022 2.1 1.38572 1.90312
-1.32038 2.25312 1.3835 2.07812
-1.02425 1.925 1.38623 2.05625
-1.15275 1.64062 1.39506 2.05625
-1.50148 1.72812 1.39721 1.90312
-1.95766 1.88125 1.40604 1.94687
-1.83059 2.1 1.41692 1.68437
-1.32033 2.03437 1.41993 1.96875
-0.949344 1.79375 1.42237 2.05625
-0.943952 1.61875 1.42481 2.07812
-1.42527 1.61875 1.43423 2.05625
-2 1.79375 1.44451 1.96875
-2 2.1 1.45102 2.16562
-1.43702 2.12188 1.45549 2.14375
-0.907441 1.81563 1.45735 2.16562
-0.826748 1.575 1.46125 2.1
-1.21823 1.4875 1.46892 2.05625
-1.95147 1.79375 1.47543 2.12188
-2 2.16562 1.48426 1.99063
-1.50749 2.14375 1.49426 2.14375
-0.948836 1.81563 1.49263 2.20938
-0.824531 1.6625 1.491 2.05625
-1.09841 1.4 1.49867 1.99063
-1.5819 1.6625 1.50664 2.05625
-2 1.85938 1.51461 2.05625
-1.75155 2.20938 1.52285 2.1875
-1.22413 2.07812 1.52413 2.1875
-0.824073 1.81563 1.52105 2.20938
-0.846447 1.64062 1.52639 2.25312
-1.25247 1.61875 1.5268 2.0125
-1.89848 1.90312 1.53651 2.07812
-1.7441 2.14375 1.54593 2.23125
-1.54087 2.05625 1.55128 2.23125
-1.01215 1.94687 1.55284 2.14375
-0.815606 1.77188 1.55034 2.25312
-1.08773 1.59688 1.54959 1.75
-1.52805 1.61875 1.55668 2.1
-1.80933 1.99063 1.56465 2.1875
-1.65103 2.07812 1.56825 2.03437
-1.16591 2.03437 1.56837 2.23125
-1.00061 1.75 1.56936 2.34063
-0.966147 1.68437 1.56948 2.29688
-1.52146 1.61875 1.57396 2.3625
-1.73006 2.03437 1.58018 2.31875
-1.80651 2.05625 1.58728 2.31875
-1.32446 2.12188 1.58652 2.3625
-1.08778 1.85938 1.58549 2.275
-0.966097 1.75 1.58618 2.275
-1.4025 1.70625 1.58892 2.34063
-1.771 1.81563 1.59165 2.38437
-1.73246 1.94687 1.59817 2.31875
-1.45655 1.99063 1.60091 2.29688
-1.04412 1.8375 1.59841 2.34063
-1.04004 1.6625 1.59795 2.3625
-1.28615 1.6625 1.59865 2.31875
-1.68242 1.75 1.60313 2.07812
-1.8474 1.99063 1.60791 1.59688
-1.52919 2.1 1.61151 2.31875
-1.1326 1.925 1.60988 2.45
-0.996829 1.72812 1.60681 2.38437
-1.1262 1.75 1.6078 2.07812
-1.63876 1.70625 1.60909 2.1
-1.73151 1.99063 1.61415 2.40625
-1.64674 2.0125 1.61368 2.3625
-1.25192 1.925 1.61381 2.34063
-1.13154 1.75 1.61044 2.31875
-1.20276 1.77188 1.61143 2.3625
-1.52417 1.81563 1.60748 2.31875
-1.73276 1.99063 1.61284 2.29688
-1.7819 2.12188 1.61528 2.29688
-1.48969 2.14375 1.61308 2.42813
-1.16755 1.90312 1.60535 2.40625
-1.04717 1.88125 1.6017 2.1875
-1.32367 1.75 1.59601 2.40625
-1.80847 1.8375 1.59583 2.40625
-2 2.12188 1.59596 2.38437
-1.63008 2.20938 1.5923 2.38437
-1.21941 2.0125 1.5805 2.05625
-1.0105 1.8375 1.56435 2.25312
-1.33061 1.70625 1.55487 2.23125
-1.74141 1.90312 1.54656 1.77188
-2 2.07812 1.54233 2.16562
-1.63572 2.25312 1.52994 2.1
-1.31489 2.07812 1.52047 2.12188
-1.06367 1.88125 1.50548 2.1875
-1.31109 1.75 1.49949 2.07812
-1.63468 1.94687 1.48624 2.34063
-1.87541 1.99063 1.48346 1.99063
-1.87918 2.1 1.47952 2.3625
-1.51735 2.20938 1.47208 2.38437
-1.23882 1.99063 1.46639 2.23125
-1.28097 1.88125 1.45808 2.1875
-1.60369 1.85938 1.45675 2.42813
-2 2.12188 1.45659 2.42813
-1.8495 2.275 1.45351 2.40625
-1.6925 2.20938 1.45538 2.3625
-1.41614 2.14375 1.45347 2.3625
-1.41512 1.96875 1.45127 2.42813
-1.69509 2.0125 1.45023 2.14375
-1.94906 2.16562 1.45152 2.40625
-1.86736 2.275 1.45368 2.31875
-1.70991 2.42813 1.45352 2.14375
-1.51991 2.275 1.45306 2.16562
-1.5942 2.29688 1.45697 2.03437
-1.84509 2.1875 1.45971 2.1875
-1.881 2.31875 1.46391 2.1875
-1.81253 2.34063 1.46694 2.25312
-1.65377 2.275 1.4691 2.1875
-1.49547 2.20938 1.47213 2.14375
-1.54068 2.14375 1.47342 2.23125
-1.86426 2.12188 1.47878 2.1875
-1.87109 2.34063 1.48269 2.20938
-1.83301 2.275 1.48834 2.20938
-1.58703 2.275 1.48933 2.14375
-1.55824 2.25312 1.48801 2.23125
-1.47001 2.16562 1.48581 2.29688
-1.75043 2.1 1.48797 1.94687
-1.84272 2.275 1.48838 2.275
-1.84694 2.31875 1.48968 2.23125
-1.68863 2.25312 1.48894 2.16562
-1.44179 2.25312 1.48586 2.25312
-1.44164 2.12188 1.48279 2.0125
-1.57145 2.0125 1.47623 2.16562
-1.76465 2.20938 1.47259 1.94687
-1.8997 2.05625 1.46951 2.23125
-1.7427 2.29688 1.46731 2.14375
-1.53772 2.20938 1.46308 2.1
-1.33187 2.05625 1.45449 2.23125
-1.37316 1.96875 1.44561 2.1875
-1.57828 2.03437 1.44515 2.14375
-1.69879 2.12188 1.44441 2.1875
-1.77524 2.16562 1.44308 1.99063
-1.70416 2.40625 1.44205 1.94687
-1.54323 2.12188 1.43928 2.14375
-1.49861 2.12188 1.43882 2.14375
-1.4249 2.05625 1.43692 2.0125
-1.49788 1.99063 1.43734 2.1
-1.70386 2.12188 1.43717 1.96875
-1.75168 2.16562 1.44051 1.96875
-1.62376 2.16562 1.44325 1.79375
-1.59498 2.16562 1.44309 2.05625
-1.50674 2.1 1.44438 1.72812
-1.55195 2.07812 1.44568 1.85938
-1.75838 2.0125 1.4461 2.0125
-1.76083 2.20938 1.44681 2.03437
-1.76243 2.20938 1.44636 2.07812
-1.60413 2.23125 1.44446 2.07812
-1.56081 2.12188 1.4443 2.05625
-1.47257 2.14375 1.44268 1.90312
-1.679 2.05625 1.43991 2.07812
-1.72421 2.20938 1.44004 2.07812
-1.72712 2.1875 1.43581 2.20938
-1.61111 2.23125 1.43188 2.16562
-1.48057 2.12188 1.42793 2.16562
-1.56808 2.1 1.42516 2.07812
-1.68598 2.07812 1.42064 2.23125
-1.68889 2.1875 1.41844 2.23125
-1.69049 2.1875 1.41509 2.14375
-1.52826 2.1875 1.40912 2.16562
-1.45455 2.05625 1.4046 2.275
-1.40993 2.03437 1.40095 2.1875
-1.68904 2.03437 1.40341 2.20938
-1.80824 2.16562 1.40413 2.20938
-1.81115 2.20938 1.40513 2.25312
-1.57885 2.25312 1.4041 2.25312
-1.48799 2.14375 1.40336 2.20938
-1.37068 2.1 1.4064 2.16562
-1.57449 2.05625 1.41003 2.1875
-1.85491 2.1875 1.41743 2.07812
-1.78513 2.49375 1.42018 2.16562
-1.81712 2.25312 1.42933 2.1
-1.5399 2.29688 1.43208 2.1875
-1.42258 2.14375 1.4357 2.25312
-1.49425 2.16562 1.43816 2.1
-1.65707 2.25312 1.44323 2.07812
-1.8648 2.25312 1.4486 2.03437
-1.8241 2.40625 1.45368 1.4875
-1.66493 2.3625 1.45672 2.16562
-1.47363 2.23125 1.45918 1.59688
-1.34047 2.12188 1.4599 2.14375
-1.5892 2.03437 1.46411 2.0125
-1.79563 2.16562 1.46889 2.20938
-1.95844 2.25312 1.47252 1.575
-1.80013 2.31875 1.47615 2.25312
-1.43614 2.275 1.47774 2.25312
-1.22899 2.07812 1.47904 2.05625
-1.31389 1.94687 1.4783 2.38437
-1.70799 2.05625 1.47989 2.20938
-1.98972 2.12188 1.48817 2.34063
-1.99393 2.29688 1.49179 2.29688
-1.51234 2.29688 1.49135 2.1
-1.23119 2.0125 1.49352 2.29688
-1.18264 1.925 1.49337 2.29688
-1.63489 1.99063 1.49612 2.29688
-2 2.1 1.50294 2.29688
-2 2.25312 1.51268 2.275
-1.64668 2.25312 1.51689 2.29688
-1.32192 2.1 1.51935 2.275
-1.18745 1.99063 1.52036 1.68437
-1.50801 1.96875 1.52719 2.1
-1.91926 2.03437 1.52848 2.275
-1.96971 2.55938 1.54287 2.23125
-1.72332 2.275 1.54912 2.34063
-1.44479 2.14375 1.54954 2.31875
-1.23502 2.05625 1.55696 2.20938
-1.64235 1.94687 1.56203 2.3625
-1.83731 2.16562 1.57293 2.29688
-1.88383 2.20938 1.58092 2.34063
-1.72552 2.23125 1.58396 1.72812
-1.48975 2.1875 1.58527 2.31875
-1.44512 2.1 1.59326 2.31875
-1.60532 2.16562 1.60038 2.38437
-1.92935 2.14375 1.61099 2.31875
-2 2.29688 1.61868 2.34063
-1.77395 2.38437 1.62726 2.1875
-1.4082 2.275 1.63002 2.1875
-1.36226 2.14375 1.63365 2.40625
-1.56476 2.1 1.63758 2.25312
-2 2.12188 1.64732 2.40625
-2 2.31875 1.65676 2.34063
-1.78269 2.38437 1.6662 2.42813
-1.41694 2.31875 1.66344 2.42813
-1.29832 2.07812 1.66882 2.275
-1.50082 2.1 1.67798 2.45
-1.85523 2.16562 1.68684 2.42813
-2 2.29688 1.69426 2.42813
-1.95351 2.38437 1.70545 2.47187
-1.54414 2.34063 1.70414 2.51562
-1.46913 2.23125 1.71271 2.47187
-1.51087 2.16562 1.71548 2.42813
-1.74768 2.20938 1.72114 2.40625
-2 2.275 1.73146 2.49375
-2 2.40625 1.7412 2.5375
-1.75902 2.42813 1.74571 2.40625
-1.4818 2.25312 1.75109 2.58125
-1.43631 2.14375 1.75123 2.51562
-1.71412 2.14375 1.75865 2.5375
-2 2.29688 1.76665 2.49375
-2 2.45 1.77551 2.38437
-1.88929 2.42813 1.78176 2.5375
-1.53853 2.40625 1.78278 2.55938
-1.45029 2.20938 1.78816 2.55938
-1.6541 2.16562 1.79209 2.47187
-1.89222 2.275 1.80154 2.58125
-2 2.3625 1.80808 2.51562
-1.94602 2.40625 1.81404 2.55938
-1.67011 2.38437 1.81797 2.51562
-1.46426 2.275 1.82073 2.5375
-1.5813 2.16562 1.82262 2.5375
-1.83265 2.29688 1.82917 2.5375
-1.95447 2.31875 1.83542 2.5375
-2 2.42813 1.8408 2.60312
-1.72684 2.45 1.84444 2.625
-1.59499 2.31875 1.84546 2.64688
-1.47681 2.31875 1.84561 2.625
-1.68193 2.20938 1.84954 2.58125
-1.92005 2.31875 1.85404 2.60312
-2 2.40625 1.86118 2.625
-1.89855 2.49375 1.86306 2.69062
-1.6081 2.47187 1.8638 2.66875
-1.41594 2.29688 1.86133 2.7125
-1.64882 2.1875 1.86497 2.75625
-2 2.29688 1.86686 2.66875
-2 2.49375 1.87137 2.69062
-1.98043 2.42813 1.87065 2.7125
-1.58736 2.45 1.86993 2.55938
-1.37759 2.31875 1.86165 2.625
-1.60962 2.25312 1.85976 2.77813
-1.81735 2.25312 1.8602 2.49375
-2 2.29688 1.85918 2.7125
