torque_1 torque_1_t torque_2 torque_2_t
-0.404753 0.04375 -0.702213 0.13125
-0.419153 0.109375 -0.699813 -0.4375
-0.433553 0.13125 -0.697413 -0.546875
-0.447953 0 -0.695013 -0.546875
-0.462353 0.284375 -0.692313 -0.634375
-0.476753 0.546875 -0.689913 -0.765625
-0.491153 0.371875 -0.687513 -0.721875
-0.505553 0.21875 -0.684241 -0.74375
-0.519953 0.459375 -0.681841 -0.7875
-0.533045 0.74375 -0.682921 -0.83125
-0.547445 0.525 -0.678776 -0.91875
-0.441624 0.30625 -0.674923 -0.853125
-0.571012 0.634375 -0.673976 -0.896875
-0.3079 0.56875 -0.66895 -0.91875
-0.566813 0.525 -0.665969 -0.875
-0.608978 0.634375 -0.663569 -0.503125
-0.62207 0.721875 -0.663776 -0.896875
-0.35765 0.56875 -0.660213 -0.56875
-0.528032 0.6125 -0.660139 -0.7875
-0.350834 0.546875 -0.65773 -0.853125
-0.667895 0.590625 -0.656202 -0.91875
-0.374401 0.809375 -0.655256 -0.875
-0.574715 0.546875 -0.653719 -0.875
-0.470202 0.83125 -0.652191 -0.853125
-0.685504 0.634375 -0.654443 -0.875
-0.419776 0.721875 -0.649708 -0.853125
-0.546547 0.809375 -0.649052 -0.875
-0.353503 0.4375 -0.648397 -0.875
-0.480275 0.35 -0.648313 -0.875
-0.535669 0.503125 -0.649693 -0.875
-0.591064 0.56875 -0.644086 -0.9625
-0.557927 0.765625 -0.642558 -0.83125
-0.495717 0.853125 -0.64451 -0.809375
-0.623347 0.7 -0.644154 -0.853125
-0.704749 0.721875 -0.640056 -0.91875
-0.553558 0.83125 -0.640319 -0.853125
-0.650805 0.875 -0.643771 -0.896875
-0.66083 0.853125 -0.643743 -0.896875
-0.787151 0.525 -0.644587 -0.83125
-0.637269 1.11563 -0.641643 -0.896875
-0.574609 0.984375 -0.641615 -0.875
-0.541023 0.853125 -0.640715 -0.853125
-0.709647 0.525 -0.643013 -0.875
-0.837276 1.02812 -0.640941 -0.7875
-0.6464 0.765625 -0.635971 -0.7875
-0.626042 0.56875 -0.635643 -1.02812
-0.474851 0.48125 -0.636197 -0.853125
-0.557562 0.896875 -0.637041 -0.853125
-0.88871 0.9625 -0.634969 -0.7875
-0.898735 1.05 -0.633197 -0.853125
-0.750161 1.18125 -0.630552 -0.853125
-0.554051 0.984375 -0.630224 -0.74375
-0.532385 1.09375 -0.631069 -0.853125
-0.49749 1.07187 -0.627543 -0.853125
-0.901324 0.48125 -0.62548 -0.7875
-1.02895 1.18125 -0.624289 -0.7875
-0.733701 1.18125 -0.619891 -0.853125
-0.53759 1.29062 -0.618991 -0.809375
-0.54369 1.02812 -0.620117 -0.809375
-0.712314 0.9625 -0.619217 -0.765625
-0.678728 0.940625 -0.614528 -0.7875
-0.89358 1.05 -0.611884 -0.91875
-0.815075 0.984375 -0.606323 -0.7
-0.749798 1.02812 -0.603678 -0.7875
-0.594682 0.9625 -0.601897 -0.875
-0.644393 0.940625 -0.601578 -0.83125
-0.769406 0.940625 -0.598634 -0.809375
-0.776814 1.11563 -0.597734 -0.809375
-0.829142 0.940625 -0.593917 -0.809375
-0.676643 0.984375 -0.593017 -0.853125
-0.682743 0.9625 -0.590073 -0.809375
-0.805139 0.984375 -0.588873 -0.83125
-0.768937 0.984375 -0.5871 -0.765625
-0.702351 0.9625 -0.5859 -0.56875
-0.57631 1.3125 -0.583256 -0.7875
-0.552027 0.875 -0.585254 -0.91875
-0.719343 0.91875 -0.579984 -0.525
-0.960652 1.26875 -0.577049 -0.809375
-0.92445 1.20312 -0.57236 -0.853125
-0.741568 1.15938 -0.573204 -0.7875
-0.380317 1.07187 -0.572004 -0.809375
-0.455177 1.02812 -0.571676 -0.7875
-0.663488 0.371875 -0.569032 -0.809375
-0.877031 1.07187 -0.565215 -0.7875
-0.958433 1.225 -0.559654 -0.809375
-0.804626 0.9625 -0.556137 -0.48125
-0.485677 0.984375 -0.555819 -0.7
-0.294496 0.940625 -0.554337 -0.415625
-0.529264 0.74375 -0.553147 -0.984375
-0.781185 0.809375 -0.549058 -0.590625
-0.903581 0.809375 -0.542924 -0.83125
-0.704854 1.02812 -0.54028 -0.809375
-0.47182 0.83125 -0.539089 -0.896875
-0.311021 0.74375 -0.537036 -0.940625
-0.340962 0.678125 -0.536717 -0.74375
-0.635186 0.678125 -0.531747 -0.721875
-0.713971 0.7875 -0.529102 -0.65625
-0.602466 0.809375 -0.525295 -0.721875
-0.604641 0.74375 -0.522069 -0.678125
-0.562755 0.765625 -0.520597 -0.7875
-0.520011 0.853125 -0.517952 -0.634375
-0.491803 0.7 -0.51618 -0.678125
-0.361837 0.525 -0.515861 -0.7875
-0.494845 0.765625 -0.514089 -0.765625
-0.495712 0.6125 -0.511445 -0.809375
-0.659961 0.590625 -0.506184 -0.634375
-0.576222 0.678125 -0.502667 -0.503125
-0.505712 0.678125 -0.497406 -0.634375
-0.37182 0.590625 -0.500004 -0.853125
-0.210163 0.6125 -0.49358 -0.678125
-0.409314 0.459375 -0.493552 -0.459375
-0.455101 0.590625 -0.492361 -0.6125
-0.618041 0.590625 -0.487391 -0.503125
-0.618908 0.634375 -0.483874 -0.765625
-0.339646 0.678125 -0.484137 -0.765625
-0.174064 0.590625 -0.489052 -0.6125
-0.173622 0.2625 -0.488443 -0.6125
-0.334396 0.459375 -0.49016 -0.590625
-0.570022 0.48125 -0.487515 -0.65625
-0.6145 0.546875 -0.485743 -0.525
-0.529452 0.65625 -0.486587 -0.590625
-0.410098 0.634375 -0.487432 -0.91875
-0.24844 0.6125 -0.491765 -0.6125
-0.0841663 0.56875 -0.493482 -0.48125
-0.518527 0.371875 -0.496943 -0.48125
-0.608783 0.6125 -0.492254 -0.459375
-0.68626 0.678125 -0.492226 -0.6125
-0.572139 0.721875 -0.492199 -0.678125
-0.455401 0.634375 -0.492171 -0.74375
-0.367737 0.7 -0.49476 -0.765625
-0.367295 0.809375 -0.495604 -0.590625
-0.456242 0.634375 -0.49296 -0.678125
-0.735929 0.678125 -0.492932 -0.56875
-0.739413 0.74375 -0.49116 -0.415625
-0.6266 0.809375 -0.487343 -0.590625
-0.423948 0.7875 -0.487606 -0.459375
-0.350821 0.721875 -0.491649 -0.35
-0.466676 0.65625 -0.490167 -0.65625
-0.584697 0.721875 -0.491884 -0.765625
-0.675402 0.721875 -0.490684 -0.4375
-0.710576 0.7875 -0.489784 -0.634375
-0.525078 0.875 -0.488302 -0.7
-0.555019 0.7 -0.490891 -0.721875
-0.477967 0.765625 -0.496969 -0.590625
-0.554136 0.9625 -0.50013 -0.65625
-0.689311 0.7875 -0.500102 -0.678125
-0.811707 0.83125 -0.502719 -0.4375
-0.698444 0.875 -0.504163 -0.721875
-0.659625 0.896875 -0.505036 -0.459375
-0.61643 0.853125 -0.509969 -0.39375
-0.618605 0.875 -0.512586 -0.83125
-0.710169 0.875 -0.515774 -0.525
-0.787646 1.00625 -0.517519 -0.678125
-0.749685 0.984375 -0.518963 -0.678125
-0.844315 1.00625 -0.518963 -0.809375
-0.761435 0.984375 -0.522152 -0.6125
-0.691783 1.18125 -0.522152 -0.634375
-0.651655 1.15938 -0.528539 -0.65625
-0.772293 0.940625 -0.530284 -0.634375
-0.746702 1.05 -0.530856 -0.721875
-0.708741 0.984375 -0.531147 -0.678125
-0.872132 0.65625 -0.5323 -0.65625
-0.921393 1.02812 -0.531428 -0.65625
-0.795351 0.875 -0.532873 -0.7
-0.608095 1.26875 -0.536061 -0.74375
-0.523048 1.09375 -0.538678 -0.7
-0.730908 1.05 -0.53925 -0.7
-0.780619 0.65625 -0.540404 -0.65625
-1.13777 1.02812 -0.535461 -0.65625
-0.867671 1.20312 -0.536615 -0.328125
-0.70818 1.24687 -0.53836 -0.678125
-0.505528 1.00625 -0.539804 -0.678125
-0.710772 0.634375 -0.541249 -0.721875
-0.642878 1.15938 -0.540958 -0.678125
-0.838818 0.91875 -0.538332 -0.83125
-0.887221 0.984375 -0.535997 -0.678125
-0.775266 1.07187 -0.530754 -0.765625
-0.687602 1.00625 -0.532208 -0.546875
-0.658945 1.02812 -0.531908 -0.590625
-0.732497 0.83125 -0.530445 -0.853125
-0.660228 0.940625 -0.529573 -0.6125
-0.73378 0.853125 -0.527528 -0.65625
-0.736814 0.940625 -0.523739 -0.634375
-0.826211 0.896875 -0.51966 -0.678125
-0.695794 1.00625 -0.515589 -0.721875
-0.538062 0.91875 -0.512382 -0.39375
-0.461868 0.83125 -0.51121 -0.7
-0.621334 0.809375 -0.506549 -0.39375
-0.695744 0.875 -0.498399 -0.678125
-0.783833 0.875 -0.494619 -0.634375
-0.665337 0.9625 -0.491702 -0.678125
-0.504988 0.7875 -0.485297 -0.415625
-0.253041 0.765625 -0.484706 -0.459375
-0.335897 0.65625 -0.48208 -0.6125
-0.495363 0.7 -0.478 -0.634375
-0.7746 0.4375 -0.46985 -0.6125
-0.731855 0.984375 -0.459384 -0.6125
-0.569748 0.83125 -0.456467 -0.56875
-0.334097 0.74375 -0.454132 -0.56875
-0.168064 0.7 -0.450634 -0.65625
-0.163698 0.590625 -0.446263 -0.65625
-0.395399 0.634375 -0.44073 -0.525
-0.393649 0.56875 -0.437813 -0.7
-0.509053 0.6125 -0.43228 -0.678125
-0.505995 0.175 -0.427037 -0.634375
-0.312647 0.546875 -0.428482 -0.634375
-0.147923 0.56875 -0.426147 -0.39375
-0.139631 0.284375 -0.431661 -0.7
-0.132198 0.4375 -0.433397 -0.678125
-0.289047 0.371875 -0.436586 -0.678125
-0.359532 0.48125 -0.439774 -0.678125
-0.476695 0.4375 -0.437149 -0.678125
-0.474495 0.371875 -0.44121 -0.678125
-0.281147 0.48125 -0.446434 -0.678125
-0.0732617 0.4375 -0.450495 -0.634375
-0.109439 0.328125 -0.459789 -0.65625
-0.223986 0.415625 -0.461524 -0.678125
-0.542909 0.503125 -0.467039 -0.65625
-0.66138 0.39375 -0.469647 -0.721875
-0.59042 0.4375 -0.470219 -0.678125
-0.502756 0.56875 -0.478641 -0.7
-0.38471 0.48125 -0.482702 -0.875
-0.336282 0.48125 -0.491424 -0.459375
-0.58252 0.503125 -0.494913 -0.7
-0.613769 0.634375 -0.497821 -0.65625
-0.775401 0.39375 -0.499565 -0.721875
-0.703583 0.853125 -0.508869 -0.525
-0.499173 0.7 -0.514674 -0.7
-0.426046 0.525 -0.519908 -0.678125
-0.541451 0.7 -0.526886 -0.7
-0.704841 0.678125 -0.52863 -0.371875
-0.78056 0.9625 -0.532119 -0.590625
-0.754969 0.83125 -0.534736 -0.74375
-0.672089 0.875 -0.537052 -0.74375
-0.60027 0.9625 -0.541995 -0.678125
-0.557076 0.853125 -0.545774 -0.328125
-0.60417 0.91875 -0.548973 -0.74375
-0.765802 0.765625 -0.551008 -0.74375
-0.843279 0.91875 -0.553034 -0.415625
-0.773627 1.09375 -0.552452 -0.940625
-0.732191 0.91875 -0.556523 -0.65625
-0.616312 1.00625 -0.560011 -0.634375
-0.573567 0.940625 -0.564073 -0.765625
-0.649286 0.853125 -0.565526 -0.74375
-0.697689 0.91875 -0.564945 -0.74375
-0.861938 1.05 -0.563773 -0.721875
-0.868038 1.07187 -0.5629 -0.765625
-0.756083 1.02812 -0.565226 -0.30625
-0.553431 1.00625 -0.565226 -0.74375
-0.479854 0.9625 -0.568124 -0.65625
-0.714622 0.809375 -0.568124 -0.896875
-0.806186 0.853125 -0.563763 -0.678125
-0.884971 1.18125 -0.560847 -0.721875
-0.815319 1.07187 -0.557939 -0.721875
-0.773883 1.1375 -0.555895 -0.74375
-0.573398 1.05 -0.554441 -0.65625
-0.572956 1.11563 -0.55415 -0.721875
-0.692286 0.896875 -0.552978 -0.7
-0.827911 0.56875 -0.548908 -0.721875
-0.907554 1.05 -0.544247 -0.74375
-0.838352 0.721875 -0.54163 -0.74375
-0.751547 1.02812 -0.541339 -0.74375
-0.593814 1.07187 -0.538713 -0.7875
-0.635676 1.1375 -0.541911 -0.7
-0.68232 1.09375 -0.536378 -0.65625
-0.75718 1.02812 -0.534634 -0.459375
-0.803825 0.984375 -0.530845 -0.7
-0.804691 0.984375 -0.525611 -0.7
-0.717886 0.91875 -0.524149 -0.721875
-0.601148 0.896875 -0.523276 -0.765625
-0.526263 1.00625 -0.521232 -0.7
-0.556203 0.30625 -0.518615 -0.7
-0.689212 0.91875 -0.51221 -0.74375
-0.720011 0.984375 -0.505232 -0.459375
-0.764489 0.853125 -0.501152 -0.91875
-0.648609 0.91875 -0.498236 -0.721875
-0.560945 0.940625 -0.493002 -0.56875
-0.442449 0.7 -0.49183 -0.721875
-0.397088 0.74375 -0.48398 -0.7
-0.598406 0.503125 -0.480191 -0.721875
-0.642884 0.809375 -0.474086 -0.48125
-0.715127 0.765625 -0.46768 -0.240625
-0.55302 0.765625 -0.463891 -0.371875
-0.475968 0.4375 -0.460402 -0.721875
-0.263708 0.940625 -0.460974 -0.83125
-0.378254 0.65625 -0.45893 -0.634375
-0.508646 0.634375 -0.455732 -0.65625
-0.581748 0.7 -0.451071 -0.21875
-0.536387 0.7 -0.447282 -0.6125
-0.415274 0.678125 -0.444665 -0.525
-0.245766 0.6125 -0.4464 -0.678125
-0.166956 0.56875 -0.447554 -0.809375
-0.31988 0.415625 -0.448717 -0.6125
-0.388199 0.4375 -0.446382 -0.415625
-0.38469 0.459375 -0.44521 -0.284375
-0.219108 0.4375 -0.445782 -0.590625
-0.300205 0.4375 -0.446945 -0.634375
-0.253536 0.240625 -0.448099 -0.590625
-0.163255 0.371875 -0.448089 -0.240625
-0.245661 0.35 -0.448661 -0.74375
-0.35759 0.415625 -0.447789 -0.284375
-0.397693 0.459375 -0.448961 -0.35
-0.349715 0.48125 -0.449834 -0.65625
-0.302596 0.48125 -0.449552 -0.590625
-0.267847 0.525 -0.453041 -0.7
-0.219419 0.371875 -0.45683 -0.56875
-0.332657 0.4375 -0.455376 -0.721875
-0.491673 0.48125 -0.45713 -0.48125
-0.533534 0.525 -0.458002 -0.48125
-0.489031 0.48125 -0.459465 -0.74375
-0.326065 0.6125 -0.463536 -0.678125
-0.248564 0.525 -0.464999 -0.4375
-0.361801 0.56875 -0.468778 -0.7
-0.593502 0.56875 -0.472567 -0.65625
-0.567912 0.809375 -0.473439 -0.65625
-0.642322 0.240625 -0.476056 -0.765625
-0.528201 0.328125 -0.477228 -0.6125
-0.601302 0.328125 -0.480717 -0.7
-0.442262 0.30625 -0.484206 -0.7875
-0.531659 0.678125 -0.487413 -0.678125
-0.532076 0.74375 -0.491484 -0.525
-0.695466 0.74375 -0.492647 -0.765625
-0.697191 0.91875 -0.497889 -0.634375
-0.745594 0.765625 -0.497017 -0.765625
-0.749936 0.83125 -0.499634 -0.634375
-0.752111 0.896875 -0.500806 -0.546875
-0.755144 0.91875 -0.503423 -0.328125
-0.757319 0.875 -0.505167 -0.65625
-0.715433 0.91875 -0.508956 -0.765625
-0.763836 0.896875 -0.5107 -0.678125
-0.886232 0.940625 -0.508084 -0.9625
-0.846963 1.09375 -0.50663 -0.634375
-0.809451 1.29062 -0.509256 -0.65625
-0.815101 1.29062 -0.512745 -0.590625
-0.7459 1.1375 -0.513617 -0.678125
-0.824235 1.09375 -0.513908 -0.7
-0.918865 0.853125 -0.514489 -0.7
-0.837743 1.11563 -0.516534 -0.678125
-0.887004 1.29062 -0.515661 -0.678125
-0.776808 1.29062 -0.517406 -0.7
-0.824761 1.1375 -0.518278 -0.65625
-0.78725 1.20312 -0.521476 -0.678125
-0.907888 1.11563 -0.520323 -0.30625
-0.838686 1.225 -0.521195 -0.7
-1.00469 1.02812 -0.520904 -0.65625
-0.876893 1.20312 -0.521776 -0.765625
-0.76408 1.11563 -0.521776 -0.678125
-0.691812 1.11563 -0.521776 -0.853125
-0.724369 1.09375 -0.522649 -0.525
-0.97629 1.26875 -0.51916 -0.809375
-1.02424 0.896875 -0.517997 -0.65625
-0.825516 0.896875 -0.516252 -0.65625
-0.579253 0.83125 -0.516552 -0.7
-0.739577 1.07187 -0.515099 -0.48125
-0.712678 0.940625 -0.516552 -0.809375
-0.949613 1.02812 -0.511319 -0.7
-0.79188 1.11563 -0.512191 -0.65625
-0.912968 1.07187 -0.508702 -0.6125
-0.560571 1.07187 -0.509574 -0.634375
-0.677734 0.721875 -0.511028 -0.678125
-0.679909 0.9625 -0.509284 -0.678125
-0.636714 1.02812 -0.508411 -0.7
-0.755186 0.91875 -0.502306 -0.21875
-0.844133 0.984375 -0.500561 -0.634375
-0.847616 1.07187 -0.497354 -0.634375
-0.642348 1.05 -0.496482 -0.6125
-0.597845 0.91875 -0.496191 -0.65625
-0.47849 0.74375 -0.496191 -0.6125
-0.565271 0.634375 -0.489213 -0.7
-0.683292 0.896875 -0.48805 -0.6125
-0.72777 0.590625 -0.477584 -0.634375
-0.80263 0.875 -0.470606 -0.678125
-0.567838 0.896875 -0.466245 -0.634375
-0.432638 0.896875 -0.460721 -0.546875
-0.309358 0.83125 -0.456932 -0.56875
-0.467065 0.65625 -0.452571 -0.634375
-0.555154 0.65625 -0.445593 -0.809375
-0.715928 0.765625 -0.437743 -0.6125
-0.626506 0.39375 -0.429311 -0.678125
-0.389547 0.74375 -0.423497 -0.678125
-0.223964 0.721875 -0.421452 -0.48125
-0.0843894 0.546875 -0.419708 -0.65625
-0.279616 0.503125 -0.418254 -0.459375
-0.391546 0.459375 -0.415928 -0.39375
-0.520179 0.525 -0.414474 -0.39375
-0.354597 0.546875 -0.416791 -0.65625
-0.189014 0.459375 -0.420571 -0.678125
-0.0520561 0.39375 -0.426704 -0.56875
-0.0437644 0.4375 -0.436326 -0.48125
-0.0376394 0.30625 -0.44246 -0.371875
-0.324014 0.240625 -0.449184 -0.284375
-0.510795 0.30625 -0.4527 -0.2625
-0.552206 0.546875 -0.458261 -0.415625
-0.345629 0.0875 -0.465267 -0.634375
-0.0170728 -0.021875 -0.475189 -0.809375
-0.172614 0.30625 -0.483939 -0.678125
-0.256327 0.021875 -0.491817 -0.853125
-0.370874 0.30625 -0.495052 -0.7875
-0.619728 0.2625 -0.49915 -0.853125
-0.69328 0.503125 -0.503839 -0.875
-0.48887 0.525 -0.510845 -0.65625
-0.29683 0.415625 -0.515524 -0.65625
-0.295939 0.678125 -0.523411 -0.721875
-0.411793 0.459375 -0.527219 -0.678125
-0.527198 0.56875 -0.534806 -0.74375
-0.68928 0.590625 -0.536878 -0.7875
-0.692314 0.765625 -0.539523 -0.65625
-0.650877 0.74375 -0.543911 -0.678125
-0.531073 0.721875 -0.550345 -0.4375
-0.413026 0.525 -0.555606 -0.74375
-0.48527 0.634375 -0.560867 -0.7
-0.646902 0.7875 -0.562639 -0.74375
-0.693997 0.7875 -0.566165 -0.634375
-0.786869 0.7875 -0.565611 -0.721875
-0.701822 0.678125 -0.567965 -0.590625
-0.628245 0.875 -0.572354 -0.35
-0.424285 0.896875 -0.575871 -0.74375
-0.583751 0.875 -0.58056 -0.7875
-0.659469 0.83125 -0.579715 -0.74375
-0.82286 0.940625 -0.579743 -0.765625
-0.827201 1.02812 -0.581224 -0.809375
-0.711772 0.9625 -0.579799 -0.4375
-0.713497 1.24687 -0.582743 -0.74375
-0.477846 1.00625 -0.58626 -0.4375
-0.593701 0.83125 -0.589486 -0.765625
-0.714339 1.05 -0.58806 -0.7875
-0.996642 0.896875 -0.586343 -0.4375
-1.00143 1.05 -0.587824 -0.7875
-0.815486 1.1375 -0.585526 -0.91875
-0.611526 0.9625 -0.589624 -0.74375
-0.331814 0.984375 -0.590815 -0.896875
-0.681569 0.940625 -0.595786 -0.6125
-0.891188 0.940625 -0.592624 -0.7
-1.17435 1.05 -0.586547 -0.6125
-0.902938 1.33438 -0.583667 -0.65625
-0.626292 1.07187 -0.585439 -0.634375
-0.375654 0.984375 -0.584304 -0.765625
-0.503429 0.940625 -0.585204 -0.809375
-0.785733 0.853125 -0.579708 -0.765625
-1.02398 0.940625 -0.571013 -0.503125
-0.912471 0.896875 -0.563773 -0.74375
-0.79835 1.02812 -0.555078 -0.415625
-0.475026 1.09375 -0.551036 -0.91875
-0.351747 0.91875 -0.549319 -0.415625
-0.540287 0.7875 -0.542941 -0.765625
-0.789141 0.35 -0.536573 -0.83125
-0.95384 0.91875 -0.52468 -0.809375
-0.753805 1.11563 -0.520928 -0.7
-0.475851 0.809375 -0.514269 -0.7
-0.308511 0.7 -0.517495 -0.809375
-0.214305 0.546875 -0.516941 -0.7
-0.372463 0.65625 -0.514352 -0.721875
-0.664928 0.74375 -0.507693 -0.240625
-0.828319 0.7875 -0.500743 -0.678125
-0.66797 0.7 -0.499308 -0.940625
-0.371554 0.74375 -0.498754 -0.634375
-0.173831 0.6125 -0.50198 -0.2625
-0.0043237 0.546875 -0.504915 -0.4375
-0.157248 0.4375 -0.504943 -0.4375
-0.549306 0.4375 -0.501182 -0.371875
-0.637395 0.590625 -0.495976 -0.4375
-0.549281 0.503125 -0.496004 -0.678125
-0.267402 0.4375 -0.497776 -0.83125
-0.0555922 0.415625 -0.500421 -0.4375
0.026693 0.371875 -0.503637 -0.30625
-0.0808617 0.328125 -0.506282 -0.35
-0.278705 0.0875 -0.507182 -0.678125
-0.436863 0.153125 -0.5075 -0.65625
-0.395426 0.175 -0.503739 -0.65625
-0.305146 0.21875 -0.507256 -0.6125
-0.14173 0.371875 -0.510473 -0.634375
0.0225439 0.109375 -0.511663 -0.65625
0.0269106 0.153125 -0.518078 -0.678125
-0.102173 0.109375 -0.519269 -0.678125
-0.26033 0.153125 -0.523067 -0.678125
-0.332574 0.415625 -0.524258 -0.678125
-0.376601 0.196875 -0.52573 -0.721875
-0.417154 0.459375 -0.527502 -0.7
-0.255497 0.13125 -0.530719 -0.678125
-0.0938394 0.415625 -0.532491 -0.721875
-0.0881644 0.30625 -0.539197 -0.74375
-0.245014 -0.021875 -0.541841 -0.74375
-0.401413 0.39375 -0.543313 -0.4375
-0.563495 0.48125 -0.543041 -0.56875
-0.430912 0.4375 -0.545686 -0.7875
-0.356476 0.525 -0.547449 -0.56875
-0.193511 0.56875 -0.550965 -0.74375
-0.309365 0.48125 -0.554182 -0.83125
-0.396146 0.48125 -0.554782 -0.65625
-0.55692 0.2625 -0.560624 -0.765625
-0.633089 0.65625 -0.559771 -0.875
-0.678425 0.153125 -0.560371 -0.765625
-0.565612 0.875 -0.560399 -0.765625
-0.524176 0.13125 -0.562161 -0.721875
-0.43782 0.2625 -0.566832 -0.853125
-0.482298 0.634375 -0.568895 -0.940625
-0.759368 0.634375 -0.572111 -0.83125
-0.809079 0.48125 -0.571258 -0.721875
-0.902401 0.48125 -0.57303 -0.56875
-0.777668 0.7875 -0.575374 -0.765625
-0.666164 0.678125 -0.575974 -0.7875
-0.624727 0.91875 -0.58268 -0.91875
-0.554217 0.940625 -0.585324 -0.74375
-0.718466 0.415625 -0.590286 -0.765625
-0.724566 0.525 -0.59263 -0.7875
-0.964567 0.984375 -0.594102 -0.83125
-0.896674 1.1375 -0.597319 -0.940625
-0.815551 1.11563 -0.598219 -1.15938
-0.743733 0.721875 -0.60318 -0.7875
-0.704914 0.7 -0.609886 -0.984375
-0.708397 1.18125 -0.613974 -0.875
-0.875713 1.11563 -0.611958 -0.765625
-1.08402 1.1375 -0.614302 -0.525
-1.0029 1.24687 -0.617819 -0.546875
-0.817402 1.225 -0.620163 -0.196875
-0.658362 0.875 -0.62338 -0.74375
-0.659228 1.05 -0.629213 -1.09375
-0.897921 1.02812 -0.630395 -0.525
-1.06654 1.15938 -0.628669 -0.415625
-1.16118 1.18125 -0.630723 -0.896875
-0.875226 1.33438 -0.631323 -0.875
-0.804716 0.83125 -0.635411 -0.765625
-0.602064 1.15938 -0.636884 -1.09375
-0.765455 0.9625 -0.6401 -0.74375
-1.04776 1.05 -0.641282 -0.83125
-1.05517 1.07187 -0.640137 -0.896875
-1.06127 1.225 -0.638121 -0.809375
-0.874461 1.35625 -0.636976 -0.7875
-0.670501 1.225 -0.642519 -0.48125
-0.668751 1.07187 -0.645736 -1.1375
-0.832141 1.18125 -0.643719 -0.721875
-1.04176 1.18125 -0.639958 -0.7
-1.07738 1.26875 -0.638523 -0.634375
-0.893194 1.26875 -0.634471 -0.809375
-0.72892 1.18125 -0.633908 -0.809375
-0.52496 1.09375 -0.631891 -0.984375
-0.524518 0.984375 -0.630456 -0.721875
-0.73152 0.9625 -0.624078 -0.83125
-0.896219 1.00625 -0.618573 -0.765625
-1.01731 1.07187 -0.607834 -0.74375
-0.815964 1.15938 -0.601737 -0.48125
-0.421714 1.00625 -0.597104 -0.765625
-0.254823 0.721875 -0.593924 -0.765625
-0.410364 0.765625 -0.585221 -0.6125
-0.642514 0.721875 -0.580297 -0.503125
-0.805047 0.809375 -0.568686 -0.525
-0.805914 0.984375 -0.560563 -0.809375
-0.481732 0.91875 -0.551269 -0.459375
-0.108706 0.721875 -0.547508 -0.525
0.0171902 0.546875 -0.543165 -1.02812
-0.176728 0.56875 -0.53795 -1.00625
-0.377189 0.525 -0.534189 -0.853125
-0.565728 0.371875 -0.52783 -1.00625
-0.536213 0.634375 -0.523797 -0.7875
-0.373697 0.546875 -0.522371 -0.809375
-0.0468987 0.48125 -0.525606 -0.853125
0.0486152 0.459375 -0.530586 -0.896875
0.132209 0.240625 -0.538182 -0.809375
-0.0497894 0.284375 -0.544034 -0.896875
-0.363929 0.196875 -0.551039 -0.9625
-0.567006 0.30625 -0.554856 -0.590625
-0.40449 0.4375 -0.563034 -0.6125
-0.324822 0.459375 -0.572374 -0.853125
-0.111703 0.328125 -0.585495 -0.83125
0.0115763 0.30625 -0.593663 -0.503125
-0.0977367 0.21875 -0.604458 -0.940625
-0.298197 0.415625 -0.612636 -0.853125
-0.649711 0.153125 -0.61558 -0.153125
-0.621503 0.503125 -0.621423 -0.459375
-0.414926 0.4375 -0.628728 -0.590625
-0.291647 0.4375 -0.63836 -0.6125
-0.19875 0.2625 -0.646237 -0.459375
-0.239752 0.415625 -0.650345 -1.00625
-0.514206 0.35 -0.656487 -0.984375
-0.631369 0.328125 -0.657387 -0.853125
-0.678464 0.7 -0.658587 -1.05
-0.635719 0.6125 -0.661532 -0.853125
-0.446746 0.590625 -0.665921 -0.9625
-0.401385 0.65625 -0.67061 -0.7875
-0.443246 0.56875 -0.673254 -0.48125
-0.60402 0.809375 -0.677652 -0.546875
-0.72425 0.7 -0.676526 -0.503125
-0.800418 0.74375 -0.676263 -0.525
-0.684989 0.940625 -0.677463 -0.459375
-0.481478 0.809375 -0.679236 -0.65625
-0.318513 0.721875 -0.681308 -1.02812
-0.477978 0.721875 -0.682789 -0.6125
-0.725975 0.765625 -0.681373 -0.634375
-0.936043 0.940625 -0.67355 -0.634375
-0.810001 0.940625 -0.670389 -0.6125
-0.530739 0.546875 -0.672743 -0.7875
-0.295539 0.940625 -0.675687 -1.00625
-0.293789 0.721875 -0.673971 -0.896875
-0.688464 0.74375 -0.67081 -0.940625
-0.970767 0.83125 -0.66386 -0.65625
-0.904632 0.56875 -0.658954 -0.91875
-0.749516 1.02812 -0.655202 -0.896875
-0.474179 0.91875 -0.65523 -0.875
-0.386965 0.875 -0.652941 -0.896875
-0.431443 0.7 -0.650352 -0.896875
-0.550364 0.634375 -0.646319 -0.940625
-0.757366 0.6125 -0.639369 -0.940625
-0.836151 0.503125 -0.634163 -0.875
-0.812319 0.940625 -0.629258 -0.875
-0.653278 0.875 -0.624924 -0.91875
-0.44801 0.875 -0.622336 -0.91875
-0.448018 0.39375 -0.619465 -0.9625
-0.446268 0.765625 -0.61833 -0.91875
-0.521128 0.65625 -0.613997 -0.83125
-0.72858 0.83125 -0.609963 -0.91875
-0.821902 0.896875 -0.603013 -0.91875
-0.782225 0.39375 -0.601297 -0.809375
-0.665487 0.83125 -0.596391 -0.765625
-0.343922 0.459375 -0.595547 -0.809375
-0.254091 0.35 -0.595574 -0.809375
-0.413557 0.678125 -0.597347 -0.91875
-0.53117 0.765625 -0.591569 -0.7
-0.780475 0.678125 -0.586363 -0.765625
-0.828019 0.91875 -0.58203 -0.7875
-0.624059 0.7875 -0.577987 -0.56875
-0.210039 0.721875 -0.57976 -0.7875
-0.0872089 0.65625 -0.58125 -0.896875
-0.24275 0.525 -0.581278 -1.07187
-0.489888 0.678125 -0.581887 -0.896875
-0.681044 0.546875 -0.577845 -0.765625
-0.653287 0.6125 -0.575547 -0.896875
-0.491629 0.196875 -0.578773 -0.765625
-0.170514 0.196875 -0.581417 -0.765625
-0.00493204 0.4375 -0.586978 -0.48125
-0.0287811 0.4375 -0.58815 -0.721875
-0.316464 0.196875 -0.590767 -0.809375
-0.387399 0.39375 -0.592811 -0.809375
-0.548623 0.175 -0.591067 -0.765625
-0.475496 0.21875 -0.591939 -0.7
-0.271986 0.284375 -0.59631 -0.74375
-0.152631 0.2625 -0.595147 -0.74375
-0.0165728 0.109375 -0.600089 -0.678125
0.0617874 0.35 -0.60445 -0.809375
-0.00436444 0.328125 -0.607367 -0.590625
-0.290739 0.30625 -0.611728 -0.875
-0.479278 0.240625 -0.609111 -0.7875
-0.521589 0.4375 -0.608239 -0.896875
-0.287247 0.4375 -0.610284 -0.809375
-0.14988 0.39375 -0.615517 -0.525
0.0923124 0.0875 -0.619878 -0.940625
0.0235439 -0.0875 -0.621623 -0.83125
-0.133305 0.0875 -0.623086 -0.7875
-0.425363 0.109375 -0.624539 -0.83125
-0.500223 -0.04375 -0.623086 -0.853125
-0.500231 0.4375 -0.623958 -0.984375
-0.218352 0.4375 -0.626574 -0.83125
-0.00960889 -0.065625 -0.631517 -0.853125
-0.0911561 -0.021875 -0.633552 -1.00625
-0.0872394 0.4375 -0.635887 -0.7
-0.31939 0 -0.639086 -0.875
-0.36301 0.109375 -0.639958 -0.765625
-0.481481 0.13125 -0.640249 -0.875
-0.411421 0.415625 -0.640249 -0.721875
-0.318524 0.175 -0.642865 -0.896875
-0.317224 0.065625 -0.648099 -0.6125
-0.197869 0.459375 -0.653041 -1.00625
-0.311557 0.415625 -0.654204 -0.896875
-0.473639 0.415625 -0.654204 -0.590625
-0.681091 0.0875 -0.65246 -1.05
-0.642272 0.30625 -0.651587 -0.809375
-0.602594 0.48125 -0.65246 -0.809375
-0.414479 0.284375 -0.655658 -0.984375
-0.487173 0.634375 -0.656821 -0.875
-0.604336 0.56875 -0.656821 -0.853125
-0.691566 0.634375 -0.656821 -0.896875
-0.739969 0.721875 -0.655949 -0.91875
-0.816588 0.634375 -0.655949 -0.896875
-0.748694 0.48125 -0.655949 -0.853125
-0.549109 0.35 -0.655949 -0.896875
-0.549976 0.7875 -0.658565 -0.875
-0.668897 0.853125 -0.659437 -0.984375
-0.715991 1.00625 -0.658856 -0.853125
-0.796535 0.896875 -0.66031 -0.853125
-0.845388 0.65625 -0.657111 -0.91875
-0.776186 1.00625 -0.659437 -0.853125
-0.649286 0.56875 -0.659137 -0.7875
-0.578776 0.875 -0.661463 -0.9625
-0.581401 0.875 -0.662336 -0.6125
-0.657569 0.7 -0.658847 -0.940625
-0.866329 0.91875 -0.659719 -0.415625
-0.82751 0.721875 -0.655358 -0.896875
-0.754833 1.00625 -0.654767 -0.853125
-0.551323 0.9625 -0.654767 -0.875
-0.50727 0.721875 -0.65215 -0.503125
-0.478204 0.83125 -0.649534 -0.503125
-0.638978 0.7875 -0.649243 -0.48125
-0.7579 0.83125 -0.64371 -0.6125
-0.804994 0.7 -0.636732 -0.7875
-0.647712 0.74375 -0.636441 -0.83125
-0.486504 0.809375 -0.632952 -0.896875
-0.352613 0.940625 -0.630908 -0.809375
-0.32093 0.721875 -0.628291 -0.91875
-0.510778 0.65625 -0.625384 -0.678125
-0.555706 0.7 -0.61578 -0.56875
-0.71648 0.7 -0.612873 -0.765625
-0.557889 0.7875 -0.605023 -0.525
-0.392757 0.74375 -0.601234 -0.809375
-0.315705 0.678125 -0.600071 -0.853125
-0.265561 0.634375 -0.593384 -0.875
-0.378799 0.546875 -0.584652 -0.459375
-0.495103 0.590625 -0.58 -0.875
-0.464729 0.6125 -0.575058 -0.984375
-0.374449 0.65625 -0.570397 -0.525
-0.297847 0.48125 -0.567199 -0.91875
-0.087795 0.39375 -0.56748 -1.07187
0.00641056 0.4375 -0.570969 -0.525
-0.145655 0.39375 -0.574749 -0.6125
-0.228511 0.328125 -0.5791 -0.940625
-0.388426 0.371875 -0.581717 -0.74375
-0.342207 0.39375 -0.586069 -0.415625
-0.133014 0.39375 -0.593047 -1.00625
-0.170091 0.30625 -0.604658 -0.83125
-0.122114 0.39375 -0.611036 -0.721875
-0.205419 0.4375 -0.619439 -0.39375
-0.318657 0.30625 -0.625236 -1.05
-0.433653 0.284375 -0.629569 -0.7875
-0.476823 -0.04375 -0.634202 -0.83125
-0.404146 0.30625 -0.639989 -0.875
-0.244247 -0.021875 -0.642297 -0.853125
-0.243805 0.35 -0.65041 -0.853125
-0.239889 0.371875 -0.653589 -0.875
-0.355743 0.503125 -0.657923 -0.721875
-0.398054 0.30625 -0.662556 -1.07187
-0.513909 0.48125 -0.665145 -0.721875
-0.515226 0.6125 -0.67065 -0.525
-0.430178 0.48125 -0.672367 -0.809375
-0.357501 0.4375 -0.675256 -0.940625
-0.355751 0.04375 -0.679589 -0.91875
-0.354451 0.284375 -0.682478 -0.459375
-0.397621 0.284375 -0.685939 -0.91875
-0.558845 0.35 -0.686784 -0.875
-0.518717 0.371875 -0.691126 -0.875
-0.564953 0.371875 -0.689645 -0.896875
-0.434128 0.30625 -0.693987 -0.91875
-0.434995 0.525 -0.696576 -0.940625
-0.318707 0.546875 -0.696549 -1.09375
-0.43587 0.6125 -0.697693 -1.02812
-0.566712 0.525 -0.698537 -1.00625
-0.640264 0.634375 -0.699382 -1.09375
-0.597969 0.7875 -0.699654 -0.503125
-0.436312 0.678125 -0.701371 -1.05
-0.316099 0.678125 -0.704832 -0.940625
-0.315657 0.525 -0.705976 -0.875
-0.404196 0.6125 -0.704204 -0.83125
-0.639414 0.56875 -0.70563 -0.9625
-0.642897 0.7 -0.703858 -0.940625
-0.603219 0.634375 -0.703258 -0.7875
-0.44287 0.809375 -0.701486 -1.1375
-0.44157 0.634375 -0.703202 -1.02812
-0.368443 0.74375 -0.704919 -0.634375
-0.484748 0.6125 -0.701121 -0.721875
-0.572837 0.678125 -0.703419 -0.721875
-0.649455 0.83125 -0.700774 -0.7
-0.65163 0.809375 -0.697258 -0.853125
-0.652947 0.83125 -0.69723 -0.896875
-0.581578 0.91875 -0.695467 -1.00625
-0.447687 0.809375 -0.691369 -0.896875
-0.491306 0.65625 -0.693667 -1.02812
-0.611086 0.7 -0.688115 -1.05
-0.774926 0.7875 -0.682854 -0.940625
-0.749336 0.896875 -0.677302 -1.05
-0.547134 0.809375 -0.672041 -0.940625
-0.59292 0.940625 -0.667952 -0.9625
-0.433021 0.7875 -0.660947 -0.940625
-0.624627 0.809375 -0.655686 -0.590625
-0.597728 0.765625 -0.646936 -0.940625
-0.791951 0.74375 -0.636441 -0.875
-0.673905 0.875 -0.630889 -0.984375
-0.602537 0.809375 -0.619813 -0.896875
-0.397268 0.415625 -0.616297 -0.940625
-0.469962 0.284375 -0.61278 -0.91875
-0.558501 0.503125 -0.605774 -0.896875
-0.560676 0.284375 -0.600804 -0.896875
-0.679597 0.39375 -0.59816 -0.83125
-0.638161 0.4375 -0.591445 -0.853125
-0.451804 0.546875 -0.589673 -0.853125
-0.407751 0.371875 -0.587319 -0.9625
-0.364149 0.328125 -0.586419 -0.9625
-0.291022 0.415625 -0.58988 -1.05
-0.407326 0.6125 -0.588399 -0.7875
-0.568551 0.7 -0.588371 -0.7875
-0.454429 0.13125 -0.587471 -0.896875
-0.570734 0.65625 -0.590932 -0.896875
-0.368082 0.678125 -0.590904 -0.91875
-0.208183 0.2625 -0.595237 -0.765625
-0.406026 0.21875 -0.599571 -0.809375
-0.406035 0.39375 -0.600997 -0.91875
-0.318821 0.525 -0.603286 -0.74375
-0.521898 0.546875 -0.60413 -0.35
-0.609128 0.590625 -0.602358 -0.91875
-0.477853 0.6125 -0.601167 -0.56875
-0.40256 0.48125 -0.602011 -0.525
-0.194675 0.503125 -0.602265 -0.940625
-0.190758 0.503125 -0.601937 -0.853125
-0.461287 0.4375 -0.598993 -0.7
-0.459987 0.503125 -0.59256 -0.371875
-0.501848 0.525 -0.588743 -0.809375
-0.427863 0.525 -0.587543 -0.809375
-0.293971 0.525 -0.582273 -1.02812
-0.26098 0.39375 -0.582817 -0.7
-0.255305 0.371875 -0.581617 -0.91875
-0.283079 0.459375 -0.580117 -0.678125
-0.322324 0.525 -0.580952 -0.65625
-0.319715 0.328125 -0.581497 -0.809375
-0.403879 0.590625 -0.579715 -0.83125
-0.237439 0.525 -0.583749 -0.74375
-0.305757 0.459375 -0.58691 -0.65625
-0.259538 0.48125 -0.588899 -0.765625
-0.183794 0.48125 -0.59206 -0.765625
-0.181186 0.021875 -0.595221 -0.875
-0.253429 0.371875 -0.596637 -0.7875
-0.336735 0.4375 -0.602415 -0.7875
-0.496201 0.48125 -0.600915 -0.7875
-0.288765 0.48125 -0.604076 -0.56875
-0.285707 0.13125 -0.605493 -0.74375
-0.209105 0.0875 -0.609526 -0.984375
-0.398953 0.39375 -0.610352 -0.91875
-0.369888 0.503125 -0.610897 -0.56875
-0.485742 0.503125 -0.61086 -0.853125
-0.370763 0.459375 -0.610241 -0.853125
-0.396778 0.546875 -0.609904 -1.02812
-0.441706 0.503125 -0.610449 -0.634375
-0.483567 0.525 -0.610121 -0.765625
-0.484884 0.525 -0.609493 -0.83125
-0.559744 0.153125 -0.61091 -0.9625
-0.446073 0.2625 -0.610582 -0.9625
-0.653075 0.56875 -0.610826 -0.853125
-0.567169 0.35 -0.609917 -0.896875
-0.701486 0.678125 -0.608717 -0.853125
-0.497976 0.546875 -0.61245 -0.4375
-0.572836 0.678125 -0.611541 -0.809375
-0.619072 0.2625 -0.613239 -1.00625
-0.664858 0.35 -0.614947 -0.940625
-0.622564 0.634375 -0.616363 -0.9625
-0.626047 0.74375 -0.618352 -0.9625
-0.583302 0.721875 -0.619769 -0.634375
-0.629539 0.56875 -0.622049 -0.809375
-0.721552 0.809375 -0.623465 -0.809375
-0.681875 0.765625 -0.625454 -0.83125
-0.730277 0.56875 -0.625999 -0.83125
-0.734211 0.6125 -0.632058 -0.91875
-0.650472 0.765625 -0.632021 -1.07187
-0.739011 0.525 -0.635463 -0.91875
-0.583895 0.721875 -0.640369 -0.940625
-0.58652 0.56875 -0.642358 -0.940625
-0.617769 0.634375 -0.642902 -0.83125
-0.710233 0.65625 -0.644891 -0.875
-0.759944 0.7 -0.647761 -0.809375
-0.721575 0.896875 -0.648006 -0.809375
-0.768669 0.721875 -0.651167 -0.83125
-0.612695 0.984375 -0.648213 -0.83125
-0.571259 1.00625 -0.6537 -0.809375
-0.687564 0.875 -0.654817 -0.875
-0.691047 0.896875 -0.654189 -1.05
-0.650061 0.91875 -0.653861 -0.525
-0.740766 0.896875 -0.654106 -0.7
-0.654861 0.940625 -0.656395 -0.91875
-0.583042 0.853125 -0.658093 -1.11563
-0.585217 0.7875 -0.655721 -0.74375
-0.586534 0.853125 -0.658591 -0.875
-0.629703 0.940625 -0.657382 -0.74375
-0.660094 0.875 -0.657336 -0.765625
-0.70588 0.875 -0.654973 -0.853125
-0.542056 0.91875 -0.654345 -0.853125
-0.468929 0.7875 -0.650228 -0.809375
-0.467629 0.765625 -0.648156 -0.56875
-0.583484 0.74375 -0.642876 -0.853125
-0.656177 0.7875 -0.63876 -0.48125
-0.657044 0.590625 -0.634352 -0.853125
-0.540756 0.678125 -0.630536 -0.896875
-0.379099 0.721875 -0.626419 -0.83125
-0.257577 0.56875 -0.622302 -0.809375
-0.325896 0.6125 -0.618186 -0.809375
-0.48667 0.678125 -0.613178 -0.6125
-0.531148 0.6125 -0.603519 -0.634375
-0.573459 0.6125 -0.594732 -0.56875
-0.411801 0.721875 -0.592341 -0.546875
-0.28983 0.590625 -0.58995 -0.74375
-0.195625 0.525 -0.58378 -0.6125
-0.117714 0.503125 -0.579354 -0.853125
-0.344632 0.7 -0.577254 -0.875
-0.386493 0.4375 -0.574573 -0.4375
-0.428354 0.4375 -0.569274 -0.634375
-0.294463 0.328125 -0.568047 -0.984375
-0.216552 0.415625 -0.567982 -0.809375
-0.210877 0.459375 -0.571115 -0.896875
0.162149 0.328125 -0.576865 -0.4375
-0.10838 0.284375 -0.580289 -0.415625
-0.190377 0.328125 -0.584295 -0.83125
-0.348535 0.196875 -0.585684 -0.809375
-0.346785 0.021875 -0.587945 -0.91875
-0.228739 0.109375 -0.590206 -0.7875
-0.0670811 -0.04375 -0.595084 -0.83125
-0.13585 0.04375 -0.599961 -0.83125
-0.221322 0 -0.603095 -0.7875
-0.13235 0.153125 -0.608554 -0.83125
-0.249513 -0.13125 -0.608199 -0.809375
-0.336293 0 -0.611032 -0.83125
-0.381221 0 -0.611549 -0.7875
-0.382088 0.30625 -0.612065 -0.7875
-0.339343 0.196875 -0.612 -0.91875
-0.247754 0.065625 -0.616587 -0.83125
-0.292232 0.065625 -0.616232 -0.83125
-0.335851 0.459375 -0.616167 -0.875
-0.245571 0.371875 -0.618428 -0.678125
-0.447339 0.39375 -0.618645 -1.00625
-0.330601 0.4375 -0.619161 -1.05
-0.490067 0.30625 -0.623167 -0.984375
-0.447323 0.48125 -0.623974 -0.415625
-0.447331 0.525 -0.623619 -0.4375
-0.242063 0.56875 -0.629941 -0.415625
-0.40022 0.48125 -0.632202 -0.39375
-0.444698 0.503125 -0.633882 -0.35
-0.60678 0.590625 -0.635852 -0.56875
-0.534962 0.721875 -0.63636 -0.525
-0.53497 0.6125 -0.64618 -0.896875
-0.445998 0.65625 -0.648441 -0.415625
-0.401945 0.6125 -0.653319 -0.546875
-0.490034 0.65625 -0.652082 -0.875
-0.695727 0.678125 -0.65696 -0.940625
-0.6556 0.65625 -0.660674 -0.765625
-0.703144 0.875 -0.661763 -0.9625
-0.614172 0.83125 -0.663443 -0.940625
-0.452514 0.56875 -0.666286 -0.896875
-0.498301 0.56875 -0.669119 -0.875
-0.574469 0.721875 -0.672252 -0.9625
-0.784088 0.35 -0.676549 -0.9625
-0.746576 0.415625 -0.680836 -0.9625
-0.795429 0.7 -0.676991 -0.91875
-0.682616 0.39375 -0.681578 -0.9625
-0.571112 0.940625 -0.682667 -0.91875
-0.573287 0.634375 -0.690743 -0.91875
-0.649455 0.4375 -0.690378 -1.05
-0.742777 0.48125 -0.690313 -1.05
-0.748877 0.546875 -0.695482 -0.940625
-0.784051 0.721875 -0.695989 -0.91875
-0.834213 0.590625 -0.698832 -0.91875
-0.766319 0.56875 -0.702537 -0.9625
-0.609895 1.09375 -0.699847 -0.91875
-0.610762 0.809375 -0.704424 -1.18125
-0.614245 0.896875 -0.708711 -0.546875
-0.80671 0.4375 -0.712699 -0.503125
-0.782427 1.09375 -0.717858 -0.9625
-0.814985 0.721875 -0.714876 -1.02812
-0.702172 1.02812 -0.720608 -0.940625
-0.704347 0.9625 -0.721115 -0.590625
-0.706522 0.7 -0.724821 -0.9625
-0.708697 0.65625 -0.726482 -0.48125
-0.7571 0.678125 -0.730769 -0.940625
-0.805502 1.15938 -0.72866 -0.9625
-0.810294 0.590625 -0.729449 -0.940625
-0.726555 1.02812 -0.730537 -0.940625
-0.612434 0.65625 -0.733943 -0.984375
-0.570998 0.546875 -0.73416 -0.940625
-0.661703 0.940625 -0.739891 -1.02812
-0.736114 0.984375 -0.738654 -0.853125
-0.855893 0.940625 -0.739152 -0.678125
-0.740464 1.00625 -0.742858 -0.984375
-0.578806 0.896875 -0.745691 -0.6125
-0.505679 0.83125 -0.749969 -0.9625
-0.531695 0.853125 -0.753674 -0.940625
-0.621092 0.74375 -0.755336 -1.1375
-0.739564 0.809375 -0.757006 -0.7
-0.741739 0.809375 -0.75605 -1.02812
-0.623692 0.809375 -0.756558 -1.00625
-0.503029 0.83125 -0.762289 -1.00625
-0.33483 0.7875 -0.766567 -1.00625
-0.362154 0.7 -0.770854 -0.984375
-0.563923 0.678125 -0.771643 -1.11563
-0.681086 0.74375 -0.770987 -1.18125
-0.65157 0.809375 -0.772649 -1.07187
-0.446301 0.7875 -0.772865 -0.7875
-0.237108 0.74375 -0.775108 -0.74375
-0.155681 0.6125 -0.778513 -1.05
-0.341604 0.196875 -0.777858 -0.91875
-0.471996 0.6125 -0.774867 -1.07187
-0.659227 0.65625 -0.773339 -0.765625
-0.424885 0.7 -0.769476 -1.09375
-0.333296 0.6125 -0.766776 -0.9625
-0.134714 0.415625 -0.766121 -0.721875
-0.130348 0.328125 -0.764874 -1.05
-0.199975 0.503125 -0.760721 -0.721875
-0.446663 0.2625 -0.755413 -1.07187
-0.472678 0.503125 -0.748352 -0.940625
-0.396485 0.48125 -0.740419 -1.225
-0.348507 0.48125 -0.737728 -1.07187
-0.110239 0.4375 -0.730667 -1.20312
-0.100639 0.4375 -0.725641 -0.678125
-0.16765 0.415625 -0.722078 -0.6125
-0.369418 0.39375 -0.715889 -0.721875
-0.528884 0.415625 -0.707956 -1.09375
-0.367226 0.459375 -0.698278 -0.9625
-0.157583 0.4375 -0.690936 -0.634375
-0.195519 0.39375 -0.685619 -0.896875
-0.230839 0.371875 -0.68321 -0.56875
-0.13925 0.371875 -0.677893 -0.7
-0.29479 0.35 -0.674621 -0.590625
-0.336201 0.284375 -0.669276 -1.225
-0.218155 0.284375 -0.664223 -0.940625
-0.403628 0.284375 -0.661195 -1.05
-0.211139 0.240625 -0.657295 -0.74375
-0.0468644 0.30625 -0.655439 -0.809375
-0.232338 0.13125 -0.650086 -0.503125
-0.197139 0.21875 -0.649102 -0.634375
-0.429289 0.175 -0.64433 -0.503125
-0.354404 0.415625 -0.641021 -0.546875
-0.469809 0.35 -0.637121 -0.503125
-0.379528 0.459375 -0.635837 -0.546875
-0.302026 0.39375 -0.638343 -0.634375
-0.343438 0.371875 -0.63735 -0.853125
-0.370762 0.4375 -0.637821 -0.940625
-0.502012 0.39375 -0.635084 -0.9625
-0.458817 0.459375 -0.632928 -0.853125
-0.62045 0.525 -0.632236 -0.48125
-0.50502 0.56875 -0.63008 -0.765625
-0.415598 0.590625 -0.634911 -0.48125
-0.342021 0.678125 -0.635373 -0.56875
-0.415573 0.546875 -0.634961 -0.6125
-0.577205 0.35 -0.632524 -0.875
-0.697843 0.678125 -0.632113 -0.525
-0.700876 0.765625 -0.630539 -0.6125
-0.630366 0.634375 -0.628384 -0.74375
-0.513178 0.7875 -0.629145 -0.6125
-0.425064 0.765625 -0.630478 -0.65625
-0.512703 0.721875 -0.628323 -0.634375
-0.631175 0.809375 -0.627339 -0.853125
-0.749196 0.765625 -0.624311 -0.896875
-0.635933 0.83125 -0.621284 -0.83125
-0.520053 0.83125 -0.62 -0.91875
-0.476859 0.7 -0.619599 -0.765625
-0.592714 0.7875 -0.618315 -0.721875
-0.550827 0.7875 -0.615287 -0.853125
-0.683386 0.809375 -0.611678 -0.503125
-0.6415 0.83125 -0.610404 -0.83125
-0.554694 0.765625 -0.606504 -1.00625
-0.435339 0.7 -0.606093 -0.984375
-0.435756 0.65625 -0.603937 -0.809375
-0.478476 0.21875 -0.601782 -0.940625
