torque_1 torque_1_t torque_2 torque_2_t
-0.188228 -0.284375 -0.91713 -0.328125
-0.194528 0.328125 -0.91113 -0.459375
-0.200828 0.328125 -0.90483 -0.459375
-0.207128 0.35 -0.89853 -0.56875
-0.213428 0.240625 -0.895437 -0.7875
-0.220178 0.284375 -0.882741 -0.83125
-0.226478 0.39375 -0.877904 -0.91875
-0.232778 0.13125 -0.868987 -1.05
-0.239078 0.35 -0.862978 -0.940625
-0.245378 0.109375 -0.850291 -0.984375
-0.251678 0.153125 -0.841084 -1.33438
-0.257978 0.2625 -0.828106 -1.05
-0.264278 0.35 -0.817154 -1.07187
-0.270578 0.2625 -0.805621 -1.00625
-0.276878 0.175 -0.791771 -0.91875
-0.28232 0.2625 -0.777621 -1.02812
-0.28862 0.371875 -0.764634 -1.05
0.0129744 0.503125 -0.7534 -1.15938
-0.180999 0.13125 -0.740995 -1.05
-0.18599 0.175 -0.730924 -1.05
-0.190982 0.13125 -0.718519 -1.1375
-0.0360663 0.284375 -0.711347 -1.15938
-0.126972 0.415625 -0.702149 -0.9625
-0.205957 0.2625 -0.695558 -1.15938
-0.181875 0.2625 -0.685487 -0.9625
-0.333545 0.13125 -0.674245 -1.05
-0.22224 0.48125 -0.665328 -1.05
-0.154547 0.503125 -0.662526 -1.00625
-0.350278 0.153125 -0.650702 -0.91875
-0.356578 0.4375 -0.642658 -0.875
-0.362878 0.21875 -0.637239 -0.875
-0.36787 0.459375 -0.632393 -0.83125
-0.37417 0.371875 -0.624649 -0.74375
-0.376012 0.590625 -0.616876 -0.875
-0.379162 0.328125 -0.610849 -0.91875
-0.381862 0.503125 -0.599297 -0.853125
-0.385012 0.634375 -0.592397 -0.853125
-0.387712 0.4375 -0.585497 -0.7
-0.390412 0.459375 -0.578597 -0.83125
-0.393562 0.48125 -0.571997 -0.7875
-0.396262 0.721875 -0.565097 -0.7875
-0.399412 0.546875 -0.558197 -0.765625
-0.402112 0.525 -0.551297 -0.503125
-0.404812 0.525 -0.544397 -0.74375
-0.407962 0.459375 -0.537497 -0.765625
-0.410662 0.546875 -0.530597 -0.7875
-0.413812 0.56875 -0.523697 -0.634375
-0.415203 0.525 -0.517669 -0.83125
-0.418353 0.503125 -0.510769 -0.678125
-0.34706 0.721875 -0.505041 -0.7
-0.422895 0.546875 -0.498141 -0.875
-0.235305 0.590625 -0.492113 -0.7
-0.427437 0.678125 -0.485213 -0.65625
-0.430137 0.4375 -0.478313 -0.678125
-0.432837 0.39375 -0.471413 -0.678125
-0.435987 0.56875 -0.464513 -0.634375
-0.438687 0.56875 -0.457613 -0.65625
-0.367843 0.56875 -0.451586 -0.74375
-0.443228 0.503125 -0.444686 -0.6125
-0.446378 0.56875 -0.437786 -0.7
-0.449078 0.546875 -0.430886 -0.6125
-0.452228 0.74375 -0.424286 -0.721875
-0.454928 0.678125 -0.417386 -0.525
-0.45677 0.525 -0.411358 -0.371875
-0.45947 0.7 -0.404458 -0.6125
-0.46262 0.6125 -0.397558 -0.546875
-0.46532 0.7 -0.390658 -0.503125
-0.46847 0.6125 -0.383758 -0.525
-0.397176 0.56875 -0.37773 -0.48125
-0.473012 0.74375 -0.37083 -0.678125
-0.475712 0.48125 -0.36393 -0.525
-0.477553 0.65625 -0.357902 -0.525
-0.480253 0.809375 -0.351002 -0.6125
-0.482095 0.503125 -0.345274 -0.30625
-0.484795 0.809375 -0.338374 -0.415625
-0.487945 0.7875 -0.331474 -0.6125
-0.213133 0.721875 -0.325447 -0.4375
-0.491178 0.48125 -0.319419 -0.4375
-0.49257 0.7 -0.313391 -0.590625
-0.49572 0.6125 -0.306491 -0.4375
-0.49842 0.809375 -0.299591 -0.415625
-0.50157 0.6125 -0.293563 -0.21875
-0.503412 0.634375 -0.287536 -0.4375
-0.2286 0.634375 -0.281508 -0.678125
-0.507953 0.503125 -0.274608 -0.175
-0.43666 0.678125 -0.26858 -0.39375
-0.512495 0.6125 -0.26168 -0.415625
-0.515195 0.65625 -0.25508 -0.525
-0.517895 0.65625 -0.24788 -0.30625
-0.517937 0.65625 -0.241552 -0.284375
-0.519287 0.634375 -0.234352 -0.459375
-0.330347 0.7 -0.228024 -0.328125
-0.51937 0.546875 -0.220243 -0.371875
-0.491646 0.65625 -0.215369 -0.371875
-0.52162 0.634375 -0.208169 -0.328125
-0.52297 0.65625 -0.200969 -0.48125
-0.523012 0.6125 -0.194641 -0.065625
-0.524362 0.634375 -0.187441 -0.503125
-0.291811 0.7 -0.181113 -0.590625
-0.525753 0.6125 -0.173913 -0.35
-0.249591 0.65625 -0.163806 -0.153125
-0.527145 0.590625 -0.161258 -0.2625
-0.528495 0.765625 -0.154058 -0.240625
-0.529845 0.65625 -0.146858 -0.284375
-0.529887 0.83125 -0.14053 -0.284375
-0.502163 0.853125 -0.13333 -0.2625
-0.531278 0.6125 -0.127874 -0.371875
-0.458635 0.853125 -0.117767 -0.284375
-0.53267 0.7875 -0.114347 -0.21875
-0.532712 0.83125 -0.108019 -0.415625
-0.534062 0.7 -0.101391 -0.284375
-0.535412 0.83125 -0.0941911 -0.21875
-0.346472 0.875 -0.0878633 -0.153125
-0.536803 0.65625 -0.0806633 -0.196875
-0.538603 0.83125 -0.06823 -0.284375
-0.539953 0.765625 -0.0671356 -0.153125
-0.234717 0.853125 -0.0608078 -0.153125
-0.541345 0.525 -0.0515726 -0.30625
-0.541387 0.83125 -0.0481522 0.175
-0.542737 0.56875 -0.0409522 -0.328125
-0.544087 0.7 -0.0322985 0
-0.544128 0.7 -0.0282967 -0.0875
-0.545478 0.7 -0.0228411 -0.065625
-0.54552 0.678125 -0.0165133 0
-0.314277 0.678125 -0.00931333 0.4375
-0.54822 0.721875 -0.00298556 0.065625
-0.403341 0.678125 0.00334222 0.0875
-0.550062 0.65625 0.0105422 0.021875
-0.551412 0.74375 0.0177422 0.021875
-0.552762 0.678125 0.0249422 0.30625
-0.554112 0.721875 0.0324422 -0.196875
-0.27795 0.74375 0.03877 -0.065625
-0.555503 0.65625 0.04597 -0.196875
-0.556853 0.590625 0.05317 -0.065625
-0.558653 0.7 0.06037 0.35
-0.48601 0.74375 0.0666978 0.021875
-0.560045 0.74375 0.0738978 0.503125
-0.369797 0.678125 0.0793533 0.525
-0.560128 0.590625 0.0865533 -0.021875
-0.561478 0.74375 0.0937533 0.30625
-0.563278 0.678125 0.100953 0.503125
-0.564628 0.678125 0.108153 0.2625
-0.565978 0.74375 0.115353 0.459375
-0.56602 0.74375 0.121681 0.35
-0.566062 0.74375 0.128009 0.525
-0.567862 0.7 0.135509 0.109375
-0.569212 0.678125 0.142709 0.021875
-0.423883 0.74375 0.149037 0.13125
-0.570603 0.6125 0.156237 0
-0.454799 0.7 0.162564 0.546875
-0.572445 0.6125 0.169764 0
-0.573795 0.7 0.176964 -0.065625
-0.297633 0.765625 0.183292 -0.021875
-0.573878 0.634375 0.18962 -0.13125
-0.546604 0.65625 0.198274 0.153125
-0.577028 0.853125 0.203148 0.284375
-0.578378 0.65625 0.210348 -0.021875
-0.462574 0.765625 0.216676 0.13125
-0.578912 0.7 0.223303 0.04375
-0.580262 0.83125 0.230503 0.30625
-0.581612 0.721875 0.237703 0.6125
-0.582103 0.721875 0.244031 -0.153125
-0.582553 1.00625 0.251531 -0.04375
-0.579937 0.7 0.26222 -0.0875
-0.580387 0.809375 0.263614 0.546875
-0.579528 0.7875 0.270242 0.546875
-0.579978 0.7 0.277742 0.328125
-0.4333 0.765625 0.28437 0.328125
-0.57912 0.896875 0.290998 -0.13125
-0.578262 0.765625 0.297626 0.371875
-0.578712 0.74375 0.305126 0.021875
-0.3012 0.765625 0.311753 0.4375
-0.576545 0.6125 0.318381 -0.0875
-0.576995 0.7 0.329361 0.634375
-0.577445 0.721875 0.332209 0.7
-0.576587 0.721875 0.338837 0.4375
-0.576587 0.721875 0.345464 0.4375
-0.503043 0.7875 0.352092 0.415625
-0.576178 0.74375 0.359592 0.4375
-0.42995 0.721875 0.365348 0.4375
-0.57577 0.6125 0.372848 0.546875
-0.57622 0.7 0.379476 0.721875
-0.57622 0.74375 0.386976 0.459375
-0.575362 0.765625 0.397083 0.74375
-0.575812 0.721875 0.399931 0.634375
-0.576262 0.7875 0.411211 0.48125
-0.576712 0.765625 0.413187 0.109375
-0.429175 0.765625 0.420396 0.48125
-0.574995 0.678125 0.42557 0.109375
-0.575445 0.721875 0.432198 0.13125
-0.575895 0.74375 0.439698 0.765625
-0.575895 0.765625 0.449233 0.175
-0.576345 0.765625 0.452953 0.48125
-0.576795 0.765625 0.459581 0.175
-0.577245 0.809375 0.466781 0.328125
-0.576387 0.765625 0.473118 0.765625
-0.576837 0.765625 0.482944 0.30625
-0.577287 0.765625 0.488118 0.875
-0.577737 0.765625 0.497072 0.590625
-0.578187 0.7875 0.499629 0.6125
-0.578637 0.875 0.508583 0.56875
-0.301575 0.74375 0.516664 0.6125
-0.578228 0.7875 0.520094 0.634375
-0.578678 0.7875 0.522942 0.678125
-0.579128 0.853125 0.52957 0.678125
-0.579578 0.809375 0.541431 0.678125
-0.580028 0.809375 0.541953 0.525
-0.580478 0.875 0.553814 0.678125
-0.580928 0.809375 0.553164 0.7875
-0.581378 0.721875 0.561827 0.721875
-0.581828 0.809375 0.569327 0.721875
-0.582278 0.809375 0.571303 0.74375
-0.582728 0.83125 0.577059 0.721875
-0.583178 0.9625 0.582524 0.765625
-0.583628 0.7875 0.591477 0.678125
-0.584078 0.875 0.598977 0.74375
-0.584528 0.74375 0.603861 0.765625
-0.511435 0.809375 0.604092 0.721875
-0.58457 0.765625 0.610429 0.853125
-0.58502 0.91875 0.617057 0.875
-0.58547 0.7 0.620487 0.91875
-0.58592 0.875 0.632348 0.765625
-0.58637 0.875 0.637522 0.83125
-0.58682 0.74375 0.638626 0.809375
-0.58727 0.809375 0.644963 0.853125
-0.58772 0.83125 0.655361 0.984375
-0.58862 0.853125 0.655592 0.875
-0.58907 0.896875 0.667453 0.91875
-0.58952 0.853125 0.670011 0.91875
-0.58997 0.809375 0.673731 0.7875
-0.59042 0.853125 0.685011 0.853125
-0.59087 0.896875 0.691348 0.896875
-0.59177 0.853125 0.691579 0.896875
-0.59222 0.809375 0.701405 0.875
-0.59267 0.809375 0.708033 0.896875
-0.59312 0.984375 0.71437 0.940625
-0.59357 0.809375 0.714601 0.896875
-0.59447 0.940625 0.725009 0.940625
-0.59492 0.83125 0.725822 0.9625
-0.59537 0.984375 0.735648 0.9625
-0.59582 0.940625 0.735589 0.9625
-0.59672 0.875 0.744542 0.9625
-0.59717 0.809375 0.748844 1.1375
-0.59762 0.83125 0.751111 0.9625
-0.59807 0.9625 0.759192 0.984375
-0.59897 0.875 0.764948 1.02812
-0.59942 0.896875 0.766633 0.984375
-0.59987 0.875 0.772389 1.00625
-0.59942 0.83125 0.7767 0.9625
-0.59852 0.809375 0.781011 1.05
-0.59762 0.7875 0.787348 1.05
-0.59717 0.853125 0.793403 0.9625
-0.59627 0.896875 0.796261 1.00625
-0.59582 0.875 0.802898 1.02812
-0.59492 0.896875 0.806337 1.09375
-0.59447 0.984375 0.810648 1.09375
-0.59357 0.83125 0.814959 0.984375
-0.59267 0.875 0.815781 1.07187
-0.59222 0.809375 0.820674 0.7875
-0.59132 0.83125 0.824113 1.18125
-0.59087 0.809375 0.824063 1.11563
-0.58997 0.765625 0.828083 1.1375
-0.58952 0.765625 0.828905 1.11563
-0.58862 0.809375 0.829727 1.18125
-0.58817 0.83125 0.831422 1.05
-0.58727 0.7875 0.831944 1.09375
-0.58682 0.83125 0.834511 1.11563
-0.58637 0.765625 0.833589 1.11563
-0.58547 0.809375 0.836155 1.29062
-0.58502 0.765625 0.835233 1.26875
-0.77441 0.765625 0.836927 0.896875
-0.584978 0.875 0.836877 1.11563
-0.584078 0.809375 0.839444 1.3125
-0.583628 0.853125 0.838522 1.18125
-0.583178 0.765625 0.839635 1.24687
-0.582278 0.765625 0.840457 1.35625
-0.581828 0.809375 0.841279 1.20312
-0.580928 0.875 0.844718 1.225
-0.580478 0.765625 0.84554 1.33438
-0.580028 0.809375 0.848979 1.37813
-0.579128 0.765625 0.851546 1.11563
-0.578678 0.765625 0.852659 1.35625
-0.578228 0.83125 0.854063 1.15938
-0.577328 0.765625 0.859246 0.896875
-0.576878 0.984375 0.861813 1.18125
-0.576428 0.853125 0.862635 1.35625
-0.575978 0.765625 0.865201 1.37813
-0.575078 0.765625 0.865151 0.91875
-0.574628 0.7875 0.865974 1.37813
-0.574178 0.940625 0.869413 0.875
-0.573278 0.83125 0.872561 1.15938
-0.572828 0.765625 0.871929 1.42188
-0.572378 0.74375 0.874205 0.7
-0.571928 0.765625 0.8759 1.1375
-0.571478 0.721875 0.874977 1.20312
-0.570578 0.875 0.877544 0.74375
-0.570128 0.765625 0.877494 0.91875
-0.569678 0.83125 0.878316 1.07187
-0.569228 0.7875 0.877394 1.33438
-0.568778 0.678125 0.879089 1.05
-0.567878 0.765625 0.878166 1.42188
-0.567428 0.853125 0.877244 0.74375
-0.597361 0.765625 0.878939 1.05
-0.567837 0.7875 0.878598 1.18125
-0.567387 0.74375 0.87942 1.09375
-0.566937 0.765625 0.875009 1.11563
-0.566487 0.7875 0.877285 1.35625
-0.565587 0.74375 0.872874 1.26875
-0.565137 0.7875 0.869335 1.42188
-0.564687 0.765625 0.869576 1.18125
-0.564237 0.7875 0.864583 1.29062
-0.563787 0.765625 0.859009 1.3125
-0.563337 0.875 0.849655 1.11563
-0.562887 0.765625 0.849314 1.20312
-0.562437 0.853125 0.846357 1.09375
-0.561987 0.7875 0.840201 1.00625
-0.561537 0.940625 0.83172 1.00625
-0.561087 0.765625 0.827309 1.15938
-0.561945 0.74375 0.822026 1.09375
-0.561495 0.765625 0.817614 1.18125
-0.561045 0.7875 0.80797 1.09375
-0.560595 0.875 0.799489 1.1375
-0.560145 0.765625 0.794205 1.05
-0.559695 0.83125 0.788922 1.07187
-0.749535 0.7875 0.787127 1.18125
-0.560103 0.853125 0.78039 1.09375
-0.559653 0.853125 0.777724 1.20312
-0.559203 0.9625 0.775929 1.11563
-0.558753 0.765625 0.773553 1.07187
-0.558303 0.91875 0.768561 1.07187
-0.557853 0.7875 0.770255 1.09375
-0.557403 0.809375 0.767589 1.20312
-0.556953 0.74375 0.768411 1.225
-0.556503 0.896875 0.766035 1.11563
-0.556503 0.7 0.768601 1.05
-0.409375 0.7 0.769424 1.09375
-0.553845 0.83125 0.769674 1.02812
-0.552945 0.853125 0.77224 1.11563
-0.552045 0.83125 0.776851 1.07187
-0.551145 0.83125 0.77622 1.24687
-0.550245 0.74375 0.779087 1.1375
-0.549345 0.765625 0.783398 1.11563
-0.548445 0.765625 0.786264 1.1375
-0.547545 0.765625 0.792901 1.33438
-0.546645 0.853125 0.795187 1.05
-0.545295 0.74375 0.80037 1.33438
-0.544395 0.678125 0.804981 0.984375
-0.543495 0.83125 0.805513 0.940625
-0.542595 0.74375 0.810996 1.07187
-0.541695 0.721875 0.817051 1.35625
-0.540795 0.678125 0.827477 0.875
-0.540345 0.74375 0.828881 1.3125
-0.539445 0.678125 0.840761 1.18125
-0.538545 0.765625 0.841292 1.33438
-0.537645 0.74375 0.84852 1.37813
-0.536745 0.721875 0.8601 0.91875
-0.535845 0.83125 0.865001 0.875
-0.504563 0.74375 0.869313 1.15938
-0.532737 0.634375 0.881483 1.55313
-0.531837 0.765625 0.88812 0.984375
-0.530937 0.74375 0.88837 1.3125
-0.530037 0.74375 0.895879 1.26875
-0.529137 0.634375 0.903689 1.225
-0.528687 0.678125 0.906837 1.42188
-0.527787 0.74375 0.913192 1.37813
-0.526887 0.74375 0.921283 1.4
-0.525987 0.721875 0.926185 1.55313
-0.525087 0.7 0.933694 1.4
-0.524187 0.74375 0.94005 1.44375
-0.523737 0.7 0.942035 1.44375
-0.522837 0.678125 0.95217 1.44375
-0.521937 0.7 0.955327 1.4
-0.521037 0.678125 0.963709 1.4875
-0.520137 0.83125 0.96832 1.24687
-0.519687 0.678125 0.973503 1.4875
-0.518787 0.74375 0.97637 1.59688
-0.517887 0.678125 0.978355 1.44375
-0.516987 0.7 0.982966 1.55313
-0.516537 0.765625 0.990476 1.20312
-0.515637 0.65625 0.994505 1.35625
-0.514737 0.7 1.00114 1.37813
-0.514287 0.7 1.0043 1.42188
-0.513387 0.678125 1.00717 1.20312
-0.512487 0.809375 1.01642 1.26875
-0.512037 0.678125 1.02103 1.33438
-0.511137 0.56875 1.02214 1.44375
-0.510237 0.765625 1.02588 1.33438
-0.509787 0.74375 1.03426 1.26875
-0.508887 0.74375 1.03713 1.44375
-0.507987 0.765625 1.04174 1.44375
-0.507537 0.634375 1.04693 1.37813
-0.506637 0.678125 1.04892 1.6625
-0.505737 0.678125 1.0541 1.35625
-0.505287 0.634375 1.05697 1.53125
-0.504387 0.809375 1.06012 1.575
-0.503937 0.634375 1.06386 1.4
-0.503037 0.7 1.0676 1.59688
-0.502587 0.7 1.06842 1.575
-0.501687 0.7 1.07128 1.46562
-0.500787 0.74375 1.07298 1.50937
-0.500337 0.678125 1.0773 1.33438
-0.499437 0.83125 1.07755 1.42188
-0.498987 0.809375 1.07837 1.44375
-0.499395 0.7 1.08298 1.50937
-0.498945 0.634375 1.08206 1.46562
-0.498045 0.83125 1.08493 1.42188
-0.497595 0.74375 1.08431 1.59688
-0.496695 0.634375 1.08658 1.44375
-0.496245 0.7 1.08538 1.42188
-0.495795 0.74375 1.08329 1.50937
-0.494895 0.74375 1.0818 1.44375
-0.494445 0.634375 1.08147 1.44375
-0.493545 0.678125 1.082 1.6625
-0.493095 0.7875 1.08283 1.4875
-0.492195 0.634375 1.08016 1.59688
-0.491745 0.634375 1.0778 1.55313
-0.491295 0.678125 1.07543 1.59688
-0.490395 0.7 1.07276 1.44375
-0.722538 0.678125 1.0704 1.42188
-0.766557 0.74375 1.06716 1.42188
-0.489903 1.02812 1.06594 1.4
-0.489453 0.7875 1.06183 1.42188
-0.488553 0.7 1.058 1.35625
-0.488103 0.678125 1.05128 1.37813
-0.487653 0.74375 1.04629 1.4
-0.486753 0.7 1.03403 1.53125
-0.486303 0.634375 1.02788 1.44375
-0.485853 0.678125 1.01999 1.4875
-0.485403 0.678125 1.00977 1.4
-0.484503 0.65625 1.00275 1.575
-0.717954 0.634375 0.99515 1.09375
-0.484912 0.765625 0.982889 1.35625
-0.483112 0.65625 0.976461 1.59688
-0.480862 0.74375 0.966544 1.53125
-0.478612 0.765625 0.9575 1.55313
-0.47767 0.7 0.946129 1.575
-0.47542 0.634375 0.939992 1.42188
-0.47317 0.678125 0.931239 1.68437
-0.47092 0.65625 0.926555 1.6625
-0.499052 0.634375 0.921581 1.61875
-0.468178 0.634375 0.916898 1.26875
-0.465928 0.634375 0.915122 1.35625
-0.463678 0.634375 0.920614 1.3125
-0.461428 0.7 0.918839 1.26875
-0.459178 0.7 0.921133 1.3125
-0.457378 0.74375 0.922846 1.29062
-0.455128 0.809375 0.924268 1.44375
-0.452878 0.7875 0.927435 1.18125
-0.450628 0.678125 0.931474 1.3125
-0.448828 0.678125 0.932896 1.225
-0.446578 0.7875 0.936935 1.3125
-0.444328 0.678125 0.940974 1.3125
-0.442078 0.65625 0.942396 1.29062
-0.440278 0.7875 0.945863 1.26875
-0.364035 0.590625 0.947576 1.3125
-0.43447 0.590625 0.950742 1.26875
-0.43267 0.721875 0.9542 1.29062
-0.43042 0.6125 0.95882 1.33438
-0.42817 0.721875 0.964603 1.33438
-0.42637 0.546875 0.970387 1.53125
-0.42412 0.56875 0.972972 1.02812
-0.42232 0.56875 0.978755 1.37813
-0.42007 0.56875 0.981922 1.4
-0.41782 0.590625 0.987124 0.940625
-0.41602 0.65625 0.998431 1.37813
-0.41377 0.56875 1.00102 1.37813
-0.41197 0.503125 1.00855 1.55313
-0.40972 0.546875 1.01027 1.59688
-0.40792 0.525 1.02099 1.37813
-0.40567 0.503125 1.02038 1.55313
-0.40387 0.546875 1.02936 1.09375
-0.40162 0.56875 1.03427 1.42188
-0.39982 0.634375 1.03773 1.4
-0.39757 0.6125 1.04991 1.575
-0.39577 0.56875 1.05482 1.18125
-0.39352 0.56875 1.05915 1.42188
-0.39172 0.328125 1.06349 1.42188
-0.38992 0.525 1.06782 1.44375
-0.38767 0.590625 1.07738 1.42188
-0.38587 0.546875 1.08084 1.44375
-0.38362 0.503125 1.08895 1.46562
-0.38182 0.525 1.08979 1.46562
-0.38002 0.56875 1.09703 1.64062
-0.37777 0.48125 1.10252 1.4875
-0.37597 0.503125 1.1054 1.61875
-0.37417 0.503125 1.11119 1.4
-0.37192 0.56875 1.11435 1.64062
-0.37012 0.48125 1.11897 1.44375
-0.36832 0.721875 1.11981 1.18125
-0.36652 0.503125 1.12618 1.64062
-0.36427 0.48125 1.12994 1.68437
-0.36247 0.48125 1.13223 1.55313
-0.36067 0.459375 1.13801 1.4875
-0.35887 0.459375 1.14263 1.50937
-0.35662 0.459375 1.14522 1.77188
-0.35482 0.503125 1.14839 1.6625
-0.35302 0.4375 1.15185 1.53125
-0.35122 0.459375 1.15735 1.4
-0.34942 0.459375 1.16051 1.6625
-0.34717 0.525 1.16368 1.42188
-0.34537 0.503125 1.16685 1.61875
-0.34357 0.4375 1.16914 1.70625
-0.34177 0.459375 1.17173 1.68437
-0.33997 0.503125 1.1749 1.70625
-0.33817 0.525 1.17952 1.4
-0.33637 0.546875 1.18123 1.75
-0.33457 0.415625 1.18266 1.59688
-0.33277 0.415625 1.18671 1.575
-0.332278 0.39375 1.18842 1.61875
-0.606682 0.503125 1.19158 1.50937
-0.328678 0.6125 1.19359 1.61875
-0.326878 0.48125 1.19676 1.61875
-0.325078 0.525 1.19818 1.77188
-0.323278 0.634375 1.20018 1.61875
-0.321478 0.6125 1.20103 1.6625
-0.320128 0.4375 1.20158 1.75
-0.318328 0.503125 1.20039 1.55313
-0.316528 0.415625 1.20065 1.85938
-0.314728 0.4375 1.19945 1.575
-0.312928 0.48125 1.19709 1.55313
-0.545479 0.6125 1.19446 1.77188
-0.311087 0.48125 1.19239 1.79375
-0.309287 0.503125 1.18916 1.68437
-0.307487 0.4375 1.1836 1.35625
-0.306137 0.525 1.17979 1.15938
-0.304337 0.459375 1.17425 1.70625
-0.332919 0.415625 1.16869 1.575
-0.302495 0.4375 1.16052 1.4
-0.332386 0.39375 1.15758 1.88125
-0.301512 0.4375 1.15028 1.75
-0.30147 0.4375 1.14561 1.75
-0.300978 0.459375 1.13569 1.70625
-0.299178 0.6125 1.12577 1.15938
-0.299137 0.6125 1.11818 1.53125
-0.603923 0.371875 1.11146 1.4875
-0.530746 0.459375 1.09981 1.3125
-0.574315 0.525 1.08379 1.68437
-0.296312 0.678125 1.06689 1.53125
-0.29627 0.525 1.05436 1.50937
-0.295778 0.459375 1.04183 1.42188
-0.441107 0.503125 1.0264 1.53125
-0.441924 0.459375 1.01793 1.53125
-0.296512 0.56875 1.0022 1.4
-0.29602 0.4375 0.989959 1.59688
-0.571732 0.503125 0.978016 1.46562
-0.296795 0.503125 0.968972 1.575
-0.4126 0.459375 0.96109 1.575
-0.294953 0.4375 0.951174 1.70625
-0.367597 0.525 0.94272 1.6625
-0.29442 0.4375 0.936583 1.75
-0.294378 0.4375 0.931318 1.6625
-0.292578 0.371875 0.930124 1.61875
-0.292537 0.503125 0.92545 1.68437
-0.408341 0.4375 0.927744 1.35625
-0.290695 0.525 0.92684 1.53125
-0.289345 0.525 0.930589 1.42188
-0.287545 0.371875 0.930276 1.4
-0.286195 0.546875 0.935187 1.35625
-0.284395 0.459375 0.938353 1.29062
-0.283045 0.525 0.945309 1.29062
-0.281695 0.4375 0.951092 1.4
-0.279895 0.371875 0.955422 1.29062
-0.278545 0.48125 0.959461 1.3125
-0.275887 0.328125 0.965544 1.35625
-0.274537 0.503125 0.968129 1.29062
-0.272737 0.4375 0.976239 1.29062
-0.271387 0.4375 0.984066 1.4
-0.268728 0.4375 0.990431 1.26875
-0.266928 0.415625 0.994761 1.29062
-0.265578 0.328125 0.995892 1.37813
-0.264228 0.39375 1.0043 1.3125
-0.262878 0.48125 1.01474 1.29062
-0.261528 0.590625 1.01994 1.3125
-0.259728 0.48125 1.02515 1.3125
-0.258378 0.35 1.03413 1.53125
-0.257028 0.39375 1.03933 1.37813
-0.255678 0.371875 1.04454 1.35625
-0.254328 0.459375 1.05265 1.02812
-0.252978 0.30625 1.05524 1.46562
-0.251178 0.415625 1.0619 1.64062
-0.249828 0.415625 1.06681 1.37813
-0.248478 0.371875 1.0726 1.3125
-0.247128 0.371875 1.07694 1.70625
-0.245778 0.284375 1.0801 1.53125
-0.244428 0.459375 1.08414 1.64062
-0.243078 0.2625 1.08993 1.64062
-0.241728 0.525 1.09078 1.42188
-0.240378 0.35 1.09714 1.68437
-0.239478 0.35 1.09856 1.4875
-0.238128 0.240625 1.10086 1.61875
-0.237228 0.2625 1.10635 1.575
-0.236328 0.39375 1.10633 1.61875
-0.234978 0.284375 1.11008 1.70625
-0.234078 0.284375 1.10917 0.984375
-0.232728 0.2625 1.10856 1.70625
-0.231828 0.30625 1.10882 1.53125
-0.230928 0.2625 1.10617 1.70625
-0.229578 0.48125 1.10498 1.575
-0.228678 0.30625 1.10436 1.44375
-0.227778 0.2625 1.10172 1.75
-0.226428 0.2625 1.09878 1.59688
-0.225528 0.328125 1.09672 1.46562
-0.343541 0.2625 1.09611 1.44375
-0.225895 0.109375 1.09317 1.4
-0.224995 0.328125 1.08819 1.61875
-0.224095 0.328125 1.08176 1.46562
-0.223195 0.284375 1.07651 1.44375
-0.252227 0.503125 1.07241 1.18125
-0.222253 0.546875 1.06598 1.44375
-0.221353 0.240625 1.06101 1.42188
-0.454354 0.328125 1.05545 1.575
-0.220862 0.415625 1.04728 1.44375
-0.219512 0.284375 1.03853 1.44375
-0.21992 0.328125 1.03181 1.4875
-0.21902 0.30625 1.02306 1.42188
-0.249811 0.240625 1.01489 1.42188
-0.219837 0.371875 1.00497 1.64062
-0.495999 0.240625 0.994183 1.07187
-0.221512 0.328125 0.988927 1.50937
-0.220612 0.30625 0.976685 1.64062
-0.250094 0.590625 0.971129 1.46562
-0.224045 0.30625 0.966737 1.53125
-0.298447 0.240625 0.962053 1.59688
-0.502374 0.284375 0.956216 1.37813
-0.460479 0.6125 0.952696 0.9625
-0.417276 0.4375 0.951792 1.61875
-0.228253 0.371875 0.95147 1.4
-0.227353 0.39375 0.948531 1.59688
-0.300447 0.328125 0.947055 1.50937
-0.41846 0.39375 0.952548 1.53125
-0.346183 0.39375 0.95019 1.53125
-0.228987 0.4375 0.954811 1.29062
-0.228087 0.35 0.952163 1.4
-0.227187 0.35 0.957083 1.33438
-0.226287 0.35 0.955307 1.575
-0.225387 0.4375 0.957601 1.53125
-0.224487 0.30625 0.959896 1.4875
-0.223587 0.35 0.961618 1.05
-0.222687 0.503125 0.96304 1.33438
-0.221787 0.21875 0.965335 1.42188
-0.221337 0.371875 0.969664 1.37813
-0.220437 0.240625 0.974003 1.55313
-0.218228 0.21875 0.973972 1.55313
-0.217328 0.30625 0.978883 1.53125
-0.216428 0.415625 0.988737 1.50937
-0.215528 0.284375 0.989287 1.50937
-0.214628 0.371875 0.997696 1.575
-0.213728 0.2625 1.00203 1.35625
-0.212828 0.35 1.01421 1.55313
-0.212378 0.2625 1.02261 1.55313
-0.211478 0.284375 1.02287 1.07187
-0.210578 0.196875 1.03331 1.55313
-0.209678 0.196875 1.03589 1.33438
-0.208778 0.328125 1.04372 1.50937
-0.207878 0.21875 1.05009 1.35625
-0.207428 0.328125 1.05267 1.35625
-0.206528 0.35 1.05497 1.05
-0.205628 0.284375 1.06338 1.50937
-0.204728 0.30625 1.06683 1.575
-0.204278 0.2625 1.07407 1.53125
-0.203378 0.30625 1.07754 1.4875
-0.202478 0.196875 1.08245 1.18125
-0.201578 0.371875 1.08503 1.55313
-0.201128 0.2625 1.0885 1.61875
-0.199778 0.35 1.09661 1.64062
-0.198428 0.284375 1.09862 1.50937
-0.197078 0.459375 1.10529 1.46562
-0.195728 0.48125 1.11137 1.4875
-0.194378 0.415625 1.11484 1.4875
-0.193028 0.196875 1.12033 1.50937
-0.192128 0.175 1.12321 1.46562
-0.190778 0.371875 1.12755 1.44375
-0.189428 0.4375 1.1316 1.50937
-0.188078 0.328125 1.13681 1.42188
-0.187178 0.284375 1.13853 1.50937
-0.185828 0.21875 1.14257 1.50937
-0.184478 0.459375 1.14604 1.50937
-0.183128 0.35 1.15009 1.50937
-0.182228 0.30625 1.15181 1.50937
-0.180878 0.415625 1.15353 1.50937
-0.179528 0.175 1.15613 1.53125
-0.178178 0.21875 1.15785 1.55313
-0.177278 0.284375 1.15927 1.59688
-0.177237 0.30625 1.16245 1.55313
-0.175887 0.175 1.16272 1.55313
-0.174987 0.39375 1.16502 1.575
-0.173637 0.415625 1.165 1.64062
-0.172287 0.153125 1.16614 1.59688
-0.171387 0.328125 1.16757 1.61875
-0.170037 0.35 1.16755 1.575
-0.169137 0.2625 1.16607 1.72812
-0.167787 0.175 1.16633 1.59688
-0.166437 0.109375 1.16805 1.575
-0.165537 0.153125 1.16716 1.55313
-0.398088 0.153125 1.17033 1.59688
-0.164595 0.39375 1.17031 1.64062
-0.163245 0.30625 1.16942 1.79375
-0.162345 0.153125 1.16678 1.81563
-0.160995 0.30625 1.16559 1.575
-0.160095 0.284375 1.16237 1.75
-0.160053 0.13125 1.16206 1.50937
-0.159153 0.30625 1.16029 1.53125
-0.157803 0.175 1.15823 1.53125
-0.156903 0.13125 1.15326 1.50937
-0.156862 0.328125 1.15237 1.46562
-0.15727 0.13125 1.15147 1.575
-0.15592 0.240625 1.15029 1.4875
-0.301699 0.13125 1.14678 1.81563
-0.156737 0.328125 1.14501 1.46562
-0.300757 0.109375 1.13946 1.64062
-0.155795 0.175 1.13828 1.53125
-0.155753 0.13125 1.13186 1.42188
-0.154853 0.48125 1.12486 1.42188
-0.34686 0.30625 1.12338 1.50937
-0.157837 0.39375 1.11202 1.46562
-0.463523 0.109375 1.10473 1.4875
-0.158653 0.39375 1.09163 1.42188
-0.465198 0.39375 1.08201 1.35625
-0.160328 0.415625 1.06832 1.4
-0.351026 0.196875 1.06103 1.4875
-0.163312 0.371875 1.04822 1.4
-0.35401 0.175 1.04035 1.35625
-0.355726 0.240625 1.03276 1.44375
-0.198844 0.4375 1.02576 1.53125
-0.476314 0.39375 1.01789 1.46562
-0.479339 0.6125 1.01118 1.44375
-0.45329 0.7 1.00593 1.46562
-0.484081 0.4375 0.999218 1.70625
-0.456274 0.48125 0.995998 1.4875
-0.414379 0.56875 0.99394 1.575
-0.372485 0.590625 0.986359 1.37813
-0.491806 0.48125 0.98372 1.55313
-0.334924 0.590625 0.979627 1.50937
-0.189512 0.525 0.974372 1.37813
-0.423821 0.525 0.973477 1.35625
-0.470457 0.6125 0.972001 1.11563
-0.19597 0.546875 0.971398 1.59688
-0.196378 0.415625 0.971376 1.3125
-0.195478 0.415625 0.966411 1.59688
-0.312183 0.153125 0.968133 1.4
-0.196295 0.371875 0.969855 1.3125
-0.26763 0.153125 0.969833 1.37813
-0.194045 0.371875 0.972718 1.4
-0.193145 0.39375 0.976185 1.33438
-0.192245 0.13125 0.977035 1.35625
-0.191345 0.13125 0.980792 1.53125
-0.190445 0.109375 0.983387 1.4
-0.189545 0.503125 0.98947 0.9625
-0.188645 0.109375 0.992937 0.91875
-0.187745 0.39375 0.996403 1.3125
-0.186845 0.065625 1.00016 1.46562
-0.185945 0.415625 1.00857 1.35625
-0.185045 0.371875 1.01233 1.35625
-0.184145 0.065625 1.01842 1.44375
-0.183245 0.415625 1.02625 1.4
-0.182345 0.065625 1.03146 1.33438
-0.181445 0.284375 1.03493 1.575
-0.180545 0.065625 1.04101 1.44375
-0.179645 0.328125 1.04622 1.00625
-0.179195 0.371875 1.0523 1.42188
-0.178295 0.065625 1.05664 1.35625
-0.177395 0.459375 1.06098 1.575
-0.176495 0.328125 1.06619 1.46562
-0.175595 0.2625 1.07198 1.50937
-0.174695 0.284375 1.07517 1.4
-0.173795 0.4375 1.07922 1.46562
-0.172895 0.2625 1.08443 1.37813
-0.172445 0.284375 1.08615 1.61875
-0.171545 0.35 1.0902 1.6625
-0.170645 0.065625 1.09105 1.24687
-0.169745 0.2625 1.09219 1.59688
-0.168845 0.065625 1.09537 1.50937
-0.168395 0.04375 1.09652 1.59688
-0.167495 0.04375 1.09737 1.6625
-0.166595 0.35 1.09705 1.44375
-0.165695 0.065625 1.09878 1.20312
-0.164795 0.04375 1.09963 1.575
-0.164345 0.35 1.0996 1.42188
-0.163445 0.240625 1.09929 1.59688
-0.162545 0.04375 1.09811 1.42188
-0.162095 0.04375 1.09867 1.42188
-0.161195 0.04375 1.09429 1.35625
-0.160295 0.39375 1.09427 1.42188
-0.159395 0.2625 1.09396 1.42188
-0.305624 0.415625 1.09132 1.4
-0.160662 0.371875 1.08694 1.46562
-0.16152 0.35 1.08605 1.55313
-0.161928 0.328125 1.07905 1.46562
-0.163645 0.065625 1.07728 1.44375
-0.353485 0.284375 1.07435 1.46562
-0.16622 0.415625 1.06998 1.42188
-0.313307 0.04375 1.06647 1.46562
-0.315474 0.4375 1.05685 1.44375
-0.170512 0.39375 1.0513 1.46562
-0.319357 0.0875 1.03994 1.35625
-0.177012 0.546875 1.03586 1.37813
-0.369468 0.109375 1.02944 1.4
-0.417413 0.39375 1.01924 1.55313
-0.580345 0.4375 1.00963 0.984375
-0.425221 0.590625 1.00117 1.55313
-0.500931 0.371875 0.994763 1.6625
-0.47664 0.525 0.989798 1.575
-0.59727 0.590625 0.985705 1.35625
-0.397226 0.634375 0.983066 1.61875
-0.49009 0.56875 0.984507 1.59688
-0.567559 0.6125 0.983613 1.4875
-0.617262 0.634375 0.986498 1.42188
-0.621595 0.9625 0.987348 1.4
-0.421551 0.7 0.98907 1.46562
-0.468188 0.678125 0.99022 1.42188
-0.428051 0.240625 0.989326 1.3125
-0.431076 0.809375 0.99192 1.42188
-0.520465 0.56875 0.995096 1.42188
-0.320422 0.634375 0.996246 1.3125
-0.437126 0.634375 0.996224 1.44375
-0.250312 0.546875 0.994166 1.42188
-0.555998 0.525 0.996189 1.53125
-0.252887 0.546875 0.997039 1.53125
-0.252437 0.39375 0.997889 1.55313
-0.251537 0.459375 0.999029 1.55313
-0.252395 0.371875 1.00367 1.55313
-0.281019 0.4375 1.00394 1.55313
-0.251045 0.48125 1.00653 1.4
-0.250595 0.65625 1.01116 1.35625
-0.250145 0.65625 1.01987 1.24687
-0.249695 0.56875 1.02421 1.09375
-0.248795 0.459375 1.02884 1.44375
-0.248345 0.39375 1.03522 1.35625
-0.247895 0.39375 1.04043 1.42188
-0.246995 0.371875 1.04449 1.50937
-0.246095 0.30625 1.05203 1.575
-0.244745 0.328125 1.06248 1.42188
-0.243845 0.39375 1.06886 1.575
-0.242945 0.48125 1.07263 1.55313
-0.241595 0.371875 1.08076 1.24687
-0.240695 0.590625 1.08307 1.225
-0.239795 0.546875 1.08946 1.4
-0.238445 0.459375 1.09729 1.575
-0.237545 -0.153125 1.10019 1.575
-0.236645 0.415625 1.10394 1.37813
-0.235745 0.415625 1.11091 1.46562
-0.234395 0.35 1.11729 1.59688
-0.233495 0.30625 1.11931 1.46562
-0.232595 0.415625 1.12657 1.64062
-0.231695 0.2625 1.13121 1.50937
-0.230345 0.30625 1.1341 1.61875
-0.229445 0.30625 1.1402 1.59688
-0.228545 0.371875 1.14483 1.55313
-0.228953 0.35 1.14628 1.55313
-0.228053 0.284375 1.15004 1.55313
-0.227153 0.525 1.15439 1.6625
-0.225803 0.35 1.15758 1.59688
-0.224903 0.2625 1.16367 1.75
-0.224003 0.371875 1.16482 1.70625
-0.223103 0.459375 1.16946 1.3125
-0.222203 0.30625 1.17263 1.68437
-0.527889 0.284375 1.17495 1.61875
-0.221712 0.48125 1.17755 1.75
-0.220812 0.35 1.17957 1.59688
-0.219912 0.459375 1.18305 1.72812
-0.22032 0.175 1.18333 1.53125
-0.220728 0.371875 1.18389 1.81563
-0.366507 0.30625 1.1865 1.79375
-0.221095 0.371875 1.18852 1.81563
-0.221503 0.371875 1.1888 1.72812
-0.220603 0.35 1.1882 1.35625
-0.22232 0.525 1.18935 1.53125
-0.413468 0.284375 1.19138 1.6625
-0.531481 0.35 1.19136 1.575
-0.504124 0.503125 1.19019 1.85938
-0.228328 0.721875 1.19105 1.02812
-0.228737 0.48125 1.19045 1.70625
-0.375824 0.525 1.19247 1.75
-0.306164 0.35 1.19275 1.24687
-0.584084 0.109375 1.19274 1.42188
-0.472121 0.74375 1.19302 1.46562
-0.590134 0.7875 1.1933 1.42188
-0.517857 0.546875 1.19009 1.70625
-0.24337 0.503125 1.18746 1.96875
-0.478129 0.765625 1.18251 1.05
-0.524765 0.546875 1.17901 1.50937
-0.600476 0.634375 1.16969 1.75
-0.487204 0.678125 1.16531 1.575
-0.605217 0.65625 1.15774 1.79375
-0.608242 0.175 1.15017 1.61875
-0.537724 0.809375 1.13475 1.46562
-0.540749 0.546875 1.12892 1.64062
-0.455243 0.809375 1.12048 1.50937
-0.619484 0.721875 1.11029 1.575
-0.667428 0.74375 1.10359 1.50937
-0.423774 0.765625 1.09427 1.64062
-0.512713 0.634375 1.08321 1.44375
-0.588423 0.7 1.07536 1.61875
-0.636817 0.74375 1.07127 1.55313
-0.596231 0.853125 1.06486 1.53125
-0.644176 0.809375 1.06281 1.575
-0.529596 0.809375 1.05815 1.6625
-0.328244 0.721875 1.05756 1.53125
-0.57709 0.65625 1.05551 1.50937
-0.537813 0.83125 1.05753 1.50937
-0.541288 0.721875 1.05723 1.64062
-0.384405 0.7 1.06129 1.44375
-0.591399 0.875 1.06361 1.61875
-0.594424 0.65625 1.06824 1.4875
-0.59614 0.765625 1.06968 1.44375
-0.320795 0.853125 1.07432 1.44375
-0.319895 0.74375 1.07722 1.53125
-0.320303 0.525 1.08303 1.44375
-0.598224 0.590625 1.08941 1.42188
-0.322428 0.546875 1.09173 1.55313
-0.511818 0.546875 1.09579 1.4875
-0.321937 0.590625 1.10101 1.53125
-0.321037 0.590625 1.10682 1.4875
-0.320137 0.503125 1.11088 1.46562
-0.319237 0.590625 1.11582 1.50937
-0.318337 0.4375 1.11813 1.575
-0.317437 0.415625 1.12627 1.53125
-0.316537 0.503125 1.1312 1.46562
-0.315637 0.503125 1.13526 1.46562
-0.314737 0.4375 1.14136 1.575
-0.313837 0.415625 1.15414 1.53125
-0.312937 0.48125 1.15704 1.81563
-0.312037 0.6125 1.1704 1.55313
-0.311137 0.415625 1.17331 1.53125
-0.310687 0.634375 1.18085 1.575
-0.309787 0.284375 1.19276 1.59688
-0.308887 0.415625 1.20177 1.61875
-0.307987 0.525 1.20844 1.70625
-0.307087 0.415625 1.21745 1.8375
-0.306187 0.415625 1.21831 1.70625
-0.305737 0.021875 1.22965 1.68437
-0.304837 0.415625 1.23283 1.575
-0.303937 0.678125 1.24271 1.6625
-0.303037 0.459375 1.24823 1.59688
-0.302587 0.415625 1.25316 1.85938
-0.301687 0.415625 1.25838 1.68437
-0.300787 0.415625 1.26158 1.33438
-0.299887 0.7 1.26447 1.88125
-0.299437 0.371875 1.27028 1.90312
-0.298537 0.371875 1.27376 1.85938
-0.297637 0.415625 1.27637 1.72812
-0.297187 0.415625 1.27811 1.68437
-0.296287 0.39375 1.2813 1.72812
-0.295387 0.284375 1.28245 1.70625
-0.294937 0.415625 1.28535 1.81563
-0.294037 0.371875 1.28505 1.75
-0.295753 0.415625 1.28912 1.72812
-0.295303 0.546875 1.29172 1.70625
-0.294403 0.284375 1.2923 1.8375
-0.571015 0.39375 1.29345 1.81563
-0.294362 0.48125 1.29315 1.81563
-0.411066 0.525 1.29256 1.70625
-0.29432 0.525 1.29139 1.77188
-0.294728 0.415625 1.29168 1.53125
-0.295587 0.21875 1.29283 1.6625
-0.326377 0.39375 1.29166 1.75
-0.575674 0.48125 1.29339 1.8375
-0.57739 0.48125 1.29048 1.75
-0.302903 0.590625 1.28902 1.79375
-0.303762 0.525 1.28349 1.75
-0.609448 0.48125 1.27941 1.70625
-0.541546 0.7 1.28027 1.6625
-0.587324 0.7 1.27387 1.75
-0.58904 0.525 1.26863 1.68437
-0.620281 0.7 1.26223 1.88125
-0.550621 0.875 1.25554 1.6625
-0.625473 0.6125 1.24622 1.64062
-0.321912 0.7875 1.23778 1.90312
-0.60159 0.590625 1.22731 1.53125
-0.632831 0.91875 1.21916 1.50937
-0.60809 0.853125 1.20578 1.72812
-0.611565 0.721875 1.19676 1.79375
-0.61459 0.83125 1.18367 1.70625
-0.645831 0.678125 1.17697 1.85938
-0.416714 0.83125 1.16824 1.6625
-0.695942 0.678125 1.16301 1.77188
-0.744337 0.74375 1.15747 1.90312
-0.587904 0.984375 1.15427 1.72812
-0.357028 0.74375 1.15223 1.81563
-0.358745 0.503125 1.14525 1.46562
-0.711967 0.590625 1.14088 1.79375
-0.76167 0.74375 1.14291 1.64062
-0.722392 0.809375 1.14028 1.75
-0.373912 0.896875 1.13825 1.3125
-0.37477 0.896875 1.13708 1.26875
-0.375178 0.7 1.13766 1.59688
-0.610796 0.48125 1.1362 1.68437
-0.686956 0.7875 1.14085 1.6625
-0.528765 0.721875 1.14433 1.75
-0.384253 0.83125 1.14578 1.70625
-0.383353 0.634375 1.14636 1.50937
-0.382453 0.634375 1.14868 1.4875
-0.457305 0.30625 1.15391 1.70625
-0.385028 0.590625 1.15798 1.64062
-0.384578 0.48125 1.1603 1.59688
-0.383678 0.4375 1.1632 1.68437
-0.383228 0.6125 1.16639 1.53125
-0.382328 0.415625 1.17133 1.575
-0.381878 0.525 1.17452 1.70625
-0.380978 0.4375 1.17626 1.575
-0.380528 0.6125 1.18091 1.575
-0.379628 0.459375 1.18585 1.75
-0.379178 0.525 1.18759 1.81563
-0.378278 0.546875 1.19311 1.70625
-0.377828 0.48125 1.19718 1.77188
-0.376928 0.503125 1.20299 1.77188
-0.376478 0.546875 1.20618 1.6625
-0.375578 0.590625 1.2088 1.59688
-0.375128 0.678125 1.21432 1.61875
-0.374678 0.48125 1.21838 1.61875
-0.373778 0.6125 1.22332 1.64062
-0.373328 0.678125 1.22652 1.68437
-0.372428 0.546875 1.23233 1.59688
-0.371978 0.546875 1.23698 1.61875
-0.371528 0.634375 1.23959 1.81563
-0.370628 0.459375 1.24249 1.70625
-0.370178 0.503125 1.24569 1.64062
-0.369728 0.590625 1.24976 1.6625
-0.368828 0.546875 1.25208 1.68437
-0.368378 0.56875 1.25411 1.64062
-0.367928 0.503125 1.25323 1.6625
-0.367028 0.65625 1.25614 1.70625
-0.366578 0.153125 1.25671 1.72812
-0.366128 0.48125 1.25498 1.68437
-0.365678 0.48125 1.25613 1.64062
-0.364778 0.6125 1.25584 1.68437
-0.364328 0.56875 1.25642 1.6625
-0.363878 0.546875 1.25234 1.20312
-0.363428 0.678125 1.24972 1.35625
-0.362978 0.503125 1.24739 1.64062
-0.362078 0.415625 1.24448 1.42188
-0.361628 0.48125 1.24244 1.70625
-0.551468 0.459375 1.24128 1.75
-0.508715 0.503125 1.23982 1.50937
-0.364203 0.459375 1.23604 1.75
-0.363753 0.503125 1.23225 1.75
-0.362853 0.6125 1.22848 1.68437
-0.36502 0.7 1.22644 1.50937
-0.365878 0.503125 1.21888 1.72812
-0.48565 0.48125 1.21509 1.20312
-0.602804 0.48125 1.2084 1.68437
-0.37107 0.7 1.19764 1.42188
-0.373237 0.7 1.19095 1.55313
-0.374095 0.809375 1.18193 1.53125
-0.682848 0.6125 1.17496 1.70625
-0.773545 0.940625 1.16507 1.3125
-0.383212 0.74375 1.15548 1.64062
-0.382762 0.634375 1.14471 1.68437
-0.414002 0.7 1.13395 1.59688
-0.664607 0.809375 1.12523 1.44375
-0.830606 0.74375 1.11883 1.61875
-0.585643 0.765625 1.11186 1.81563
-0.426594 0.875 1.10313 1.70625
-0.632279 0.7875 1.0976 1.81563
-0.750742 0.7875 1.09149 1.61875
-0.68284 0.765625 1.08713 1.70625
-0.552865 0.9625 1.08509 1.72812
-0.408353 0.9625 1.08161 1.75
-0.409212 0.7 1.07811 1.50937
-0.643971 0.48125 1.0784 1.68437
-0.808662 0.853125 1.07781 1.55313
-0.418328 0.765625 1.08014 1.50937
-0.417878 0.7875 1.07869 1.72812
-0.416978 0.65625 1.07869 1.6625
-0.416078 0.634375 1.08132 1.46562
-0.415178 0.4375 1.0819 1.64062
-0.69179 0.525 1.0886 1.4875
-0.414687 0.48125 1.09121 1.53125
-0.413787 0.65625 1.09383 1.1375
-0.413337 0.48125 1.1014 1.6625
-0.412437 0.4375 1.10518 0.984375
-0.411537 0.39375 1.11129 1.64062
-0.410637 0.415625 1.11595 1.6625
-0.409737 0.48125 1.12293 1.68437
-0.407528 0.721875 1.12992 1.55313
-0.407078 0.4375 1.13457 1.64062
-0.406178 0.371875 1.14126 1.70625
-0.405278 0.459375 1.14911 1.72812
-0.404378 0.459375 1.16191 1.8375
-0.403928 0.65625 1.16977 1.61875
-0.403028 0.525 1.17297 1.575
-0.402128 0.546875 1.18083 1.75
-0.401228 0.459375 1.19246 1.575
-0.400778 0.39375 1.19741 1.75
-0.399878 0.4375 1.21137 1.53125
-0.398978 0.48125 1.2169 1.81563
-0.398528 0.525 1.22563 1.64062
-0.397628 0.459375 1.22854 1.64062
-0.396728 0.678125 1.24105 1.59688
-0.396278 0.4375 1.24716 1.6625
-0.395378 0.35 1.25501 1.79375
-0.394928 0.415625 1.25967 1.70625
-0.394028 0.525 1.26811 1.81563
-0.393128 0.6125 1.27189 1.6625
-0.392678 0.459375 1.28004 1.70625
-0.391778 0.39375 1.2815 1.8375
-0.391328 0.35 1.28994 1.72812
-0.390428 0.196875 1.29518 1.64062
-0.389978 0.240625 1.301 1.77188
-0.389078 0.328125 1.30623 1.8375
-0.388178 0.721875 1.3106 1.88125
-0.387728 0.459375 1.31497 1.925
-0.386828 0.721875 1.31614 2.05625
-0.386378 0.4375 1.32196 1.79375
-0.385928 0.525 1.32545 1.99063
-0.385028 0.6125 1.32953 2.0125
-0.384578 0.7 1.33244 1.85938
-0.383678 0.4375 1.33739 1.79375
-0.383228 0.525 1.33827 1.94687
-0.382328 0.459375 1.34176 2.07812
-0.381878 0.48125 1.34438 1.79375
-0.381428 0.328125 1.34439 1.85938
-0.381837 0.525 1.35021 1.8375
-0.381387 0.328125 1.35109 1.8375
-0.380487 0.678125 1.35109 1.81563
-0.381345 0.2625 1.35197 1.70625
-0.380895 0.415625 1.35285 1.90312
-0.379995 0.590625 1.35403 1.81563
-0.526224 0.525 1.35723 1.81563
-0.380403 0.56875 1.35491 1.77188
-0.379503 0.56875 1.35724 1.79375
-0.380362 0.415625 1.35725 1.75
-0.656115 0.525 1.35929 1.77188
-0.38077 0.634375 1.35522 1.77188
-0.37987 0.678125 1.35494 1.75
-0.37942 0.546875 1.35058 1.77188
-0.380278 0.459375 1.34798 1.79375
-0.381137 0.39375 1.34595 1.72812
-0.381545 0.546875 1.34247 1.81563
-0.383712 0.56875 1.33637 1.81563
-0.38457 0.415625 1.32939 1.77188
-0.661632 0.678125 1.32562 1.81563
-0.387595 0.65625 1.3169 1.81563
-0.388003 0.525 1.30587 1.81563
-0.665065 0.48125 1.29744 1.61875
-0.739917 0.590625 1.29222 1.79375
-0.423577 0.7875 1.28466 1.8375
-0.584343 0.590625 1.27507 1.79375
-0.39622 0.765625 1.27188 1.88125
-0.426152 0.56875 1.26434 1.79375
-0.518158 0.525 1.26376 1.79375
-0.548949 0.678125 1.26289 1.81563
-0.595135 0.56875 1.26233 1.72812
-0.596851 0.896875 1.26205 1.4875
-0.408278 1.02812 1.258 1.99063
-0.554057 0.546875 1.25772 1.8375
-0.407337 0.83125 1.25861 1.81563
-0.409053 0.525 1.26066 1.94687
-0.409462 0.634375 1.26155 1.90312
-0.40987 0.546875 1.26273 1.925
-0.411587 0.634375 1.26391 1.72812
-0.410687 0.546875 1.26596 1.90312
-0.410645 0.48125 1.26714 1.72812
-0.409745 0.503125 1.26686 1.75
-0.408845 0.525 1.26717 1.94687
-0.407945 0.590625 1.26951 1.81563
-0.407045 0.459375 1.2733 1.94687
-0.406145 0.590625 1.2771 1.72812
-0.405245 0.48125 1.28002 1.85938
-0.404345 0.546875 1.28294 1.77188
-0.403445 0.503125 1.28761 1.90312
-0.402095 0.525 1.29227 1.50937
-0.401195 0.634375 1.29432 1.68437
-0.400295 0.459375 1.29899 1.72812
-0.399395 0.459375 1.30278 1.53125
-0.398495 0.546875 1.30746 1.70625
-0.397595 0.4375 1.30951 1.77188
-0.396695 0.546875 1.31389 1.72812
-0.395795 0.503125 1.31448 1.81563
-0.394895 0.503125 1.31741 1.55313
-0.394445 0.525 1.31916 1.77188
-0.393545 0.525 1.31802 1.79375
-0.392645 0.590625 1.32239 1.81563
-0.391745 0.546875 1.3227 1.75
-0.390845 0.503125 1.32243 1.85938
-0.389945 0.56875 1.32448 1.77188
-0.389045 0.56875 1.32391 1.77188
-0.388145 0.503125 1.32771 1.94687
-0.387245 0.546875 1.32714 1.8375
-0.386795 0.525 1.32832 1.46562
-0.385895 0.678125 1.3298 1.81563
-0.384995 0.546875 1.33243 1.925
-0.384095 0.678125 1.32954 1.925
-0.383195 0.590625 1.33042 1.77188
-0.382745 0.371875 1.32986 1.925
-0.381845 0.503125 1.33017 1.81563
-0.380945 0.371875 1.32961 1.88125
-0.380045 0.4375 1.32729 1.94687
-0.379145 0.503125 1.3244 1.70625
-0.378695 0.459375 1.32122 1.99063
-0.377795 0.4375 1.32153 1.72812
-0.376895 0.415625 1.31951 1.99063
-0.376445 0.590625 1.3172 1.81563
-0.375545 0.459375 1.31634 1.94687
-0.374645 0.503125 1.31259 1.8375
-0.374195 0.48125 1.31173 2.03437
-0.650807 0.459375 1.31029 1.8375
-0.373703 0.634375 1.30769 1.79375
-0.373253 0.546875 1.30132 1.85938
-0.372353 0.525 1.29552 2.03437
-0.371903 0.459375 1.29117 1.8375
-0.372312 0.2625 1.28276 1.64062
-0.371412 0.503125 1.27696 1.8375
-0.446264 0.459375 1.27 1.75
-0.373987 0.525 1.25577 1.64062
-0.374845 0.39375 1.24823 1.79375
-0.373945 0.546875 1.23458 1.6625
-0.651007 0.525 1.21803 1.61875
-0.404286 0.634375 1.21253 1.77188
-0.449614 0.590625 1.20586 1.42188
-0.376887 0.371875 1.19717 1.46562
-0.376845 0.546875 1.19167 1.85938
-0.682081 0.503125 1.18588 1.68437
-0.37762 0.634375 1.17893 2.03437
-0.653782 0.525 1.17809 1.6625
-0.377537 0.65625 1.17376 1.8375
-0.377495 0.7 1.17088 1.88125
-0.405219 0.634375 1.16772 1.75
-0.565085 0.525 1.16251 1.81563
-0.378228 0.678125 1.16428 1.85938
-0.376878 0.6125 1.16431 1.75
-0.376837 0.56875 1.16609 1.8375
-0.375487 0.634375 1.16554 1.70625
-0.375445 0.4375 1.16789 1.81563
-0.374095 0.634375 1.16938 1.6625
-0.374053 0.48125 1.17551 1.61875
-0.372703 0.4375 1.18193 1.64062
-0.371353 0.590625 1.18662 1.79375
-0.370003 0.459375 1.18956 1.81563
-0.368653 0.65625 1.19918 1.68437
-0.367303 0.503125 1.20067 1.68437
-0.365953 0.459375 1.21175 1.68437
-0.364603 0.546875 1.21759 1.70625
-0.363253 0.590625 1.22285 1.24687
-0.361903 0.4375 1.22725 1.64062
-0.360553 0.4375 1.23309 1.64062
-0.357895 0.415625 1.23777 2.0125
-0.356995 0.4375 1.24624 1.64062
-0.355645 0.4375 1.25469 1.64062
-0.354295 0.590625 1.26083 1.6625
-0.352945 0.56875 1.26697 1.77188
-0.351595 0.39375 1.27573 1.70625
-0.350245 0.459375 1.27837 1.70625
-0.349345 0.56875 1.28945 1.68437
-0.347995 0.371875 1.29413 1.72812
-0.346645 0.4375 1.30173 1.70625
-0.345295 0.56875 1.30844 1.70625
-0.343945 0.56875 1.3137 1.81563
-0.343045 0.39375 1.32071 1.94687
-0.341695 0.39375 1.32918 1.8375
-0.340345 0.39375 1.33066 1.75
-0.339445 0.39375 1.33592 1.79375
-0.338095 0.459375 1.34264 1.77188
-0.336745 0.39375 1.34442 1.81563
-0.335845 0.48125 1.3494 1.77188
-0.334495 0.4375 1.35262 1.8375
-0.333145 0.39375 1.35323 1.77188
-0.332245 0.48125 1.35414 1.8375
-0.330895 0.39375 1.35272 1.79375
-0.329545 0.546875 1.35508 1.79375
-0.328645 0.4375 1.35657 1.85938
-0.327295 0.371875 1.35572 1.77188
-0.326395 0.175 1.35575 1.79375
-0.603007 0.415625 1.35317 1.8375
-0.325903 0.546875 1.35203 1.81563
-0.325003 0.4375 1.35263 1.79375
-0.324553 0.590625 1.35499 1.79375
-0.323653 0.415625 1.35153 1.77188
-0.32537 0.459375 1.35126 1.75
-0.46984 0.39375 1.35217 1.79375
-0.325328 0.459375 1.35277 1.79375
-0.324428 0.546875 1.35396 1.79375
-0.324837 0.39375 1.35399 1.79375
-0.323937 0.459375 1.35344 1.79375
-0.602307 0.546875 1.35521 1.4875
-0.326512 0.56875 1.35146 1.79375
-0.559513 0.48125 1.34828 1.81563
-0.32647 0.853125 1.3457 1.8375
-0.326878 0.525 1.34107 1.77188
-0.327287 0.4375 1.33646 1.81563
-0.357219 0.525 1.33183 1.81563
-0.329862 0.415625 1.3275 2.05625
-0.564621 0.678125 1.32026 1.75
-0.332437 0.6125 1.31564 1.79375
-0.479524 0.48125 1.30868 1.88125
-0.335012 0.525 1.30318 1.79375
-0.33542 0.48125 1.29827 2.07812
-0.336278 0.48125 1.29132 1.90312
-0.614199 0.48125 1.29048 1.90312
-0.615057 0.590625 1.28382 1.77188
-0.413255 0.65625 1.28472 1.77188
-0.34012 0.6125 1.28271 1.77188
-0.340528 0.765625 1.28187 1.81563
-0.575288 0.6125 1.2819 2.07812
-0.344412 0.6125 1.28542 2.03437
-0.34527 0.6125 1.28777 1.88125
-0.34482 0.48125 1.28868 1.79375
-0.34392 0.48125 1.29045 2.1
-0.344778 0.4375 1.29193 1.925
-0.62139 0.503125 1.29545 1.8375
-0.344737 0.678125 1.29519 1.77188
-0.344287 0.525 1.29784 1.88125
-0.343387 0.590625 1.29786 1.81563
-0.342937 0.48125 1.30196 1.81563
-0.342487 0.56875 1.30199 1.79375
-0.338437 0.415625 1.30614 1.8375
-0.333487 0.415625 1.30856 1.77188
-0.328537 0.415625 1.31651 1.88125
-0.323587 0.459375 1.31981 1.85938
-0.319087 0.415625 1.32717 1.8375
-0.314137 0.39375 1.33454 1.77188
-0.309187 0.415625 1.34016 1.96875
-0.304237 0.415625 1.34753 1.85938
-0.299287 0.39375 1.35344 1.85938
-0.294787 0.415625 1.36226 1.59688
-0.289837 0.371875 1.36788 1.81563
-0.284887 0.371875 1.37525 1.79375
-0.280387 0.503125 1.38262 1.96875
-0.275437 0.415625 1.38882 1.79375
-0.270937 0.371875 1.39619 1.59688
-0.265987 0.415625 1.40124 1.85938
-0.261487 0.459375 1.40686 1.8375
