8.600000000000000000e+01 1.100000000000000000e+02
8.500000000000000000e+01 1.090000000000000000e+02
8.400000000000000000e+01 1.080000000000000000e+02
8.100000000000000000e+01 1.070000000000000000e+02
8.000000000000000000e+01 1.070000000000000000e+02
7.800000000000000000e+01 1.060000000000000000e+02
7.700000000000000000e+01 1.060000000000000000e+02
7.500000000000000000e+01 1.050000000000000000e+02
7.400000000000000000e+01 1.050000000000000000e+02
7.300000000000000000e+01 1.060000000000000000e+02
