-1.151944185185185265e+00
-1.151944185185185265e+00
-1.151944185185185265e+00
-1.151944185185185265e+00
-1.151944185185185265e+00
-1.151944185185185265e+00
-1.151944185185185265e+00
-1.151944185185185265e+00
-1.151944185185185265e+00
-1.151944185185185265e+00
-1.151944185185185265e+00
-1.151944185185185265e+00
-1.151944185185185265e+00
-1.151944185185185265e+00
-1.151944185185185265e+00
-1.151944185185185265e+00
-1.151944185185185265e+00
-1.151944185185185265e+00
-1.151944185185185265e+00
-1.151915111111111223e+00
-1.151915111111111223e+00
-1.151886037037037180e+00
-1.151856962962963138e+00
-1.151856962962963138e+00
-1.151827888888889095e+00
-1.151827888888889095e+00
-1.151798814814815053e+00
-1.151798814814815053e+00
-1.151798814814815053e+00
-1.151769740740741010e+00
-1.151769740740741010e+00
-1.151740666666666968e+00
-1.151740666666666968e+00
-1.151711592592592925e+00
-1.151711592592592925e+00
-1.151682518518518439e+00
-1.151653444444444396e+00
-1.151653444444444396e+00
-1.151653444444444396e+00
-1.151624370370370354e+00
-1.151624370370370354e+00
-1.151595296296296311e+00
-1.151595296296296311e+00
-1.151537148148148226e+00
-1.151537148148148226e+00
-1.151537148148148226e+00
-1.151508074074074184e+00
-1.151508074074074184e+00
-1.151479000000000141e+00
-1.151479000000000141e+00
-1.151449925925926099e+00
-1.151449925925926099e+00
-1.151420851851852056e+00
-1.151420851851852056e+00
-1.151391777777778014e+00
-1.151391777777778014e+00
-1.151362703703703971e+00
-1.151362703703703971e+00
-1.151333629629629929e+00
-1.151304555555555442e+00
-1.151275481481481400e+00
-1.151246407407407357e+00
-1.151217333333333315e+00
-1.151188259259259272e+00
-1.151159185185185230e+00
-1.151130111111111187e+00
-1.151101037037037145e+00
-1.151042888888889060e+00
-1.151013814814815017e+00
-1.150984740740740975e+00
-1.150955666666666932e+00
-1.150897518518518403e+00
-1.150839370370370318e+00
-1.150810296296296276e+00
-1.150752148148148191e+00
-1.150694000000000106e+00
-1.150635851851852021e+00
-1.150606777777777978e+00
-1.150519555555555851e+00
-1.150461407407407322e+00
-1.150374185185185194e+00
-1.150345111111111152e+00
-1.150257888888889024e+00
-1.150170666666666897e+00
-1.150083444444444325e+00
-1.149996222222222197e+00
-1.149938074074074112e+00
-1.149850851851851985e+00
-1.149792703703703900e+00
-1.149676407407407730e+00
-1.149560111111111116e+00
-1.149472888888888988e+00
-1.149356592592592374e+00
-1.149269370370370691e+00
-1.149153074074074077e+00
-1.149036777777777907e+00
-1.148920481481481737e+00
-1.148804185185185123e+00
-1.148687888888888953e+00
-1.148542518518518740e+00
-1.148397148148148084e+00
-1.148251777777777871e+00
-1.148077333333333616e+00
-1.147931962962962960e+00
-1.147757518518518705e+00
-1.147583074074074450e+00
-1.147408629629629750e+00
-1.147146962962962924e+00
-1.146914370370370584e+00
-1.146623629629629715e+00
-1.146303814814814803e+00
-1.146071222222222463e+00
-1.145809555555555637e+00
-1.145431592592592640e+00
-1.145082703703703686e+00
-1.144733814814815176e+00
-1.144355851851851735e+00
-1.144006962962963225e+00
-1.143629000000000229e+00
-1.143221962962963190e+00
-1.142785851851852108e+00
-1.142349740740740582e+00
-1.141884555555555902e+00
-1.141448444444444377e+00
-1.141012333333333295e+00
-1.140605296296296256e+00
-1.140169185185185174e+00
-1.139762148148148135e+00
-1.139326037037037054e+00
-1.138802703703703845e+00
-1.138337518518518721e+00
-1.137843259259259554e+00
-1.137378074074073986e+00
-1.136883814814814819e+00
-1.136418629629629695e+00
-1.135924370370370529e+00
-1.135401037037037320e+00
-1.134906777777777709e+00
-1.134412518518518542e+00
-1.133889185185185333e+00
-1.133336777777778082e+00
-1.132784370370370386e+00
-1.132086592592592922e+00
-1.131301592592592886e+00
-1.130574740740740936e+00
-1.129818814814814942e+00
-1.129121037037037034e+00
-1.128394185185185528e+00
-1.127638259259259534e+00
-1.126940481481481626e+00
-1.126213629629630120e+00
-1.125457703703703682e+00
-1.124730851851851732e+00
-1.123945851851851696e+00
-1.123219000000000189e+00
-1.122521222222222281e+00
-1.121736222222222246e+00
-1.121067518518518380e+00
-1.120340666666666873e+00
-1.119671962962963008e+00
-1.118974185185185100e+00
-1.118276407407407635e+00
-1.117549555555555685e+00
-1.116822703703703734e+00
-1.116183074074074355e+00
-1.115485296296296447e+00
-1.114816592592592581e+00
-1.114089740740741075e+00
-1.113391962962963166e+00
-1.112636037037037173e+00
-1.111938259259259265e+00
-1.111182333333333716e+00
-1.110513629629629850e+00
-1.109699555555555328e+00
-1.109030851851851907e+00
-1.108274925925925913e+00
-1.107548074074074407e+00
-1.106850296296296499e+00
-1.106152518518518590e+00
-1.105454740740740682e+00
-1.104844185185185346e+00
-1.104291777777777650e+00
-1.103652148148148271e+00
-1.103099740740741019e+00
-1.102460111111111196e+00
-1.101762333333333288e+00
-1.101122703703703909e+00
-1.100454000000000043e+00
-1.099785296296296622e+00
-1.099116592592592756e+00
-1.098564185185185504e+00
-1.097982703703703766e+00
-1.097488444444444600e+00
-1.096994185185185433e+00
-1.096470851851852224e+00
-1.095976592592592613e+00
-1.095424185185185362e+00
-1.094842703703703624e+00
-1.094348444444444901e+00
-1.093825111111111248e+00
-1.093330851851851637e+00
-1.092836592592592915e+00
-1.092429555555555432e+00
-1.092022518518518392e+00
-1.091557333333333712e+00
-1.091121222222222187e+00
-1.090714185185185592e+00
-1.090307148148148109e+00
-1.089987333333333641e+00
-1.089609370370370200e+00
-1.089289555555555733e+00
-1.088940666666666779e+00
-1.088620851851851867e+00
-1.088301037037036956e+00
-1.088039370370370573e+00
-1.087777703703703747e+00
-1.087545111111110963e+00
-1.087341592592592665e+00
-1.087138074074074368e+00
-1.086963629629629668e+00
-1.086760111111111371e+00
-1.086556592592592629e+00
-1.086353074074074332e+00
-1.086178629629629633e+00
-1.086004185185185378e+00
-1.085887888888888764e+00
-1.085771592592592594e+00
-1.085713444444444509e+00
-1.085626222222222381e+00
-1.085568074074074296e+00
-1.085509925925926211e+00
-1.085509925925926211e+00
-1.085451777777777682e+00
-1.085451777777777682e+00
-1.085451777777777682e+00
-1.085451777777777682e+00
-1.085451777777777682e+00
-1.085451777777777682e+00
-1.085451777777777682e+00
-1.085480851851852169e+00
-1.085509925925926211e+00
-1.085539000000000254e+00
-1.085568074074074296e+00
-1.085626222222222381e+00
-1.085713444444444509e+00
-1.085742518518518551e+00
-1.085771592592592594e+00
-1.085800666666666636e+00
-1.085800666666666636e+00
-1.085829740740740679e+00
-1.085829740740740679e+00
-1.085829740740740679e+00
-1.085829740740740679e+00
-1.085829740740740679e+00
-1.085829740740740679e+00
-1.085829740740740679e+00
-1.085829740740740679e+00
-1.085829740740740679e+00
-1.085829740740740679e+00
-1.085829740740740679e+00
-1.085829740740740679e+00
-1.085829740740740679e+00
-1.085800666666666636e+00
-1.085771592592592594e+00
-1.085771592592592594e+00
-1.085771592592592594e+00
-1.085742518518518551e+00
-1.085742518518518551e+00
-1.085742518518518551e+00
-1.085742518518518551e+00
-1.085742518518518551e+00
-1.085742518518518551e+00
-1.085742518518518551e+00
-1.085742518518518551e+00
-1.085742518518518551e+00
-1.085742518518518551e+00
-1.085742518518518551e+00
-1.085742518518518551e+00
-1.085742518518518551e+00
-1.085742518518518551e+00
-1.085742518518518551e+00
-1.085742518518518551e+00
-1.085742518518518551e+00
-1.085742518518518551e+00
-1.085742518518518551e+00
-1.085742518518518551e+00
-1.085742518518518551e+00
-1.085742518518518551e+00
-1.085742518518518551e+00
-1.085742518518518551e+00
-1.085742518518518551e+00
-1.085713444444444509e+00
-1.085713444444444509e+00
-1.085713444444444509e+00
-1.085684370370370466e+00
-1.085684370370370466e+00
-1.085684370370370466e+00
-1.085684370370370466e+00
-1.085655296296296424e+00
-1.085655296296296424e+00
-1.085655296296296424e+00
-1.085655296296296424e+00
-1.085655296296296424e+00
-1.085655296296296424e+00
-1.085655296296296424e+00
-1.085655296296296424e+00
-1.085655296296296424e+00
-1.085655296296296424e+00
-1.085655296296296424e+00
-1.085655296296296424e+00
-1.085655296296296424e+00
-1.085655296296296424e+00
-1.085655296296296424e+00
-1.085655296296296424e+00
-1.085655296296296424e+00
-1.085626222222222381e+00
-1.085626222222222381e+00
-1.085626222222222381e+00
-1.085597148148148339e+00
-1.085597148148148339e+00
-1.085568074074074296e+00
-1.085568074074074296e+00
-1.085539000000000254e+00
-1.085509925925926211e+00
-1.085480851851852169e+00
-1.085451777777777682e+00
-1.085393629629629597e+00
-1.085364555555555555e+00
-1.085306407407407470e+00
-1.085306407407407470e+00
-1.085277333333333427e+00
-1.085248259259259385e+00
-1.085190111111111300e+00
-1.085131962962963215e+00
-1.085073814814815130e+00
-1.085044740740740643e+00
-1.084986592592592558e+00
-1.084928444444444473e+00
-1.084870296296296388e+00
-1.084812148148148303e+00
-1.084724925925925731e+00
-1.084666777777777646e+00
-1.084579555555555519e+00
-1.084492333333333391e+00
-1.084434185185185306e+00
-1.084346962962963179e+00
-1.084230666666667009e+00
-1.084143444444444437e+00
-1.084056222222222310e+00
-1.083939925925925696e+00
-1.083823629629629526e+00
-1.083707333333333356e+00
-1.083591037037037186e+00
-1.083474740740741016e+00
-1.083329370370370359e+00
-1.083154925925925660e+00
-1.083038629629629490e+00
-1.082893259259259278e+00
-1.082747888888889065e+00
-1.082631592592592895e+00
-1.082457148148148196e+00
-1.082311777777777539e+00
-1.082137333333333284e+00
-1.081991962962963072e+00
-1.081759370370370288e+00
-1.081526777777777948e+00
-1.081294185185185164e+00
-1.081061592592592824e+00
-1.080829000000000040e+00
-1.080538259259259615e+00
-1.080247518518518302e+00
-1.079956777777777877e+00
-1.079636962962962965e+00
-1.079317148148148497e+00
-1.079026407407407628e+00
-1.078648444444444632e+00
-1.078299555555555678e+00
-1.077921592592592681e+00
-1.077543629629629685e+00
-1.077107518518518603e+00
-1.076700481481481564e+00
-1.076293444444444525e+00
-1.075886407407407486e+00
-1.075421222222222362e+00
-1.074985111111111280e+00
-1.074578074074074241e+00
-1.074229185185185287e+00
-1.073851222222222290e+00
-1.073444185185185251e+00
-1.072979000000000127e+00
-1.072571962962963088e+00
-1.072106777777777964e+00
-1.071670666666666882e+00
-1.071176407407407272e+00
-1.070711222222222148e+00
-1.070275111111111066e+00
-1.069838999999999984e+00
-1.069373814814814860e+00
-1.068937703703703779e+00
-1.068472518518518655e+00
-1.068065481481481616e+00
-1.067629370370370534e+00
-1.067193259259259452e+00
-1.066844370370370498e+00
-1.066437333333333459e+00
-1.066030296296296420e+00
-1.065681407407407466e+00
-1.065332518518518512e+00
-1.065012703703704045e+00
-1.064692888888888689e+00
-1.064402148148148264e+00
-1.064082333333333352e+00
-1.063820666666666970e+00
-1.063588074074074186e+00
-1.063355481481481402e+00
-1.063064740740740977e+00
-1.062861222222222235e+00
-1.062628629629629451e+00
-1.062425111111111153e+00
-1.062250666666666898e+00
-1.062018074074074114e+00
-1.061814555555555817e+00
-1.061640111111111562e+00
-1.061407518518518334e+00
-1.061204000000000036e+00
-1.061029555555555781e+00
-1.060855111111111526e+00
-1.060680666666666827e+00
-1.060506222222222128e+00
-1.060331777777777873e+00
-1.060186407407407660e+00
-1.060041037037037004e+00
-1.059924740740740834e+00
-1.059808444444444664e+00
-1.059692148148148494e+00
-1.059604925925925922e+00
-1.059488629629629752e+00
-1.059401407407407625e+00
-1.059343259259259540e+00
-1.059285111111111011e+00
-1.059197888888888883e+00
-1.059139740740740798e+00
-1.059081592592592713e+00
-1.059023444444444628e+00
-1.058994370370370142e+00
-1.058965296296296543e+00
-1.058907148148148458e+00
-1.058878074074073972e+00
-1.058878074074073972e+00
-1.058849000000000373e+00
-1.058849000000000373e+00
-1.058849000000000373e+00
-1.058849000000000373e+00
-1.058849000000000373e+00
-1.058849000000000373e+00
-1.058849000000000373e+00
-1.058878074074073972e+00
-1.058878074074073972e+00
-1.058907148148148458e+00
-1.058907148148148458e+00
-1.058936222222222057e+00
-1.058936222222222057e+00
-1.058936222222222057e+00
-1.058936222222222057e+00
-1.058936222222222057e+00
-1.058936222222222057e+00
-1.058936222222222057e+00
-1.058936222222222057e+00
-1.058936222222222057e+00
-1.058936222222222057e+00
-1.058936222222222057e+00
-1.058907148148148458e+00
-1.058907148148148458e+00
-1.058878074074073972e+00
-1.058878074074073972e+00
-1.058849000000000373e+00
-1.058849000000000373e+00
-1.058849000000000373e+00
-1.058819925925925887e+00
-1.058819925925925887e+00
-1.058819925925925887e+00
-1.058819925925925887e+00
-1.058819925925925887e+00
-1.058819925925925887e+00
-1.058819925925925887e+00
-1.058819925925925887e+00
-1.058819925925925887e+00
-1.058819925925925887e+00
-1.058819925925925887e+00
-1.058819925925925887e+00
-1.058819925925925887e+00
-1.058819925925925887e+00
-1.058819925925925887e+00
-1.058819925925925887e+00
-1.058819925925925887e+00
-1.058819925925925887e+00
-1.058819925925925887e+00
-1.058790851851851844e+00
-1.058790851851851844e+00
-1.058790851851851844e+00
-1.058790851851851844e+00
-1.058761777777777802e+00
-1.058761777777777802e+00
-1.058732703703703759e+00
-1.058732703703703759e+00
-1.058703629629629717e+00
-1.058674555555555674e+00
-1.058674555555555674e+00
-1.058645481481481632e+00
-1.058587333333333547e+00
-1.058558259259259060e+00
-1.058529185185185018e+00
-1.058500111111110975e+00
-1.058441962962962890e+00
-1.058383814814814805e+00
-1.058354740740740763e+00
-1.058325666666666720e+00
-1.058238444444444593e+00
-1.058209370370370550e+00
-1.058151222222222021e+00
-1.058093074074073936e+00
-1.058034925925925851e+00
-1.057976777777777766e+00
-1.057889555555555638e+00
-1.057831407407407553e+00
-1.057744185185184982e+00
-1.057656962962962854e+00
-1.057540666666666684e+00
-1.057453444444444557e+00
-1.057366222222222429e+00
-1.057249925925925815e+00
-1.057162703703704132e+00
-1.057075481481481560e+00
-1.056930111111111348e+00
-1.056871962962962819e+00
-1.056755666666666649e+00
-1.056610296296296436e+00
-1.056523074074074309e+00
-1.056377703703703652e+00
-1.056261407407407482e+00
-1.056116037037037270e+00
-1.055970666666666613e+00
-1.055825296296296401e+00
-1.055679925925926188e+00
-1.055534555555555531e+00
-1.055389185185185319e+00
-1.055185666666666577e+00
-1.055011222222222322e+00
-1.054807703703703581e+00
-1.054604185185185283e+00
-1.054429740740741028e+00
-1.054255296296296329e+00
-1.054022703703703545e+00
-1.053819185185185248e+00
-1.053615666666666950e+00
-1.053383074074074166e+00
-1.053179555555555424e+00
-1.052917888888889042e+00
-1.052714370370370300e+00
-1.052481777777777960e+00
-1.052249185185185176e+00
-1.051987518518518794e+00
-1.051725851851851967e+00
-1.051464185185185141e+00
-1.051202518518518758e+00
-1.050911777777777889e+00
-1.050591962962962977e+00
-1.050301222222222552e+00
-1.049981407407407641e+00
-1.049719740740740814e+00
-1.049341777777777818e+00
-1.048934740740740779e+00
-1.048498629629629697e+00
-1.048091592592592658e+00
-1.047684555555555619e+00
-1.047277518518518580e+00
-1.046841407407407498e+00
-1.046405296296296417e+00
-1.045969185185184891e+00
-1.045562148148148296e+00
-1.045096962962963172e+00
-1.044719000000000175e+00
-1.044224740740740565e+00
-1.043759555555555885e+00
-1.043410666666666931e+00
-1.043032703703703934e+00
-1.042654740740740937e+00
-1.042218629629629412e+00
-1.041869740740740902e+00
-1.041433629629629820e+00
-1.040997518518518739e+00
-1.040532333333333170e+00
-1.040096222222222089e+00
-1.039631037037036965e+00
-1.039194925925925883e+00
-1.038700666666666717e+00
-1.038293629629629677e+00
-1.037828444444444553e+00
-1.037392333333333472e+00
-1.036927148148148348e+00
-1.036491037037037266e+00
-1.036025851851851698e+00
-1.035589740740741060e+00
-1.035153629629629979e+00
-1.034746592592592940e+00
-1.034310481481481858e+00
-1.033874370370370332e+00
-1.033409185185185208e+00
-1.032944000000000084e+00
-1.032449740740740918e+00
-1.032071777777777921e+00
-1.031606592592592353e+00
-1.031228629629629800e+00
-1.030879740740740846e+00
-1.030559925925926379e+00
-1.030152888888888896e+00
-1.029803999999999942e+00
-1.029426037037036945e+00
-1.029077148148147991e+00
-1.028670111111111396e+00
-1.028321222222222442e+00
-1.027972333333333488e+00
-1.027565296296296449e+00
-1.027245481481481537e+00
-1.026867518518518541e+00
-1.026489555555555544e+00
-1.026082518518518505e+00
-1.025733629629629551e+00
-1.025413814814815083e+00
-1.025006777777777600e+00
-1.024686962962963133e+00
-1.024338074074074179e+00
-1.024018259259259267e+00
-1.023698444444444355e+00
-1.023378629629629888e+00
-1.023087888888889019e+00
-1.022768074074074107e+00
-1.022477333333333238e+00
-1.022186592592592813e+00
-1.021779555555555774e+00
-1.021488814814814905e+00
-1.021227148148148078e+00
-1.020965481481481696e+00
-1.020703814814814869e+00
-1.020442148148148043e+00
-1.020180481481481660e+00
-1.019976962962962919e+00
-1.019744370370370579e+00
-1.019540851851851837e+00
-1.019337333333333540e+00
-1.019162888888888840e+00
-1.018988444444444585e+00
-1.018697703703703716e+00
-1.018523259259259017e+00
-1.018377888888889249e+00
-1.018174370370370507e+00
-1.017999925925926252e+00
-1.017854555555555596e+00
-1.017709185185185383e+00
-1.017621962962962812e+00
-1.017534740740741128e+00
-1.017447518518518557e+00
-1.017418444444444514e+00
-1.017331222222222387e+00
-1.017331222222222387e+00
-1.017302148148148344e+00
-1.017302148148148344e+00
-1.017302148148148344e+00
-1.017302148148148344e+00
-1.017302148148148344e+00
-1.017302148148148344e+00
-1.017302148148148344e+00
-1.017302148148148344e+00
-1.017360296296296429e+00
-1.017389370370370472e+00
-1.017447518518518557e+00
-1.017505666666666642e+00
-1.017563814814814727e+00
-1.017621962962962812e+00
-1.017680111111110897e+00
-1.017709185185185383e+00
-1.017738259259258982e+00
-1.017767333333333468e+00
-1.017767333333333468e+00
-1.017796407407407511e+00
-1.017825481481481553e+00
-1.017854555555555596e+00
-1.017883629629629638e+00
-1.017883629629629638e+00
-1.017883629629629638e+00
-1.017912703703703681e+00
-1.017912703703703681e+00
-1.017912703703703681e+00
-1.017941777777777723e+00
-1.017941777777777723e+00
-1.017941777777777723e+00
-1.017941777777777723e+00
-1.017941777777777723e+00
-1.017941777777777723e+00
-1.017941777777777723e+00
-1.017941777777777723e+00
-1.017941777777777723e+00
-1.017941777777777723e+00
-1.017941777777777723e+00
-1.017941777777777723e+00
-1.017912703703703681e+00
-1.017912703703703681e+00
-1.017883629629629638e+00
-1.017883629629629638e+00
-1.017883629629629638e+00
-1.017883629629629638e+00
-1.017883629629629638e+00
-1.017883629629629638e+00
-1.017883629629629638e+00
-1.017883629629629638e+00
-1.017883629629629638e+00
-1.017883629629629638e+00
-1.017883629629629638e+00
-1.017883629629629638e+00
-1.017883629629629638e+00
-1.017883629629629638e+00
-1.017883629629629638e+00
-1.017883629629629638e+00
-1.017883629629629638e+00
-1.017883629629629638e+00
-1.017883629629629638e+00
-1.017883629629629638e+00
-1.017883629629629638e+00
-1.017883629629629638e+00
-1.017883629629629638e+00
-1.017883629629629638e+00
-1.017883629629629638e+00
-1.017854555555555596e+00
-1.017854555555555596e+00
-1.017854555555555596e+00
-1.017825481481481553e+00
-1.017825481481481553e+00
-1.017825481481481553e+00
-1.017825481481481553e+00
-1.017796407407407511e+00
-1.017767333333333468e+00
-1.017767333333333468e+00
-1.017767333333333468e+00
-1.017767333333333468e+00
-1.017767333333333468e+00
-1.017767333333333468e+00
-1.017767333333333468e+00
-1.017767333333333468e+00
-1.017767333333333468e+00
-1.017767333333333468e+00
-1.017767333333333468e+00
-1.017767333333333468e+00
-1.017767333333333468e+00
-1.017767333333333468e+00
-1.017767333333333468e+00
-1.017767333333333468e+00
-1.017738259259258982e+00
-1.017738259259258982e+00
-1.017738259259258982e+00
-1.017738259259258982e+00
-1.017738259259258982e+00
-1.017738259259258982e+00
-1.017709185185185383e+00
-1.017709185185185383e+00
-1.017709185185185383e+00
-1.017680111111110897e+00
-1.017680111111110897e+00
-1.017651037037037298e+00
-1.017651037037037298e+00
-1.017621962962962812e+00
-1.017621962962962812e+00
-1.017592888888889213e+00
-1.017592888888889213e+00
-1.017563814814814727e+00
-1.017563814814814727e+00
-1.017534740740741128e+00
-1.017505666666666642e+00
-1.017447518518518557e+00
-1.017418444444444514e+00
-1.017389370370370472e+00
-1.017360296296296429e+00
-1.017331222222222387e+00
-1.017273074074074302e+00
-1.017244000000000259e+00
-1.017214925925926217e+00
-1.017156777777778132e+00
-1.017098629629629603e+00
-1.017040481481481518e+00
-1.017011407407407475e+00
-1.016953259259259390e+00
-1.016895111111110861e+00
-1.016866037037037263e+00
-1.016778814814814691e+00
-1.016720666666666606e+00
-1.016662518518518521e+00
-1.016604370370370436e+00
-1.016546222222222351e+00
-1.016459000000000223e+00
-1.016371777777778096e+00
-1.016284555555555524e+00
-1.016226407407407439e+00
-1.016139185185185312e+00
-1.016051962962962740e+00
-1.015935666666666570e+00
-1.015848444444444443e+00
-1.015761222222222315e+00
-1.015673999999999744e+00
-1.015586777777778060e+00
-1.015470481481481890e+00
-1.015354185185185276e+00
-1.015296037037037191e+00
-1.015179740740741021e+00
-1.015092518518518450e+00
-1.014976222222222280e+00
-1.014859925925926110e+00
-1.014772703703703538e+00
-1.014627333333333770e+00
-1.014511037037037156e+00
-1.014394740740740986e+00
-1.014278444444444816e+00
-1.014162148148148201e+00
-1.014016777777777989e+00
-1.013871407407407332e+00
-1.013755111111111162e+00
-1.013609740740740950e+00
-1.013464370370370293e+00
-1.013289925925926038e+00
-1.013115481481481783e+00
-1.012970111111111127e+00
-1.012795666666666872e+00
-1.012592148148148130e+00
-1.012417703703703431e+00
-1.012185111111111091e+00
-1.011952518518518751e+00
-1.011749000000000009e+00
-1.011545481481481712e+00
-1.011283814814814885e+00
-1.011051222222222545e+00
-1.010818629629629761e+00
-1.010586037037036977e+00
-1.010295296296296108e+00
-1.010004555555555683e+00
-1.009742888888888857e+00
-1.009423074074074389e+00
-1.009103259259259477e+00
-1.008783444444444566e+00
-1.008463629629629654e+00
-1.008085666666666658e+00
-1.007736777777778148e+00
-1.007300666666666622e+00
-1.006893629629629583e+00
-1.006486592592592544e+00
-1.006021407407407420e+00
-1.005527148148148253e+00
-1.005032888888889087e+00
-1.004480481481481391e+00
-1.003986222222222224e+00
-1.003404740740740930e+00
-1.002910481481481764e+00
-1.002358074074074068e+00
-1.001747518518518287e+00
-1.001195111111111480e+00
-1.000613629629629742e+00
-1.000032148148148448e+00
-9.994506666666668204e-01
-9.988401111111110398e-01
-9.982877037037040102e-01
-9.977934444444446216e-01
-9.972701111111109684e-01
-9.967758518518518018e-01
-9.962234444444447723e-01
-9.957001111111111191e-01
-9.951767777777779100e-01
-9.945371481481480869e-01
-9.937812222222223157e-01
-9.931125185185184501e-01
-9.924438148148150285e-01
-9.918041851851854274e-01
-9.911645555555556042e-01
-9.904667777777779181e-01
-9.897980740740740524e-01
-9.891875185185187158e-01
-9.885769629629631572e-01
-9.879373333333333340e-01
-9.873558518518520399e-01
-9.867743703703705238e-01
-9.863091851851851777e-01
-9.857277037037038836e-01
-9.852043703703704525e-01
-9.847101111111112859e-01
-9.842158518518518973e-01
-9.837506666666669952e-01
-9.832564074074076066e-01
-9.827621481481484400e-01
-9.823260370370371364e-01
-9.818899259259260548e-01
-9.814828888888890157e-01
-9.811049259259260191e-01
-9.806106666666666305e-01
-9.801164074074074639e-01
-9.797384444444444673e-01
-9.793314074074074282e-01
-9.789825185185186962e-01
-9.786627037037040067e-01
-9.783138148148148305e-01
-9.779940000000001410e-01
-9.776741851851854515e-01
-9.773543703703705399e-01
-9.770636296296296708e-01
-9.767147407407409387e-01
-9.764240000000000697e-01
-9.761041851851853801e-01
-9.758134444444447331e-01
-9.755227037037036419e-01
-9.752028888888891744e-01
-9.749121481481480833e-01
-9.745923333333333938e-01
-9.743015925925927467e-01
-9.740399259259261422e-01
-9.737201111111112306e-01
-9.734002962962963190e-01
-9.730804814814816295e-01
-9.727606666666667179e-01
-9.724408518518518063e-01
-9.721791851851852018e-01
-9.718884444444445547e-01
-9.715977037037036856e-01
-9.713651111111111236e-01
-9.711034444444445191e-01
-9.707836296296298295e-01
-9.705510370370370454e-01
-9.703184444444444834e-01
-9.700858518518519213e-01
-9.698532592592593593e-01
-9.696206666666667973e-01
-9.693880740740742352e-01
-9.691264074074074086e-01
-9.689519629629631536e-01
-9.687775185185186766e-01
-9.685740000000001571e-01
-9.683995555555556800e-01
-9.682251111111112030e-01
-9.680506666666669480e-01
-9.679052962962962914e-01
-9.678180740740743859e-01
-9.677308518518520364e-01
-9.677017777777777718e-01
-9.676727037037039514e-01
-9.676436296296296868e-01
-9.676145555555556443e-01
-9.675854814814816018e-01
-9.675854814814816018e-01
-9.675854814814816018e-01
-9.675854814814816018e-01
-9.675854814814816018e-01
-9.675854814814816018e-01
-9.675854814814816018e-01
-9.676145555555556443e-01
-9.676145555555556443e-01
-9.676436296296296868e-01
-9.676436296296296868e-01
-9.676436296296296868e-01
-9.676436296296296868e-01
-9.676436296296296868e-01
-9.676436296296296868e-01
-9.676436296296296868e-01
-9.676436296296296868e-01
-9.676436296296296868e-01
-9.676436296296296868e-01
-9.676436296296296868e-01
-9.676436296296296868e-01
-9.676436296296296868e-01
-9.676436296296296868e-01
-9.676436296296296868e-01
-9.676436296296296868e-01
-9.676436296296296868e-01
-9.676436296296296868e-01
-9.676436296296296868e-01
-9.676436296296296868e-01
-9.676436296296296868e-01
-9.676436296296296868e-01
-9.676436296296296868e-01
-9.676436296296296868e-01
-9.676436296296296868e-01
-9.676436296296296868e-01
-9.676436296296296868e-01
-9.676436296296296868e-01
-9.676436296296296868e-01
-9.676436296296296868e-01
-9.676436296296296868e-01
-9.676436296296296868e-01
-9.676436296296296868e-01
-9.676436296296296868e-01
-9.676436296296296868e-01
-9.676436296296296868e-01
-9.676436296296296868e-01
-9.676436296296296868e-01
-9.676436296296296868e-01
-9.676436296296296868e-01
-9.676436296296296868e-01
-9.676436296296296868e-01
-9.676436296296296868e-01
-9.676436296296296868e-01
-9.676436296296296868e-01
-9.676436296296296868e-01
-9.675854814814816018e-01
-9.675854814814816018e-01
-9.675564074074073373e-01
-9.675564074074073373e-01
-9.675273333333332948e-01
-9.675273333333332948e-01
-9.674982592592592523e-01
-9.674691851851852098e-01
-9.674401111111111673e-01
-9.674110370370369028e-01
-9.674110370370369028e-01
-9.673819629629630823e-01
-9.673528888888888178e-01
-9.673528888888888178e-01
-9.673238148148149973e-01
-9.672656666666669123e-01
-9.672365925925926478e-01
-9.672365925925926478e-01
-9.672075185185188273e-01
-9.671784444444445628e-01
-9.671493703703705203e-01
-9.671202962962962557e-01
-9.671202962962962557e-01
-9.670912222222224353e-01
-9.670621481481481707e-01
-9.670330740740743503e-01
-9.669749259259258212e-01
-9.669458518518520007e-01
-9.668877037037039157e-01
-9.668586296296296512e-01
-9.668295555555558307e-01
-9.667714074074075237e-01
-9.667423333333334812e-01
-9.667132592592592166e-01
-9.666841851851851741e-01
-9.665969629629630466e-01
-9.665678888888887821e-01
-9.665388148148149616e-01
-9.664515925925926121e-01
-9.664225185185187916e-01
-9.663643703703704846e-01
-9.663352962962964421e-01
-9.662480740740738705e-01
-9.662190000000000500e-01
-9.661317777777777005e-01
-9.660736296296296155e-01
-9.660154814814815305e-01
-9.659282592592594030e-01
-9.658701111111110960e-01
-9.657538148148149260e-01
-9.656956666666668410e-01
-9.656084444444444914e-01
-9.655212222222221419e-01
-9.654340000000000144e-01
-9.653758518518519294e-01
-9.652595555555557594e-01
-9.652014074074076744e-01
-9.650851111111112823e-01
-9.649978888888889328e-01
-9.649106666666668053e-01
-9.648234444444444557e-01
-9.647362222222223282e-01
-9.646199259259259362e-01
-9.645617777777776292e-01
-9.644745555555557237e-01
-9.643873333333333742e-01
-9.643001111111114687e-01
-9.642128888888888971e-01
-9.641256666666667696e-01
-9.640093703703703776e-01
-9.639221481481482501e-01
-9.638058518518518580e-01
-9.636895555555556880e-01
-9.636023333333333385e-01
-9.634860370370371685e-01
-9.633697407407407765e-01
-9.632534444444446065e-01
-9.631371481481482144e-01
-9.630208518518520444e-01
-9.629336296296296949e-01
-9.628464074074075674e-01
-9.627010370370371328e-01
-9.625556666666666983e-01
-9.624684444444445708e-01
-9.623521481481481787e-01
-9.622358518518520087e-01
-9.621195555555556167e-01
-9.620032592592594467e-01
-9.618578888888890122e-01
-9.617125185185185776e-01
-9.615962222222221856e-01
-9.614508518518519731e-01
-9.613345555555558031e-01
-9.611891851851851465e-01
-9.610438148148147119e-01
-9.608984444444447215e-01
-9.607530740740740649e-01
-9.606367777777778949e-01
-9.605204814814817249e-01
-9.603751111111110683e-01
-9.602588148148146763e-01
-9.601425185185185063e-01
-9.600262222222223363e-01
-9.598808518518521238e-01
-9.597645555555557317e-01
-9.596191851851852972e-01
-9.594738148148148627e-01
-9.593284444444446502e-01
-9.592121481481482581e-01
-9.590086296296297386e-01
-9.588923333333335686e-01
-9.587178888888888695e-01
-9.585725185185184349e-01
-9.583980740740741799e-01
-9.582236296296297029e-01
-9.580201111111111834e-01
-9.578456666666667063e-01
-9.576712222222222293e-01
-9.574677037037037097e-01
-9.572641851851854122e-01
-9.570315925925926281e-01
-9.568280740740741086e-01
-9.566245555555555891e-01
-9.563338148148149420e-01
-9.560140000000000304e-01
-9.557232592592591613e-01
-9.554034444444444718e-01
-9.551127037037038248e-01
-9.547638148148148707e-01
-9.543858518518518741e-01
-9.539788148148148350e-01
-9.535717777777780180e-01
-9.531647407407405348e-01
-9.527286296296298973e-01
-9.522634444444443291e-01
-9.517691851851853846e-01
-9.512167777777779110e-01
-9.506643703703704373e-01
-9.500538148148151008e-01
-9.495304814814814476e-01
-9.489489999999999315e-01
-9.483965925925926799e-01
-9.477860370370368992e-01
-9.471754814814815626e-01
-9.465358518518519615e-01
-9.459834444444444879e-01
-9.454601111111112788e-01
-9.449077037037038052e-01
-9.443552962962963315e-01
-9.436284444444443809e-01
-9.430178888888890443e-01
-9.423491851851851786e-01
-9.417386296296296200e-01
-9.411280740740740614e-01
-9.404302962962965973e-01
-9.398778888888889016e-01
-9.392673333333333430e-01
-9.387149259259260914e-01
-9.380752962962964903e-01
-9.374938148148149741e-01
-9.368832592592591935e-01
-9.360110370370372523e-01
-9.353714074074074292e-01
-9.346736296296297430e-01
-9.340630740740741844e-01
-9.335106666666667108e-01
-9.330164074074073222e-01
-9.324058518518519856e-01
-9.319115925925925970e-01
-9.313882592592593879e-01
-9.307777037037038292e-01
-9.302252962962963556e-01
-9.296728888888888820e-01
-9.291204814814814084e-01
-9.285971481481481993e-01
-9.280447407407407256e-01
-9.274632592592594316e-01
-9.269690000000002650e-01
-9.265038148148149189e-01
-9.260095555555555302e-01
-9.253117777777778441e-01
-9.247884444444444130e-01
-9.242069629629631189e-01
-9.236836296296296878e-01
-9.231602962962964787e-01
-9.225788148148147405e-01
-9.219973333333334464e-01
-9.214158518518519303e-01
-9.209215925925927637e-01
-9.203982592592591105e-01
-9.199330740740742085e-01
-9.194969629629629049e-01
-9.190899259259260878e-01
-9.185956666666666992e-01
-9.181304814814815751e-01
-9.176943703703704935e-01
-9.172873333333334545e-01
-9.168802962962966374e-01
-9.165023333333336408e-01
-9.161534444444446867e-01
-9.158336296296297752e-01
-9.154847407407408211e-01
-9.151939999999999520e-01
-9.149614074074073899e-01
-9.146997407407407854e-01
-9.144962222222222659e-01
-9.142927037037037463e-01
-9.141473333333335338e-01
-9.140310370370373638e-01
-9.139147407407407497e-01
-9.137984444444443577e-01
-9.137693703703705372e-01
-9.137402962962962727e-01
-9.137402962962962727e-01
-9.137402962962962727e-01
-9.137402962962962727e-01
-9.137402962962962727e-01
-9.137402962962962727e-01
-9.137984444444443577e-01
-9.138275185185186222e-01
-9.138856666666667072e-01
-9.139728888888892788e-01
-9.140891851851854488e-01
-9.141764074074073543e-01
-9.142636296296297038e-01
-9.143799259259260959e-01
-9.144671481481482234e-01
-9.145543703703703509e-01
-9.146125185185186579e-01
-9.147288148148148279e-01
-9.147869629629631349e-01
-9.148451111111112199e-01
-9.149032592592593049e-01
-9.149614074074073899e-01
-9.150195555555554749e-01
-9.150486296296297395e-01
-9.150486296296297395e-01
-9.150777037037035599e-01
-9.150777037037035599e-01
-9.150777037037035599e-01
-9.150777037037035599e-01
-9.150777037037035599e-01
-9.150777037037035599e-01
-9.150777037037035599e-01
-9.150486296296297395e-01
-9.150486296296297395e-01
-9.150486296296297395e-01
-9.150195555555554749e-01
-9.150195555555554749e-01
-9.149904814814816545e-01
-9.149904814814816545e-01
-9.149904814814816545e-01
-9.149904814814816545e-01
-9.149614074074073899e-01
-9.149614074074073899e-01
-9.149614074074073899e-01
-9.149614074074073899e-01
-9.149614074074073899e-01
-9.149614074074073899e-01
-9.149614074074073899e-01
-9.149614074074073899e-01
-9.149614074074073899e-01
-9.149614074074073899e-01
-9.149614074074073899e-01
-9.149614074074073899e-01
-9.149614074074073899e-01
-9.149614074074073899e-01
-9.149614074074073899e-01
-9.149614074074073899e-01
-9.149614074074073899e-01
-9.149614074074073899e-01
-9.149614074074073899e-01
-9.149614074074073899e-01
-9.149614074074073899e-01
-9.149323333333335695e-01
-9.149032592592593049e-01
-9.149032592592593049e-01
-9.149032592592593049e-01
-9.149032592592593049e-01
-9.148741851851854845e-01
-9.148741851851854845e-01
-9.148741851851854845e-01
-9.148741851851854845e-01
-9.148741851851854845e-01
-9.148741851851854845e-01
-9.148741851851854845e-01
-9.148451111111112199e-01
-9.148451111111112199e-01
-9.148451111111112199e-01
-9.148451111111112199e-01
-9.148451111111112199e-01
-9.148451111111112199e-01
-9.148451111111112199e-01
-9.148451111111112199e-01
-9.147869629629631349e-01
-9.147869629629631349e-01
-9.147869629629631349e-01
-9.147869629629631349e-01
-9.147869629629631349e-01
-9.147869629629631349e-01
-9.147578888888890924e-01
-9.147578888888890924e-01
-9.147578888888890924e-01
-9.147578888888890924e-01
-9.147288148148148279e-01
-9.146997407407407854e-01
-9.146997407407407854e-01
-9.146706666666667429e-01
-9.146706666666667429e-01
-9.146415925925924784e-01
-9.146125185185186579e-01
-9.146125185185186579e-01
-9.145834444444443934e-01
-9.145543703703703509e-01
-9.145252962962963084e-01
-9.144671481481482234e-01
-9.144671481481482234e-01
-9.144380740740741809e-01
-9.144090000000001384e-01
-9.143799259259260959e-01
-9.143508518518518313e-01
-9.143217777777780109e-01
-9.142927037037037463e-01
-9.142927037037037463e-01
-9.142636296296297038e-01
-9.142345555555554393e-01
-9.142054814814816188e-01
-9.141473333333335338e-01
-9.141182592592592693e-01
-9.140891851851854488e-01
-9.140601111111111843e-01
-9.140310370370373638e-01
-9.140019629629630993e-01
-9.139728888888892788e-01
-9.139438148148150143e-01
-9.139147407407407497e-01
-9.138856666666667072e-01
-9.138275185185186222e-01
-9.137984444444443577e-01
-9.137693703703705372e-01
-9.137402962962962727e-01
-9.137112222222222302e-01
-9.136821481481481877e-01
-9.136530740740741452e-01
-9.136240000000001027e-01
-9.135949259259260602e-01
-9.135658518518520177e-01
-9.135077037037037107e-01
-9.134786296296296682e-01
-9.134495555555556257e-01
-9.133914074074073186e-01
-9.133623333333334982e-01
-9.133041851851854132e-01
-9.132751111111111486e-01
-9.132169629629630636e-01
-9.131588148148149786e-01
-9.131006666666668936e-01
-9.130715925925926291e-01
-9.130134444444443220e-01
-9.129552962962962370e-01
-9.129262222222224166e-01
-9.128390000000000670e-01
-9.127808518518519820e-01
-9.127517777777779395e-01
-9.126936296296298545e-01
-9.126354814814815475e-01
-9.126064074074075050e-01
-9.125191851851853775e-01
-9.124610370370368484e-01
-9.123738148148149429e-01
-9.123156666666668579e-01
-9.122575185185187729e-01
-9.121702962962962014e-01
-9.120830740740742959e-01
-9.119958518518519464e-01
-9.119377037037038614e-01
-9.118504814814817339e-01
-9.117632592592591623e-01
-9.116760370370370348e-01
-9.115597407407406427e-01
-9.114434444444444727e-01
-9.113562222222223452e-01
-9.112108518518519107e-01
-9.111236296296297832e-01
-9.110073333333333911e-01
-9.108910370370369991e-01
-9.107747407407406071e-01
-9.106584444444444371e-01
-9.105130740740742246e-01
-9.103386296296297475e-01
-9.101641851851852705e-01
-9.100188148148148359e-01
-9.098443703703705809e-01
-9.096699259259261039e-01
-9.094954814814814048e-01
-9.092919629629631073e-01
-9.091175185185186303e-01
-9.089140000000001107e-01
-9.087395555555556337e-01
-9.085651111111113787e-01
-9.083615925925926371e-01
-9.081580740740743396e-01
-9.079836296296296405e-01
-9.077510370370370785e-01
-9.075184444444445164e-01
-9.072277037037038694e-01
-9.070241851851851278e-01
-9.067625185185185233e-01
-9.065008518518519187e-01
-9.062391851851850921e-01
-9.059193703703704026e-01
-9.056286296296297555e-01
-9.053669629629631510e-01
-9.050471481481482394e-01
-9.047273333333333278e-01
-9.044075185185184163e-01
-9.041167777777777692e-01
-9.037678888888888151e-01
-9.033608518518519981e-01
-9.029538148148147370e-01
-9.025177037037038774e-01
-9.021106666666666163e-01
-9.016454814814814922e-01
-9.011512222222221036e-01
-9.006569629629629370e-01
-9.001045555555554634e-01
-8.996102962962962968e-01
-8.990288148148147807e-01
-8.984182592592592220e-01
-8.978077037037036634e-01
-8.972262222222223693e-01
-8.967028888888889382e-01
-8.961795555555555071e-01
-8.956562222222222980e-01
-8.951038148148150464e-01
-8.944641851851854453e-01
-8.935919629629630601e-01
-8.928651111111111094e-01
-8.920219629629629887e-01
-8.912951111111112601e-01
-8.905101111111112244e-01
-8.897832592592592738e-01
-8.891436296296296726e-01
-8.883295555555558165e-01
-8.875736296296296013e-01
-8.868467777777776506e-01
-8.861199259259259220e-01
-8.852767777777778013e-01
-8.845790000000001152e-01
-8.837649259259260370e-01
-8.830090000000002659e-01
-8.821949259259259657e-01
-8.813808518518521096e-01
-8.806830740740739794e-01
-8.798980740740741657e-01
-8.792002962962964796e-01
-8.783571481481481369e-01
-8.775721481481481012e-01
-8.768162222222223301e-01
-8.761184444444444219e-01
-8.753625185185186508e-01
-8.746938148148147851e-01
-8.739378888888887920e-01
-8.732691851851851483e-01
-8.725423333333331977e-01
-8.718154814814812470e-01
-8.710304814814814334e-01
-8.703327037037037472e-01
-8.694895555555556266e-01
-8.686464074074075059e-01
-8.678904814814817348e-01
-8.671927037037038266e-01
-8.664658518518518759e-01
-8.657680740740741898e-01
-8.650993703703705462e-01
-8.644306666666669026e-01
-8.637038148148149519e-01
-8.631223333333334358e-01
-8.624827037037038346e-01
-8.619593703703704035e-01
-8.613778888888888874e-01
-8.609127037037037633e-01
-8.604765925925924597e-01
-8.600404814814816001e-01
-8.596334444444443390e-01
-8.591973333333334795e-01
-8.588193703703704829e-01
-8.584123333333334438e-01
-8.580052962962964047e-01
-8.575691851851851011e-01
-8.571330740740742415e-01
-8.568132592592593300e-01
-8.564643703703705979e-01
-8.561736296296297288e-01
-8.558538148148148172e-01
-8.556212222222224772e-01
-8.554177037037037357e-01
-8.552432592592592586e-01
-8.550978888888888241e-01
-8.549815925925926541e-01
-8.548652962962964841e-01
-8.548362222222224416e-01
-8.548071481481483991e-01
-8.547780740740743566e-01
-8.547780740740743566e-01
-8.547780740740743566e-01
-8.548071481481483991e-01
-8.548362222222224416e-01
-8.548943703703705266e-01
-8.549525185185186116e-01
-8.550397407407407391e-01
-8.551269629629628666e-01
-8.552141851851852161e-01
-8.553304814814816082e-01
-8.554758518518520427e-01
-8.555921481481482127e-01
-8.557375185185186472e-01
-8.558538148148148172e-01
-8.559701111111112093e-01
-8.561154814814816438e-01
-8.562608518518518563e-01
-8.563771481481482484e-01
-8.564934444444446404e-01
-8.566388148148148529e-01
-8.567841851851850654e-01
-8.569295555555557220e-01
-8.571039999999999770e-01
-8.572784444444446761e-01
-8.574238148148148886e-01
-8.575691851851851011e-01
-8.577145555555557577e-01
-8.578599259259259702e-01
-8.580052962962964047e-01
-8.581215925925927968e-01
-8.582669629629630093e-01
-8.583832592592594013e-01
-8.584995555555555713e-01
-8.585867777777779208e-01
-8.587030740740740908e-01
-8.587612222222221758e-01
-8.588484444444445254e-01
-8.588775185185185679e-01
-8.589356666666666529e-01
-8.589356666666666529e-01
-8.589938148148149599e-01
-8.589938148148149599e-01
-8.589938148148149599e-01
-8.589938148148149599e-01
-8.589938148148149599e-01
-8.589647407407409174e-01
-8.589647407407409174e-01
-8.589356666666666529e-01
-8.589065925925926104e-01
-8.588484444444445254e-01
-8.588193703703704829e-01
-8.587612222222221758e-01
-8.587321481481481333e-01
-8.587030740740740908e-01
-8.587030740740740908e-01
-8.586740000000000483e-01
-8.586740000000000483e-01
-8.586449259259260058e-01
-8.586449259259260058e-01
-8.586449259259260058e-01
-8.586449259259260058e-01
-8.586449259259260058e-01
-8.586449259259260058e-01
-8.586449259259260058e-01
-8.586449259259260058e-01
-8.586449259259260058e-01
-8.586449259259260058e-01
-8.586449259259260058e-01
-8.586449259259260058e-01
-8.586449259259260058e-01
-8.586449259259260058e-01
-8.586449259259260058e-01
-8.586449259259260058e-01
-8.586158518518519633e-01
-8.586158518518519633e-01
-8.586158518518519633e-01
-8.586158518518519633e-01
-8.586158518518519633e-01
-8.586158518518519633e-01
-8.585867777777779208e-01
-8.585867777777779208e-01
-8.585867777777779208e-01
-8.585577037037038783e-01
-8.585577037037038783e-01
-8.585286296296298358e-01
-8.585286296296298358e-01
-8.584995555555555713e-01
-8.584995555555555713e-01
-8.584414074074074863e-01
-8.584123333333334438e-01
-8.584123333333334438e-01
-8.583832592592594013e-01
-8.583541851851851368e-01
-8.583251111111110943e-01
-8.582960370370370518e-01
-8.582960370370370518e-01
-8.582669629629630093e-01
-8.582378888888889668e-01
-8.582088148148149243e-01
-8.581797407407408818e-01
-8.581797407407408818e-01
-8.581215925925927968e-01
-8.581215925925927968e-01
-8.580925185185185322e-01
-8.580634444444444897e-01
-8.580343703703704472e-01
-8.580343703703704472e-01
-8.580052962962964047e-01
-8.579762222222223622e-01
-8.579762222222223622e-01
-8.579471481481480977e-01
-8.579180740740740552e-01
-8.579180740740740552e-01
-8.578890000000000127e-01
-8.578599259259259702e-01
-8.578599259259259702e-01
-8.578599259259259702e-01
-8.578599259259259702e-01
-8.578017777777778852e-01
-8.578017777777778852e-01
-8.578017777777778852e-01
-8.578017777777778852e-01
-8.578017777777778852e-01
-8.577727037037038427e-01
-8.577727037037038427e-01
-8.577727037037038427e-01
-8.577727037037038427e-01
-8.577727037037038427e-01
-8.577727037037038427e-01
-8.577727037037038427e-01
-8.577436296296298002e-01
-8.577436296296298002e-01
-8.577436296296298002e-01
-8.577436296296298002e-01
-8.577436296296298002e-01
-8.577436296296298002e-01
-8.577145555555557577e-01
-8.577145555555557577e-01
-8.577145555555557577e-01
-8.577145555555557577e-01
-8.577145555555557577e-01
-8.576854814814814931e-01
-8.576854814814814931e-01
-8.576854814814814931e-01
-8.576564074074074506e-01
-8.576564074074074506e-01
-8.576564074074074506e-01
-8.576273333333331861e-01
-8.576273333333331861e-01
-8.575982592592591436e-01
-8.575982592592591436e-01
-8.575982592592591436e-01
-8.575691851851851011e-01
-8.575691851851851011e-01
-8.575401111111110586e-01
-8.575110370370370161e-01
-8.574819629629629736e-01
-8.574528888888889311e-01
-8.574238148148148886e-01
-8.573947407407408461e-01
-8.573656666666668036e-01
-8.573365925925927611e-01
-8.573075185185187186e-01
-8.572784444444446761e-01
-8.572493703703704115e-01
-8.572202962962963690e-01
-8.571330740740742415e-01
-8.571039999999999770e-01
-8.570749259259259345e-01
-8.570458518518518920e-01
-8.570458518518518920e-01
-8.569877037037038070e-01
-8.569586296296297645e-01
-8.569295555555557220e-01
-8.569004814814814575e-01
-8.568423333333333725e-01
-8.567841851851850654e-01
-8.567260370370369804e-01
-8.566969629629629379e-01
-8.566678888888888954e-01
-8.566097407407408104e-01
-8.565515925925927254e-01
-8.564934444444446404e-01
-8.564352962962963334e-01
-8.563771481481482484e-01
-8.562899259259261209e-01
-8.562317777777778138e-01
-8.561736296296297288e-01
-8.560864074074073793e-01
-8.559991851851852518e-01
-8.559410370370369447e-01
-8.558538148148148172e-01
-8.557956666666667322e-01
-8.557084444444446047e-01
-8.556212222222224772e-01
-8.555049259259260852e-01
-8.554177037037037357e-01
-8.553304814814816082e-01
-8.552141851851852161e-01
-8.551269629629628666e-01
-8.549815925925926541e-01
-8.548652962962964841e-01
-8.547780740740743566e-01
-8.546327037037037000e-01
-8.545164074074075300e-01
-8.543710370370370955e-01
-8.542256666666666609e-01
-8.541093703703704909e-01
-8.539349259259260139e-01
-8.537604814814815368e-01
-8.535860370370372818e-01
-8.534115925925925827e-01
-8.532080740740740632e-01
-8.530336296296295862e-01
-8.528591851851853312e-01
-8.526847407407408541e-01
-8.524812222222221125e-01
-8.522777037037038150e-01
-8.520160370370372105e-01
-8.517543703703703839e-01
-8.514636296296297369e-01
-8.511438148148150473e-01
-8.508239999999999137e-01
-8.505041851851852241e-01
-8.501843703703705346e-01
-8.498354814814815805e-01
-8.494284444444445414e-01
-8.489923333333334599e-01
-8.485562222222223783e-01
-8.481491851851853392e-01
-8.476549259259261726e-01
-8.471897407407408265e-01
-8.467245555555554803e-01
-8.462593703703703563e-01
-8.456488148148150197e-01
-8.450673333333332815e-01
-8.444567777777777229e-01
-8.437880740740740793e-01
-8.431484444444447002e-01
-8.425960370370372265e-01
-8.420145555555554884e-01
-8.414330740740741943e-01
-8.408225185185184136e-01
-8.399502962962962505e-01
-8.392815925925926068e-01
-8.385256666666668357e-01
-8.377115925925927575e-01
-8.369556666666667644e-01
-8.361125185185186437e-01
-8.352693703703705230e-01
-8.344552962962964449e-01
-8.334958518518519321e-01
-8.325945555555557265e-01
-8.318677037037037758e-01
-8.310536296296296976e-01
-8.304140000000000965e-01
-8.298325185185185804e-01
-8.292219629629630218e-01
-8.284951111111110711e-01
-8.278554814814814700e-01
-8.272158518518520909e-01
-8.264308518518520552e-01
-8.257330740740741470e-01
-8.249771481481483759e-01
-8.243375185185185527e-01
-8.236978888888889516e-01
-8.229128888888891380e-01
-8.222732592592593148e-01
-8.215754814814814067e-01
-8.208777037037039426e-01
-8.201217777777779494e-01
-8.191623333333334367e-01
-8.184354814814817081e-01
-8.176214074074074079e-01
-8.169527037037037642e-01
-8.161677037037037286e-01
-8.154990000000000849e-01
-8.148012222222223988e-01
-8.139871481481480986e-01
-8.132893703703704125e-01
-8.124462222222222918e-01
-8.117193703703703411e-01
-8.109634444444443480e-01
-8.101202962962962273e-01
-8.094225185185185412e-01
-8.086084444444444630e-01
-8.077071481481482573e-01
-8.069512222222224862e-01
-8.060208518518517939e-01
-8.053230740740741078e-01
-8.046252962962964217e-01
-8.039275185185185135e-01
-8.032297407407408274e-01
-8.025901111111112263e-01
-8.019504814814816251e-01
-8.013108518518518020e-01
-8.006712222222224229e-01
-8.000606666666666422e-01
-7.993919629629629986e-01
-7.986941851851853125e-01
-7.978510370370371918e-01
-7.970369629629631136e-01
-7.962519629629630780e-01
-7.955832592592592123e-01
-7.948564074074074837e-01
-7.942458518518519250e-01
-7.935190000000001964e-01
-7.928793703703703732e-01
-7.922978888888890792e-01
-7.916291851851852135e-01
-7.909314074074075274e-01
-7.903499259259260112e-01
-7.897102962962964101e-01
-7.891288148148148940e-01
-7.886054814814814629e-01
-7.880239999999999467e-01
-7.875006666666667376e-01
-7.869773333333333065e-01
-7.864830740740743620e-01
-7.860469629629630584e-01
-7.856108518518519768e-01
-7.852038148148149377e-01
-7.848549259259259836e-01
-7.845351111111110720e-01
-7.843025185185187320e-01
-7.840989999999999904e-01
-7.838954814814816929e-01
-7.837501111111112584e-01
-7.836047407407408238e-01
-7.834593703703703893e-01
-7.834012222222223043e-01
-7.833139999999999548e-01
-7.833139999999999548e-01
-7.833139999999999548e-01
-7.833139999999999548e-01
-7.833430740740739973e-01
-7.833721481481480398e-01
-7.834302962962963468e-01
-7.835465925925927388e-01
-7.836338148148148663e-01
-7.837501111111112584e-01
-7.838954814814816929e-01
-7.840408518518519054e-01
-7.841862222222221179e-01
-7.842734444444444675e-01
-7.844188148148149020e-01
-7.845641851851851145e-01
-7.847095555555557711e-01
-7.848258518518519411e-01
-7.849421481481481111e-01
-7.850293703703704606e-01
-7.851456666666668527e-01
-7.852038148148149377e-01
-7.852619629629630227e-01
-7.853491851851851502e-01
-7.854073333333332352e-01
-7.854654814814815422e-01
-7.855236296296296272e-01
-7.855527037037038918e-01
-7.855817777777779343e-01
-7.856108518518519768e-01
-7.856399259259260193e-01
-7.856399259259260193e-01
-7.856399259259260193e-01
-7.856690000000000618e-01
-7.856690000000000618e-01
-7.856690000000000618e-01
-7.856690000000000618e-01
-7.856690000000000618e-01
-7.856690000000000618e-01
-7.856690000000000618e-01
-7.856399259259260193e-01
-7.856399259259260193e-01
-7.855817777777779343e-01
-7.855817777777779343e-01
-7.855527037037038918e-01
-7.855236296296296272e-01
-7.854945555555555847e-01
-7.854945555555555847e-01
-7.854654814814815422e-01
-7.854654814814815422e-01
-7.854364074074074997e-01
-7.854364074074074997e-01
-7.854364074074074997e-01
-7.854364074074074997e-01
-7.854364074074074997e-01
-7.854364074074074997e-01
-7.854364074074074997e-01
-7.854364074074074997e-01
-7.854364074074074997e-01
-7.854364074074074997e-01
-7.854364074074074997e-01
-7.854364074074074997e-01
-7.854364074074074997e-01
-7.854364074074074997e-01
-7.854364074074074997e-01
-7.854364074074074997e-01
-7.854364074074074997e-01
-7.854073333333332352e-01
-7.854073333333332352e-01
-7.854073333333332352e-01
-7.853782592592591927e-01
-7.853491851851851502e-01
-7.853491851851851502e-01
-7.853491851851851502e-01
-7.853201111111111077e-01
-7.853201111111111077e-01
-7.852619629629630227e-01
-7.852619629629630227e-01
-7.852328888888889802e-01
-7.852328888888889802e-01
-7.852038148148149377e-01
-7.851747407407408952e-01
-7.851747407407408952e-01
-7.851456666666668527e-01
-7.851165925925928102e-01
-7.851165925925928102e-01
-7.850875185185185456e-01
-7.850875185185185456e-01
-7.850584444444445031e-01
-7.850584444444445031e-01
-7.850293703703704606e-01
-7.850293703703704606e-01
-7.850002962962964181e-01
-7.850002962962964181e-01
-7.850002962962964181e-01
-7.849421481481481111e-01
-7.849421481481481111e-01
-7.849130740740740686e-01
-7.849130740740740686e-01
-7.849130740740740686e-01
-7.848840000000000261e-01
-7.848840000000000261e-01
-7.848549259259259836e-01
-7.848549259259259836e-01
-7.848549259259259836e-01
-7.848258518518519411e-01
-7.848258518518519411e-01
-7.847967777777778986e-01
-7.847967777777778986e-01
-7.847967777777778986e-01
-7.847967777777778986e-01
-7.847677037037038561e-01
-7.847677037037038561e-01
-7.847677037037038561e-01
-7.847677037037038561e-01
-7.847677037037038561e-01
-7.847677037037038561e-01
-7.847677037037038561e-01
-7.847677037037038561e-01
-7.847677037037038561e-01
-7.847677037037038561e-01
-7.847677037037038561e-01
-7.847677037037038561e-01
-7.847386296296298136e-01
-7.847386296296298136e-01
-7.847386296296298136e-01
-7.847386296296298136e-01
-7.847386296296298136e-01
-7.847386296296298136e-01
-7.847386296296298136e-01
-7.847386296296298136e-01
-7.847386296296298136e-01
-7.847386296296298136e-01
-7.847095555555557711e-01
-7.847095555555557711e-01
-7.847095555555557711e-01
-7.847095555555557711e-01
-7.847095555555557711e-01
-7.846804814814815066e-01
-7.846804814814815066e-01
-7.846514074074074641e-01
-7.846514074074074641e-01
-7.846514074074074641e-01
-7.845932592592593791e-01
-7.845932592592593791e-01
-7.845932592592593791e-01
-7.845641851851851145e-01
-7.845641851851851145e-01
-7.845351111111110720e-01
-7.845351111111110720e-01
-7.845351111111110720e-01
-7.845060370370370295e-01
-7.845060370370370295e-01
-7.844769629629629870e-01
-7.844769629629629870e-01
-7.844478888888889445e-01
-7.844188148148149020e-01
-7.844188148148149020e-01
-7.843897407407408595e-01
-7.843897407407408595e-01
-7.843606666666668170e-01
-7.843315925925927745e-01
-7.842734444444444675e-01
-7.842734444444444675e-01
-7.842152962962961604e-01
-7.841862222222221179e-01
-7.841571481481480754e-01
-7.841280740740740329e-01
-7.840699259259259479e-01
-7.840408518518519054e-01
-7.840117777777778629e-01
-7.839536296296297779e-01
-7.839245555555557354e-01
-7.838664074074076504e-01
-7.838082592592593434e-01
-7.837501111111112584e-01
-7.836919629629629513e-01
-7.836047407407408238e-01
-7.835465925925927388e-01
-7.834884444444444318e-01
-7.834302962962963468e-01
-7.833721481481480398e-01
-7.832849259259259123e-01
-7.832267777777778273e-01
-7.831395555555556998e-01
-7.830814074074076148e-01
-7.829941851851852652e-01
-7.829069629629631377e-01
-7.828197407407407882e-01
-7.827615925925927032e-01
-7.826743703703703536e-01
-7.825871481481482261e-01
-7.824999259259258766e-01
-7.824127037037037491e-01
-7.822964074074075791e-01
-7.821801111111111870e-01
-7.820638148148147950e-01
-7.819475185185186250e-01
-7.818312222222222330e-01
-7.816858518518517984e-01
-7.815695555555556284e-01
-7.814241851851854159e-01
-7.812206666666666743e-01
-7.810171481481481548e-01
-7.808136296296296353e-01
-7.805519629629630307e-01
-7.803193703703704687e-01
-7.800577037037036421e-01
-7.797960370370370375e-01
-7.794762222222223480e-01
-7.791854814814814789e-01
-7.788656666666667894e-01
-7.785167777777780573e-01
-7.781388148148148387e-01
-7.778190000000001492e-01
-7.774119629629628880e-01
-7.769758518518518065e-01
-7.765688148148147674e-01
-7.761036296296296433e-01
-7.756093703703704767e-01
-7.751151111111113101e-01
-7.745917777777778790e-01
-7.740684444444444479e-01
-7.735451111111112388e-01
-7.729927037037037652e-01
-7.724402962962962915e-01
-7.719460370370371249e-01
-7.714517777777779584e-01
-7.709575185185185697e-01
-7.703760370370370536e-01
-7.697654814814817170e-01
-7.691840000000002009e-01
-7.686315925925925052e-01
-7.680210370370371686e-01
-7.674104814814813880e-01
-7.666836296296296593e-01
-7.660440000000000582e-01
-7.654043703703704571e-01
-7.646193703703704214e-01
-7.637762222222223008e-01
-7.629040000000001376e-01
-7.619445555555556249e-01
-7.610723333333334617e-01
-7.601128888888889490e-01
-7.592115925925927433e-01
-7.582521481481482306e-01
-7.574962222222224595e-01
-7.567693703703705088e-01
-7.560425185185185581e-01
-7.551702962962961729e-01
-7.543852962962961373e-01
-7.534839999999999316e-01
-7.526989999999998959e-01
-7.519140000000000823e-01
-7.510417777777779191e-01
-7.502567777777778835e-01
-7.494136296296297628e-01
-7.485123333333333351e-01
-7.476401111111111719e-01
-7.465352962962964467e-01
-7.454595555555555420e-01
-7.444128888888889017e-01
-7.433080740740741765e-01
-7.422614074074075363e-01
-7.411856666666666316e-01
-7.401389999999999914e-01
-7.390341851851852661e-01
-7.379293703703705409e-01
-7.368536296296296362e-01
-7.358069629629629960e-01
-7.347893703703703983e-01
-7.337717777777778005e-01
-7.327832592592594674e-01
-7.318238148148149547e-01
-7.309225185185185270e-01
-7.300212222222223213e-01
-7.291490000000001581e-01
-7.284802962962962924e-01
-7.277243703703705213e-01
-7.269393703703704857e-01
-7.260962222222221429e-01
-7.253984444444444568e-01
-7.245843703703703786e-01
-7.238575185185186500e-01
-7.231015925925926568e-01
-7.223456666666666637e-01
-7.216478888888887555e-01
-7.209210370370370269e-01
-7.202523333333333833e-01
-7.196127037037037821e-01
-7.190312222222222660e-01
-7.183915925925926649e-01
-7.178391851851851913e-01
-7.171995555555555901e-01
-7.165890000000000315e-01
-7.160075185185187374e-01
-7.154551111111110417e-01
-7.149027037037037902e-01
-7.143793703703703590e-01
-7.139723333333335420e-01
-7.134780740740741534e-01
-7.130128888888890293e-01
-7.125477037037039052e-01
-7.121406666666668661e-01
-7.117045555555555625e-01
-7.113556666666668304e-01
-7.110067777777778764e-01
-7.107160370370370073e-01
-7.104543703703704027e-01
-7.102217777777778407e-01
-7.099891851851852786e-01
-7.097565925925927166e-01
-7.095821481481482396e-01
-7.093786296296297200e-01
-7.092041851851852430e-01
-7.090297407407407659e-01
-7.089134444444445959e-01
-7.087971481481484259e-01
-7.087390000000001189e-01
-7.087099259259260764e-01
-7.086808518518520339e-01
-7.086808518518520339e-01
-7.086808518518520339e-01
-7.086808518518520339e-01
-7.086808518518520339e-01
-7.087099259259260764e-01
-7.087390000000001189e-01
-7.087680740740741614e-01
-7.088262222222224684e-01
-7.088552962962965109e-01
-7.088843703703705534e-01
-7.089425185185186384e-01
-7.089715925925926809e-01
-7.090006666666667234e-01
-7.090588148148148084e-01
-7.090588148148148084e-01
-7.090878888888888509e-01
-7.090878888888888509e-01
-7.090878888888888509e-01
-7.090878888888888509e-01
-7.090878888888888509e-01
-7.090878888888888509e-01
-7.090878888888888509e-01
-7.090878888888888509e-01
-7.090588148148148084e-01
-7.090588148148148084e-01
-7.090588148148148084e-01
-7.090297407407407659e-01
-7.090297407407407659e-01
-7.090006666666667234e-01
-7.090006666666667234e-01
-7.089715925925926809e-01
-7.089715925925926809e-01
-7.089715925925926809e-01
-7.089715925925926809e-01
-7.089715925925926809e-01
-7.089715925925926809e-01
-7.089425185185186384e-01
-7.089425185185186384e-01
-7.089425185185186384e-01
-7.089425185185186384e-01
-7.089425185185186384e-01
-7.089425185185186384e-01
-7.089425185185186384e-01
-7.089425185185186384e-01
-7.089425185185186384e-01
-7.089425185185186384e-01
-7.089425185185186384e-01
-7.089425185185186384e-01
-7.089425185185186384e-01
-7.089425185185186384e-01
-7.089425185185186384e-01
-7.089425185185186384e-01
-7.089425185185186384e-01
-7.089134444444445959e-01
-7.089134444444445959e-01
-7.088843703703705534e-01
-7.088843703703705534e-01
-7.088843703703705534e-01
-7.088262222222224684e-01
-7.088262222222224684e-01
-7.087971481481484259e-01
-7.087680740740741614e-01
-7.087680740740741614e-01
-7.087390000000001189e-01
-7.087099259259260764e-01
-7.086808518518520339e-01
-7.086808518518520339e-01
-7.086517777777777694e-01
-7.086517777777777694e-01
-7.086227037037037269e-01
-7.085936296296296844e-01
-7.085936296296296844e-01
-7.085645555555556419e-01
-7.085645555555556419e-01
-7.085064074074075569e-01
-7.084773333333332923e-01
-7.084773333333332923e-01
-7.084482592592592498e-01
-7.084191851851852073e-01
-7.083901111111111648e-01
-7.083901111111111648e-01
-7.083610370370371223e-01
-7.083610370370371223e-01
-7.083319629629630798e-01
-7.083028888888888153e-01
-7.083028888888888153e-01
-7.082738148148147728e-01
-7.082447407407407303e-01
-7.082447407407407303e-01
-7.081865925925926453e-01
-7.081865925925926453e-01
-7.081575185185186028e-01
-7.081575185185186028e-01
-7.081284444444445603e-01
-7.081284444444445603e-01
-7.081284444444445603e-01
-7.080993703703705178e-01
-7.080993703703705178e-01
-7.080993703703705178e-01
-7.080993703703705178e-01
-7.080993703703705178e-01
-7.080993703703705178e-01
-7.080993703703705178e-01
-7.080993703703705178e-01
-7.080993703703705178e-01
-7.080702962962964753e-01
-7.080702962962964753e-01
-7.080702962962964753e-01
-7.080702962962964753e-01
-7.080702962962964753e-01
-7.080702962962964753e-01
-7.080702962962964753e-01
-7.080702962962964753e-01
-7.080702962962964753e-01
-7.080702962962964753e-01
-7.080702962962964753e-01
-7.080702962962964753e-01
-7.080702962962964753e-01
-7.080702962962964753e-01
-7.080702962962964753e-01
-7.080702962962964753e-01
-7.080702962962964753e-01
-7.080702962962964753e-01
-7.080702962962964753e-01
-7.080702962962964753e-01
-7.080702962962964753e-01
-7.080702962962964753e-01
-7.080702962962964753e-01
-7.080702962962964753e-01
-7.080702962962964753e-01
-7.080702962962964753e-01
-7.080702962962964753e-01
-7.080412222222224328e-01
-7.080412222222224328e-01
-7.080412222222224328e-01
-7.080412222222224328e-01
-7.080121481481483903e-01
-7.080121481481483903e-01
-7.080121481481483903e-01
-7.079830740740743478e-01
-7.079830740740743478e-01
-7.079540000000000832e-01
-7.079249259259260407e-01
-7.078667777777777337e-01
-7.078377037037036912e-01
-7.078086296296296487e-01
-7.077795555555556062e-01
-7.077795555555556062e-01
-7.077214074074075212e-01
-7.076923333333334787e-01
-7.076632592592594362e-01
-7.076051111111111291e-01
-7.075760370370370866e-01
-7.075178888888890016e-01
-7.074597407407406946e-01
-7.074015925925926096e-01
-7.073434444444445246e-01
-7.072852962962964396e-01
-7.072271481481483546e-01
-7.071690000000000476e-01
-7.070817777777779201e-01
-7.070236296296296130e-01
-7.069364074074074855e-01
-7.068491851851853580e-01
-7.067619629629630085e-01
-7.066747407407408810e-01
-7.066165925925925739e-01
-7.065002962962964039e-01
-7.064130740740740544e-01
-7.063258518518519269e-01
-7.062095555555555348e-01
-7.061223333333334073e-01
-7.060060370370372373e-01
-7.059188148148148878e-01
-7.058025185185184958e-01
-7.056862222222221037e-01
-7.055699259259259337e-01
-7.054245555555557212e-01
-7.053373333333333717e-01
-7.051919629629631592e-01
-7.050465925925927246e-01
-7.049012222222220680e-01
-7.047849259259258980e-01
-7.046104814814816431e-01
-7.044651111111112085e-01
-7.043488148148150385e-01
-7.042325185185186465e-01
-7.041162222222222544e-01
-7.039708518518518199e-01
-7.038836296296296924e-01
-7.037091851851852153e-01
-7.035347407407407383e-01
-7.033312222222224408e-01
-7.031567777777777417e-01
-7.029532592592594442e-01
-7.028078888888887876e-01
-7.026043703703704901e-01
-7.024299259259260131e-01
-7.022554814814815360e-01
-7.020519629629630165e-01
-7.018775185185185395e-01
-7.016740000000002420e-01
-7.014995555555555429e-01
-7.012669629629629808e-01
-7.010343703703704188e-01
-7.008017777777778567e-01
-7.005982592592593372e-01
-7.003656666666667752e-01
-7.001330740740742131e-01
-6.998714074074073865e-01
-6.995806666666667395e-01
-6.992899259259260925e-01
-6.989410370370371384e-01
-6.986212222222222268e-01
-6.982432592592592302e-01
-6.978652962962964557e-01
-6.974582592592594166e-01
-6.969640000000000279e-01
-6.966441851851853384e-01
-6.962952962962963843e-01
-6.959173333333333877e-01
-6.955102962962963487e-01
-6.951614074074073946e-01
-6.947543703703703555e-01
-6.942601111111111889e-01
-6.938530740740741498e-01
-6.933878888888888037e-01
-6.929517777777779441e-01
-6.924865925925925980e-01
-6.919632592592593889e-01
-6.914980740740740428e-01
-6.909456666666667912e-01
-6.904514074074074026e-01
-6.899571481481482360e-01
-6.893756666666667199e-01
-6.888523333333332888e-01
-6.882417777777779522e-01
-6.877475185185185635e-01
-6.872241851851851324e-01
-6.866427037037038383e-01
-6.861193703703704072e-01
-6.855378888888888911e-01
-6.850145555555556820e-01
-6.845202962962962934e-01
-6.839388148148147772e-01
-6.833864074074075257e-01
-6.828340000000000520e-01
-6.823397407407408854e-01
-6.818454814814814968e-01
-6.812640000000002027e-01
-6.807697407407408141e-01
-6.803045555555556900e-01
-6.797521481481482164e-01
-6.791997407407407428e-01
-6.786764074074075337e-01
-6.782112222222224096e-01
-6.777460370370372855e-01
-6.771064074074074624e-01
-6.764377037037038187e-01
-6.758562222222223026e-01
-6.752165925925927015e-01
-6.747223333333333128e-01
-6.742571481481481888e-01
-6.737338148148147576e-01
-6.732686296296298556e-01
-6.728034444444445095e-01
-6.722219629629629933e-01
-6.717277037037038268e-01
-6.711171481481482681e-01
-6.705356666666667520e-01
-6.699832592592592784e-01
-6.694308518518518047e-01
-6.688784444444445532e-01
-6.682969629629630370e-01
-6.677736296296296059e-01
-6.671921481481480898e-01
-6.666106666666667957e-01
-6.660291851851852796e-01
-6.654477037037037634e-01
-6.648952962962962898e-01
-6.643428888888890382e-01
-6.637614074074075221e-01
-6.632090000000000485e-01
-6.626565925925927969e-01
-6.621041851851851012e-01
-6.615227037037038071e-01
-6.609993703703705981e-01
-6.604469629629629024e-01
-6.598654814814816083e-01
-6.594875185185186117e-01
-6.590223333333334876e-01
-6.584699259259260140e-01
-6.579756666666666254e-01
-6.574814074074074588e-01
-6.569580740740740277e-01
-6.564638148148148611e-01
-6.559986296296296260e-01
-6.555334444444445019e-01
-6.550682592592593778e-01
-6.546321481481482962e-01
-6.542541851851852996e-01
-6.539343703703704991e-01
-6.536145555555555875e-01
-6.532656666666667444e-01
-6.529458518518520549e-01
-6.526551111111110748e-01
-6.523352962962963852e-01
-6.519573333333333887e-01
-6.516084444444445456e-01
-6.512886296296298561e-01
-6.509688148148148334e-01
-6.507071481481482289e-01
-6.504164074074074708e-01
-6.501547407407407553e-01
-6.499512222222223468e-01
-6.497186296296296737e-01
-6.494860370370371117e-01
-6.493115925925926346e-01
-6.491080740740742261e-01
-6.489336296296296380e-01
-6.487591851851852720e-01
-6.486428888888889910e-01
-6.484975185185185564e-01
-6.483812222222222754e-01
-6.482649259259258834e-01
-6.481777037037036449e-01
-6.481195555555555599e-01
-6.480323333333334324e-01
-6.480032592592592788e-01
-6.479160370370371513e-01
-6.478578888888890663e-01
-6.478288148148149128e-01
-6.477997407407408703e-01
-6.477997407407408703e-01
-6.477997407407408703e-01
-6.477997407407408703e-01
-6.477997407407408703e-01
-6.477997407407408703e-01
-6.477997407407408703e-01
-6.477997407407408703e-01
-6.477997407407408703e-01
-6.477997407407408703e-01
-6.477997407407408703e-01
-6.477997407407408703e-01
-6.477997407407408703e-01
-6.477997407407408703e-01
-6.477997407407408703e-01
-6.477997407407408703e-01
-6.477997407407408703e-01
-6.477997407407408703e-01
-6.477997407407408703e-01
-6.477997407407408703e-01
-6.477997407407408703e-01
-6.477997407407408703e-01
-6.477997407407408703e-01
-6.477997407407408703e-01
-6.477997407407408703e-01
-6.477997407407408703e-01
-6.477997407407408703e-01
-6.477997407407408703e-01
-6.477997407407408703e-01
-6.477997407407408703e-01
-6.477997407407408703e-01
-6.477997407407408703e-01
-6.477997407407408703e-01
-6.477997407407408703e-01
-6.477997407407408703e-01
-6.477997407407408703e-01
-6.477997407407408703e-01
-6.477997407407408703e-01
-6.477997407407408703e-01
-6.477997407407408703e-01
-6.477997407407408703e-01
-6.477997407407408703e-01
-6.477997407407408703e-01
-6.477997407407408703e-01
-6.477997407407408703e-01
-6.477997407407408703e-01
-6.477997407407408703e-01
-6.477997407407408703e-01
-6.477997407407408703e-01
-6.477997407407408703e-01
-6.477997407407408703e-01
-6.477997407407408703e-01
-6.477997407407408703e-01
-6.477997407407408703e-01
-6.477997407407408703e-01
-6.477997407407408703e-01
-6.477997407407408703e-01
-6.477997407407408703e-01
-6.477997407407408703e-01
-6.477997407407408703e-01
-6.477997407407408703e-01
-6.477997407407408703e-01
-6.477997407407408703e-01
-6.477997407407408703e-01
-6.477997407407408703e-01
-6.477997407407408703e-01
-6.477706666666668278e-01
-6.477706666666668278e-01
-6.477706666666668278e-01
-6.477706666666668278e-01
-6.477706666666668278e-01
-6.477706666666668278e-01
-6.477415925925927853e-01
-6.477415925925927853e-01
-6.477415925925927853e-01
-6.477125185185187428e-01
-6.477125185185187428e-01
-6.476834444444447003e-01
-6.476834444444447003e-01
-6.476252962962963933e-01
-6.475962222222222398e-01
-6.475962222222222398e-01
-6.475962222222222398e-01
-6.475671481481481973e-01
-6.475380740740741548e-01
-6.475380740740741548e-01
-6.475090000000001123e-01
-6.474799259259260698e-01
-6.474799259259260698e-01
-6.474508518518518052e-01
-6.474217777777777627e-01
-6.474217777777777627e-01
-6.473927037037037202e-01
-6.473636296296295667e-01
-6.473054814814814817e-01
-6.472764074074074392e-01
-6.472764074074074392e-01
-6.472473333333333967e-01
-6.472182592592593542e-01
-6.471891851851852007e-01
-6.471310370370371157e-01
-6.471019629629630732e-01
-6.470728888888890307e-01
-6.470147407407409457e-01
-6.469565925925927496e-01
-6.469275185185187071e-01
-6.468693703703704001e-01
-6.468112222222223151e-01
-6.467821481481482726e-01
-6.467240000000000766e-01
-6.466367777777779491e-01
-6.465786296296296420e-01
-6.464914074074074035e-01
-6.464041851851852760e-01
-6.463169629629630375e-01
-6.462588148148149525e-01
-6.462006666666668675e-01
-6.461425185185185605e-01
-6.460552962962963219e-01
-6.459390000000000409e-01
-6.458517777777779134e-01
-6.457645555555555639e-01
-6.456773333333333253e-01
-6.455610370370371554e-01
-6.454447407407406523e-01
-6.452993703703704398e-01
-6.451540000000001163e-01
-6.449795555555557502e-01
-6.448051111111111622e-01
-6.446015925925925316e-01
-6.443690000000000806e-01
-6.441364074074076296e-01
-6.439619629629630415e-01
-6.436712222222222834e-01
-6.434095555555556789e-01
-6.431478888888889633e-01
-6.428862222222222478e-01
-6.426536296296297968e-01
-6.424210370370371237e-01
-6.421884444444444506e-01
-6.419267777777778461e-01
-6.416360370370370880e-01
-6.413452962962963300e-01
-6.409964074074073759e-01
-6.407056666666667288e-01
-6.403277037037036212e-01
-6.400078888888889317e-01
-6.396880740740741311e-01
-6.393391851851851770e-01
-6.389902962962964450e-01
-6.385251111111110989e-01
-6.380308518518519323e-01
-6.376528888888889357e-01
-6.372458518518518966e-01
-6.368388148148148575e-01
-6.364027037037037760e-01
-6.360247407407407794e-01
-6.355304814814816128e-01
-6.350943703703703092e-01
-6.346873333333334921e-01
-6.342221481481481460e-01
-6.337860370370370644e-01
-6.332627037037037443e-01
-6.328265925925926627e-01
-6.323614074074073166e-01
-6.318380740740742185e-01
-6.313728888888888724e-01
-6.308204814814815098e-01
-6.303552962962963857e-01
-6.298901111111112616e-01
-6.293667777777778305e-01
-6.289015925925925954e-01
-6.283782592592593863e-01
-6.279421481481480827e-01
-6.275060370370372231e-01
-6.270408518518518770e-01
-6.266338148148149489e-01
-6.261686296296296028e-01
-6.257615925925925637e-01
-6.253545555555555246e-01
-6.248893703703704006e-01
-6.245114074074074040e-01
-6.241043703703703649e-01
-6.237554814814815218e-01
-6.234065925925925677e-01
-6.229704814814817082e-01
-6.226215925925925321e-01
-6.222145555555557150e-01
-6.218365925925926074e-01
-6.214877037037038754e-01
-6.210515925925927938e-01
-6.207027037037036177e-01
-6.203247407407408431e-01
-6.200049259259258205e-01
-6.196560370370370885e-01
-6.193362222222222879e-01
-6.189873333333333338e-01
-6.186384444444446018e-01
-6.182604814814814942e-01
-6.178534444444445661e-01
-6.173010370370370925e-01
-6.169230740740740959e-01
-6.165160370370370568e-01
-6.161380740740740602e-01
-6.157891851851852172e-01
-6.153240000000000931e-01
-6.148878888888889005e-01
-6.144517777777778189e-01
-6.140156666666667373e-01
-6.135504814814816132e-01
-6.131434444444445742e-01
-6.127364074074073130e-01
-6.122712222222224110e-01
-6.118932592592591924e-01
-6.114862222222223753e-01
-6.111082592592592677e-01
-6.107012222222223397e-01
-6.102941851851851895e-01
-6.098871481481482615e-01
-6.094801111111111114e-01
-6.090730740740740723e-01
-6.086951111111112978e-01
-6.082299259259259516e-01
-6.077938148148148700e-01
-6.073577037037037885e-01
-6.069797407407407919e-01
-6.066017777777777953e-01
-6.061656666666667137e-01
-6.057877037037037171e-01
-6.053225185185185930e-01
-6.048864074074075114e-01
-6.043921481481482338e-01
-6.039851111111110837e-01
-6.035199259259260707e-01
-6.030838148148147670e-01
-6.026767777777779500e-01
-6.022697407407406889e-01
-6.018627037037038718e-01
-6.014556666666667217e-01
-6.010777037037037251e-01
-6.006997407407407286e-01
-6.003508518518517745e-01
-6.000019629629630424e-01
-5.997112222222222844e-01
-5.994204814814815263e-01
-5.991297407407408793e-01
-5.988680740740741637e-01
-5.986064074074074481e-01
-5.984028888888890396e-01
-5.981702962962963666e-01
-5.979958518518520005e-01
-5.978214074074074125e-01
-5.976469629629630465e-01
-5.975015925925927229e-01
-5.973852962962963309e-01
-5.972690000000000499e-01
-5.972108518518519649e-01
-5.971817777777779224e-01
-5.971236296296296153e-01
-5.970945555555555728e-01
-5.970945555555555728e-01
-5.970945555555555728e-01
-5.970945555555555728e-01
-5.970945555555555728e-01
-5.970945555555555728e-01
-5.971236296296296153e-01
-5.971817777777779224e-01
-5.972399259259260074e-01
-5.972690000000000499e-01
-5.973271481481482459e-01
-5.973852962962963309e-01
-5.974434444444444159e-01
-5.974725185185185694e-01
-5.975306666666668765e-01
-5.975306666666668765e-01
-5.975597407407409190e-01
-5.975888148148149615e-01
-5.975888148148149615e-01
-5.975888148148149615e-01
-5.975888148148149615e-01
-5.975888148148149615e-01
-5.975888148148149615e-01
-5.975888148148149615e-01
-5.975888148148149615e-01
-5.975888148148149615e-01
-5.975888148148149615e-01
-5.975597407407409190e-01
-5.975597407407409190e-01
-5.975306666666668765e-01
-5.975306666666668765e-01
-5.974725185185185694e-01
-5.974434444444444159e-01
-5.974143703703703734e-01
-5.973852962962963309e-01
-5.973852962962963309e-01
-5.973562222222222884e-01
-5.973271481481482459e-01
-5.973271481481482459e-01
-5.973271481481482459e-01
-5.973271481481482459e-01
-5.972980740740742034e-01
-5.972980740740742034e-01
-5.972690000000000499e-01
-5.972690000000000499e-01
-5.972690000000000499e-01
-5.972399259259260074e-01
-5.972399259259260074e-01
-5.972399259259260074e-01
-5.972399259259260074e-01
-5.972108518518519649e-01
-5.972108518518519649e-01
-5.971817777777779224e-01
-5.971817777777779224e-01
-5.971527037037038799e-01
-5.971236296296296153e-01
-5.970945555555555728e-01
-5.970654814814815303e-01
-5.970364074074073768e-01
-5.970073333333333343e-01
-5.969782592592592918e-01
-5.969491851851852493e-01
-5.968910370370371643e-01
-5.968910370370371643e-01
-5.968619629629630108e-01
-5.968328888888889683e-01
-5.967747407407408833e-01
-5.967456666666666187e-01
-5.966875185185185337e-01
-5.966293703703703377e-01
-5.965421481481482102e-01
-5.964549259259260827e-01
-5.963967777777778867e-01
-5.963386296296298017e-01
-5.962514074074074522e-01
-5.961641851851852136e-01
-5.961060370370371286e-01
-5.960478888888890436e-01
-5.959606666666665831e-01
-5.959025185185184981e-01
-5.958152962962963706e-01
-5.957280740740741320e-01
-5.956699259259260471e-01
-5.956117777777778510e-01
-5.955245555555557235e-01
-5.954373333333333740e-01
-5.953501111111111355e-01
-5.952628888888887859e-01
-5.951756666666666584e-01
-5.950884444444444199e-01
-5.949721481481482499e-01
-5.948849259259260114e-01
-5.947977037037038839e-01
-5.946814074074076029e-01
-5.945941851851852533e-01
-5.944778888888889723e-01
-5.943615925925925803e-01
-5.942452962962962992e-01
-5.941290000000000182e-01
-5.940127037037038482e-01
-5.939254814814816097e-01
-5.938382592592592601e-01
-5.936928888888889366e-01
-5.935765925925925446e-01
-5.934602962962962636e-01
-5.933440000000000936e-01
-5.931986296296297700e-01
-5.930532592592592245e-01
-5.929369629629630545e-01
-5.927915925925927310e-01
-5.926462222222221854e-01
-5.925008518518519729e-01
-5.923554814814814273e-01
-5.921810370370370613e-01
-5.919775185185186528e-01
-5.918321481481482182e-01
-5.916577037037036302e-01
-5.914832592592592642e-01
-5.913088148148148981e-01
-5.911052962962964896e-01
-5.909017777777778591e-01
-5.906982592592592285e-01
-5.904656666666667775e-01
-5.902330740740743265e-01
-5.899423333333333463e-01
-5.896515925925926993e-01
-5.893899259259259837e-01
-5.890991851851852257e-01
-5.888084444444445786e-01
-5.884886296296297781e-01
-5.881688148148148665e-01
-5.878199259259259124e-01
-5.874710370370370693e-01
-5.871221481481481153e-01
-5.867732592592593832e-01
-5.863662222222222331e-01
-5.859882592592594586e-01
-5.855521481481481549e-01
-5.851451111111112269e-01
-5.847090000000000343e-01
-5.842728888888889527e-01
-5.837495555555556326e-01
-5.832843703703705085e-01
-5.828191851851851624e-01
-5.823249259259261068e-01
-5.818306666666667182e-01
-5.813073333333333981e-01
-5.808421481481482740e-01
-5.803769629629631499e-01
-5.798245555555555653e-01
-5.792721481481480916e-01
-5.787197407407409511e-01
-5.781091851851852814e-01
-5.775858518518518503e-01
-5.770334444444444877e-01
-5.764228888888890401e-01
-5.757832592592593279e-01
-5.750854814814815308e-01
-5.744167777777778872e-01
-5.737190000000000900e-01
-5.729921481481482504e-01
-5.722652962962962997e-01
-5.714802962962963750e-01
-5.707534444444446464e-01
-5.701719629629630193e-01
-5.695904814814815031e-01
-5.689508518518519020e-01
-5.681949259259260199e-01
-5.674099259259259842e-01
-5.666249259259259485e-01
-5.658399259259260239e-01
-5.650840000000000307e-01
-5.644443703703705406e-01
-5.636593703703705049e-01
-5.628743703703704693e-01
-5.621765925925926721e-01
-5.614788148148148750e-01
-5.608101111111111203e-01
-5.601704814814816302e-01
-5.595017777777777646e-01
-5.589493703703702909e-01
-5.583388148148148433e-01
-5.576991851851853532e-01
-5.570595555555556411e-01
-5.565071481481482785e-01
-5.558965925925926088e-01
-5.552569629629628967e-01
-5.546754814814814916e-01
-5.540940000000000865e-01
-5.535125185185185703e-01
-5.529310370370371652e-01
-5.523495555555555381e-01
-5.517099259259260480e-01
-5.511284444444445318e-01
-5.505469629629631267e-01
-5.499364074074074571e-01
-5.493840000000000945e-01
-5.489478888888890129e-01
-5.484827037037036668e-01
-5.479884444444445002e-01
-5.475232592592592651e-01
-5.471162222222222260e-01
-5.466510370370371019e-01
-5.460695555555556968e-01
-5.455462222222222657e-01
-5.450228888888889456e-01
-5.444414074074075405e-01
-5.438890000000000668e-01
-5.433947407407409003e-01
-5.428714074074073581e-01
-5.423771481481481915e-01
-5.418828888888889139e-01
-5.414758518518518748e-01
-5.411269629629630318e-01
-5.407490000000000352e-01
-5.404001111111110811e-01
-5.400512222222222380e-01
-5.397895555555556335e-01
-5.394988148148148754e-01
-5.392371481481481599e-01
-5.390045555555557089e-01
-5.388010370370370783e-01
-5.386556666666667548e-01
-5.384812222222221667e-01
-5.383940000000000392e-01
-5.382777037037037582e-01
-5.382195555555556732e-01
-5.381323333333334347e-01
-5.380741851851853497e-01
-5.380451111111113072e-01
-5.380160370370372647e-01
-5.379869629629630001e-01
-5.379869629629630001e-01
-5.379869629629630001e-01
-5.379869629629630001e-01
-5.379869629629630001e-01
-5.380451111111113072e-01
-5.380741851851853497e-01
-5.381323333333334347e-01
-5.381614074074075882e-01
-5.382195555555556732e-01
-5.382777037037037582e-01
-5.383358518518519542e-01
-5.383940000000000392e-01
-5.384521481481481242e-01
-5.384812222222221667e-01
-5.385393703703703627e-01
-5.385684444444444052e-01
-5.385975185185184477e-01
-5.386556666666667548e-01
-5.386556666666667548e-01
-5.387138148148148398e-01
-5.387428888888888823e-01
-5.387428888888888823e-01
-5.387719629629630358e-01
-5.387719629629630358e-01
-5.387719629629630358e-01
-5.387719629629630358e-01
-5.387719629629630358e-01
-5.387719629629630358e-01
-5.387719629629630358e-01
-5.387719629629630358e-01
-5.387428888888888823e-01
-5.387428888888888823e-01
-5.386847407407407973e-01
-5.386556666666667548e-01
-5.386265925925924902e-01
-5.385684444444444052e-01
-5.385393703703703627e-01
-5.384812222222221667e-01
-5.384812222222221667e-01
-5.384521481481481242e-01
-5.383940000000000392e-01
-5.383649259259259967e-01
-5.383358518518519542e-01
-5.383067777777778007e-01
-5.382777037037037582e-01
-5.382777037037037582e-01
-5.382486296296297157e-01
-5.382195555555556732e-01
-5.382195555555556732e-01
-5.381614074074075882e-01
-5.381323333333334347e-01
-5.381323333333334347e-01
-5.381032592592593922e-01
-5.380741851851853497e-01
-5.380451111111113072e-01
-5.380451111111113072e-01
-5.380160370370372647e-01
-5.379869629629630001e-01
-5.379578888888889576e-01
-5.379288148148149151e-01
-5.378997407407407616e-01
-5.378415925925926766e-01
-5.378415925925926766e-01
-5.378125185185184121e-01
-5.377543703703703271e-01
-5.377252962962962846e-01
-5.376962222222222421e-01
-5.376671481481480885e-01
-5.376090000000000035e-01
-5.375799259259259610e-01
-5.374927037037037225e-01
-5.374636296296296800e-01
-5.374054814814815950e-01
-5.373473333333335100e-01
-5.372891851851853140e-01
-5.372019629629631865e-01
-5.371147407407408370e-01
-5.369984444444445559e-01
-5.369402962962962489e-01
-5.368239999999999679e-01
-5.367077037037037979e-01
-5.365914074074075168e-01
-5.364751111111112358e-01
-5.363588148148148438e-01
-5.362715925925927163e-01
-5.361262222222221707e-01
-5.360099259259258897e-01
-5.358645555555556772e-01
-5.357191851851851316e-01
-5.355738148148148081e-01
-5.353993703703704421e-01
-5.352249259259259651e-01
-5.350795555555556415e-01
-5.348760370370370110e-01
-5.347306666666666874e-01
-5.344980740740742364e-01
-5.343236296296296484e-01
-5.340910370370369753e-01
-5.338584444444445243e-01
-5.336258518518520733e-01
-5.333641851851851357e-01
-5.331606666666667271e-01
-5.329280740740742761e-01
-5.326664074074074495e-01
-5.324338148148147765e-01
-5.320849259259259334e-01
-5.318232592592593289e-01
-5.315615925925926133e-01
-5.312708518518518552e-01
-5.309801111111112082e-01
-5.306312222222221431e-01
-5.303114074074074535e-01
-5.299625185185186105e-01
-5.294973333333333754e-01
-5.291775185185185748e-01
-5.288286296296296207e-01
-5.283925185185185391e-01
-5.280145555555555426e-01
-5.276365925925926570e-01
-5.272877037037037029e-01
-5.269097407407407063e-01
-5.265608518518519743e-01
-5.260956666666666282e-01
-5.256595555555557686e-01
-5.252234444444444650e-01
-5.247582592592593409e-01
-5.242930740740741058e-01
-5.238569629629630242e-01
-5.233917777777779001e-01
-5.229556666666668185e-01
-5.225195555555555149e-01
-5.220834444444446554e-01
-5.216473333333333517e-01
-5.212402962962965347e-01
-5.207751111111111886e-01
-5.203390000000001070e-01
-5.199319629629630679e-01
-5.195249259259260288e-01
-5.191469629629630322e-01
-5.187399259259259932e-01
-5.183910370370370391e-01
-5.181002962962962810e-01
-5.177514074074075490e-01
-5.174315925925925264e-01
-5.171408518518518793e-01
-5.168501111111113433e-01
-5.165593703703703632e-01
-5.162977037037037586e-01
-5.160360370370370431e-01
-5.157743703703703275e-01
-5.154836296296296805e-01
-5.152510370370370074e-01
-5.149893703703705139e-01
-5.147277037037037983e-01
-5.144078888888888867e-01
-5.140299259259260012e-01
-5.137101111111110896e-01
-5.133902962962964001e-01
-5.130414074074073350e-01
-5.126925185185186029e-01
-5.123727037037038023e-01
-5.120528888888888908e-01
-5.117330740740740902e-01
-5.114132592592594007e-01
-5.111225185185186426e-01
-5.108027037037037310e-01
-5.104538148148148879e-01
-5.101049259259259339e-01
-5.097560370370372018e-01
-5.094652962962962217e-01
-5.091745555555555747e-01
-5.087965925925925781e-01
-5.084186296296296925e-01
-5.080406666666666959e-01
-5.076917777777778529e-01
-5.072847407407408138e-01
-5.068195555555555787e-01
-5.063834444444444971e-01
-5.058891851851852195e-01
-5.054530740740741379e-01
-5.050169629629630563e-01
-5.044936296296297362e-01
-5.040575185185185436e-01
-5.035923333333334195e-01
-5.030108518518517924e-01
-5.025165925925927368e-01
-5.019641851851852632e-01
-5.014117777777777896e-01
-5.008593703703705380e-01
-5.002778888888890219e-01
-4.997254814814815482e-01
-4.991149259259259896e-01
-4.985043703703704310e-01
-4.979228888888889148e-01
-4.973414074074075097e-01
-4.967599259259259936e-01
-4.962075185185186310e-01
-4.956551111111111574e-01
-4.951027037037037948e-01
-4.946084444444445172e-01
-4.941141851851852396e-01
-4.936199259259260730e-01
-4.931838148148148804e-01
-4.927186296296296453e-01
-4.922825185185186747e-01
-4.918754814814815246e-01
-4.914684444444445965e-01
-4.911195555555555314e-01
-4.907706666666667994e-01
-4.904508518518518878e-01
-4.901601111111112408e-01
-4.898693703703703717e-01
-4.896367777777778096e-01
-4.894041851851852476e-01
-4.892006666666666170e-01
-4.890552962962964045e-01
-4.889099259259259700e-01
-4.888227037037037315e-01
-4.887354814814816040e-01
-4.886773333333334079e-01
-4.886191851851852119e-01
-4.885901111111111694e-01
-4.885610370370371269e-01
-4.885610370370371269e-01
-4.885610370370371269e-01
-4.885610370370371269e-01
-4.885610370370371269e-01
-4.885610370370371269e-01
-4.885610370370371269e-01
-4.885901111111111694e-01
-4.886482592592593655e-01
-4.887064074074075615e-01
-4.887354814814816040e-01
-4.887645555555556465e-01
-4.888227037037037315e-01
-4.888517777777778850e-01
-4.888808518518519275e-01
-4.888808518518519275e-01
-4.888808518518519275e-01
-4.889099259259259700e-01
-4.889099259259259700e-01
-4.889099259259259700e-01
-4.889099259259259700e-01
-4.889099259259259700e-01
-4.888808518518519275e-01
-4.888808518518519275e-01
-4.888517777777778850e-01
-4.888517777777778850e-01
-4.888227037037037315e-01
-4.887936296296296890e-01
-4.887645555555556465e-01
-4.887354814814816040e-01
-4.887354814814816040e-01
-4.887354814814816040e-01
-4.887064074074075615e-01
-4.887064074074075615e-01
-4.886773333333334079e-01
-4.886773333333334079e-01
-4.886191851851852119e-01
-4.886191851851852119e-01
-4.886191851851852119e-01
-4.885901111111111694e-01
-4.885901111111111694e-01
-4.885901111111111694e-01
-4.885610370370371269e-01
-4.885319629629630844e-01
-4.885319629629630844e-01
-4.885028888888890419e-01
-4.885028888888890419e-01
-4.884738148148147774e-01
-4.884447407407407349e-01
-4.884156666666666924e-01
-4.883865925925925389e-01
-4.883575185185184964e-01
-4.882993703703704114e-01
-4.882702962962963689e-01
-4.882412222222223264e-01
-4.882121481481481728e-01
-4.881830740740741303e-01
-4.881249259259259343e-01
-4.880667777777778493e-01
-4.880086296296297643e-01
-4.878923333333334833e-01
-4.878051111111112448e-01
-4.877469629629629377e-01
-4.876306666666666567e-01
-4.875434444444444182e-01
-4.874271481481482482e-01
-4.873108518518518562e-01
-4.871654814814815326e-01
-4.870491851851853626e-01
-4.869038148148148171e-01
-4.867584444444444935e-01
-4.865840000000001275e-01
-4.864386296296296930e-01
-4.862351111111110624e-01
-4.860315925925926539e-01
-4.858280740740741344e-01
-4.856536296296297683e-01
-4.854501111111110268e-01
-4.852756666666667718e-01
-4.850430740740740987e-01
-4.848395555555555791e-01
-4.846360370370370596e-01
-4.843452962962964126e-01
-4.841127037037037395e-01
-4.838801111111111775e-01
-4.836475185185186154e-01
-4.833858518518518999e-01
-4.830369629629630568e-01
-4.827752962962964522e-01
-4.824554814814815407e-01
-4.821356666666667401e-01
-4.817286296296297010e-01
-4.813797407407408580e-01
-4.810017777777777503e-01
-4.806528888888889073e-01
-4.803040000000000642e-01
-4.797806666666667441e-01
-4.793445555555555515e-01
-4.788793703703704274e-01
-4.784723333333333883e-01
-4.780071481481482643e-01
-4.775710370370370716e-01
-4.771640000000001436e-01
-4.766115925925925589e-01
-4.761754814814815884e-01
-4.756521481481482683e-01
-4.751869629629629221e-01
-4.747508518518519516e-01
-4.741984444444445890e-01
-4.737914074074074389e-01
-4.732971481481482723e-01
-4.728319629629630372e-01
-4.723667777777778021e-01
-4.717562222222222434e-01
-4.712038148148148808e-01
-4.705641851851852797e-01
-4.699536296296296101e-01
-4.693430740740741625e-01
-4.687034444444444503e-01
-4.680928888888888917e-01
-4.674823333333334441e-01
-4.669008518518519280e-01
-4.662612222222223268e-01
-4.657088148148148532e-01
-4.651273333333333371e-01
-4.646040000000001280e-01
-4.640515925925926544e-01
-4.634991851851852918e-01
-4.629467777777778181e-01
-4.623652962962964130e-01
-4.617838148148148969e-01
-4.612314074074075343e-01
-4.606499259259259071e-01
-4.600975185185185445e-01
-4.596032592592593780e-01
-4.591090000000001003e-01
-4.585856666666666692e-01
-4.580623333333334601e-01
-4.575390000000000290e-01
-4.570156666666667089e-01
-4.564923333333332778e-01
-4.559980740740742222e-01
-4.555038148148149446e-01
-4.550386296296295985e-01
-4.546025185185185169e-01
-4.541082592592593503e-01
-4.536140000000000727e-01
-4.532069629629630336e-01
-4.528290000000000370e-01
-4.524801111111111940e-01
-4.521312222222222399e-01
-4.517823333333333968e-01
-4.513752962962962467e-01
-4.509391851851852762e-01
-4.505902962962963221e-01
-4.502414074074074790e-01
-4.498925185185185249e-01
-4.495727037037037244e-01
-4.491947407407408388e-01
-4.488458518518518847e-01
-4.484388148148148456e-01
-4.481190000000000451e-01
-4.477701111111110910e-01
-4.473340000000001204e-01
-4.469851111111111663e-01
-4.466362222222222123e-01
-4.463164074074074117e-01
-4.459675185185185686e-01
-4.456477037037037681e-01
-4.452988148148149250e-01
-4.449499259259259709e-01
-4.445719629629629743e-01
-4.441940000000001998e-01
-4.437288148148148537e-01
-4.433508518518518571e-01
-4.430019629629630140e-01
-4.426530740740740599e-01
-4.422751111111111744e-01
-4.419262222222222203e-01
-4.415773333333333772e-01
-4.411702962962962271e-01
-4.407632592592592990e-01
-4.403271481481481064e-01
-4.399782592592593744e-01
-4.396002962962963778e-01
-4.391932592592593387e-01
-4.387862222222222996e-01
-4.384373333333334566e-01
-4.380884444444445025e-01
-4.377686296296297019e-01
-4.374197407407407479e-01
-4.370708518518520158e-01
-4.366928888888889082e-01
-4.363149259259260226e-01
-4.359951111111112221e-01
-4.356752962962964215e-01
-4.354136296296295949e-01
-4.350647407407407519e-01
-4.347740000000001048e-01
-4.344251111111111507e-01
-4.341343703703705037e-01
-4.338436296296296346e-01
-4.336110370370370726e-01
-4.334075185185185530e-01
-4.331749259259258800e-01
-4.330004814814815139e-01
-4.327969629629629944e-01
-4.326515925925926709e-01
-4.324771481481481938e-01
-4.323317777777777593e-01
-4.321573333333333933e-01
-4.320119629629630698e-01
-4.318956666666667887e-01
-4.317502962962962432e-01
-4.316630740740741157e-01
-4.315467777777777236e-01
-4.314595555555555961e-01
-4.313723333333333576e-01
-4.313141851851852726e-01
-4.312560370370371876e-01
-4.312269629629630341e-01
-4.311978888888889916e-01
-4.311978888888889916e-01
-4.311978888888889916e-01
-4.311978888888889916e-01
-4.311978888888889916e-01
-4.311978888888889916e-01
-4.311978888888889916e-01
-4.311978888888889916e-01
-4.311978888888889916e-01
-4.311978888888889916e-01
-4.311978888888889916e-01
-4.311978888888889916e-01
-4.311978888888889916e-01
-4.311978888888889916e-01
-4.311978888888889916e-01
-4.311978888888889916e-01
-4.311978888888889916e-01
-4.311978888888889916e-01
-4.311978888888889916e-01
-4.311688148148149491e-01
-4.311397407407407956e-01
-4.311397407407407956e-01
-4.311106666666667531e-01
-4.310815925925927106e-01
-4.310234444444444035e-01
-4.309943703703703610e-01
-4.309652962962963185e-01
-4.309362222222222760e-01
-4.309071481481481225e-01
-4.308780740740740800e-01
-4.308490000000000375e-01
-4.308199259259259950e-01
-4.307908518518519525e-01
-4.307617777777779100e-01
-4.307327037037037565e-01
-4.306454814814815180e-01
-4.306164074074074755e-01
-4.305582592592593905e-01
-4.305291851851852369e-01
-4.304710370370371519e-01
-4.304128888888890669e-01
-4.303838148148149134e-01
-4.302965925925925639e-01
-4.302384444444444789e-01
-4.301512222222222404e-01
-4.300930740740740443e-01
-4.299767777777778743e-01
-4.298604814814814823e-01
-4.297732592592593548e-01
-4.296569629629630738e-01
-4.295406666666666817e-01
-4.294243703703704007e-01
-4.292790000000000772e-01
-4.291336296296297537e-01
-4.289882592592593191e-01
-4.288428888888888846e-01
-4.286684444444445186e-01
-4.285230740740741950e-01
-4.283486296296297180e-01
-4.282032592592593945e-01
-4.280288148148149174e-01
-4.277962222222222444e-01
-4.276217777777778783e-01
-4.273891851851852053e-01
-4.271856666666667968e-01
-4.269530740740741237e-01
-4.266623333333333656e-01
-4.264297407407408036e-01
-4.260808518518519605e-01
-4.257901111111110914e-01
-4.254993703703704444e-01
-4.252086296296295753e-01
-4.248597407407407323e-01
-4.245980740740741277e-01
-4.243073333333333697e-01
-4.239875185185185691e-01
-4.236677037037037685e-01
-4.233188148148149255e-01
-4.230280740740740564e-01
-4.227082592592592558e-01
-4.223593703703704128e-01
-4.220395555555556122e-01
