angle_1,angle_2
-0.81509,1.91586
1.91586,-0.81535
-0.81535,1.91587
1.91587,-0.8156
-0.8156,1.91587
1.91587,-0.81585
-0.81585,1.91588
1.91588,-0.81611
-0.81611,1.91588
1.91588,-0.81636
-0.81636,1.91588
1.91588,-0.81662
-0.81662,1.91588
1.91588,-0.81687
-0.81687,1.91589
1.91589,-0.81713
-0.81713,1.91589
1.91589,-0.81738
-0.81738,1.91589
1.91589,-0.81764
-0.81764,1.9159
1.9159,-0.81789
-0.81789,1.9159
1.9159,-0.81814
-0.81814,1.9159
1.9159,-0.8184
-0.8184,1.9159
1.9159,-0.81865
-0.81865,1.91591
1.91591,-0.81891
-0.81891,1.91591
1.91591,-0.81916
-0.81916,1.91591
1.91591,-0.81941
-0.81941,1.91591
1.91591,-0.81967
-0.81967,1.91592
1.91592,-0.81992
-0.81992,1.91592
1.91592,-0.82018
-0.82018,1.91592
1.91592,-0.82043
-0.82043,1.91592
1.91592,-0.82068
-0.82068,1.91592
1.91592,-0.82094
-0.82094,1.91592
1.91592,-0.82119
-0.82119,1.91593
1.91593,-0.82144
-0.82144,1.91593
1.91593,-0.8217
-0.8217,1.91593
1.91593,-0.82195
-0.82195,1.91593
1.91593,-0.82221
-0.82221,1.91593
1.91593,-0.82246
-0.82246,1.91593
1.91593,-0.82271
-0.82271,1.91593
1.91593,-0.82297
-0.82297,1.91593
1.91593,-0.82322
-0.82322,1.91593
1.91593,-0.82347
-0.82347,1.91593
1.91593,-0.82373
-0.82373,1.91594
1.91594,-0.82398
-0.82398,1.91594
1.91594,-0.82423
-0.82423,1.91594
1.91594,-0.82449
-0.82449,1.91594
1.91594,-0.82474
-0.82474,1.91594
1.91594,-0.82499
-0.82499,1.91594
1.91594,-0.82525
-0.82525,1.91594
1.91594,-0.8255
-0.8255,1.91594
1.91594,-0.82575
-0.82575,1.91594
1.91594,-0.82601
-0.82601,1.91594
1.91594,-0.82626
-0.82626,1.91594
1.91594,-0.82651
-0.82651,1.91594
1.91594,-0.82677
-0.82677,1.91593
1.91593,-0.82702
-0.82702,1.91593
1.91593,-0.82727
-0.82727,1.91593
1.91593,-0.82752
-0.82752,1.91593
1.91593,-0.82778
-0.82778,1.91593
1.91593,-0.82803
-0.82803,1.91593
1.91593,-0.82828
-0.82828,1.91593
1.91593,-0.82854
-0.82854,1.91593
1.91593,-0.82879
-0.82879,1.91593
1.91593,-0.82904
-0.82904,1.91593
1.91593,-0.82929
-0.82929,1.91592
1.91592,-0.82955
-0.82955,1.91592
1.91592,-0.8298
-0.8298,1.91592
1.91592,-0.83005
-0.83005,1.91592
1.91592,-0.8303
-0.8303,1.91592
1.91592,-0.83056
-0.83056,1.91592
1.91592,-0.83081
-0.83081,1.91591
1.91591,-0.83106
-0.83106,1.91591
1.91591,-0.83131
-0.83131,1.91591
1.91591,-0.83157
-0.83157,1.91591
1.91591,-0.83182
-0.83182,1.9159
1.9159,-0.83207
-0.83207,1.9159
1.9159,-0.83232
-0.83232,1.9159
1.9159,-0.83258
-0.83258,1.9159
1.9159,-0.83283
-0.83283,1.91589
1.91589,-0.83308
-0.83308,1.91589
1.91589,-0.83333
-0.83333,1.91589
1.91589,-0.83358
-0.83358,1.91589
1.91589,-0.83384
-0.83384,1.91588
1.91588,-0.83409
-0.83409,1.91588
1.91588,-0.83434
-0.83434,1.91588
1.91588,-0.83459
-0.83459,1.91587
1.91587,-0.83484
-0.83484,1.91587
1.91587,-0.8351
-0.8351,1.91586
1.91586,-0.83535
-0.83535,1.91586
1.91586,-0.8356
-0.8356,1.91586
1.91586,-0.83585
-0.83585,1.91585
1.91585,-0.8361
-0.8361,1.91585
1.91585,-0.83636
-0.83636,1.91585
1.91585,-0.83661
-0.83661,1.91584
1.91584,-0.83686
-0.83686,1.91584
1.91584,-0.83711
-0.83711,1.91583
1.91583,-0.83736
-0.83736,1.91583
1.91583,-0.83761
-0.83761,1.91582
1.91582,-0.83786
-0.83786,1.91582
1.91582,-0.83812
-0.83812,1.91581
1.91581,-0.83837
-0.83837,1.91581
1.91581,-0.83862
-0.83862,1.9158
1.9158,-0.83887
-0.83887,1.9158
1.9158,-0.83912
-0.83912,1.91579
1.91579,-0.83937
-0.83937,1.91579
1.91579,-0.83962
-0.83962,1.91578
1.91578,-0.83988
-0.83988,1.91578
1.91578,-0.84013
-0.84013,1.91577
1.91577,-0.84038
-0.84038,1.91577
1.91577,-0.84063
-0.84063,1.91576
1.91576,-0.84088
-0.84088,1.91576
1.91576,-0.84113
-0.84113,1.91575
1.91575,-0.84138
-0.84138,1.91574
1.91574,-0.84163
-0.84163,1.91574
1.91574,-0.84188
-0.84188,1.91573
1.91573,-0.84214
-0.84214,1.91573
1.91573,-0.84239
-0.84239,1.91572
1.91572,-0.84264
-0.84264,1.91571
1.91571,-0.84289
-0.84289,1.91571
1.91571,-0.84314
-0.84314,1.9157
1.9157,-0.84339
-0.84339,1.91569
1.91569,-0.84364
-0.84364,1.91569
1.91569,-0.84389
-0.84389,1.91568
1.91568,-0.84414
-0.84414,1.91567
1.91567,-0.84439
-0.84439,1.91567
1.91567,-0.84464
-0.84464,1.91566
1.91566,-0.84489
-0.84489,1.91565
1.91565,-0.84514
-0.84514,1.91564
1.91564,-0.84539
-0.84539,1.91564
1.91564,-0.84564
-0.84564,1.91563
1.91563,-0.84589
-0.84589,1.91562
1.91562,-0.84614
-0.84614,1.91561
1.91561,-0.8464
-0.8464,1.91561
1.91561,-0.84665
-0.84665,1.9156
1.9156,-0.8469
-0.8469,1.91559
1.91559,-0.84715
-0.84715,1.91558
1.91558,-0.8474
-0.8474,1.91558
1.91558,-0.84765
-0.84765,1.91557
1.91557,-0.8479
-0.8479,1.91556
1.91556,-0.84815
-0.84815,1.91555
1.91555,-0.8484
-0.8484,1.91554
1.91554,-0.84865
-0.84865,1.91553
1.91553,-0.8489
-0.8489,1.91552
1.91552,-0.84915
-0.84915,1.91552
1.91552,-0.8494
-0.8494,1.91551
1.91551,-0.84965
-0.84965,1.9155
1.9155,-0.8499
-0.8499,1.91549
1.91549,-0.85015
-0.85015,1.91548
1.91548,-0.85039
-0.85039,1.91547
1.91547,-0.85064
-0.85064,1.91546
1.91546,-0.85089
-0.85089,1.91545
1.91545,-0.85114
-0.85114,1.91544
1.91544,-0.85139
-0.85139,1.91543
1.91543,-0.85164
-0.85164,1.91542
1.91542,-0.85189
-0.85189,1.91541
1.91541,-0.85214
-0.85214,1.9154
1.9154,-0.85239
-0.85239,1.91539
1.91539,-0.85264
-0.85264,1.91538
1.91538,-0.85289
-0.85289,1.91537
1.91537,-0.85314
-0.85314,1.91536
1.91536,-0.85339
-0.85339,1.91535
1.91535,-0.85364
-0.85364,1.91534
1.91534,-0.85389
-0.85389,1.91533
1.91533,-0.85414
-0.85414,1.91532
1.91532,-0.85438
-0.85438,1.91531
1.91531,-0.85463
-0.85463,1.9153
1.9153,-0.85488
-0.85488,1.91529
1.91529,-0.85513
-0.85513,1.91528
1.91528,-0.85538
-0.85538,1.91527
1.91527,-0.85563
-0.85563,1.91525
1.91525,-0.85588
-0.85588,1.91524
1.91524,-0.85613
-0.85613,1.91523
1.91523,-0.85638
-0.85638,1.91522
1.91522,-0.85663
-0.85663,1.91521
1.91521,-0.85687
-0.85687,1.9152
1.9152,-0.85712
-0.85712,1.91519
1.91519,-0.85737
-0.85737,1.91517
1.91517,-0.85762
-0.85762,1.91516
1.91516,-0.85787
-0.85787,1.91515
1.91515,-0.85812
-0.85812,1.91514
1.91514,-0.85837
-0.85837,1.91513
1.91513,-0.85861
-0.85861,1.91511
1.91511,-0.85886
-0.85886,1.9151
1.9151,-0.85911
-0.85911,1.91509
1.91509,-0.85936
-0.85936,1.91508
1.91508,-0.85961
-0.85961,1.91506
1.91506,-0.85986
-0.85986,1.91505
1.91505,-0.8601
-0.8601,1.91504
1.91504,-0.86035
-0.86035,1.91502
1.91502,-0.8606
-0.8606,1.91501
1.91501,-0.86085
-0.86085,1.915
1.915,-0.8611
-0.8611,1.91499
1.91499,-0.86134
-0.86134,1.91497
1.91497,-0.86159
-0.86159,1.91496
1.91496,-0.86184
-0.86184,1.91495
1.91495,-0.86209
-0.86209,1.91493
1.91493,-0.86234
-0.86234,1.91492
1.91492,-0.86258
-0.86258,1.9149
1.9149,-0.86283
-0.86283,1.91489
1.91489,-0.86308
-0.86308,1.91488
1.91488,-0.86333
-0.86333,1.91486
1.91486,-0.86358
-0.86358,1.91485
1.91485,-0.86382
-0.86382,1.91483
1.91483,-0.86407
-0.86407,1.91482
1.91482,-0.86432
-0.86432,1.91481
1.91481,-0.86457
-0.86457,1.91479
1.91479,-0.86481
-0.86481,1.91478
1.91478,-0.86506
-0.86506,1.91476
1.91476,-0.86531
-0.86531,1.91475
1.91475,-0.86556
-0.86556,1.91473
1.91473,-0.8658
-0.8658,1.91472
1.91472,-0.86605
-0.86605,1.9147
1.9147,-0.8663
-0.8663,1.91469
1.91469,-0.86654
-0.86654,1.91467
1.91467,-0.86679
-0.86679,1.91466
1.91466,-0.86704
-0.86704,1.91464
1.91464,-0.86729
-0.86729,1.91463
1.91463,-0.86753
-0.86753,1.91461
1.91461,-0.86778
-0.86778,1.91459
1.91459,-0.86803
-0.86803,1.91458
1.91458,-0.86827
-0.86827,1.91456
1.91456,-0.86852
-0.86852,1.91455
1.91455,-0.86877
-0.86877,1.91453
1.91453,-0.86901
-0.86901,1.91451
1.91451,-0.86926
-0.86926,1.9145
1.9145,-0.86951
-0.86951,1.91448
1.91448,-0.86976
-0.86976,1.91446
1.91446,-0.87
-0.87,1.91445
1.91445,-0.87025
-0.87025,1.91443
1.91443,-0.87049
-0.87049,1.91441
1.91441,-0.87074
-0.87074,1.9144
1.9144,-0.87099
-0.87099,1.91438
1.91438,-0.87123
-0.87123,1.91436
1.91436,-0.87148
-0.87148,1.91435
1.91435,-0.87173
-0.87173,1.91433
1.91433,-0.87197
-0.87197,1.91431
1.91431,-0.87222
-0.87222,1.9143
1.9143,-0.87247
-0.87247,1.91428
1.91428,-0.87271
-0.87271,1.91426
1.91426,-0.87296
-0.87296,1.91424
1.91424,-0.8732
-0.8732,1.91422
1.91422,-0.87345
-0.87345,1.91421
1.91421,-0.8737
-0.8737,1.91419
1.91419,-0.87394
-0.87394,1.91417
1.91417,-0.87419
-0.87419,1.91415
1.91415,-0.87444
-0.87444,1.91413
1.91413,-0.87468
-0.87468,1.91412
1.91412,-0.87493
-0.87493,1.9141
1.9141,-0.87517
-0.87517,1.91408
1.91408,-0.87542
-0.87542,1.91406
1.91406,-0.87566
-0.87566,1.91404
1.91404,-0.87591
-0.87591,1.91402
1.91402,-0.87616
-0.87616,1.914
1.914,-0.8764
-0.8764,1.91399
1.91399,-0.87665
-0.87665,1.91397
1.91397,-0.87689
-0.87689,1.91395
1.91395,-0.87714
-0.87714,1.91393
1.91393,-0.87738
-0.87738,1.91391
1.91391,-0.87763
-0.87763,1.91389
1.91389,-0.87787
-0.87787,1.91387
1.91387,-0.87812
-0.87812,1.91385
1.91385,-0.87837
-0.87837,1.91383
1.91383,-0.87861
-0.87861,1.91381
1.91381,-0.87886
-0.87886,1.91379
1.91379,-0.8791
-0.8791,1.91377
1.91377,-0.87935
-0.87935,1.91375
1.91375,-0.87959
-0.87959,1.91373
1.91373,-0.87984
-0.87984,1.91371
1.91371,-0.88008
-0.88008,1.91369
1.91369,-0.88033
-0.88033,1.91367
1.91367,-0.88057
-0.88057,1.91365
1.91365,-0.88082
-0.88082,1.91363
1.91363,-0.88106
-0.88106,1.91361
1.91361,-0.88131
-0.88131,1.91359
1.91359,-0.88155
-0.88155,1.91357
1.91357,-0.8818
-0.8818,1.91355
1.91355,-0.88204
-0.88204,1.91352
1.91352,-0.88228
-0.88228,1.9135
1.9135,-0.88253
-0.88253,1.91348
1.91348,-0.88277
-0.88277,1.91346
1.91346,-0.88302
-0.88302,1.91344
1.91344,-0.88326
-0.88326,1.91342
1.91342,-0.88351
-0.88351,1.9134
1.9134,-0.88375
-0.88375,1.91337
1.91337,-0.884
-0.884,1.91335
1.91335,-0.88424
-0.88424,1.91333
1.91333,-0.88448
-0.88448,1.91331
1.91331,-0.88473
-0.88473,1.91329
1.91329,-0.88497
-0.88497,1.91326
1.91326,-0.88522
-0.88522,1.91324
1.91324,-0.88546
-0.88546,1.91322
1.91322,-0.88571
-0.88571,1.9132
1.9132,-0.88595
-0.88595,1.91318
1.91318,-0.88619
-0.88619,1.91315
1.91315,-0.88644
-0.88644,1.91313
1.91313,-0.88668
-0.88668,1.91311
1.91311,-0.88693
-0.88693,1.91308
1.91308,-0.88717
-0.88717,1.91306
1.91306,-0.88741
-0.88741,1.91304
1.91304,-0.88766
-0.88766,1.91302
1.91302,-0.8879
-0.8879,1.91299
1.91299,-0.88814
-0.88814,1.91297
1.91297,-0.88839
-0.88839,1.91294
1.91294,-0.88863
-0.88863,1.91292
1.91292,-0.88887
-0.88887,1.9129
1.9129,-0.88912
-0.88912,1.91287
1.91287,-0.88936
-0.88936,1.91285
1.91285,-0.88961
-0.88961,1.91283
1.91283,-0.88985
-0.88985,1.9128
1.9128,-0.89009
-0.89009,1.91278
1.91278,-0.89034
-0.89034,1.91275
1.91275,-0.89058
-0.89058,1.91273
1.91273,-0.89082
-0.89082,1.91271
1.91271,-0.89106
-0.89106,1.91268
1.91268,-0.89131
-0.89131,1.91266
1.91266,-0.89155
-0.89155,1.91263
1.91263,-0.89179
-0.89179,1.91261
1.91261,-0.89204
-0.89204,1.91258
1.91258,-0.89228
-0.89228,1.91256
1.91256,-0.89252
-0.89252,1.91253
1.91253,-0.89277
-0.89277,1.91251
1.91251,-0.89301
-0.89301,1.91248
1.91248,-0.89325
-0.89325,1.91246
1.91246,-0.89349
-0.89349,1.91243
1.91243,-0.89374
-0.89374,1.91241
1.91241,-0.89398
-0.89398,1.91238
1.91238,-0.89422
-0.89422,1.91235
1.91235,-0.89446
-0.89446,1.91233
1.91233,-0.89471
-0.89471,1.9123
1.9123,-0.89495
-0.89495,1.91228
1.91228,-0.89519
-0.89519,1.91225
1.91225,-0.89543
-0.89543,1.91222
1.91222,-0.89568
-0.89568,1.9122
1.9122,-0.89592
-0.89592,1.91217
1.91217,-0.89616
-0.89616,1.91215
1.91215,-0.8964
-0.8964,1.91212
1.91212,-0.89665
-0.89665,1.91209
1.91209,-0.89689
-0.89689,1.91207
1.91207,-0.89713
-0.89713,1.91204
1.91204,-0.89737
-0.89737,1.91201
1.91201,-0.89761
-0.89761,1.91199
1.91199,-0.89786
-0.89786,1.91196
1.91196,-0.8981
-0.8981,1.91193
1.91193,-0.89834
-0.89834,1.9119
1.9119,-0.89858
-0.89858,1.91188
1.91188,-0.89882
-0.89882,1.91185
1.91185,-0.89907
-0.89907,1.91182
1.91182,-0.89931
-0.89931,1.91179
1.91179,-0.89955
-0.89955,1.91177
1.91177,-0.89979
-0.89979,1.91174
1.91174,-0.90003
-0.90003,1.91171
1.91171,-0.90027
-0.90027,1.91168
1.91168,-0.90051
-0.90051,1.91165
1.91165,-0.90076
-0.90076,1.91163
1.91163,-0.901
-0.901,1.9116
1.9116,-0.90124
-0.90124,1.91157
1.91157,-0.90148
-0.90148,1.91154
1.91154,-0.90172
-0.90172,1.91151
1.91151,-0.90196
-0.90196,1.91148
1.91148,-0.9022
-0.9022,1.91146
1.91146,-0.90244
-0.90244,1.91143
1.91143,-0.90269
-0.90269,1.9114
1.9114,-0.90293
-0.90293,1.91137
1.91137,-0.90317
-0.90317,1.91134
1.91134,-0.90341
-0.90341,1.91131
1.91131,-0.90365
-0.90365,1.91128
1.91128,-0.90389
-0.90389,1.91125
1.91125,-0.90413
-0.90413,1.91122
1.91122,-0.90437
-0.90437,1.91119
1.91119,-0.90461
-0.90461,1.91116
1.91116,-0.90485
-0.90485,1.91113
1.91113,-0.90509
-0.90509,1.9111
1.9111,-0.90534
-0.90534,1.91107
1.91107,-0.90558
-0.90558,1.91104
1.91104,-0.90582
-0.90582,1.91101
1.91101,-0.90606
-0.90606,1.91098
1.91098,-0.9063
-0.9063,1.91095
1.91095,-0.90654
-0.90654,1.91092
1.91092,-0.90678
-0.90678,1.91089
1.91089,-0.90702
-0.90702,1.91086
1.91086,-0.90726
-0.90726,1.91083
1.91083,-0.9075
-0.9075,1.9108
1.9108,-0.90774
-0.90774,1.91077
1.91077,-0.90798
-0.90798,1.91074
1.91074,-0.90822
-0.90822,1.91071
1.91071,-0.90846
-0.90846,1.91068
1.91068,-0.9087
-0.9087,1.91065
1.91065,-0.90894
-0.90894,1.91061
1.91061,-0.90918
-0.90918,1.91058
1.91058,-0.90942
-0.90942,1.91055
1.91055,-0.90966
-0.90966,1.91052
1.91052,-0.9099
-0.9099,1.91049
1.91049,-0.91014
-0.91014,1.91046
1.91046,-0.91038
-0.91038,1.91043
1.91043,-0.91062
-0.91062,1.91039
1.91039,-0.91086
-0.91086,1.91036
1.91036,-0.9111
-0.9111,1.91033
1.91033,-0.91134
-0.91134,1.9103
1.9103,-0.91158
-0.91158,1.91026
1.91026,-0.91181
-0.91181,1.91023
1.91023,-0.91205
-0.91205,1.9102
1.9102,-0.91229
-0.91229,1.91017
1.91017,-0.91253
-0.91253,1.91013
1.91013,-0.91277
-0.91277,1.9101
1.9101,-0.91301
-0.91301,1.91007
1.91007,-0.91325
-0.91325,1.91004
1.91004,-0.91349
-0.91349,1.91
1.91,-0.91373
-0.91373,1.90997
1.90997,-0.91397
-0.91397,1.90994
1.90994,-0.91421
-0.91421,1.9099
1.9099,-0.91445
-0.91445,1.90987
1.90987,-0.91468
-0.91468,1.90984
1.90984,-0.91492
-0.91492,1.9098
1.9098,-0.91516
-0.91516,1.90977
1.90977,-0.9154
-0.9154,1.90974
1.90974,-0.91564
-0.91564,1.9097
1.9097,-0.91588
-0.91588,1.90967
1.90967,-0.91612
-0.91612,1.90963
1.90963,-0.91635
-0.91635,1.9096
1.9096,-0.91659
-0.91659,1.90957
1.90957,-0.91683
-0.91683,1.90953
1.90953,-0.91707
-0.91707,1.9095
1.9095,-0.91731
-0.91731,1.90946
1.90946,-0.91755
-0.91755,1.90943
1.90943,-0.91779
-0.91779,1.90939
1.90939,-0.91802
-0.91802,1.90936
1.90936,-0.91826
-0.91826,1.90932
1.90932,-0.9185
-0.9185,1.90929
1.90929,-0.91874
-0.91874,1.90925
1.90925,-0.91898
-0.91898,1.90922
1.90922,-0.91921
-0.91921,1.90918
1.90918,-0.91945
-0.91945,1.90915
1.90915,-0.91969
-0.91969,1.90911
1.90911,-0.91993
-0.91993,1.90908
1.90908,-0.92017
-0.92017,1.90904
1.90904,-0.9204
-0.9204,1.90901
1.90901,-0.92064
-0.92064,1.90897
1.90897,-0.92088
-0.92088,1.90893
1.90893,-0.92112
-0.92112,1.9089
1.9089,-0.92135
-0.92135,1.90886
1.90886,-0.92159
-0.92159,1.90883
1.90883,-0.92183
-0.92183,1.90879
1.90879,-0.92207
-0.92207,1.90875
1.90875,-0.9223
-0.9223,1.90872
1.90872,-0.92254
-0.92254,1.90868
1.90868,-0.92278
-0.92278,1.90864
1.90864,-0.92302
-0.92302,1.90861
1.90861,-0.92325
-0.92325,1.90857
1.90857,-0.92349
-0.92349,1.90853
1.90853,-0.92373
-0.92373,1.9085
1.9085,-0.92396
-0.92396,1.90846
1.90846,-0.9242
-0.9242,1.90842
1.90842,-0.92444
-0.92444,1.90838
1.90838,-0.92467
-0.92467,1.90835
1.90835,-0.92491
-0.92491,1.90831
1.90831,-0.92515
-0.92515,1.90827
1.90827,-0.92539
-0.92539,1.90823
1.90823,-0.92562
-0.92562,1.9082
1.9082,-0.92586
-0.92586,1.90816
1.90816,-0.9261
-0.9261,1.90812
1.90812,-0.92633
-0.92633,1.90808
1.90808,-0.92657
-0.92657,1.90805
1.90805,-0.9268
-0.9268,1.90801
1.90801,-0.92704
-0.92704,1.90797
1.90797,-0.92728
-0.92728,1.90793
1.90793,-0.92751
-0.92751,1.90789
1.90789,-0.92775
-0.92775,1.90785
1.90785,-0.92799
-0.92799,1.90781
1.90781,-0.92822
-0.92822,1.90778
1.90778,-0.92846
-0.92846,1.90774
1.90774,-0.9287
-0.9287,1.9077
1.9077,-0.92893
-0.92893,1.90766
1.90766,-0.92917
-0.92917,1.90762
1.90762,-0.9294
-0.9294,1.90758
1.90758,-0.92964
-0.92964,1.90754
1.90754,-0.92988
-0.92988,1.9075
1.9075,-0.93011
-0.93011,1.90746
1.90746,-0.93035
-0.93035,1.90742
1.90742,-0.93058
-0.93058,1.90738
1.90738,-0.93082
-0.93082,1.90734
1.90734,-0.93105
-0.93105,1.9073
1.9073,-0.93129
-0.93129,1.90726
1.90726,-0.93153
-0.93153,1.90722
1.90722,-0.93176
-0.93176,1.90718
1.90718,-0.932
-0.932,1.90714
1.90714,-0.93223
-0.93223,1.9071
1.9071,-0.93247
-0.93247,1.90706
1.90706,-0.9327
-0.9327,1.90702
1.90702,-0.93294
-0.93294,1.90698
1.90698,-0.93317
-0.93317,1.90694
1.90694,-0.93341
-0.93341,1.9069
1.9069,-0.93364
-0.93364,1.90686
1.90686,-0.93388
-0.93388,1.90682
1.90682,-0.93411
-0.93411,1.90678
1.90678,-0.93435
-0.93435,1.90674
1.90674,-0.93458
-0.93458,1.9067
1.9067,-0.93482
-0.93482,1.90665
1.90665,-0.93505
-0.93505,1.90661
1.90661,-0.93529
-0.93529,1.90657
1.90657,-0.93552
-0.93552,1.90653
1.90653,-0.93576
-0.93576,1.90649
1.90649,-0.93599
-0.93599,1.90645
1.90645,-0.93623
-0.93623,1.90641
1.90641,-0.93646
-0.93646,1.90636
1.90636,-0.9367
-0.9367,1.90632
1.90632,-0.93693
-0.93693,1.90628
1.90628,-0.93716
-0.93716,1.90624
1.90624,-0.9374
-0.9374,1.90619
1.90619,-0.93763
-0.93763,1.90615
1.90615,-0.93787
-0.93787,1.90611
1.90611,-0.9381
-0.9381,1.90607
1.90607,-0.93834
-0.93834,1.90602
1.90602,-0.93857
-0.93857,1.90598
1.90598,-0.9388
-0.9388,1.90594
1.90594,-0.93904
-0.93904,1.9059
1.9059,-0.93927
-0.93927,1.90585
1.90585,-0.93951
-0.93951,1.90581
1.90581,-0.93974
-0.93974,1.90577
1.90577,-0.93997
-0.93997,1.90572
1.90572,-0.94021
-0.94021,1.90568
1.90568,-0.94044
-0.94044,1.90564
1.90564,-0.94067
-0.94067,1.90559
1.90559,-0.94091
-0.94091,1.90555
1.90555,-0.94114
-0.94114,1.90551
1.90551,-0.94138
-0.94138,1.90546
1.90546,-0.94161
-0.94161,1.90542
1.90542,-0.94184
-0.94184,1.90537
1.90537,-0.94208
-0.94208,1.90533
1.90533,-0.94231
-0.94231,1.90529
1.90529,-0.94254
-0.94254,1.90524
1.90524,-0.94278
-0.94278,1.9052
1.9052,-0.94301
-0.94301,1.90515
1.90515,-0.94324
-0.94324,1.90511
1.90511,-0.94347
-0.94347,1.90506
1.90506,-0.94371
-0.94371,1.90502
1.90502,-0.94394
-0.94394,1.90497
1.90497,-0.94417
-0.94417,1.90493
1.90493,-0.94441
-0.94441,1.90488
1.90488,-0.94464
-0.94464,1.90484
1.90484,-0.94487
-0.94487,1.90479
1.90479,-0.9451
-0.9451,1.90475
1.90475,-0.94534
-0.94534,1.9047
1.9047,-0.94557
-0.94557,1.90466
1.90466,-0.9458
-0.9458,1.90461
1.90461,-0.94604
-0.94604,1.90457
1.90457,-0.94627
-0.94627,1.90452
1.90452,-0.9465
-0.9465,1.90447
1.90447,-0.94673
-0.94673,1.90443
1.90443,-0.94697
-0.94697,1.90438
1.90438,-0.9472
-0.9472,1.90434
1.90434,-0.94743
-0.94743,1.90429
1.90429,-0.94766
-0.94766,1.90424
1.90424,-0.94789
-0.94789,1.9042
1.9042,-0.94813
-0.94813,1.90415
1.90415,-0.94836
-0.94836,1.9041
1.9041,-0.94859
-0.94859,1.90406
1.90406,-0.94882
-0.94882,1.90401
1.90401,-0.94905
-0.94905,1.90396
1.90396,-0.94929
-0.94929,1.90392
1.90392,-0.94952
-0.94952,1.90387
1.90387,-0.94975
-0.94975,1.90382
1.90382,-0.94998
-0.94998,1.90378
1.90378,-0.95021
-0.95021,1.90373
1.90373,-0.95044
-0.95044,1.90368
1.90368,-0.95068
-0.95068,1.90363
1.90363,-0.95091
-0.95091,1.90359
1.90359,-0.95114
-0.95114,1.90354
1.90354,-0.95137
-0.95137,1.90349
1.90349,-0.9516
-0.9516,1.90344
1.90344,-0.95183
-0.95183,1.90339
1.90339,-0.95206
-0.95206,1.90335
1.90335,-0.9523
-0.9523,1.9033
1.9033,-0.95253
-0.95253,1.90325
1.90325,-0.95276
-0.95276,1.9032
1.9032,-0.95299
-0.95299,1.90315
1.90315,-0.95322
-0.95322,1.9031
1.9031,-0.95345
-0.95345,1.90306
1.90306,-0.95368
-0.95368,1.90301
1.90301,-0.95391
-0.95391,1.90296
1.90296,-0.95414
-0.95414,1.90291
1.90291,-0.95437
-0.95437,1.90286
1.90286,-0.9546
-0.9546,1.90281
1.90281,-0.95484
-0.95484,1.90276
1.90276,-0.95507
-0.95507,1.90271
1.90271,-0.9553
-0.9553,1.90266
1.90266,-0.95553
-0.95553,1.90261
1.90261,-0.95576
-0.95576,1.90256
1.90256,-0.95599
-0.95599,1.90252
1.90252,-0.95622
-0.95622,1.90247
1.90247,-0.95645
-0.95645,1.90242
1.90242,-0.95668
-0.95668,1.90237
1.90237,-0.95691
-0.95691,1.90232
1.90232,-0.95714
-0.95714,1.90227
1.90227,-0.95737
-0.95737,1.90222
1.90222,-0.9576
-0.9576,1.90217
1.90217,-0.95783
-0.95783,1.90212
1.90212,-0.95806
-0.95806,1.90206
1.90206,-0.95829
-0.95829,1.90201
1.90201,-0.95852
-0.95852,1.90196
1.90196,-0.95875
-0.95875,1.90191
1.90191,-0.95898
-0.95898,1.90186
1.90186,-0.95921
-0.95921,1.90181
1.90181,-0.95944
-0.95944,1.90176
1.90176,-0.95967
-0.95967,1.90171
1.90171,-0.9599
-0.9599,1.90166
1.90166,-0.96013
-0.96013,1.90161
1.90161,-0.96036
-0.96036,1.90156
1.90156,-0.96058
-0.96058,1.9015
1.9015,-0.96081
-0.96081,1.90145
1.90145,-0.96104
-0.96104,1.9014
1.9014,-0.96127
-0.96127,1.90135
1.90135,-0.9615
-0.9615,1.9013
1.9013,-0.96173
-0.96173,1.90125
1.90125,-0.96196
-0.96196,1.90119
1.90119,-0.96219
-0.96219,1.90114
1.90114,-0.96242
-0.96242,1.90109
1.90109,-0.96265
-0.96265,1.90104
1.90104,-0.96288
-0.96288,1.90099
1.90099,-0.9631
-0.9631,1.90093
1.90093,-0.96333
-0.96333,1.90088
1.90088,-0.96356
-0.96356,1.90083
1.90083,-0.96379
-0.96379,1.90077
1.90077,-0.96402
-0.96402,1.90072
1.90072,-0.96425
-0.96425,1.90067
1.90067,-0.96448
-0.96448,1.90062
1.90062,-0.9647
-0.9647,1.90056
1.90056,-0.96493
-0.96493,1.90051
1.90051,-0.96516
-0.96516,1.90046
1.90046,-0.96539
-0.96539,1.9004
1.9004,-0.96562
-0.96562,1.90035
1.90035,-0.96585
-0.96585,1.9003
1.9003,-0.96607
-0.96607,1.90024
1.90024,-0.9663
-0.9663,1.90019
1.90019,-0.96653
-0.96653,1.90014
1.90014,-0.96676
-0.96676,1.90008
1.90008,-0.96699
-0.96699,1.90003
1.90003,-0.96721
-0.96721,1.89997
1.89997,-0.96744
-0.96744,1.89992
1.89992,-0.96767
-0.96767,1.89987
1.89987,-0.9679
-0.9679,1.89981
1.89981,-0.96812
-0.96812,1.89976
1.89976,-0.96835
-0.96835,1.8997
1.8997,-0.96858
-0.96858,1.89965
1.89965,-0.96881
-0.96881,1.89959
1.89959,-0.96903
-0.96903,1.89954
1.89954,-0.96926
-0.96926,1.89948
1.89948,-0.96949
-0.96949,1.89943
1.89943,-0.96972
-0.96972,1.89937
1.89937,-0.96994
-0.96994,1.89932
1.89932,-0.97017
-0.97017,1.89926
1.89926,-0.9704
-0.9704,1.89921
1.89921,-0.97063
-0.97063,1.89915
1.89915,-0.97085
-0.97085,1.8991
1.8991,-0.97108
-0.97108,1.89904
1.89904,-0.97131
-0.97131,1.89898
1.89898,-0.97153
-0.97153,1.89893
1.89893,-0.97176
-0.97176,1.89887
1.89887,-0.97199
-0.97199,1.89882
1.89882,-0.97221
-0.97221,1.89876
1.89876,-0.97244
-0.97244,1.89871
1.89871,-0.97267
-0.97267,1.89865
1.89865,-0.97289
-0.97289,1.89859
1.89859,-0.97312
-0.97312,1.89854
1.89854,-0.97335
-0.97335,1.89848
1.89848,-0.97357
-0.97357,1.89842
1.89842,-0.9738
-0.9738,1.89837
1.89837,-0.97403
-0.97403,1.89831
1.89831,-0.97425
-0.97425,1.89825
1.89825,-0.97448
-0.97448,1.8982
1.8982,-0.9747
-0.9747,1.89814
1.89814,-0.97493
-0.97493,1.89808
1.89808,-0.97516
-0.97516,1.89802
1.89802,-0.97538
-0.97538,1.89797
1.89797,-0.97561
-0.97561,1.89791
1.89791,-0.97583
-0.97583,1.89785
1.89785,-0.97606
-0.97606,1.89779
1.89779,-0.97629
-0.97629,1.89774
1.89774,-0.97651
-0.97651,1.89768
1.89768,-0.97674
-0.97674,1.89762
1.89762,-0.97696
-0.97696,1.89756
1.89756,-0.97719
-0.97719,1.89751
1.89751,-0.97741
-0.97741,1.89745
1.89745,-0.97764
-0.97764,1.89739
1.89739,-0.97786
-0.97786,1.89733
1.89733,-0.97809
-0.97809,1.89727
1.89727,-0.97831
-0.97831,1.89721
1.89721,-0.97854
-0.97854,1.89715
1.89715,-0.97876
-0.97876,1.8971
1.8971,-0.97899
-0.97899,1.89704
1.89704,-0.97921
-0.97921,1.89698
1.89698,-0.97944
-0.97944,1.89692
1.89692,-0.97966
-0.97966,1.89686
1.89686,-0.97989
-0.97989,1.8968
1.8968,-0.98011
-0.98011,1.89674
1.89674,-0.98034
-0.98034,1.89668
1.89668,-0.98056
-0.98056,1.89662
1.89662,-0.98079
-0.98079,1.89656
1.89656,-0.98101
-0.98101,1.8965
1.8965,-0.98124
-0.98124,1.89644
1.89644,-0.98146
-0.98146,1.89638
1.89638,-0.98169
-0.98169,1.89632
1.89632,-0.98191
-0.98191,1.89626
1.89626,-0.98214
-0.98214,1.8962
1.8962,-0.98236
-0.98236,1.89614
1.89614,-0.98258
-0.98258,1.89608
1.89608,-0.98281
-0.98281,1.89602
1.89602,-0.98303
-0.98303,1.89596
1.89596,-0.98326
-0.98326,1.8959
1.8959,-0.98348
-0.98348,1.89584
1.89584,-0.9837
-0.9837,1.89578
1.89578,-0.98393
-0.98393,1.89572
1.89572,-0.98415
-0.98415,1.89566
1.89566,-0.98438
-0.98438,1.8956
1.8956,-0.9846
-0.9846,1.89554
1.89554,-0.98482
-0.98482,1.89548
1.89548,-0.98505
-0.98505,1.89542
1.89542,-0.98527
-0.98527,1.89535
1.89535,-0.98549
-0.98549,1.89529
1.89529,-0.98572
-0.98572,1.89523
1.89523,-0.98594
-0.98594,1.89517
1.89517,-0.98616
-0.98616,1.89511
1.89511,-0.98639
-0.98639,1.89505
1.89505,-0.98661
-0.98661,1.89498
1.89498,-0.98683
-0.98683,1.89492
1.89492,-0.98706
-0.98706,1.89486
1.89486,-0.98728
-0.98728,1.8948
1.8948,-0.9875
-0.9875,1.89474
1.89474,-0.98773
-0.98773,1.89467
1.89467,-0.98795
-0.98795,1.89461
1.89461,-0.98817
-0.98817,1.89455
1.89455,-0.9884
-0.9884,1.89449
1.89449,-0.98862
-0.98862,1.89442
1.89442,-0.98884
-0.98884,1.89436
1.89436,-0.98906
-0.98906,1.8943
1.8943,-0.98929
-0.98929,1.89424
1.89424,-0.98951
-0.98951,1.89417
1.89417,-0.98973
-0.98973,1.89411
1.89411,-0.98995
-0.98995,1.89405
1.89405,-0.99018
-0.99018,1.89398
1.89398,-0.9904
-0.9904,1.89392
1.89392,-0.99062
-0.99062,1.89386
1.89386,-0.99084
-0.99084,1.89379
1.89379,-0.99107
-0.99107,1.89373
1.89373,-0.99129
-0.99129,1.89366
1.89366,-0.99151
-0.99151,1.8936
1.8936,-0.99173
-0.99173,1.89354
1.89354,-0.99195
-0.99195,1.89347
1.89347,-0.99218
-0.99218,1.89341
1.89341,-0.9924
-0.9924,1.89334
1.89334,-0.99262
-0.99262,1.89328
1.89328,-0.99284
-0.99284,1.89322
1.89322,-0.99306
-0.99306,1.89315
1.89315,-0.99328
-0.99328,1.89309
1.89309,-0.99351
-0.99351,1.89302
1.89302,-0.99373
-0.99373,1.89296
1.89296,-0.99395
-0.99395,1.89289
1.89289,-0.99417
-0.99417,1.89283
1.89283,-0.99439
-0.99439,1.89276
1.89276,-0.99461
-0.99461,1.8927
1.8927,-0.99483
-0.99483,1.89263
1.89263,-0.99505
-0.99505,1.89257
1.89257,-0.99528
-0.99528,1.8925
1.8925,-0.9955
-0.9955,1.89244
1.89244,-0.99572
-0.99572,1.89237
1.89237,-0.99594
-0.99594,1.89231
1.89231,-0.99616
-0.99616,1.89224
1.89224,-0.99638
-0.99638,1.89217
1.89217,-0.9966
-0.9966,1.89211
1.89211,-0.99682
-0.99682,1.89204
1.89204,-0.99704
-0.99704,1.89198
1.89198,-0.99726
-0.99726,1.89191
1.89191,-0.99748
-0.99748,1.89184
1.89184,-0.9977
-0.9977,1.89178
1.89178,-0.99792
-0.99792,1.89171
1.89171,-0.99814
-0.99814,1.89164
1.89164,-0.99837
-0.99837,1.89158
1.89158,-0.99859
-0.99859,1.89151
1.89151,-0.99881
-0.99881,1.89144
1.89144,-0.99903
-0.99903,1.89138
1.89138,-0.99925
-0.99925,1.89131
1.89131,-0.99947
-0.99947,1.89124
1.89124,-0.99969
-0.99969,1.89118
1.89118,-0.99991
-0.99991,1.89111
1.89111,-1.00013
-1.00013,1.89104
1.89104,-1.00035
-1.00035,1.89097
1.89097,-1.00057
-1.00057,1.89091
1.89091,-1.00079
-1.00079,1.89084
1.89084,-1.001
-1.001,1.89077
1.89077,-1.00122
-1.00122,1.8907
1.8907,-1.00144
-1.00144,1.89063
1.89063,-1.00166
-1.00166,1.89057
1.89057,-1.00188
-1.00188,1.8905
1.8905,-1.0021
-1.0021,1.89043
1.89043,-1.00232
-1.00232,1.89036
1.89036,-1.00254
-1.00254,1.89029
1.89029,-1.00276
-1.00276,1.89023
1.89023,-1.00298
-1.00298,1.89016
1.89016,-1.0032
-1.0032,1.89009
1.89009,-1.00342
-1.00342,1.89002
1.89002,-1.00364
-1.00364,1.88995
1.88995,-1.00385
-1.00385,1.88988
1.88988,-1.00407
-1.00407,1.88981
1.88981,-1.00429
-1.00429,1.88974
1.88974,-1.00451
-1.00451,1.88967
1.88967,-1.00473
-1.00473,1.8896
1.8896,-1.00495
-1.00495,1.88954
1.88954,-1.00517
-1.00517,1.88947
1.88947,-1.00539
-1.00539,1.8894
1.8894,-1.0056
-1.0056,1.88933
1.88933,-1.00582
-1.00582,1.88926
1.88926,-1.00604
-1.00604,1.88919
1.88919,-1.00626
-1.00626,1.88912
1.88912,-1.00648
-1.00648,1.88905
1.88905,-1.0067
-1.0067,1.88898
1.88898,-1.00691
-1.00691,1.88891
1.88891,-1.00713
-1.00713,1.88884
1.88884,-1.00735
-1.00735,1.88877
1.88877,-1.00757
-1.00757,1.8887
1.8887,-1.00779
-1.00779,1.88863
1.88863,-1.008
-1.008,1.88856
1.88856,-1.00822
-1.00822,1.88848
1.88848,-1.00844
-1.00844,1.88841
1.88841,-1.00866
-1.00866,1.88834
1.88834,-1.00887
-1.00887,1.88827
1.88827,-1.00909
-1.00909,1.8882
1.8882,-1.00931
-1.00931,1.88813
1.88813,-1.00953
-1.00953,1.88806
1.88806,-1.00974
-1.00974,1.88799
1.88799,-1.00996
-1.00996,1.88792
1.88792,-1.01018
-1.01018,1.88784
1.88784,-1.0104
-1.0104,1.88777
1.88777,-1.01061
-1.01061,1.8877
1.8877,-1.01083
-1.01083,1.88763
1.88763,-1.01105
-1.01105,1.88756
1.88756,-1.01126
-1.01126,1.88749
1.88749,-1.01148
-1.01148,1.88741
1.88741,-1.0117
-1.0117,1.88734
1.88734,-1.01191
-1.01191,1.88727
1.88727,-1.01213
-1.01213,1.8872
1.8872,-1.01235
-1.01235,1.88712
1.88712,-1.01256
-1.01256,1.88705
1.88705,-1.01278
-1.01278,1.88698
1.88698,-1.013
-1.013,1.88691
1.88691,-1.01321
-1.01321,1.88683
1.88683,-1.01343
-1.01343,1.88676
1.88676,-1.01365
-1.01365,1.88669
1.88669,-1.01386
-1.01386,1.88661
1.88661,-1.01408
-1.01408,1.88654
1.88654,-1.0143
-1.0143,1.88647
1.88647,-1.01451
-1.01451,1.8864
1.8864,-1.01473
-1.01473,1.88632
1.88632,-1.01494
-1.01494,1.88625
1.88625,-1.01516
-1.01516,1.88617
1.88617,-1.01538
-1.01538,1.8861
1.8861,-1.01559
-1.01559,1.88603
1.88603,-1.01581
-1.01581,1.88595
1.88595,-1.01602
-1.01602,1.88588
1.88588,-1.01624
-1.01624,1.88581
1.88581,-1.01645
-1.01645,1.88573
1.88573,-1.01667
-1.01667,1.88566
1.88566,-1.01688
-1.01688,1.88558
1.88558,-1.0171
-1.0171,1.88551
1.88551,-1.01732
-1.01732,1.88543
1.88543,-1.01753
-1.01753,1.88536
1.88536,-1.01775
-1.01775,1.88528
1.88528,-1.01796
-1.01796,1.88521
1.88521,-1.01818
-1.01818,1.88514
1.88514,-1.01839
-1.01839,1.88506
1.88506,-1.01861
-1.01861,1.88499
1.88499,-1.01882
-1.01882,1.88491
1.88491,-1.01904
-1.01904,1.88483
1.88483,-1.01925
-1.01925,1.88476
1.88476,-1.01947
-1.01947,1.88468
1.88468,-1.01968
-1.01968,1.88461
1.88461,-1.01989
-1.01989,1.88453
1.88453,-1.02011
-1.02011,1.88446
1.88446,-1.02032
-1.02032,1.88438
1.88438,-1.02054
-1.02054,1.88431
1.88431,-1.02075
-1.02075,1.88423
1.88423,-1.02097
-1.02097,1.88415
1.88415,-1.02118
-1.02118,1.88408
1.88408,-1.0214
-1.0214,1.884
1.884,-1.02161
-1.02161,1.88393
1.88393,-1.02182
-1.02182,1.88385
1.88385,-1.02204
-1.02204,1.88377
1.88377,-1.02225
-1.02225,1.8837
1.8837,-1.02247
-1.02247,1.88362
1.88362,-1.02268
-1.02268,1.88354
1.88354,-1.02289
-1.02289,1.88347
1.88347,-1.02311
-1.02311,1.88339
1.88339,-1.02332
-1.02332,1.88331
1.88331,-1.02353
-1.02353,1.88324
1.88324,-1.02375
-1.02375,1.88316
1.88316,-1.02396
-1.02396,1.88308
1.88308,-1.02417
-1.02417,1.883
1.883,-1.02439
-1.02439,1.88293
1.88293,-1.0246
-1.0246,1.88285
1.88285,-1.02481
-1.02481,1.88277
1.88277,-1.02503
-1.02503,1.88269
1.88269,-1.02524
-1.02524,1.88262
1.88262,-1.02545
-1.02545,1.88254
1.88254,-1.02567
-1.02567,1.88246
1.88246,-1.02588
-1.02588,1.88238
1.88238,-1.02609
-1.02609,1.8823
1.8823,-1.02631
-1.02631,1.88223
1.88223,-1.02652
-1.02652,1.88215
1.88215,-1.02673
-1.02673,1.88207
1.88207,-1.02694
-1.02694,1.88199
1.88199,-1.02716
-1.02716,1.88191
1.88191,-1.02737
-1.02737,1.88183
1.88183,-1.02758
-1.02758,1.88175
1.88175,-1.02779
-1.02779,1.88167
1.88167,-1.02801
-1.02801,1.8816
1.8816,-1.02822
-1.02822,1.88152
1.88152,-1.02843
-1.02843,1.88144
1.88144,-1.02864
-1.02864,1.88136
1.88136,-1.02886
-1.02886,1.88128
1.88128,-1.02907
-1.02907,1.8812
1.8812,-1.02928
-1.02928,1.88112
1.88112,-1.02949
-1.02949,1.88104
1.88104,-1.0297
-1.0297,1.88096
1.88096,-1.02992
-1.02992,1.88088
1.88088,-1.03013
-1.03013,1.8808
1.8808,-1.03034
-1.03034,1.88072
1.88072,-1.03055
-1.03055,1.88064
1.88064,-1.03076
-1.03076,1.88056
1.88056,-1.03097
-1.03097,1.88048
1.88048,-1.03119
-1.03119,1.8804
1.8804,-1.0314
-1.0314,1.88032
1.88032,-1.03161
-1.03161,1.88024
1.88024,-1.03182
-1.03182,1.88016
1.88016,-1.03203
-1.03203,1.88008
1.88008,-1.03224
-1.03224,1.88
1.88,-1.03245
-1.03245,1.87992
1.87992,-1.03266
-1.03266,1.87984
1.87984,-1.03287
-1.03287,1.87976
1.87976,-1.03309
-1.03309,1.87967
1.87967,-1.0333
-1.0333,1.87959
1.87959,-1.03351
-1.03351,1.87951
1.87951,-1.03372
-1.03372,1.87943
1.87943,-1.03393
-1.03393,1.87935
1.87935,-1.03414
-1.03414,1.87927
1.87927,-1.03435
-1.03435,1.87919
1.87919,-1.03456
-1.03456,1.8791
1.8791,-1.03477
-1.03477,1.87902
1.87902,-1.03498
-1.03498,1.87894
1.87894,-1.03519
-1.03519,1.87886
1.87886,-1.0354
-1.0354,1.87878
1.87878,-1.03561
-1.03561,1.87869
1.87869,-1.03582
-1.03582,1.87861
1.87861,-1.03603
-1.03603,1.87853
1.87853,-1.03624
-1.03624,1.87845
1.87845,-1.03645
-1.03645,1.87836
1.87836,-1.03666
-1.03666,1.87828
1.87828,-1.03687
-1.03687,1.8782
1.8782,-1.03708
-1.03708,1.87812
1.87812,-1.03729
-1.03729,1.87803
1.87803,-1.0375
-1.0375,1.87795
1.87795,-1.03771
-1.03771,1.87787
1.87787,-1.03792
-1.03792,1.87778
1.87778,-1.03813
-1.03813,1.8777
1.8777,-1.03834
-1.03834,1.87762
1.87762,-1.03855
-1.03855,1.87753
1.87753,-1.03876
-1.03876,1.87745
1.87745,-1.03897
-1.03897,1.87737
1.87737,-1.03918
-1.03918,1.87728
1.87728,-1.03939
-1.03939,1.8772
1.8772,-1.03959
-1.03959,1.87712
1.87712,-1.0398
-1.0398,1.87703
1.87703,-1.04001
-1.04001,1.87695
1.87695,-1.04022
-1.04022,1.87686
1.87686,-1.04043
-1.04043,1.87678
1.87678,-1.04064
-1.04064,1.8767
1.8767,-1.04085
-1.04085,1.87661
1.87661,-1.04106
-1.04106,1.87653
1.87653,-1.04126
-1.04126,1.87644
1.87644,-1.04147
-1.04147,1.87636
1.87636,-1.04168
-1.04168,1.87627
1.87627,-1.04189
-1.04189,1.87619
1.87619,-1.0421
-1.0421,1.8761
1.8761,-1.04231
-1.04231,1.87602
1.87602,-1.04251
-1.04251,1.87593
1.87593,-1.04272
-1.04272,1.87585
1.87585,-1.04293
-1.04293,1.87576
1.87576,-1.04314
-1.04314,1.87568
1.87568,-1.04335
-1.04335,1.87559
1.87559,-1.04355
-1.04355,1.87551
1.87551,-1.04376
-1.04376,1.87542
1.87542,-1.04397
-1.04397,1.87533
1.87533,-1.04418
-1.04418,1.87525
1.87525,-1.04439
-1.04439,1.87516
1.87516,-1.04459
-1.04459,1.87508
1.87508,-1.0448
-1.0448,1.87499
1.87499,-1.04501
-1.04501,1.8749
1.8749,-1.04522
-1.04522,1.87482
1.87482,-1.04542
-1.04542,1.87473
1.87473,-1.04563
-1.04563,1.87465
1.87465,-1.04584
-1.04584,1.87456
1.87456,-1.04604
-1.04604,1.87447
1.87447,-1.04625
-1.04625,1.87439
1.87439,-1.04646
-1.04646,1.8743
1.8743,-1.04667
-1.04667,1.87421
1.87421,-1.04687
-1.04687,1.87413
1.87413,-1.04708
-1.04708,1.87404
1.87404,-1.04729
-1.04729,1.87395
1.87395,-1.04749
-1.04749,1.87386
1.87386,-1.0477
-1.0477,1.87378
1.87378,-1.04791
-1.04791,1.87369
1.87369,-1.04811
-1.04811,1.8736
1.8736,-1.04832
-1.04832,1.87351
1.87351,-1.04853
-1.04853,1.87343
1.87343,-1.04873
-1.04873,1.87334
1.87334,-1.04894
-1.04894,1.87325
1.87325,-1.04914
-1.04914,1.87316
1.87316,-1.04935
-1.04935,1.87307
1.87307,-1.04956
-1.04956,1.87299
1.87299,-1.04976
-1.04976,1.8729
1.8729,-1.04997
-1.04997,1.87281
1.87281,-1.05017
-1.05017,1.87272
1.87272,-1.05038
-1.05038,1.87263
1.87263,-1.05059
-1.05059,1.87254
1.87254,-1.05079
-1.05079,1.87246
1.87246,-1.051
-1.051,1.87237
1.87237,-1.0512
-1.0512,1.87228
1.87228,-1.05141
-1.05141,1.87219
1.87219,-1.05161
-1.05161,1.8721
1.8721,-1.05182
-1.05182,1.87201
1.87201,-1.05202
-1.05202,1.87192
1.87192,-1.05223
-1.05223,1.87183
1.87183,-1.05244
-1.05244,1.87174
1.87174,-1.05264
-1.05264,1.87165
1.87165,-1.05285
-1.05285,1.87156
1.87156,-1.05305
-1.05305,1.87147
1.87147,-1.05326
-1.05326,1.87139
1.87139,-1.05346
-1.05346,1.8713
1.8713,-1.05367
-1.05367,1.87121
1.87121,-1.05387
-1.05387,1.87112
1.87112,-1.05407
-1.05407,1.87103
1.87103,-1.05428
-1.05428,1.87094
1.87094,-1.05448
-1.05448,1.87084
1.87084,-1.05469
-1.05469,1.87075
1.87075,-1.05489
-1.05489,1.87066
1.87066,-1.0551
-1.0551,1.87057
1.87057,-1.0553
-1.0553,1.87048
1.87048,-1.05551
-1.05551,1.87039
1.87039,-1.05571
-1.05571,1.8703
1.8703,-1.05591
-1.05591,1.87021
1.87021,-1.05612
-1.05612,1.87012
1.87012,-1.05632
-1.05632,1.87003
1.87003,-1.05653
-1.05653,1.86994
1.86994,-1.05673
-1.05673,1.86985
1.86985,-1.05693
-1.05693,1.86976
1.86976,-1.05714
-1.05714,1.86966
1.86966,-1.05734
-1.05734,1.86957
1.86957,-1.05754
-1.05754,1.86948
1.86948,-1.05775
-1.05775,1.86939
1.86939,-1.05795
-1.05795,1.8693
1.8693,-1.05816
-1.05816,1.86921
1.86921,-1.05836
-1.05836,1.86911
1.86911,-1.05856
-1.05856,1.86902
1.86902,-1.05877
-1.05877,1.86893
1.86893,-1.05897
-1.05897,1.86884
1.86884,-1.05917
-1.05917,1.86874
1.86874,-1.05937
-1.05937,1.86865
1.86865,-1.05958
-1.05958,1.86856
1.86856,-1.05978
-1.05978,1.86847
1.86847,-1.05998
-1.05998,1.86837
1.86837,-1.06019
-1.06019,1.86828
1.86828,-1.06039
-1.06039,1.86819
1.86819,-1.06059
-1.06059,1.8681
1.8681,-1.06079
-1.06079,1.868
1.868,-1.061
-1.061,1.86791
1.86791,-1.0612
-1.0612,1.86782
1.86782,-1.0614
-1.0614,1.86772
1.86772,-1.0616
-1.0616,1.86763
1.86763,-1.06181
-1.06181,1.86754
1.86754,-1.06201
-1.06201,1.86744
1.86744,-1.06221
-1.06221,1.86735
1.86735,-1.06241
-1.06241,1.86726
1.86726,-1.06262
-1.06262,1.86716
1.86716,-1.06282
-1.06282,1.86707
1.86707,-1.06302
-1.06302,1.86697
1.86697,-1.06322
-1.06322,1.86688
1.86688,-1.06342
-1.06342,1.86679
1.86679,-1.06362
-1.06362,1.86669
1.86669,-1.06383
-1.06383,1.8666
1.8666,-1.06403
-1.06403,1.8665
1.8665,-1.06423
-1.06423,1.86641
1.86641,-1.06443
-1.06443,1.86631
1.86631,-1.06463
-1.06463,1.86622
1.86622,-1.06483
-1.06483,1.86612
1.86612,-1.06503
-1.06503,1.86603
1.86603,-1.06524
-1.06524,1.86594
1.86594,-1.06544
-1.06544,1.86584
1.86584,-1.06564
-1.06564,1.86574
1.86574,-1.06584
-1.06584,1.86565
1.86565,-1.06604
-1.06604,1.86555
1.86555,-1.06624
-1.06624,1.86546
1.86546,-1.06644
-1.06644,1.86536
1.86536,-1.06664
-1.06664,1.86527
1.86527,-1.06684
-1.06684,1.86517
1.86517,-1.06704
-1.06704,1.86508
1.86508,-1.06724
-1.06724,1.86498
1.86498,-1.06745
-1.06745,1.86489
1.86489,-1.06765
-1.06765,1.86479
1.86479,-1.06785
-1.06785,1.86469
1.86469,-1.06805
-1.06805,1.8646
1.8646,-1.06825
-1.06825,1.8645
1.8645,-1.06845
-1.06845,1.8644
1.8644,-1.06865
-1.06865,1.86431
1.86431,-1.06885
-1.06885,1.86421
1.86421,-1.06905
-1.06905,1.86411
1.86411,-1.06925
-1.06925,1.86402
1.86402,-1.06945
-1.06945,1.86392
1.86392,-1.06965
-1.06965,1.86382
1.86382,-1.06985
-1.06985,1.86373
1.86373,-1.07005
-1.07005,1.86363
1.86363,-1.07025
-1.07025,1.86353
1.86353,-1.07045
-1.07045,1.86344
1.86344,-1.07064
-1.07064,1.86334
1.86334,-1.07084
-1.07084,1.86324
1.86324,-1.07104
-1.07104,1.86314
1.86314,-1.07124
-1.07124,1.86305
1.86305,-1.07144
-1.07144,1.86295
1.86295,-1.07164
-1.07164,1.86285
1.86285,-1.07184
-1.07184,1.86275
1.86275,-1.07204
-1.07204,1.86265
1.86265,-1.07224
-1.07224,1.86256
1.86256,-1.07244
-1.07244,1.86246
1.86246,-1.07264
-1.07264,1.86236
1.86236,-1.07283
-1.07283,1.86226
1.86226,-1.07303
-1.07303,1.86216
1.86216,-1.07323
-1.07323,1.86207
1.86207,-1.07343
-1.07343,1.86197
1.86197,-1.07363
-1.07363,1.86187
1.86187,-1.07383
-1.07383,1.86177
1.86177,-1.07403
-1.07403,1.86167
1.86167,-1.07422
-1.07422,1.86157
1.86157,-1.07442
-1.07442,1.86147
1.86147,-1.07462
-1.07462,1.86137
1.86137,-1.07482
-1.07482,1.86127
1.86127,-1.07502
-1.07502,1.86118
1.86118,-1.07521
-1.07521,1.86108
1.86108,-1.07541
-1.07541,1.86098
1.86098,-1.07561
-1.07561,1.86088
1.86088,-1.07581
-1.07581,1.86078
1.86078,-1.07601
-1.07601,1.86068
1.86068,-1.0762
-1.0762,1.86058
1.86058,-1.0764
-1.0764,1.86048
1.86048,-1.0766
-1.0766,1.86038
1.86038,-1.0768
-1.0768,1.86028
1.86028,-1.07699
-1.07699,1.86018
1.86018,-1.07719
-1.07719,1.86008
1.86008,-1.07739
-1.07739,1.85998
1.85998,-1.07759
-1.07759,1.85988
1.85988,-1.07778
-1.07778,1.85978
1.85978,-1.07798
-1.07798,1.85968
1.85968,-1.07818
-1.07818,1.85958
1.85958,-1.07837
-1.07837,1.85947
1.85947,-1.07857
-1.07857,1.85937
1.85937,-1.07877
-1.07877,1.85927
1.85927,-1.07896
-1.07896,1.85917
1.85917,-1.07916
-1.07916,1.85907
1.85907,-1.07936
-1.07936,1.85897
1.85897,-1.07955
-1.07955,1.85887
1.85887,-1.07975
-1.07975,1.85877
1.85877,-1.07995
-1.07995,1.85867
1.85867,-1.08014
-1.08014,1.85856
1.85856,-1.08034
-1.08034,1.85846
1.85846,-1.08054
-1.08054,1.85836
1.85836,-1.08073
-1.08073,1.85826
1.85826,-1.08093
-1.08093,1.85816
1.85816,-1.08112
-1.08112,1.85806
1.85806,-1.08132
-1.08132,1.85795
1.85795,-1.08152
-1.08152,1.85785
1.85785,-1.08171
-1.08171,1.85775
1.85775,-1.08191
-1.08191,1.85765
1.85765,-1.0821
-1.0821,1.85754
1.85754,-1.0823
-1.0823,1.85744
1.85744,-1.08249
-1.08249,1.85734
1.85734,-1.08269
-1.08269,1.85724
1.85724,-1.08289
-1.08289,1.85713
1.85713,-1.08308
-1.08308,1.85703
1.85703,-1.08328
-1.08328,1.85693
1.85693,-1.08347
-1.08347,1.85682
1.85682,-1.08367
-1.08367,1.85672
1.85672,-1.08386
-1.08386,1.85662
1.85662,-1.08406
-1.08406,1.85652
1.85652,-1.08425
-1.08425,1.85641
1.85641,-1.08445
-1.08445,1.85631
1.85631,-1.08464
-1.08464,1.8562
1.8562,-1.08484
-1.08484,1.8561
1.8561,-1.08503
-1.08503,1.856
1.856,-1.08523
-1.08523,1.85589
1.85589,-1.08542
-1.08542,1.85579
1.85579,-1.08561
-1.08561,1.85569
1.85569,-1.08581
-1.08581,1.85558
1.85558,-1.086
-1.086,1.85548
1.85548,-1.0862
-1.0862,1.85537
1.85537,-1.08639
-1.08639,1.85527
1.85527,-1.08659
-1.08659,1.85516
1.85516,-1.08678
-1.08678,1.85506
1.85506,-1.08697
-1.08697,1.85496
1.85496,-1.08717
-1.08717,1.85485
1.85485,-1.08736
-1.08736,1.85475
1.85475,-1.08756
-1.08756,1.85464
1.85464,-1.08775
-1.08775,1.85454
1.85454,-1.08794
-1.08794,1.85443
1.85443,-1.08814
-1.08814,1.85433
1.85433,-1.08833
-1.08833,1.85422
1.85422,-1.08852
-1.08852,1.85412
1.85412,-1.08872
-1.08872,1.85401
1.85401,-1.08891
-1.08891,1.8539
1.8539,-1.0891
-1.0891,1.8538
1.8538,-1.0893
-1.0893,1.85369
1.85369,-1.08949
-1.08949,1.85359
1.85359,-1.08968
-1.08968,1.85348
1.85348,-1.08988
-1.08988,1.85338
1.85338,-1.09007
-1.09007,1.85327
1.85327,-1.09026
-1.09026,1.85316
1.85316,-1.09046
-1.09046,1.85306
1.85306,-1.09065
-1.09065,1.85295
1.85295,-1.09084
-1.09084,1.85285
1.85285,-1.09103
-1.09103,1.85274
1.85274,-1.09123
-1.09123,1.85263
1.85263,-1.09142
-1.09142,1.85253
1.85253,-1.09161
-1.09161,1.85242
1.85242,-1.0918
-1.0918,1.85231
1.85231,-1.092
-1.092,1.85221
1.85221,-1.09219
-1.09219,1.8521
1.8521,-1.09238
-1.09238,1.85199
1.85199,-1.09257
-1.09257,1.85188
1.85188,-1.09276
-1.09276,1.85178
1.85178,-1.09296
-1.09296,1.85167
1.85167,-1.09315
-1.09315,1.85156
1.85156,-1.09334
-1.09334,1.85145
1.85145,-1.09353
-1.09353,1.85135
1.85135,-1.09372
-1.09372,1.85124
1.85124,-1.09391
-1.09391,1.85113
1.85113,-1.09411
-1.09411,1.85102
1.85102,-1.0943
-1.0943,1.85092
1.85092,-1.09449
-1.09449,1.85081
1.85081,-1.09468
-1.09468,1.8507
1.8507,-1.09487
-1.09487,1.85059
1.85059,-1.09506
-1.09506,1.85048
1.85048,-1.09525
-1.09525,1.85038
1.85038,-1.09545
-1.09545,1.85027
1.85027,-1.09564
-1.09564,1.85016
1.85016,-1.09583
-1.09583,1.85005
1.85005,-1.09602
-1.09602,1.84994
1.84994,-1.09621
-1.09621,1.84983
1.84983,-1.0964
-1.0964,1.84972
1.84972,-1.09659
-1.09659,1.84961
1.84961,-1.09678
-1.09678,1.84951
1.84951,-1.09697
-1.09697,1.8494
1.8494,-1.09716
-1.09716,1.84929
1.84929,-1.09735
-1.09735,1.84918
1.84918,-1.09754
-1.09754,1.84907
1.84907,-1.09773
-1.09773,1.84896
1.84896,-1.09792
-1.09792,1.84885
1.84885,-1.09811
-1.09811,1.84874
1.84874,-1.0983
-1.0983,1.84863
1.84863,-1.09849
-1.09849,1.84852
1.84852,-1.09868
-1.09868,1.84841
1.84841,-1.09887
-1.09887,1.8483
1.8483,-1.09906
-1.09906,1.84819
1.84819,-1.09925
-1.09925,1.84808
1.84808,-1.09944
-1.09944,1.84797
1.84797,-1.09963
-1.09963,1.84786
1.84786,-1.09982
-1.09982,1.84775
1.84775,-1.10001
-1.10001,1.84764
1.84764,-1.1002
-1.1002,1.84753
1.84753,-1.10039
-1.10039,1.84742
1.84742,-1.10058
-1.10058,1.84731
1.84731,-1.10077
-1.10077,1.8472
1.8472,-1.10096
-1.10096,1.84708
1.84708,-1.10115
-1.10115,1.84697
1.84697,-1.10134
-1.10134,1.84686
1.84686,-1.10153
-1.10153,1.84675
1.84675,-1.10171
-1.10171,1.84664
1.84664,-1.1019
-1.1019,1.84653
1.84653,-1.10209
-1.10209,1.84642
1.84642,-1.10228
-1.10228,1.84631
1.84631,-1.10247
-1.10247,1.84619
1.84619,-1.10266
-1.10266,1.84608
1.84608,-1.10285
-1.10285,1.84597
1.84597,-1.10303
-1.10303,1.84586
1.84586,-1.10322
-1.10322,1.84575
1.84575,-1.10341
-1.10341,1.84563
1.84563,-1.1036
-1.1036,1.84552
1.84552,-1.10379
-1.10379,1.84541
1.84541,-1.10397
-1.10397,1.8453
1.8453,-1.10416
-1.10416,1.84518
1.84518,-1.10435
-1.10435,1.84507
1.84507,-1.10454
-1.10454,1.84496
1.84496,-1.10473
-1.10473,1.84485
1.84485,-1.10491
-1.10491,1.84473
1.84473,-1.1051
-1.1051,1.84462
1.84462,-1.10529
-1.10529,1.84451
1.84451,-1.10548
-1.10548,1.8444
1.8444,-1.10566
-1.10566,1.84428
1.84428,-1.10585
-1.10585,1.84417
1.84417,-1.10604
-1.10604,1.84406
1.84406,-1.10623
-1.10623,1.84394
1.84394,-1.10641
-1.10641,1.84383
1.84383,-1.1066
-1.1066,1.84372
1.84372,-1.10679
-1.10679,1.8436
1.8436,-1.10697
-1.10697,1.84349
1.84349,-1.10716
-1.10716,1.84337
1.84337,-1.10735
-1.10735,1.84326
1.84326,-1.10753
-1.10753,1.84315
1.84315,-1.10772
-1.10772,1.84303
1.84303,-1.10791
-1.10791,1.84292
1.84292,-1.10809
-1.10809,1.8428
1.8428,-1.10828
-1.10828,1.84269
1.84269,-1.10847
-1.10847,1.84257
1.84257,-1.10865
-1.10865,1.84246
1.84246,-1.10884
-1.10884,1.84235
1.84235,-1.10903
-1.10903,1.84223
1.84223,-1.10921
-1.10921,1.84212
1.84212,-1.1094
-1.1094,1.842
1.842,-1.10958
-1.10958,1.84189
1.84189,-1.10977
-1.10977,1.84177
1.84177,-1.10996
-1.10996,1.84166
1.84166,-1.11014
-1.11014,1.84154
1.84154,-1.11033
-1.11033,1.84143
1.84143,-1.11051
-1.11051,1.84131
1.84131,-1.1107
-1.1107,1.84119
1.84119,-1.11088
-1.11088,1.84108
1.84108,-1.11107
-1.11107,1.84096
1.84096,-1.11126
-1.11126,1.84085
1.84085,-1.11144
-1.11144,1.84073
1.84073,-1.11163
-1.11163,1.84062
1.84062,-1.11181
-1.11181,1.8405
1.8405,-1.112
-1.112,1.84038
1.84038,-1.11218
-1.11218,1.84027
1.84027,-1.11237
-1.11237,1.84015
1.84015,-1.11255
-1.11255,1.84004
1.84004,-1.11274
-1.11274,1.83992
1.83992,-1.11292
-1.11292,1.8398
1.8398,-1.11311
-1.11311,1.83969
1.83969,-1.11329
-1.11329,1.83957
1.83957,-1.11347
-1.11347,1.83945
1.83945,-1.11366
-1.11366,1.83934
1.83934,-1.11384
-1.11384,1.83922
1.83922,-1.11403
-1.11403,1.8391
1.8391,-1.11421
-1.11421,1.83898
1.83898,-1.1144
-1.1144,1.83887
1.83887,-1.11458
-1.11458,1.83875
1.83875,-1.11476
-1.11476,1.83863
1.83863,-1.11495
-1.11495,1.83852
1.83852,-1.11513
-1.11513,1.8384
1.8384,-1.11532
-1.11532,1.83828
1.83828,-1.1155
-1.1155,1.83816
1.83816,-1.11568
-1.11568,1.83804
1.83804,-1.11587
-1.11587,1.83793
1.83793,-1.11605
-1.11605,1.83781
1.83781,-1.11623
-1.11623,1.83769
1.83769,-1.11642
-1.11642,1.83757
1.83757,-1.1166
-1.1166,1.83745
1.83745,-1.11678
-1.11678,1.83734
1.83734,-1.11697
-1.11697,1.83722
1.83722,-1.11715
-1.11715,1.8371
1.8371,-1.11733
-1.11733,1.83698
1.83698,-1.11752
-1.11752,1.83686
1.83686,-1.1177
-1.1177,1.83674
1.83674,-1.11788
-1.11788,1.83662
1.83662,-1.11807
-1.11807,1.83651
1.83651,-1.11825
-1.11825,1.83639
1.83639,-1.11843
-1.11843,1.83627
1.83627,-1.11861
-1.11861,1.83615
1.83615,-1.1188
-1.1188,1.83603
1.83603,-1.11898
-1.11898,1.83591
1.83591,-1.11916
-1.11916,1.83579
1.83579,-1.11934
-1.11934,1.83567
1.83567,-1.11953
-1.11953,1.83555
1.83555,-1.11971
-1.11971,1.83543
1.83543,-1.11989
-1.11989,1.83531
1.83531,-1.12007
-1.12007,1.83519
1.83519,-1.12025
-1.12025,1.83507
1.83507,-1.12044
-1.12044,1.83495
1.83495,-1.12062
-1.12062,1.83483
1.83483,-1.1208
-1.1208,1.83471
1.83471,-1.12098
-1.12098,1.83459
1.83459,-1.12116
-1.12116,1.83447
1.83447,-1.12134
-1.12134,1.83435
1.83435,-1.12153
-1.12153,1.83423
1.83423,-1.12171
-1.12171,1.83411
1.83411,-1.12189
-1.12189,1.83399
1.83399,-1.12207
-1.12207,1.83387
1.83387,-1.12225
-1.12225,1.83375
1.83375,-1.12243
-1.12243,1.83362
1.83362,-1.12261
-1.12261,1.8335
1.8335,-1.12279
-1.12279,1.83338
1.83338,-1.12298
-1.12298,1.83326
1.83326,-1.12316
-1.12316,1.83314
1.83314,-1.12334
-1.12334,1.83302
1.83302,-1.12352
-1.12352,1.8329
1.8329,-1.1237
-1.1237,1.83278
1.83278,-1.12388
-1.12388,1.83265
1.83265,-1.12406
-1.12406,1.83253
1.83253,-1.12424
-1.12424,1.83241
1.83241,-1.12442
-1.12442,1.83229
1.83229,-1.1246
-1.1246,1.83217
1.83217,-1.12478
-1.12478,1.83204
1.83204,-1.12496
-1.12496,1.83192
1.83192,-1.12514
-1.12514,1.8318
1.8318,-1.12532
-1.12532,1.83168
1.83168,-1.1255
-1.1255,1.83155
1.83155,-1.12568
-1.12568,1.83143
1.83143,-1.12586
-1.12586,1.83131
1.83131,-1.12604
-1.12604,1.83119
1.83119,-1.12622
-1.12622,1.83106
1.83106,-1.1264
-1.1264,1.83094
1.83094,-1.12658
-1.12658,1.83082
1.83082,-1.12676
-1.12676,1.8307
1.8307,-1.12694
-1.12694,1.83057
1.83057,-1.12712
-1.12712,1.83045
1.83045,-1.1273
-1.1273,1.83033
1.83033,-1.12748
-1.12748,1.8302
1.8302,-1.12766
-1.12766,1.83008
1.83008,-1.12783
-1.12783,1.82995
1.82995,-1.12801
-1.12801,1.82983
1.82983,-1.12819
-1.12819,1.82971
1.82971,-1.12837
-1.12837,1.82958
1.82958,-1.12855
-1.12855,1.82946
1.82946,-1.12873
-1.12873,1.82934
1.82934,-1.12891
-1.12891,1.82921
1.82921,-1.12909
-1.12909,1.82909
1.82909,-1.12926
-1.12926,1.82896
1.82896,-1.12944
-1.12944,1.82884
1.82884,-1.12962
-1.12962,1.82871
1.82871,-1.1298
-1.1298,1.82859
1.82859,-1.12998
-1.12998,1.82847
1.82847,-1.13016
-1.13016,1.82834
1.82834,-1.13033
-1.13033,1.82822
1.82822,-1.13051
-1.13051,1.82809
1.82809,-1.13069
-1.13069,1.82797
1.82797,-1.13087
-1.13087,1.82784
1.82784,-1.13104
-1.13104,1.82772
1.82772,-1.13122
-1.13122,1.82759
1.82759,-1.1314
-1.1314,1.82747
1.82747,-1.13158
-1.13158,1.82734
1.82734,-1.13175
-1.13175,1.82721
1.82721,-1.13193
-1.13193,1.82709
1.82709,-1.13211
-1.13211,1.82696
1.82696,-1.13229
-1.13229,1.82684
1.82684,-1.13246
-1.13246,1.82671
1.82671,-1.13264
-1.13264,1.82659
1.82659,-1.13282
-1.13282,1.82646
1.82646,-1.133
-1.133,1.82633
1.82633,-1.13317
-1.13317,1.82621
1.82621,-1.13335
-1.13335,1.82608
1.82608,-1.13353
-1.13353,1.82595
1.82595,-1.1337
-1.1337,1.82583
1.82583,-1.13388
-1.13388,1.8257
1.8257,-1.13406
-1.13406,1.82558
1.82558,-1.13423
-1.13423,1.82545
1.82545,-1.13441
-1.13441,1.82532
1.82532,-1.13459
-1.13459,1.8252
1.8252,-1.13476
-1.13476,1.82507
1.82507,-1.13494
-1.13494,1.82494
1.82494,-1.13511
-1.13511,1.82481
1.82481,-1.13529
-1.13529,1.82469
1.82469,-1.13547
-1.13547,1.82456
1.82456,-1.13564
-1.13564,1.82443
1.82443,-1.13582
-1.13582,1.8243
1.8243,-1.13599
-1.13599,1.82418
1.82418,-1.13617
-1.13617,1.82405
1.82405,-1.13634
-1.13634,1.82392
1.82392,-1.13652
-1.13652,1.82379
1.82379,-1.1367
-1.1367,1.82367
1.82367,-1.13687
-1.13687,1.82354
1.82354,-1.13705
-1.13705,1.82341
1.82341,-1.13722
-1.13722,1.82328
1.82328,-1.1374
-1.1374,1.82315
1.82315,-1.13757
-1.13757,1.82303
1.82303,-1.13775
-1.13775,1.8229
1.8229,-1.13792
-1.13792,1.82277
1.82277,-1.1381
-1.1381,1.82264
1.82264,-1.13827
-1.13827,1.82251
1.82251,-1.13845
-1.13845,1.82238
1.82238,-1.13862
-1.13862,1.82225
1.82225,-1.1388
-1.1388,1.82213
1.82213,-1.13897
-1.13897,1.822
1.822,-1.13915
-1.13915,1.82187
1.82187,-1.13932
-1.13932,1.82174
1.82174,-1.13949
-1.13949,1.82161
1.82161,-1.13967
-1.13967,1.82148
1.82148,-1.13984
-1.13984,1.82135
1.82135,-1.14002
-1.14002,1.82122
1.82122,-1.14019
-1.14019,1.82109
1.82109,-1.14036
-1.14036,1.82096
1.82096,-1.14054
-1.14054,1.82083
1.82083,-1.14071
-1.14071,1.8207
1.8207,-1.14089
-1.14089,1.82057
1.82057,-1.14106
-1.14106,1.82044
1.82044,-1.14123
-1.14123,1.82031
1.82031,-1.14141
-1.14141,1.82018
1.82018,-1.14158
-1.14158,1.82005
1.82005,-1.14175
-1.14175,1.81992
1.81992,-1.14193
-1.14193,1.81979
1.81979,-1.1421
-1.1421,1.81966
1.81966,-1.14227
-1.14227,1.81953
1.81953,-1.14245
-1.14245,1.8194
1.8194,-1.14262
-1.14262,1.81927
1.81927,-1.14279
-1.14279,1.81914
1.81914,-1.14297
-1.14297,1.81901
1.81901,-1.14314
