torque_1,torque_2
0.0875,0.04375
0.240625,-0.503125
0.196875,-0.48125
0.175,-0.503125
-0.2625,-0.48125
0.175,-0.503125
0.196875,-0.503125
0.153125,-0.6125
0.21875,-0.721875
0.196875,-0.678125
0.175,-0.678125
0.175,-0.678125
0.175,-0.65625
0.21875,-0.678125
0.21875,-0.74375
0.153125,-0.721875
0.196875,-0.74375
0.153125,-0.7875
0.196875,-0.721875
0.153125,-0.7875
0.21875,-0.809375
0.196875,-0.765625
0.153125,-0.765625
0.175,-0.7
0.196875,-0.809375
0.153125,-0.809375
0.196875,-0.7875
0.196875,-0.765625
0.196875,-0.83125
0.109375,-0.74375
0.196875,-0.2625
0.240625,-0.74375
0.175,-0.678125
0.153125,-0.74375
0.109375,-0.809375
0.175,-0.721875
0.0875,-0.940625
0.35,-0.74375
0.196875,-0.896875
0.153125,-0.74375
0.109375,-0.7875
0.0875,-0.678125
-0.196875,-0.940625
0.175,-0.7
0.175,-0.74375
-0.2625,-0.765625
0.21875,-1.00625
0.109375,-0.765625
0.196875,-0.765625
0.153125,-0.284375
0.21875,-0.7875
0.109375,-0.721875
-0.2625,-0.7
-0.284375,-0.721875
0.0875,-0.7875
0.109375,-0.765625
0.175,-0.765625
0.175,-0.765625
0.109375,-0.678125
0.13125,-0.765625
0.21875,-0.809375
0.196875,-0.765625
0.153125,-0.721875
0.21875,-0.678125
0.0875,-0.678125
0.0875,-0.74375
-0.2625,-0.940625
0.175,-0.678125
0.109375,-0.721875
-0.284375,-0.765625
0.21875,-0.765625
-0.2625,-0.74375
0.109375,-0.74375
0.0875,-0.590625
0.13125,-0.634375
0.175,-0.7
0.21875,-0.765625
-0.2625,-0.634375
0.196875,-0.721875
0.153125,-0.7
0.0875,-0.765625
0.21875,-0.7
0.196875,-0.765625
0.30625,-0.765625
0.153125,-0.7
0.175,-0.74375
0.0875,-0.765625
0.196875,-0.765625
-0.2625,-0.9625
0.175,-0.765625
0.13125,-0.765625
0.153125,-0.721875
-0.2625,-0.721875
0.175,-0.765625
-0.284375,-0.765625
-0.328125,-0.7875
-0.284375,-0.765625
0.175,-0.7
0.0875,-0.721875
-0.2625,-0.765625
-0.35,-0.74375
0.0875,-0.721875
-0.284375,-0.765625
0.153125,-0.765625
-0.2625,-0.74375
0.196875,-0.721875
0.175,-0.7875
-0.2625,-0.765625
0.021875,-0.721875
0.0875,-0.7
0.153125,-0.765625
0.109375,-0.765625
0.065625,-0.83125
0.21875,-0.765625
-0.2625,-0.765625
0.109375,-0.721875
-0.328125,-0.765625
0.153125,-0.765625
-0.328125,-0.7875
-0.35,-0.721875
0.109375,-0.83125
0.153125,-0.83125
-0.284375,-0.765625
0.109375,-0.765625
-0.284375,-0.765625
0.21875,-0.74375
-0.2625,-0.765625
0.196875,-0.765625
0.175,-0.6125
0.196875,-0.765625
0.109375,-0.765625
0.0875,-0.765625
0.0875,-0.721875
0.109375,-0.765625
0.109375,-0.765625
0.109375,-0.765625
-0.2625,-0.765625
0.21875,-0.765625
0.109375,-0.765625
0.109375,-0.83125
-0.284375,-0.765625
0.328125,-0.678125
0.21875,-0.809375
-0.2625,-0.721875
0.21875,-0.721875
-0.35,-0.765625
-0.21875,-0.765625
-0.35,-0.721875
-0.2625,-0.721875
-0.284375,-0.721875
-0.2625,-0.7875
0.175,-0.721875
0.153125,-0.7875
0.04375,-0.765625
0.196875,-0.765625
0.153125,-0.7875
-0.30625,-0.7875
-0.2625,-0.765625
-0.30625,-0.7875
-0.30625,-0.7875
-0.2625,-0.809375
0.109375,-0.765625
-0.2625,-0.809375
-0.21875,-0.721875
-0.240625,-0.809375
0.21875,-0.74375
-0.30625,-0.765625
0.21875,-0.765625
-0.415625,-0.765625
-0.459375,-0.765625
-0.35,-0.765625
-0.35,-0.765625
-0.35,-0.7875
-0.21875,-0.765625
-0.2625,-0.765625
-0.35,-0.765625
-0.30625,-0.765625
-0.2625,-0.7875
-0.2625,-0.765625
0.0875,-0.74375
0.109375,-0.7875
-0.35,-0.765625
-0.30625,-0.765625
0.153125,-0.765625
-0.2625,-0.896875
-0.35,-0.765625
-0.30625,-0.7875
-0.284375,-0.765625
-0.284375,-0.91875
-0.35,-0.765625
-0.30625,-0.765625
-0.21875,-0.765625
-0.39375,-0.765625
-0.30625,-0.678125
-0.2625,-0.875
-0.21875,-0.765625
-0.35,-0.809375
0.175,-0.765625
0.153125,-0.74375
-0.30625,-0.7875
-0.35,-0.809375
-0.2625,-0.765625
0.153125,-0.74375
0.0875,-0.721875
-0.284375,-0.74375
-0.2625,-0.7875
-0.39375,-0.809375
-0.39375,-0.765625
-0.590625,-0.765625
-0.503125,-0.896875
0.109375,-0.765625
-0.35,-0.765625
-0.56875,-0.721875
-0.48125,-0.765625
-0.415625,-0.765625
0.0875,-0.721875
-0.2625,-0.678125
0.153125,-0.765625
-0.328125,-0.765625
-0.39375,-0.7875
-0.525,-0.765625
0.175,-0.765625
-0.328125,-0.7875
-0.284375,-0.765625
-0.2625,-0.7875
-0.35,-0.7875
-0.284375,-0.721875
0.13125,-0.721875
0.04375,-0.853125
0.0875,-0.7
-0.30625,-0.7875
-0.525,-0.765625
-0.21875,-0.809375
0.0875,-0.7875
-0.284375,-0.721875
-0.328125,-0.7875
0.0875,-0.7875
-0.39375,-0.74375
-0.328125,-0.765625
-0.35,-0.765625
0.0875,-0.896875
0.175,-0.765625
-0.328125,-0.809375
-0.240625,-0.721875
-0.0875,-0.7875
0.21875,-0.765625
-0.48125,-0.765625
-0.284375,-0.765625
0.0875,-0.765625
0.13125,-0.7
-0.35,-0.809375
0.175,-0.7875
0.0875,-0.328125
-0.459375,-0.853125
-0.415625,-0.7875
-0.39375,-0.765625
-0.6125,-0.7875
0.153125,-0.765625
-0.284375,-0.74375
0.0875,-0.765625
-0.30625,-0.765625
0.175,-0.765625
0.13125,-0.74375
0.175,-0.721875
0.196875,-0.7875
0.175,-0.809375
0.240625,-0.765625
0.153125,-0.721875
-0.2625,-0.809375
0.284375,-0.765625
-0.30625,-0.7875
0.284375,-0.765625
-0.39375,-0.7875
0.153125,-0.765625
0.240625,-0.7875
0.13125,-0.7875
0.2625,-0.765625
-0.30625,-0.809375
-0.328125,-0.765625
0.175,-0.765625
0.021875,-0.74375
-0.284375,-0.721875
0.284375,-0.809375
-0.4375,-0.765625
0.21875,-0.83125
-0.35,-0.765625
0.21875,-0.7875
0.175,-0.765625
-0.35,-0.765625
0.153125,-0.765625
0.153125,-0.765625
0.04375,-0.765625
0.153125,-0.765625
-0.30625,-0.7875
0.153125,-0.765625
0.065625,-0.765625
-0.39375,-0.765625
0.153125,-0.765625
-0.21875,-0.765625
0.153125,-0.853125
-0.30625,-0.74375
0.153125,-0.7875
-0.39375,-0.809375
0.153125,-0.765625
0.284375,-0.74375
0.109375,-0.678125
0.284375,-0.74375
0.175,-0.765625
-0.35,-0.7875
-0.39375,-0.7875
0.0875,-0.765625
-0.328125,-0.853125
0.175,-0.765625
0.240625,-0.7875
-0.30625,-0.809375
-0.30625,-0.765625
-0.503125,-0.765625
-0.30625,-0.765625
-0.35,-0.721875
0.0875,-0.7875
-0.240625,-0.765625
-0.503125,-0.7875
-0.30625,-0.74375
-0.284375,-0.853125
0.0875,-0.7875
-0.30625,-0.809375
-0.284375,-0.7875
-0.56875,-0.765625
-0.2625,-0.765625
-0.4375,-0.765625
-0.175,-0.809375
-0.328125,-0.896875
0.35,-0.765625
-0.39375,-0.721875
-0.284375,-0.765625
-0.525,-0.853125
-0.525,-0.765625
-0.39375,-0.765625
-0.30625,-0.765625
-0.371875,-0.765625
0.153125,-0.765625
0.04375,-0.853125
-0.30625,-0.7875
0.153125,-0.721875
0.153125,-0.74375
-0.328125,-0.7
-0.240625,-0.7
0.153125,-0.7875
-0.35,-0.765625
-0.35,-0.678125
-0.284375,-0.875
-0.328125,-0.65625
-0.2625,-0.74375
-0.35,-0.765625
-0.2625,-0.765625
-0.35,-0.765625
0.175,-0.809375
-0.328125,-0.853125
-0.2625,-0.7875
-0.30625,-0.74375
-0.415625,-0.765625
-0.30625,-0.74375
-0.35,-0.765625
-0.13125,-0.765625
0.04375,-0.809375
-0.30625,-0.74375
-0.2625,-0.765625
-0.30625,-0.721875
-0.30625,-0.765625
-0.30625,-0.853125
-0.30625,-0.74375
-0.415625,-0.7875
-0.2625,-0.765625
-0.30625,-0.765625
-0.459375,-0.809375
-0.415625,-0.765625
-0.328125,-0.634375
-0.30625,-0.765625
-0.328125,-0.765625
-0.30625,-0.74375
-0.30625,-0.7875
-0.240625,-0.721875
0.021875,-0.721875
-0.196875,-0.7875
-0.30625,-0.765625
-0.48125,-0.74375
-0.4375,-0.74375
-0.240625,-0.765625
-0.6125,-0.7875
-0.30625,-0.765625
-0.30625,-0.7875
-0.39375,-0.809375
-0.284375,-0.765625
-0.415625,-0.765625
-0.2625,-0.7875
-0.30625,-0.83125
-0.415625,-0.765625
-0.415625,-0.7875
-0.6125,-0.765625
-0.48125,-0.765625
-0.459375,-0.7875
-0.35,-0.7875
-0.35,-0.853125
0.153125,-0.765625
-0.35,-0.809375
-0.39375,-0.765625
-0.284375,-0.765625
-0.371875,-0.721875
-0.48125,-0.853125
-0.39375,-0.765625
-0.30625,-0.74375
-0.2625,-0.765625
-0.30625,-0.809375
-0.2625,-0.765625
-0.284375,-0.7875
-0.30625,-0.74375
-0.30625,-0.853125
-0.371875,-0.765625
-0.2625,-0.809375
-0.35,-0.721875
-0.48125,-0.721875
-0.48125,-0.7875
-0.415625,-0.765625
-0.30625,-0.765625
-0.35,-0.765625
-0.415625,-0.765625
-0.56875,-0.765625
-0.35,-0.765625
-0.503125,-0.765625
-0.503125,-0.765625
-0.459375,-0.7875
-0.39375,-0.765625
-0.284375,-0.7875
-0.328125,-0.765625
-0.415625,-0.7875
-0.30625,-0.74375
-0.30625,-0.7875
-0.415625,-0.83125
-0.328125,-0.7875
-0.30625,-0.765625
-0.4375,-0.765625
-0.6125,-0.765625
-0.328125,-0.765625
-0.35,-0.7875
-0.30625,-0.30625
-0.415625,-0.765625
-0.328125,-0.765625
-0.284375,-0.74375
-0.284375,-0.7875
-0.328125,-0.7875
-0.415625,-0.765625
-0.30625,-0.765625
-0.2625,-0.765625
-0.503125,-0.83125
-0.459375,-0.809375
-0.371875,-0.809375
-0.30625,-0.940625
-0.328125,-0.721875
-0.415625,-0.809375
-0.284375,-0.896875
-0.503125,-0.765625
-0.35,-0.634375
-0.415625,-0.765625
-0.39375,-0.74375
-0.4375,-0.7875
-0.328125,-0.83125
-0.4375,-0.765625
-0.39375,-0.83125
-0.35,-0.809375
-0.35,-0.7875
-0.35,-0.809375
-0.35,-0.875
-0.35,-0.853125
-0.35,-0.896875
-0.4375,-0.83125
-0.35,-0.83125
-0.35,-0.7875
-0.284375,-0.765625
-0.328125,-0.765625
-0.39375,-0.809375
-0.2625,-0.765625
-0.35,-0.7875
-0.35,-0.809375
-0.415625,-0.7875
-0.240625,-0.853125
-0.30625,-0.809375
-0.371875,-0.809375
-0.35,-0.809375
-0.48125,-0.896875
-0.39375,-0.809375
-0.35,-0.91875
-0.459375,-0.7875
-0.35,-0.765625
-0.4375,-0.896875
-0.371875,-0.809375
-0.371875,-0.83125
-0.48125,-0.74375
-0.371875,-0.809375
-0.4375,-0.853125
-0.35,-0.74375
-0.415625,-0.83125
-0.4375,-0.853125
-0.371875,-0.809375
-0.39375,-0.853125
-0.35,-0.853125
-0.39375,-0.853125
-0.39375,-0.83125
-0.6125,-0.853125
-0.35,-0.896875
-0.371875,-0.940625
-0.39375,-0.809375
-0.48125,-0.809375
-0.415625,-0.83125
-0.39375,-0.809375
-0.371875,-0.875
-0.35,-0.765625
-0.4375,-0.83125
-0.35,-0.83125
-0.39375,-0.809375
-0.503125,-0.83125
-0.415625,-0.875
-0.415625,-0.765625
-0.503125,-0.7875
-0.4375,-0.809375
-0.4375,-0.765625
-0.35,-0.984375
-0.48125,-0.809375
-0.525,-0.83125
-0.4375,-0.853125
-0.6125,-0.875
-0.4375,-0.7875
-0.48125,-0.809375
-0.39375,-0.765625
-0.48125,-0.83125
-0.371875,-0.875
-0.525,-0.83125
-0.415625,-0.809375
-0.4375,-0.721875
-0.415625,-0.853125
-0.459375,-0.91875
-0.371875,-0.7875
-0.39375,-0.74375
-0.4375,-0.809375
-0.35,-0.809375
-0.503125,-0.74375
-0.459375,-0.74375
-0.39375,-0.74375
-0.35,-0.853125
-0.39375,-0.83125
-0.48125,-0.896875
-0.4375,-0.896875
-0.284375,-0.809375
-0.2625,-0.765625
-0.371875,-0.678125
-0.371875,-0.74375
-0.2625,-0.809375
-0.415625,-0.765625
-0.39375,-0.765625
-0.525,-0.809375
-0.39375,-0.875
-0.503125,-0.875
-0.525,-0.809375
-0.415625,-0.765625
-0.48125,-0.809375
-0.525,-0.83125
-0.503125,-0.74375
-0.634375,-0.74375
-0.634375,-0.853125
-0.590625,-0.853125
-0.590625,-0.853125
-0.74375,-0.809375
-0.503125,-0.83125
-0.678125,-0.7875
-0.4375,-0.809375
-0.39375,-0.83125
-0.678125,-0.83125
-0.4375,-0.809375
-0.48125,-0.83125
-0.525,-0.83125
-0.678125,-0.83125
-0.39375,-0.721875
-0.39375,-0.809375
-0.678125,-0.765625
-0.4375,-0.853125
-0.4375,-0.809375
-0.459375,-0.853125
-0.48125,-0.809375
-0.546875,-0.809375
-0.48125,-0.853125
-0.39375,-0.765625
-0.415625,-0.83125
-0.56875,-0.765625
-0.546875,-0.765625
-0.415625,-0.83125
-0.546875,-0.853125
-0.48125,-0.74375
-0.4375,-0.83125
-0.39375,-0.83125
-0.459375,-0.83125
-0.39375,-0.853125
-0.415625,-0.765625
-0.503125,-0.765625
-0.590625,-0.809375
-0.415625,-0.875
-0.525,-0.809375
-0.415625,-0.83125
-0.503125,-0.7875
-0.590625,-0.809375
-0.459375,-0.809375
-0.634375,-0.875
-0.56875,-0.765625
-0.678125,-0.83125
-0.503125,-0.83125
-0.525,-0.809375
-0.525,-0.83125
-0.39375,-0.809375
-0.503125,-0.809375
-0.546875,-0.74375
-0.415625,-0.83125
-0.48125,-0.765625
-0.634375,-0.765625
-0.503125,-0.83125
-0.415625,-0.83125
-0.39375,-0.83125
-0.503125,-0.83125
-0.415625,-0.809375
-0.56875,-0.83125
-0.48125,-0.83125
-0.459375,-0.853125
-0.503125,-0.74375
-0.503125,-0.83125
-0.503125,-0.765625
-0.56875,-0.809375
-0.809375,-0.83125
-0.634375,-0.809375
-0.525,-0.83125
-0.39375,-0.765625
-0.459375,-0.7875
-0.415625,-0.91875
-0.503125,-0.809375
-0.503125,-0.765625
-0.6125,-0.809375
-0.56875,-0.765625
-0.590625,-0.765625
-0.634375,-0.91875
-0.634375,-0.809375
-0.721875,-0.765625
-0.546875,-0.853125
-0.56875,-0.809375
-0.39375,-0.83125
-0.415625,-0.765625
-0.525,-0.809375
-0.546875,-0.809375
-0.503125,-0.83125
-0.6125,-0.83125
-0.525,-0.765625
-0.503125,-0.896875
-0.415625,-0.809375
-0.525,-0.83125
-0.525,-0.809375
-0.525,-0.7875
-0.65625,-0.74375
-0.56875,-0.721875
-0.56875,-0.83125
-0.56875,-0.7875
-0.74375,-0.65625
-0.56875,-0.809375
-0.503125,-0.853125
-0.6125,-0.83125
-0.48125,-0.853125
-0.525,-0.809375
-0.7875,-0.853125
-0.74375,-0.853125
-0.83125,-0.809375
-0.525,-0.809375
-0.6125,-0.83125
-0.590625,-0.853125
-0.525,-0.875
-0.74375,-0.875
-0.590625,-0.7875
-0.56875,-0.809375
-0.525,-0.853125
-0.56875,-0.83125
-0.525,-0.853125
-0.56875,-0.7875
-0.525,-0.896875
-0.765625,-0.765625
-0.83125,-0.984375
-0.525,-0.809375
-0.546875,-0.809375
-0.56875,-0.765625
-0.525,-0.809375
-0.7,-0.83125
-0.56875,-0.809375
-0.56875,-0.809375
-0.6125,-0.809375
-0.56875,-0.765625
-0.525,-0.721875
-0.634375,-0.853125
-0.56875,-0.809375
-0.56875,-0.809375
-0.74375,-0.83125
-0.56875,-0.853125
-0.56875,-0.853125
-0.590625,-0.809375
-0.56875,-0.7875
-0.7,-0.853125
-0.74375,-0.765625
-0.56875,-0.7875
-0.39375,-0.721875
-0.371875,-0.853125
-0.525,-0.83125
-0.56875,-0.896875
-0.525,-1.00625
-0.56875,-0.809375
-0.56875,-0.853125
-0.590625,-0.721875
-0.6125,-0.83125
-0.56875,-0.809375
-0.503125,-0.809375
-0.459375,-0.83125
-0.525,-0.809375
-0.56875,-0.765625
-0.6125,-0.809375
-0.634375,-0.809375
-0.634375,-0.765625
-0.809375,-0.809375
-0.634375,-0.83125
-0.809375,-0.721875
-0.6125,-0.765625
-0.56875,-0.83125
-0.525,-1.02812
-0.634375,-0.765625
-0.634375,-0.809375
-0.546875,-0.83125
-0.6125,-0.809375
-0.56875,-0.809375
-0.634375,-0.74375
-0.590625,-0.765625
-0.56875,-0.83125
-0.634375,-0.809375
-0.56875,-0.809375
-0.634375,-0.765625
-0.503125,-0.721875
-0.590625,-0.765625
-0.56875,-0.83125
-0.56875,-0.765625
-0.721875,-0.765625
-0.634375,-0.74375
-0.56875,-0.853125
-0.634375,-0.875
-0.56875,-0.74375
-0.634375,-0.765625
-0.56875,-0.809375
-0.590625,-0.809375
-0.634375,-0.765625
-0.590625,-0.765625
-0.6125,-0.83125
-0.634375,-0.853125
-0.6125,-0.809375
-0.56875,-0.765625
-0.7,-0.91875
-0.590625,-0.7875
-0.546875,-0.74375
-0.678125,-0.809375
-0.590625,-0.7875
-0.6125,-0.809375
-0.56875,-0.809375
-0.590625,-0.721875
-0.7,-0.809375
-0.65625,-0.765625
-0.6125,-0.83125
-0.678125,-0.809375
-0.634375,-0.765625
-0.56875,-0.809375
-0.6125,-0.7875
-0.7,-0.765625
-0.6125,-0.7875
-0.56875,-0.765625
-0.590625,-0.765625
-0.7,-0.853125
-0.6125,-0.853125
-0.590625,-0.7875
-0.6125,-0.74375
-0.56875,-0.765625
-0.7,-0.809375
-0.590625,-0.721875
-0.634375,-0.765625
-0.721875,-0.74375
-0.590625,-0.765625
-0.590625,-0.765625
-0.634375,-0.765625
-0.6125,-0.809375
-0.634375,-0.765625
-0.721875,-0.74375
-0.6125,-0.765625
-0.74375,-0.7875
-0.634375,-0.765625
-0.634375,-0.809375
-0.74375,-0.809375
-0.634375,-0.721875
-0.6125,-0.809375
-0.634375,-0.765625
-0.634375,-0.765625
-0.634375,-0.809375
-0.6125,-0.940625
-0.634375,-0.765625
-0.721875,-0.809375
-0.74375,-0.765625
-0.74375,-0.765625
-0.634375,-0.74375
-0.6125,-0.809375
-0.678125,-0.765625
-0.6125,-0.74375
-0.7,-0.765625
-0.634375,-0.7875
-0.634375,-0.765625
-0.634375,-0.83125
-0.634375,-0.721875
-0.634375,-0.83125
-0.65625,-0.809375
-0.634375,-0.7875
-0.634375,-0.74375
-0.634375,-0.765625
-0.7875,-0.83125
-0.74375,-0.984375
-0.74375,-0.809375
-0.634375,-0.809375
-0.634375,-0.91875
-0.634375,-0.765625
-0.634375,-0.74375
-0.678125,-0.809375
-0.678125,-0.83125
-0.7,-0.765625
-0.634375,-0.853125
-0.6125,-0.765625
-0.634375,-0.74375
-0.678125,-0.721875
-0.7875,-0.765625
-0.7,-0.765625
-0.678125,-0.765625
-0.634375,-0.809375
-0.7,-0.809375
-0.7,-0.7875
-0.7,-0.765625
-0.65625,-0.74375
-0.65625,-0.765625
-0.634375,-0.7875
-0.634375,-0.765625
-0.65625,-0.74375
-0.7875,-0.853125
-0.83125,-0.765625
-0.65625,-0.809375
-0.634375,-0.875
-0.65625,-0.7875
-0.65625,-0.7875
-0.74375,-0.7875
-0.7,-0.765625
-0.721875,-0.765625
-0.7875,-0.765625
-0.7875,-0.83125
-0.634375,-0.7875
-0.91875,-0.809375
-0.7,-0.74375
-0.721875,-0.765625
-0.65625,-0.765625
-0.65625,-0.765625
-0.56875,-0.765625
-0.7,-0.765625
-0.721875,-0.765625
-0.765625,-0.765625
-0.7875,-0.74375
-0.83125,-0.7875
-0.678125,-0.7875
-0.721875,-0.765625
-0.74375,-0.765625
-0.678125,-0.765625
-0.678125,-0.7
-0.678125,-0.809375
-0.678125,-0.809375
-0.7875,-0.765625
-0.74375,-0.765625
-0.7875,-0.765625
-0.74375,-0.765625
-0.721875,-0.765625
-0.765625,-0.7875
-0.678125,-0.7875
-0.721875,-0.809375
-0.721875,-0.809375
-0.7,-0.765625
-0.875,-0.765625
-0.65625,-0.765625
-0.678125,-0.765625
-0.7875,-0.765625
-0.74375,-0.765625
-0.74375,-0.74375
-0.74375,-0.765625
-0.7,-0.74375
-0.765625,-0.765625
-0.721875,-0.721875
-0.765625,-0.7875
-0.590625,-0.7875
-0.83125,-0.7875
-0.7,-0.7875
-0.721875,-0.74375
-0.6125,-0.765625
-0.678125,-0.83125
-0.721875,-0.765625
-0.7875,-0.7875
-0.7,-0.809375
-0.853125,-0.809375
-0.590625,-0.7875
-0.809375,-0.765625
-0.7,-1.00625
-0.7,-0.765625
-0.7875,-0.721875
-0.7,-0.809375
-0.875,-0.765625
-0.7,-0.74375
-0.7,-0.765625
-0.765625,-0.74375
-0.7875,-0.7
-0.7,-0.7875
-0.7875,-0.7875
-0.83125,-0.765625
-0.74375,-0.765625
-0.721875,-0.896875
-0.721875,-0.678125
-0.678125,-0.765625
-0.74375,-0.765625
-0.721875,-0.7
-0.74375,-0.721875
-0.875,-0.7875
-0.721875,-0.7875
-0.74375,-0.7875
-0.853125,-0.809375
-0.721875,-0.765625
-0.7,-0.7875
-0.74375,-0.809375
-0.7,-0.74375
-0.853125,-0.765625
-0.65625,-0.809375
-0.765625,-0.809375
-0.7,-0.765625
-0.83125,-0.875
-0.7875,-0.74375
-0.74375,-0.525
-0.721875,-0.765625
-0.896875,-0.765625
-0.853125,-0.765625
-0.765625,-0.765625
-0.83125,-0.765625
-0.765625,-0.765625
-0.853125,-0.7875
-0.678125,-0.7875
-0.765625,-0.7875
-0.74375,-0.765625
-0.74375,-0.765625
-0.74375,-0.984375
-0.809375,-0.765625
-0.74375,-0.809375
-0.83125,-0.765625
-0.74375,-0.7875
-0.7,-0.721875
-0.896875,-0.765625
-0.875,-0.7875
-0.634375,-0.765625
-0.7875,-0.875
-0.74375,-0.765625
-0.853125,-0.7875
-0.721875,-0.896875
-0.875,-0.765625
-0.765625,-0.765625
-0.875,-0.83125
-0.74375,-0.809375
-0.74375,-0.765625
-0.765625,-0.809375
-0.74375,-0.7875
-0.896875,-0.765625
-0.83125,-0.7875
-0.721875,-0.896875
-0.765625,-0.765625
-0.765625,-0.74375
-0.765625,-0.765625
-0.765625,-0.765625
-0.765625,-0.7875
-0.896875,-0.765625
-0.7875,-0.7
-0.809375,-0.765625
-0.809375,-0.765625
-0.765625,-0.765625
-0.7875,-0.74375
-0.7875,-0.809375
-0.65625,-0.74375
-0.809375,-0.765625
-0.875,-0.7
-0.65625,-0.74375
-0.896875,-0.765625
-0.74375,-0.765625
-0.896875,-0.721875
-0.765625,-0.765625
-0.721875,-0.765625
-0.765625,-0.74375
-0.546875,-0.765625
-0.6125,-0.74375
-0.765625,-0.9625
-0.765625,-0.765625
-0.765625,-0.721875
-0.7875,-0.765625
-0.853125,-0.765625
-0.765625,-0.765625
-0.7875,-0.678125
-0.765625,-0.678125
-0.7,-0.721875
-0.765625,-0.7875
-0.896875,-0.809375
-0.765625,-0.74375
-0.65625,-0.765625
-0.74375,-0.765625
-0.678125,-0.853125
-0.765625,-0.765625
-0.809375,-0.765625
-0.940625,-0.765625
-0.765625,-0.7
-0.7,-0.765625
-0.7875,-0.765625
-0.765625,-0.721875
-0.940625,-0.74375
-0.721875,-0.678125
-0.83125,-0.765625
-0.74375,-0.809375
-0.809375,-0.74375
-0.765625,-0.765625
-0.809375,-0.765625
-0.91875,-0.7
-0.83125,-0.74375
-0.7875,-0.7875
-0.853125,-0.721875
-0.765625,-0.721875
-0.721875,-0.74375
-0.875,-0.765625
-0.678125,-0.7875
-0.940625,-0.765625
-0.83125,-0.765625
-0.83125,-0.765625
-0.853125,-0.765625
-0.809375,-0.765625
-0.83125,-0.765625
-0.809375,-0.765625
-0.809375,-0.7875
-0.9625,-0.765625
-0.809375,-0.765625
-0.7875,-0.721875
-0.74375,-0.765625
-0.9625,-0.765625
-0.721875,-0.7875
-0.853125,-0.74375
-0.9625,-0.721875
-0.809375,-0.765625
-0.853125,-0.74375
-0.809375,-0.765625
-0.74375,-0.765625
-0.83125,-0.809375
-0.853125,-0.765625
-0.83125,-0.7875
-0.940625,-0.678125
-0.853125,-0.765625
-0.809375,-0.7875
-0.721875,-0.765625
-0.940625,-0.765625
-0.83125,-0.74375
-0.853125,-0.765625
-0.853125,-0.765625
-0.853125,-0.765625
-0.765625,-0.765625
-0.83125,-0.634375
-0.809375,-0.7
-0.7875,-0.7
-0.853125,-0.74375
-0.853125,-0.721875
-0.853125,-0.74375
-0.74375,-0.74375
-0.853125,-0.74375
-0.83125,-0.809375
-0.853125,-0.7
-0.853125,-0.83125
-0.83125,-0.74375
-0.853125,-0.765625
-0.765625,-0.74375
-0.853125,-0.765625
-0.853125,-0.9625
-0.853125,-0.74375
-0.9625,-0.74375
-0.765625,-0.809375
-0.853125,-0.74375
-0.896875,-0.74375
-0.896875,-0.721875
-0.91875,-0.74375
-0.765625,-0.721875
-0.91875,-0.7
-0.896875,-0.721875
-0.853125,-0.678125
-0.875,-0.83125
-0.91875,-0.7
-0.853125,-0.7
-0.853125,-0.74375
-0.91875,-0.721875
-0.809375,-0.721875
-0.984375,-0.721875
-0.9625,-0.721875
-0.7875,-0.590625
-0.809375,-0.590625
-0.7875,-0.721875
-0.765625,-0.74375
-0.853125,-0.721875
-0.896875,-0.74375
-0.7875,-0.721875
-0.809375,-0.721875
-0.896875,-0.721875
-0.809375,-0.721875
-0.83125,-0.74375
-0.896875,-0.74375
-0.83125,-0.721875
-0.853125,-0.721875
-0.91875,-0.74375
-0.91875,-0.721875
-0.940625,-0.74375
-0.91875,-0.721875
-0.91875,-0.74375
-0.91875,-0.765625
-1.00625,-0.74375
-0.896875,-0.6125
-1.02812,-0.678125
-1.05,-0.65625
-0.7875,-0.678125
-0.91875,-0.721875
-0.984375,-0.765625
-0.896875,-0.721875
-0.9625,-0.809375
-0.853125,-0.765625
-0.91875,-0.721875
-0.91875,-0.74375
-0.853125,-0.74375
-0.853125,-0.590625
-0.91875,-0.765625
-0.896875,-0.74375
-0.875,-0.634375
-0.91875,-0.7
-0.875,-0.74375
-0.896875,-0.765625
-1.02812,-0.721875
-0.896875,-0.765625
-1.02812,-0.765625
-0.896875,-0.7875
-0.9625,-0.721875
-0.91875,-0.809375
-0.91875,-0.74375
-0.984375,-0.721875
-0.91875,-0.74375
-0.91875,-0.721875
-0.984375,-0.74375
-0.940625,-0.74375
-0.896875,-0.765625
-0.91875,-0.74375
-0.91875,-0.678125
-0.91875,-0.74375
-1.00625,-0.74375
-1.02812,-0.721875
-0.896875,-0.721875
-0.91875,-0.721875
-0.91875,-0.721875
-0.91875,-0.721875
-0.853125,-0.74375
-1.00625,-0.7
-0.875,-0.6125
-0.875,-0.721875
-0.896875,-0.74375
-0.896875,-0.74375
-0.896875,-0.721875
-0.91875,-0.721875
-0.896875,-0.721875
-1.00625,-0.721875
-0.91875,-0.74375
-0.896875,-0.721875
-0.940625,-0.721875
-0.91875,-0.721875
-0.896875,-0.765625
-0.83125,-0.65625
-0.7875,-0.74375
-0.65625,-0.721875
-0.9625,-0.74375
-0.896875,-0.721875
-1.00625,-0.721875
-0.896875,-0.721875
-0.896875,-0.721875
-1.02812,-0.678125
-0.853125,-0.590625
-1.02812,-0.721875
-0.896875,-0.721875
-0.9625,-0.721875
-0.91875,-0.7875
-0.984375,-0.7875
-0.91875,-0.74375
-1.02812,-0.721875
-0.896875,-0.7
-1.02812,-0.7
-0.9625,-0.678125
-0.940625,-0.74375
-0.940625,-0.678125
-0.9625,-0.7
-0.940625,-0.721875
-0.984375,-0.721875
-0.984375,-0.721875
-0.984375,-0.678125
-1.05,-0.590625
-1.07187,-0.678125
-0.91875,-0.74375
-1.02812,-0.7
-0.9625,-0.74375
-0.9625,-0.721875
-0.984375,-0.634375
-0.9625,-0.721875
-0.984375,-0.721875
-1.00625,-0.721875
-0.984375,-0.74375
-0.91875,-0.74375
-0.940625,-0.721875
-1.05,-0.74375
-0.940625,-0.721875
-1.02812,-0.721875
-1.05,-0.721875
-0.91875,-0.721875
-0.984375,-0.721875
-0.91875,-0.721875
-1.00625,-0.721875
-0.9625,-0.678125
-1.00625,-0.721875
-0.940625,-0.7
-0.9625,-0.721875
-1.00625,-0.678125
-1.00625,-0.721875
-0.91875,-0.721875
-1.09375,-0.7
-1.00625,-0.546875
-1.00625,-0.74375
-1.05,-0.678125
-1.00625,-0.721875
-0.984375,-0.74375
-1.05,-0.678125
-0.984375,-0.721875
-0.984375,-0.721875
-1.00625,-0.721875
-1.05,-0.7
-0.940625,-0.7
-0.9625,-0.721875
-0.984375,-0.721875
-0.9625,-0.56875
-1.02812,-0.7
-0.940625,-0.7
-1.00625,-0.721875
-0.91875,-0.7
-0.984375,-0.721875
-1.09375,-0.721875
-1.00625,-0.678125
-1.09375,-0.74375
-0.984375,-0.7
-0.984375,-0.74375
-0.9625,-0.721875
-0.9625,-0.678125
-1.00625,-0.721875
-1.00625,-0.721875
-1.00625,-0.7
-0.9625,-0.634375
-1.20312,-0.721875
-0.9625,-0.7
-0.9625,-0.590625
-1.00625,-0.65625
-1.00625,-0.721875
-0.984375,-0.678125
-0.9625,-0.721875
-1.05,-0.74375
-0.9625,-0.721875
-0.984375,-0.7
-0.984375,-0.721875
-1.00625,-0.678125
-1.11563,-0.721875
-0.91875,-0.721875
-1.1375,-0.678125
-0.984375,-0.74375
-1.00625,-0.634375
-0.984375,-0.721875
-0.984375,-0.721875
-1.11563,-0.721875
-1.00625,-0.765625
-1.00625,-0.721875
-1.02812,-0.721875
-0.984375,-0.678125
-1.00625,-0.721875
-1.00625,-0.721875
-1.07187,-0.678125
-0.9625,-0.590625
-1.15938,-0.678125
-1.02812,-0.65625
-0.9625,-0.721875
-1.00625,-0.721875
-1.02812,-0.65625
-1.00625,-0.678125
-0.984375,-0.721875
-1.00625,-0.7
-0.984375,-0.721875
-1.00625,-0.721875
-1.02812,-0.7
-1.1375,-0.721875
-1.00625,-0.721875
-0.9625,-0.634375
-1.15938,-0.7
-1.00625,-0.7875
-1.07187,-0.678125
-1.00625,-0.678125
-1.09375,-0.721875
-1.00625,-0.721875
-1.11563,-0.765625
-0.9625,-0.7
-1.09375,-0.65625
-1.09375,-0.7
-1.07187,-0.65625
-1.07187,-0.678125
-1.18125,-0.634375
-1.05,-0.678125
-1.00625,-0.678125
-1.02812,-0.678125
-0.9625,-0.7
-0.984375,-0.678125
-1.07187,-0.65625
-1.15938,-0.7
-0.9625,-0.7
-1.07187,-0.196875
-0.984375,-0.7875
-1.15938,-0.678125
-1.00625,-0.678125
-1.11563,-0.678125
-1.00625,-0.74375
-1.15938,-0.721875
-0.984375,-0.678125
-1.18125,-0.721875
-1.00625,-0.590625
-1.09375,-0.7
-0.984375,-0.678125
-1.18125,-0.634375
-1.09375,-0.678125
-1.11563,-0.765625
-0.9625,-0.678125
-1.18125,-0.853125
-1.00625,-0.590625
-1.07187,-0.678125
-1.15938,-0.83125
-0.9625,-0.765625
-1.09375,-0.634375
-1.15938,-0.765625
-1.15938,-0.7
-0.984375,-0.7
-1.1375,-0.56875
-0.940625,-0.634375
-1.1375,-0.678125
-1.02812,-0.7875
-1.1375,-0.678125
-1.02812,-0.7
-1.07187,-0.74375
-1.07187,-0.503125
-1.02812,-0.7
-1.15938,-0.721875
-1.1375,-0.7
-1.09375,-0.7
-1.09375,-0.678125
-1.20312,-0.721875
-1.09375,-0.678125
-1.02812,-0.678125
-1.09375,-0.721875
-1.11563,-0.678125
-0.984375,-0.678125
-1.11563,-0.65625
-1.02812,-0.65625
-1.02812,-0.634375
-1.09375,-0.65625
-1.02812,-0.678125
-1.11563,-0.678125
-1.11563,-0.634375
-1.09375,-0.678125
-1.07187,-0.678125
-1.02812,-0.678125
-1.02812,-0.65625
-1.02812,-0.7
-1.02812,-0.678125
-1.18125,-0.678125
-1.07187,-0.65625
-1.09375,-0.678125
-1.07187,-0.721875
-1.20312,-0.65625
-1.09375,-0.678125
-1.15938,-0.765625
-1.07187,-0.678125
-1.20312,-0.634375
-1.1375,-0.678125
-1.11563,-0.678125
-1.11563,-0.65625
-1.09375,-0.74375
-1.07187,-0.65625
-1.20312,-0.65625
-1.00625,-0.678125
-1.18125,-0.634375
-1.24687,-0.65625
-1.11563,-0.590625
-0.9625,-0.678125
-1.00625,-0.678125
-1.00625,-0.678125
-1.09375,-0.65625
-1.05,-0.678125
-1.1375,-0.678125
-1.11563,-0.678125
-1.11563,-0.65625
-1.09375,-0.634375
-1.20312,-0.6125
-1.11563,-0.678125
-1.20312,-0.65625
-1.07187,-0.678125
-1.20312,-0.6125
-0.9625,-0.678125
-1.07187,-0.65625
-1.11563,-0.678125
-1.20312,-0.65625
-1.11563,-0.678125
-1.20312,-0.65625
-1.11563,-0.65625
-1.1375,-0.65625
-1.11563,-0.678125
-1.11563,-0.65625
-1.3125,-0.65625
-1.15938,-0.525
-1.09375,-0.678125
-1.11563,-0.634375
-1.09375,-0.65625
-1.11563,-0.65625
-1.1375,-0.678125
-1.1375,-0.678125
-1.11563,-0.65625
-1.07187,-0.6125
-1.20312,-0.634375
-1.07187,-0.678125
-1.20312,-0.678125
-1.1375,-0.678125
-1.1375,-0.590625
-1.20312,-0.678125
-1.1375,-0.678125
-1.1375,-0.678125
-1.20312,-0.678125
-1.15938,-0.678125
-1.11563,-0.678125
-0.940625,-0.634375
-1.1375,-0.65625
-1.18125,-0.678125
-1.11563,-0.678125
-1.20312,-0.546875
-1.1375,-0.678125
-1.20312,-0.74375
-1.15938,-0.65625
-1.29062,-0.74375
-0.875,-0.65625
-1.11563,-0.65625
-1.02812,-0.39375
-1.1375,-0.6125
-1.20312,-0.65625
-1.09375,-0.65625
-1.20312,-0.678125
-1.11563,-0.678125
-1.225,-0.678125
-1.20312,-0.678125
-1.09375,-0.678125
-1.33438,-0.678125
-1.20312,-0.65625
-1.11563,-0.678125
-0.875,-0.590625
-1.1375,-0.634375
-1.20312,-0.678125
-1.33438,-0.678125
-1.225,-0.7
-1.1375,-0.634375
-1.20312,-0.65625
-1.09375,-0.678125
-1.29062,-0.7
-1.1375,-0.65625
-1.20312,-0.678125
-1.29062,-0.634375
-1.20312,-0.65625
-1.11563,-0.65625
-1.20312,-0.546875
-0.809375,-0.65625
-1.24687,-0.65625
-1.11563,-0.65625
-1.18125,-0.634375
-1.20312,-0.65625
-1.20312,-0.634375
-1.20312,-0.6125
-1.18125,-0.678125
-1.18125,-0.634375
-1.18125,-0.721875
-1.3125,-0.765625
-1.20312,-0.634375
-1.24687,-0.765625
-1.11563,-0.634375
-1.20312,-0.678125
-1.09375,-0.678125
-1.11563,-0.65625
-1.26875,-0.678125
-1.24687,-0.65625
-1.42188,-0.678125
-1.20312,-0.634375
-1.35625,-0.74375
-1.11563,-0.6125
-1.3125,-0.634375
-1.11563,-0.634375
-1.33438,-0.503125
-1.15938,-0.6125
-1.15938,-0.65625
-1.3125,-0.590625
-1.20312,-0.634375
-1.15938,-0.65625
-1.50937,-0.6125
-1.15938,-0.634375
-1.225,-0.721875
-1.20312,-0.196875
-1.225,-0.678125
-1.225,-0.6125
-1.15938,-0.678125
-1.33438,-0.6125
-1.225,-0.546875
-1.225,-0.634375
-1.225,-0.678125
-1.18125,-0.634375
-1.24687,-0.7
-1.225,-0.634375
-1.24687,-0.678125
-1.225,-0.590625
-0.984375,-0.678125
-1.225,-0.634375
-1.33438,-0.678125
-1.1375,-0.6125
-1.15938,-0.634375
-1.37813,-0.7
-1.20312,-0.678125
-1.225,-0.6125
-1.1375,-0.65625
-1.35625,-0.590625
-1.3125,-0.6125
-1.33438,-0.634375
-1.35625,-0.590625
-1.33438,-0.590625
-1.225,-0.6125
-1.3125,-0.6125
-1.26875,-0.7
-1.3125,-0.65625
-0.809375,-0.7
-1.37813,-0.6125
-1.26875,-0.678125
-1.35625,-0.590625
-1.225,-0.678125
-1.26875,-0.678125
-1.225,-0.634375
-1.26875,-0.65625
-1.3125,-0.634375
-1.225,-0.634375
-1.24687,-0.65625
-1.15938,-0.65625
-1.4,-0.590625
-1.225,-0.65625
-1.24687,-0.678125
-1.15938,-0.65625
-1.24687,-0.6125
-1.26875,-0.634375
-1.37813,-0.678125
-1.15938,-0.678125
-1.37813,-0.634375
-1.3125,-0.6125
-1.50937,-0.678125
-1.26875,-0.634375
-1.20312,-0.6125
-1.225,-0.65625
-1.37813,-0.634375
-1.225,-0.6125
-1.26875,-0.48125
-1.225,-0.634375
-1.33438,-0.7
-1.225,-0.525
-1.35625,-0.634375
-1.225,-0.503125
-1.4,-0.6125
-1.29062,-0.6125
-1.3125,-0.7
-1.26875,-0.39375
-1.35625,-0.6125
-1.26875,-0.634375
-1.225,-0.65625
-1.26875,-0.634375
-1.37813,-0.634375
-1.26875,-0.65625
-1.225,-0.6125
-1.37813,-0.634375
-1.15938,-0.6125
-1.3125,-0.65625
-1.42188,-0.56875
-1.35625,-0.678125
-1.225,-0.6125
-1.37813,-0.65625
-1.26875,-0.6125
-1.37813,-0.590625
-1.24687,-0.6125
-1.37813,-0.6125
-1.18125,-0.634375
-1.24687,-0.65625
-1.225,-0.196875
-1.37813,-0.6125
-1.225,-0.634375
-1.37813,-0.65625
-1.26875,-0.6125
-1.37813,-0.678125
-1.26875,-0.634375
-1.37813,-0.65625
-1.26875,-0.6125
-1.33438,-0.65625
-1.29062,-0.634375
-1.35625,-0.65625
-1.26875,-0.590625
-1.37813,-0.503125
-1.26875,-0.6125
-1.42188,-0.6125
-1.29062,-0.634375
-1.225,-0.634375
-1.29062,-0.65625
-1.29062,-0.678125
-1.29062,-0.6125
-1.26875,-0.590625
-1.37813,-0.590625
-1.4,-0.6125
-1.35625,-0.6125
-1.26875,-0.590625
-1.37813,-0.634375
-1.3125,-0.634375
-1.37813,-0.65625
-1.225,-0.65625
-1.37813,-0.678125
-1.33438,-0.65625
-1.3125,-0.6125
-1.3125,-0.6125
-1.37813,-0.546875
-1.33438,-0.634375
-1.37813,-0.65625
-1.3125,-0.678125
-1.4,-0.634375
-1.3125,-0.503125
-1.37813,-0.65625
-1.3125,-0.7
-1.33438,-0.6125
-1.225,-0.6125
-1.55313,-0.65625
-1.225,-0.6125
-1.44375,-0.6125
-1.24687,-0.6125
-1.33438,-0.65625
-1.26875,-0.590625
-1.33438,-0.634375
-1.29062,-0.546875
-1.26875,-0.6125
-1.26875,-0.6125
-1.44375,-0.546875
-1.29062,-0.503125
-1.24687,-0.590625
-1.29062,-0.590625
-1.33438,-0.6125
-1.29062,-0.6125
-1.33438,-0.525
-1.33438,-0.721875
-1.3125,-0.503125
-1.33438,-0.503125
-1.3125,-0.590625
-1.3125,-0.459375
-1.35625,-0.590625
-1.33438,-0.590625
-1.37813,-0.6125
-1.26875,-0.6125
-1.37813,-0.6125
-1.53125,-0.590625
-1.37813,-0.6125
-1.3125,-0.6125
-1.42188,-0.56875
-1.18125,-0.634375
-1.26875,-0.546875
-1.46562,-0.590625
-1.33438,-0.590625
-1.3125,-0.590625
-1.33438,-0.6125
-1.29062,-0.503125
-1.42188,-0.6125
-1.33438,-0.634375
-1.3125,-0.6125
-1.29062,-0.6125
-1.4875,-0.6125
-1.33438,-0.525
-1.26875,-0.590625
-1.4,-0.546875
-1.3125,-0.6125
-1.26875,-0.7
-1.11563,-0.590625
-1.33438,-0.65625
-1.26875,-0.590625
-1.24687,-0.546875
-1.3125,-0.4375
-1.29062,-0.525
-1.26875,-0.546875
-1.3125,-0.546875
-1.42188,-0.546875
-1.35625,-0.56875
-1.29062,-0.525
-1.37813,-0.6125
-1.29062,-0.590625
-1.37813,-0.590625
-1.29062,-0.590625
-1.4,-0.525
-1.3125,-0.503125
-1.37813,-0.6125
-1.4,-0.590625
-1.42188,-0.503125
-1.3125,-0.503125
-1.575,-0.525
-1.29062,-0.590625
-1.37813,-0.590625
-1.29062,-0.546875
-1.37813,-0.503125
-1.29062,-0.525
-1.37813,-0.56875
-1.29062,-0.525
-1.3125,-0.525
-1.26875,-0.503125
-1.3125,-0.525
-1.3125,-0.525
-1.29062,-0.525
-1.24687,-0.525
-1.225,-0.48125
-1.20312,-0.74375
-1.15938,-0.546875
-1.26875,-0.48125
-1.20312,-0.525
-1.26875,-0.546875
-1.35625,-0.525
-1.33438,-0.6125
-1.33438,-0.48125
-1.4,-0.525
-1.29062,-0.503125
-1.37813,-0.525
-1.33438,-0.525
-1.33438,-0.590625
-1.33438,-0.525
-1.29062,-0.48125
-1.24687,-0.459375
-1.24687,-0.4375
-1.29062,-0.459375
-1.225,-0.4375
-1.50937,-0.4375
-0.809375,-0.4375
-1.29062,-0.459375
-1.26875,-0.415625
-1.26875,-0.4375
-1.24687,-0.415625
-1.24687,-0.415625
-1.15938,-0.4375
-1.20312,-0.4375
-1.18125,-0.459375
-1.225,-0.415625
-1.225,-0.39375
-1.18125,-0.371875
-1.29062,-0.39375
-1.3125,-0.39375
-1.225,-0.503125
-1.33438,-0.065625
-1.225,-0.371875
-1.24687,-0.04375
-1.15938,-0.39375
-1.24687,-0.2625
-1.1375,-0.39375
-1.20312,-0.39375
-1.225,-0.065625
-1.05,-0.04375
-1.15938,-0.04375
-1.09375,-0.39375
-1.26875,-0.04375
-0.83125,-0.065625
-1.09375,-0.39375
-1.20312,-0.415625
-1.15938,-0.415625
-1.1375,-0.503125
-1.00625,-0.371875
-1.24687,-0.371875
-1.02812,0
-1.26875,-0.0875
-1.00625,-0.371875
-1.4,-0.39375
-0.91875,-0.371875
-0.91875,-0.503125
-1.07187,-0.415625
-1.09375,-0.4375
-0.9625,-0.4375
-0.984375,-0.39375
-0.9625,-0.39375
-1.02812,-0.30625
-1.11563,-0.39375
-1.11563,-0.39375
-1.11563,-0.415625
-1.11563,-0.4375
-1.00625,-0.35
-1.00625,-0.39375
-1.02812,-0.328125
-1.225,0.13125
-1.1375,-0.371875
-1.02812,-0.39375
-1.05,-0.0875
-1.05,0.0875
-1.02812,-0.065625
-1.05,-0.0875
-0.940625,0.0875
-0.9625,-0.065625
-0.65625,-0.153125
-0.940625,-0.0875
-0.984375,-0.0875
-0.91875,-0.065625
-1.05,-0.109375
-1.09375,-0.0875
-0.984375,-0.328125
-1.02812,-0.328125
-0.896875,-0.328125
-1.11563,-0.0875
-1.00625,-0.328125
-0.896875,-0.0875
-0.9625,0.21875
-1.09375,-0.0875
-0.83125,0.21875
-0.853125,-0.0875
-0.9625,-0.109375
-0.875,0.240625
-1.02812,-0.0875
-0.91875,-0.328125
-1.11563,-0.0875
-1.09375,-0.328125
-0.7875,-0.0875
-0.940625,-0.021875
-0.984375,-0.0875
-0.875,0.0875
-0.896875,-0.0875
-0.765625,-0.35
-0.809375,0.109375
-0.853125,0.21875
-0.809375,0.153125
-0.91875,0.13125
-0.83125,0.175
-0.875,0.196875
-0.83125,0.153125
-0.83125,0.153125
-0.875,0.284375
-0.91875,0.13125
-0.940625,0.284375
-0.91875,0.153125
-0.91875,0.284375
-0.875,0.153125
-0.875,0.328125
-0.91875,-0.065625
-0.765625,0.328125
-0.765625,0.175
-0.7875,0
-0.721875,0.175
-0.7875,0.30625
-0.765625,0.175
-0.765625,0.153125
-0.7,-0.021875
-0.83125,-0.065625
-0.7875,0.35
-0.7,-0.04375
-0.7875,0.328125
-0.853125,-0.0875
-0.721875,0.39375
-0.721875,0.30625
-0.721875,0.153125
-0.7875,0.21875
-0.721875,0.371875
-0.74375,0.371875
-0.83125,0.240625
-0.590625,0.35
-0.83125,0.21875
-0.74375,-0.04375
-0.74375,-0.04375
-0.678125,0.240625
-0.678125,-0.0875
-0.721875,0.13125
-0.678125,0.328125
-0.7875,-0.065625
-0.6125,0.371875
-0.809375,0.21875
-0.65625,0.371875
-0.7875,0.2625
-0.721875,0.30625
-0.634375,-0.065625
-0.39375,-0.065625
-0.765625,0.2625
-0.809375,0.109375
-0.721875,0.2625
-0.809375,0.284375
-0.634375,0.371875
-0.875,0.503125
-0.6125,0
-0.809375,0.328125
-0.7,0.415625
-0.721875,0.30625
-0.74375,0.2625
-0.7,0.371875
-0.7875,0.21875
-0.7,0.30625
-0.678125,0.48125
-0.7875,0.328125
-0.678125,-0.021875
-0.678125,0.30625
-0.7875,0.30625
-0.765625,0.30625
-0.590625,-0.065625
-0.7,0.284375
-0.678125,0.459375
-0.765625,0.328125
-0.7,0.48125
-0.74375,0.328125
-0.678125,0.459375
-0.74375,0.30625
-0.7,0.30625
-0.65625,0.503125
-0.678125,0.35
-0.721875,0.328125
-0.546875,0.328125
-0.634375,0.35
-0.634375,0.371875
-0.65625,0.35
-0.678125,0.328125
-0.65625,0.39375
-0.65625,0.2625
-0.721875,0.371875
-0.65625,0.328125
-0.7,0.328125
-0.7,-0.021875
-0.634375,0.39375
-0.6125,0.35
-0.6125,0.30625
-0.634375,0.328125
-0.546875,0.328125
-0.6125,0.328125
-0.853125,0.21875
-0.634375,0.328125
-0.7875,0.2625
-0.56875,0.328125
-0.6125,0.35
-0.634375,0.30625
-0.65625,0.328125
-0.7,0.371875
-0.6125,0.415625
-0.7,0.21875
-0.65625,0.35
-0.6125,0.328125
-0.634375,0.371875
-0.6125,0.328125
-0.853125,0.328125
-0.634375,0.371875
-0.56875,0.35
-0.56875,0.546875
-0.546875,0.371875
-0.7,0.371875
-0.546875,0.371875
-0.6125,0.328125
-0.7875,0.39375
-0.678125,0.371875
-0.56875,0.371875
-0.7,0.371875
-0.678125,0.371875
-0.65625,0.328125
-0.6125,0.415625
-0.721875,0.371875
-0.634375,0.39375
-0.678125,0.371875
-0.65625,0.35
-0.65625,0.525
-0.678125,0.371875
-0.6125,0.371875
-0.91875,0.371875
-0.721875,0.371875
-0.875,0.328125
-0.546875,0.196875
-0.678125,0.371875
-0.678125,0.328125
-0.809375,0.371875
-0.83125,0.328125
-0.65625,0.39375
-0.678125,0.328125
-0.7,0.371875
-0.634375,0.371875
-0.48125,0.371875
-0.56875,0.109375
-0.678125,0.415625
-0.74375,0.328125
-0.7,0.39375
-0.65625,0.328125
-0.65625,0.328125
-0.634375,0.371875
-0.546875,0.546875
-0.74375,0.371875
-0.65625,0.35
-0.721875,0.415625
-0.7,0.328125
-0.91875,0.35
-0.634375,0.35
-0.678125,0.371875
-0.7,0.371875
-0.678125,0.371875
-0.721875,0.371875
-0.678125,0.371875
-0.74375,0.39375
-0.678125,0.371875
-0.853125,0.371875
-0.634375,0.39375
-0.678125,0.2625
-0.7,0.328125
-0.6125,0.371875
-0.74375,0.371875
-0.7,0.371875
-0.678125,0.371875
-0.678125,0.4375
-0.634375,0.371875
-0.678125,0.30625
-0.74375,0.371875
-0.546875,0.328125
-0.74375,0.371875
-0.7,0.371875
-0.721875,0.39375
-0.74375,0.371875
-0.7875,0.415625
-0.721875,0.371875
-0.721875,0.503125
-0.7875,0.30625
-0.74375,0.39375
-0.74375,0.39375
-0.765625,0.525
-0.721875,0.328125
-0.7,0.48125
-0.83125,0.328125
-0.678125,0.371875
-0.7875,0.4375
-0.65625,0.459375
-0.809375,0.328125
-0.721875,0.459375
-1.00625,0.30625
-0.7,0.459375
-0.74375,0.4375
-0.875,0.459375
-0.74375,0.328125
-0.240625,0.48125
-0.809375,0.30625
-0.678125,0.459375
-0.853125,0.328125
-0.634375,0.459375
-0.74375,0.35
-0.65625,0.459375
-0.809375,0.4375
-0.940625,0.459375
-0.74375,0.328125
-0.65625,0.48125
-0.74375,0.371875
-0.765625,0.459375
-0.721875,0.30625
-0.940625,0.4375
-0.83125,0.415625
-0.65625,0.48125
-0.875,0.328125
-0.721875,0.459375
-0.83125,0.39375
-0.83125,0.4375
-1.05,0.415625
-0.853125,0.503125
-1.00625,0.30625
-0.65625,0.459375
-0.721875,0.371875
-0.678125,0.459375
-0.875,0.415625
-0.7,0.48125
-0.809375,0.371875
-0.65625,0.48125
-0.809375,0.35
-0.65625,0.48125
-0.83125,0.328125
-0.7,0.459375
-0.721875,0.503125
-0.83125,0.371875
-0.7,0.459375
-0.74375,0.371875
-0.853125,0.459375
-0.91875,0.328125
-0.721875,0.415625
-0.74375,0.371875
-1.05,0.525
-0.91875,0.4375
-0.83125,0.503125
-0.875,0.371875
-0.4375,0.39375
-0.7875,0.328125
-0.83125,0.4375
-0.83125,0.371875
-0.765625,0.503125
-0.91875,0.328125
-0.853125,0.48125
-1.05,0.371875
-0.7,0.459375
-0.83125,0.371875
-0.7,0.48125
-0.83125,0.371875
-0.765625,0.74375
-0.809375,0.371875
-0.74375,0.503125
-0.74375,0.39375
-0.91875,0.48125
-0.809375,0.371875
-0.7,0.459375
-0.765625,0.328125
-0.7875,0.39375
-0.809375,0.4375
-0.65625,0.39375
-0.83125,0.415625
-0.984375,0.415625
-0.765625,0.371875
-0.875,0.371875
-0.853125,0.39375
-0.765625,0.415625
-0.83125,0.39375
-0.721875,0.415625
-0.7,0.415625
-0.30625,0.39375
-0.896875,0.503125
-0.83125,0.39375
-0.91875,0.459375
-0.875,0.371875
-0.7875,0.678125
-0.765625,0.415625
-0.765625,0.371875
-0.91875,0.48125
-1.18125,0.284375
-0.765625,0.503125
-0.809375,0.371875
-0.7,0.678125
-0.83125,0.328125
-0.765625,0.503125
-0.875,0.328125
-0.65625,0.371875
-0.83125,0.39375
-0.875,0.328125
-0.765625,0.65625
-0.74375,0.415625
-0.74375,0.371875
-0.7875,0.371875
-0.875,0.371875
-0.83125,0.4375
-0.83125,0.4375
-0.875,0.371875
-0.7,0.39375
-0.7875,0.48125
-0.875,0.371875
-0.83125,0.4375
-0.83125,0.4375
-0.83125,0.39375
-0.7,0.48125
-0.83125,0.4375
-0.875,0.39375
-0.83125,0.371875
-0.984375,0.415625
-0.39375,0.328125
-0.503125,0.371875
-0.83125,0.415625
-0.83125,0.415625
-0.7875,0.503125
-0.875,0.371875
-0.853125,0.503125
-0.809375,0.371875
-0.83125,0.48125
-0.875,0.39375
-1.05,0.48125
-0.875,0.4375
-0.7,0.503125
-0.875,0.371875
-0.83125,0.415625
-0.853125,0.4375
-0.83125,0.415625
-0.83125,0.4375
-0.853125,0.39375
-0.7,0.415625
-0.83125,0.415625
-0.721875,0.4375
-0.7875,0.371875
-0.83125,0.415625
-0.7875,0.415625
-0.765625,0.415625
-0.83125,0.415625
-0.7875,0.503125
-0.83125,0.415625
-0.721875,0.503125
-0.7875,0.415625
-0.7875,0.546875
-0.875,0.39375
-0.7,0.48125
-0.875,0.371875
-0.9625,0.4375
-0.83125,0.415625
-1.05,0.415625
-0.940625,0.4375
-0.7875,0.4375
-0.7875,0.415625
-0.7,0.4375
-0.853125,0.415625
-0.853125,0.415625
-0.83125,0.39375
-0.853125,0.48125
-0.853125,0.4375
-0.415625,0.4375
-0.7875,0.4375
-0.83125,0.371875
-0.7875,0.39375
-0.83125,0.371875
-0.853125,0.415625
-0.984375,0.371875
-0.875,0.503125
-0.83125,0.4375
-0.91875,0.35
-0.984375,0.4375
-1.02812,0.4375
-0.853125,0.4375
-0.7875,0.4375
-0.7875,0.371875
-0.7875,0.415625
-0.875,0.48125
-0.91875,0.328125
-0.83125,0.415625
-0.896875,0.503125
-0.9625,0.371875
-0.853125,0.525
-0.984375,0.415625
-0.853125,0.503125
-0.875,0.415625
-0.83125,0.415625
-0.853125,0.415625
-0.875,0.39375
-0.91875,0.371875
-0.83125,0.4375
-0.853125,0.503125
-0.7,0.415625
-0.415625,0.503125
-0.91875,0.415625
-0.83125,0.525
-0.984375,0.39375
-0.896875,0.48125
-0.896875,0.503125
-0.9625,0.371875
-1.00625,0.546875
-0.875,0.4375
-0.7875,0.415625
-0.896875,0.415625
-0.91875,0.30625
-0.875,0.546875
-0.9625,0.4375
-0.875,0.415625
-0.853125,0.503125
-0.9625,0.415625
-0.875,0.525
-0.896875,0.415625
-0.875,0.39375
-0.7875,0.4375
-0.853125,0.39375
-0.896875,0.503125
-0.940625,0.371875
-0.765625,0.503125
-0.984375,0.39375
-0.83125,0.525
-0.896875,0.546875
-0.875,0.415625
-0.940625,0.546875
-0.9625,0.39375
-0.853125,0.525
-0.875,0.4375
-0.9625,0.4375
-0.875,0.4375
-0.875,0.503125
-1.02812,0.4375
-0.896875,0.415625
-0.896875,0.546875
-0.9625,0.4375
-0.853125,0.503125
-0.896875,0.415625
-0.896875,0.546875
-0.853125,0.4375
-0.940625,0.503125
-0.875,0.56875
-0.896875,0.546875
-0.9625,0.503125
-0.875,0.4375
-0.940625,0.415625
-0.875,0.546875
-0.9625,0.4375
-0.91875,0.525
-0.984375,0.415625
-1.1375,0.503125
-0.9625,0.4375
-0.896875,0.525
-0.940625,0.4375
-0.896875,0.415625
-0.896875,0.459375
-0.896875,0.415625
-0.896875,0.525
-0.9625,0.4375
-0.896875,0.4375
-0.984375,0.415625
-0.984375,0.371875
-0.940625,0.415625
-0.875,0.503125
-0.896875,0.459375
-0.896875,0.415625
-0.853125,0.525
-0.9625,0.415625
-0.896875,0.459375
-0.940625,0.459375
-0.984375,0.415625
-0.875,0.4375
-0.896875,0.459375
-1.02812,0.415625
-0.896875,0.4375
-0.896875,0.459375
-0.9625,0.4375
-0.896875,0.39375
-0.853125,0.546875
-0.9625,0.459375
-1.02812,0.39375
-0.853125,0.459375
-0.875,0.525
-0.940625,0.459375
-1.02812,0.415625
-0.940625,0.546875
-0.940625,0.459375
-1.00625,0.503125
-0.940625,0.415625
-0.875,0.56875
-1.00625,0.415625
-0.896875,0.546875
-0.875,0.503125
-0.896875,0.459375
-0.896875,0.525
-1.00625,0.459375
-0.896875,0.503125
-1.02812,0.415625
-0.896875,0.56875
-0.9625,0.4375
-0.9625,0.48125
-0.809375,0.503125
-0.896875,0.459375
-0.875,0.503125
-0.984375,0.4375
-0.940625,0.546875
-0.9625,0.48125
-0.896875,0.546875
-0.984375,0.459375
-0.9625,0.459375
-0.940625,0.503125
-0.9625,0.459375
-0.9625,0.546875
-1.00625,0.4375
-0.940625,0.56875
-0.940625,0.4375
-0.940625,0.590625
-1.00625,0.459375
-0.940625,0.525
-1.05,0.4375
-0.940625,0.459375
-1.15938,0.48125
-0.9625,0.459375
-0.940625,0.459375
-0.896875,0.48125
-0.984375,0.371875
-0.940625,0.459375
-1.00625,0.459375
-0.91875,0.459375
-0.940625,0.546875
-1.00625,0.546875
-0.7875,0.459375
-0.9625,0.6125
-1.02812,0.459375
-1.00625,0.503125
-0.83125,0.459375
-0.984375,0.503125
-0.940625,0.503125
-0.940625,0.48125
-0.984375,0.48125
-0.940625,0.48125
-0.984375,0.48125
-0.9625,-0.04375
-0.9625,0.503125
-0.9625,0.4375
-0.9625,0.503125
-0.984375,0.459375
-0.940625,0.48125
-0.9625,0.48125
-1.02812,0.48125
-0.896875,0.503125
-0.9625,0.546875
-0.940625,0.503125
-0.875,0.503125
-1.00625,0.459375
-0.91875,0.546875
-0.875,0.415625
-0.9625,0.48125
-0.91875,0.459375
-0.853125,0.503125
-0.896875,0.525
-0.875,0.459375
-0.896875,0.48125
-0.896875,0.48125
-0.853125,0.39375
-0.91875,0.503125
-0.896875,0.4375
-0.896875,0.503125
-0.940625,0.4375
-0.9625,0.4375
-0.91875,0.35
-0.9625,0.35
-0.7875,0.35
-0.7875,0.39375
-0.9625,0.415625
-0.9625,0.4375
-0.896875,0.4375
-0.9625,0.459375
-0.940625,0.459375
-0.91875,0.48125
-0.940625,0.48125
-1.00625,0.4375
-0.940625,0.525
-0.9625,0.48125
-0.984375,0.590625
-0.91875,0.56875
-0.91875,0.525
-0.91875,0.56875
-0.896875,0.634375
-0.940625,0.546875
-0.896875,0.48125
-0.940625,0.546875
-1.00625,0.503125
-0.91875,0.546875
-0.875,0.503125
-0.9625,0.525
-0.875,0.503125
-0.896875,0.459375
-0.83125,0.503125
-0.875,0.4375
-0.853125,0.48125
-0.875,0.48125
-0.896875,0.328125
-0.875,0.415625
-0.9625,0.39375
-0.896875,0.39375
-0.91875,0.371875
-0.940625,0.371875
-0.896875,0.4375
-0.896875,0.48125
-0.875,0.459375
-0.896875,0.48125
-0.896875,0.503125
-0.91875,0.371875
-0.896875,0.590625
-0.940625,0.4375
-0.83125,0.503125
-0.896875,0.459375
-0.83125,0.546875
-0.853125,0.48125
-0.7875,0.4375
-0.809375,0.39375
-0.896875,0.35
-0.74375,0.590625
-0.83125,0.35
-0.74375,0.459375
-0.875,0.35
-0.765625,0.4375
-0.853125,0.328125
-0.765625,0.48125
-0.809375,0.415625
-0.74375,0.459375
-0.765625,0.525
-0.853125,0.503125
-0.7875,0.56875
-0.809375,0.721875
-0.765625,0.7
-0.809375,0.6125
-1.05,0.590625
-0.875,0.56875
-0.7,0.65625
-0.7,0.546875
-0.74375,0.56875
-0.39375,0.503125
-0.721875,0.56875
-0.7,0.48125
-0.853125,0.4375
-0.765625,0.459375
-0.765625,0.48125
-0.809375,0.39375
-0.721875,0.371875
-0.678125,0.4375
-0.721875,0.39375
-0.765625,0.415625
-0.765625,0.48125
-0.721875,0.48125
-0.765625,0.546875
-0.809375,0.546875
-0.7,0.525
-0.7875,0.546875
-0.74375,0.546875
-0.853125,0.546875
-0.74375,0.590625
-0.503125,0.634375
-0.590625,0.590625
-0.590625,0.56875
-0.678125,0.590625
-0.65625,0.56875
-0.65625,0.546875
-0.634375,0.525
-0.678125,0.503125
-0.678125,0.56875
-0.721875,0.48125
-0.65625,0.525
-0.56875,0.48125
-0.7,0.371875
-0.590625,0.525
-0.74375,0.39375
-0.65625,0.525
-0.7,0.328125
-0.6125,0.525
-0.7,0.328125
-0.56875,0.35
-0.525,0.39375
-0.48125,0.39375
-0.525,0.4375
-0.503125,0.503125
-0.546875,0.56875
-0.503125,0.590625
-0.503125,0.721875
-0.721875,0.6125
-0.546875,0.765625
-0.65625,0.634375
-0.590625,0.6125
-0.590625,0.6125
-0.634375,0.590625
-0.6125,0.590625
-0.634375,0.590625
-0.590625,0.546875
-0.56875,0.525
-0.65625,0.503125
-0.546875,0.48125
-0.48125,0.4375
-0.525,0.39375
-0.503125,0.39375
-0.415625,0.4375
-0.175,0.415625
-0.503125,0.371875
-0.503125,0.48125
-0.459375,0.56875
-0.459375,0.525
-0.56875,0.546875
-0.503125,0.459375
-0.56875,0.546875
-0.56875,0.590625
-0.6125,0.6125
-0.546875,0.6125
-0.415625,0.6125
-0.503125,0.590625
-0.328125,0.590625
-0.503125,0.56875
-0.48125,0.525
-0.459375,0.546875
-0.4375,0.503125
-0.415625,0.546875
-0.4375,0.546875
-0.153125,0.503125
-0.415625,0.525
-0.4375,0.525
-0.39375,0.525
-0.39375,0.48125
-0.39375,0.415625
-0.39375,0.525
-0.503125,0.459375
-0.459375,0.56875
-0.48125,0.415625
-0.415625,0.546875
-0.39375,0.459375
-0.30625,0.35
-0.4375,0.415625
-0.503125,0.371875
-0.415625,0.503125
-0.48125,0.415625
-0.371875,0.503125
-0.35,0.678125
-0.459375,0.590625
-0.240625,0.721875
-0.2625,0.678125
-0.13125,0.7875
-0.371875,0.721875
-0.284375,0.83125
-0.21875,0.7875
-0.30625,0.721875
-0.2625,0.65625
-0.30625,0.765625
-0.328125,0.678125
-0.39375,0.6125
-0.30625,0.6125
-0.4375,0.546875
-0.39375,0.56875
-0.525,0.56875
-0.35,0.546875
-0.371875,0.7
-0.4375,0.525
-0.371875,0.503125
-0.284375,0.525
-0.30625,0.546875
-0.503125,0.48125
-0.371875,0.503125
-0.328125,0.590625
-0.371875,0.525
-0.371875,0.546875
-0.39375,0.546875
-0.4375,0.503125
-0.371875,0.546875
-0.35,0.525
-0.4375,0.525
-0.35,0.525
-0.21875,0.546875
-0.284375,0.503125
-0.328125,0.546875
-0.30625,0.525
-0.2625,0.546875
-0.35,0.56875
-0.371875,0.590625
-0.328125,0.590625
-0.371875,0.56875
-0.415625,0.56875
-0.30625,0.6125
-0.4375,0.590625
-0.284375,0.6125
0.13125,0.525
-0.30625,0.6125
-0.415625,0.6125
0,0.546875
0.13125,0.525
-0.284375,0.546875
-0.30625,0.634375
-0.2625,0.56875
0.109375,0.56875
-0.35,0.56875
-0.284375,0.56875
-0.35,0.634375
-0.284375,0.546875
-0.284375,0.56875
-0.30625,0.525
-0.30625,0.525
-0.30625,0.503125
-0.415625,0.546875
-0.30625,0.546875
-0.284375,0.525
-0.328125,0.546875
-0.284375,0.39375
-0.328125,0.546875
-0.2625,0.546875
-0.328125,0.525
-0.30625,0.546875
-0.4375,0.546875
-0.30625,0.546875
-0.39375,0.56875
-0.30625,0.56875
-0.2625,0.525
-0.30625,0.56875
-0.35,0.525
-0.30625,0.525
-0.30625,0.56875
-0.30625,0.525
-0.35,0.525
-0.284375,0.525
-0.35,0.525
-0.30625,0.525
-0.415625,0.525
-0.284375,0.525
-0.284375,0.590625
-0.39375,0.503125
-0.35,0.48125
-0.30625,0.56875
-0.35,0.56875
-0.371875,0.590625
-0.30625,0.525
-0.4375,0.590625
-0.30625,0.525
-0.459375,0.546875
-0.284375,0.525
-0.30625,0.546875
-0.30625,0.525
-0.2625,0.525
-0.35,0.546875
-0.371875,0.56875
-0.21875,0.525
-0.35,0.56875
-0.2625,0.6125
-0.35,0.56875
-0.328125,0.525
-0.2625,0.546875
-0.2625,0.546875
-0.35,0.546875
-0.35,0.546875
-0.328125,0.546875
-0.2625,0.6125
-0.35,0.546875
-0.371875,0.590625
-0.240625,0.590625
-0.4375,0.525
-0.328125,0.56875
-0.4375,0.546875
-0.30625,0.546875
-0.4375,0.590625
-0.35,0.56875
-0.2625,0.546875
-0.35,0.525
-0.415625,0.525
-0.371875,0.525
-0.30625,0.546875
-0.2625,0.546875
-0.35,0.525
-0.4375,0.6125
-0.35,0.56875
-0.30625,0.546875
-0.2625,0.590625
-0.328125,0.56875
-0.48125,0.6125
-0.30625,0.56875
-0.4375,0.48125
-0.35,0.56875
-0.459375,0.6125
-0.240625,0.56875
-0.459375,0.546875
-0.4375,0.503125
-0.721875,0.56875
-0.284375,0.56875
-0.284375,0.56875
-0.459375,0.56875
-0.0875,0.6125
-0.48125,0.546875
-0.30625,0.56875
-0.4375,0.56875
-0.35,0.56875
-0.4375,0.546875
0.04375,0.56875
-0.4375,0.525
-0.35,0.525
-0.35,0.4375
-0.371875,0.48125
-0.35,0.56875
-0.39375,0.546875
0.04375,0.525
-0.459375,0.56875
-0.4375,0.56875
-0.39375,0.590625
-0.39375,0.56875
-0.4375,0.56875
-0.503125,0.590625
-0.35,0.56875
-0.39375,0.6125
-0.415625,0.56875
-0.39375,0.56875
-0.459375,0.56875
-0.175,0.590625
-0.48125,0.56875
-0.35,0.56875
-0.39375,0.546875
-0.30625,0.6125
-0.371875,0.6125
-0.415625,0.6125
-0.30625,0.56875
-0.371875,0.6125
-0.415625,0.590625
-0.371875,0.56875
-0.415625,0.590625
-0.371875,0.6125
-0.39375,0.590625
-0.35,0.590625
-0.4375,0.6125
-0.39375,0.590625
-0.415625,0.634375
-0.4375,0.590625
-0.2625,0.590625
-0.459375,0.590625
-0.371875,0.56875
-0.371875,0.590625
-0.30625,0.590625
-0.30625,0.56875
-0.4375,0.6125
-0.39375,0.6125
-0.328125,0.6125
-0.39375,0.56875
-0.39375,0.590625
-0.39375,0.56875
-0.56875,0.56875
-0.48125,0.56875
-0.4375,0.590625
-0.4375,0.590625
-0.48125,0.6125
-0.371875,0.590625
-0.371875,0.6125
-0.4375,0.590625
-0.39375,0.590625
-0.415625,0.6125
-0.4375,0.590625
-0.35,0.7
-0.4375,0.4375
-0.48125,0.6125
-0.284375,0.6125
-0.525,0.634375
-0.21875,0.503125
-0.503125,0.590625
-0.371875,0.56875
-0.56875,0.56875
-0.371875,0.525
-0.503125,0.6125
-0.328125,0.6125
-0.503125,0.590625
-0.371875,0.56875
-0.503125,0.65625
-0.4375,0.6125
-0.459375,0.6125
-0.4375,0.6125
-0.4375,0.6125
-0.39375,0.634375
-0.4375,0.6125
-0.4375,0.65625
-0.39375,0.6125
-0.39375,0.7
-0.459375,0.525
-0.590625,0.634375
-0.459375,0.6125
-0.459375,0.7
-0.4375,0.65625
-0.503125,0.853125
-0.35,0.590625
-0.503125,0.634375
-0.415625,0.6125
-0.65625,0.65625
-0.415625,0.590625
-0.48125,0.590625
-0.4375,0.590625
-0.503125,0.6125
-0.4375,0.6125
-0.48125,0.6125
-0.415625,0.6125
-0.415625,0.6125
-0.525,0.6125
-0.415625,0.65625
-0.48125,0.65625
-0.4375,0.56875
-0.415625,0.6125
-0.415625,0.6125
-0.503125,0.6125
-0.39375,0.65625
-0.7,0.175
-0.30625,0.56875
-0.546875,0.525
-0.2625,0.590625
-0.4375,0.6125
-0.459375,0.56875
-0.4375,0.6125
-0.546875,0.525
-0.415625,0.6125
-0.503125,0.6125
-0.415625,0.6125
-0.4375,0.6125
-0.459375,0.525
-0.4375,0.590625
-0.4375,0.634375
-0.4375,0.65625
-0.4375,0.6125
-0.48125,0.634375
-0.35,0.6125
-0.415625,0.6125
-0.590625,0.634375
-0.39375,0.6125
-0.525,0.6125
-0.4375,0.65625
-0.525,0.634375
-0.4375,0.6125
-0.4375,0.6125
-0.415625,0.65625
-0.6125,0.6125
-0.525,0.634375
-0.415625,0.678125
-0.525,0.634375
-0.196875,0.6125
-0.4375,0.7
-0.30625,0.6125
-0.48125,0.525
-0.371875,0.634375
-0.525,0.65625
-0.56875,0.678125
-0.525,0.634375
-0.4375,0.65625
-0.6125,0.6125
-0.4375,0.678125
-0.56875,0.6125
-0.415625,0.678125
-0.4375,0.634375
-0.4375,0.634375
-0.415625,0.6125
-0.6125,0.6125
-0.65625,0.6125
-0.4375,0.634375
-0.415625,0.634375
-0.4375,0.634375
-0.2625,0.634375
-0.4375,0.6125
-0.48125,0.74375
-0.4375,0.65625
-0.48125,0.65625
-0.4375,0.65625
-0.7,0.678125
-0.35,0.634375
-0.415625,0.65625
-0.4375,0.65625
-0.415625,0.65625
-0.459375,0.65625
-0.48125,0.65625
-0.415625,0.6125
-0.525,0.56875
-0.415625,0.6125
-0.525,0.65625
-0.371875,0.65625
-0.590625,0.634375
-0.415625,0.721875
-0.525,0.525
-0.4375,0.7
-0.525,0.65625
-0.4375,0.7
-0.525,0.678125
-0.415625,0.65625
-0.525,0.678125
-0.4375,0.678125
-0.459375,0.65625
-0.4375,0.65625
-0.459375,0.678125
-0.48125,0.7
-0.459375,0.7
-0.459375,0.7
-0.525,0.56875
-0.4375,0.678125
-0.415625,0.678125
-0.48125,0.6125
-0.4375,0.590625
-0.590625,0.7
-0.4375,0.721875
-0.48125,0.678125
-0.415625,0.678125
-0.35,0.7
-0.48125,0.65625
-0.48125,0.634375
-0.48125,0.65625
-0.415625,0.7
-0.4375,0.7
-0.4375,0.65625
-0.459375,0.6125
-0.48125,0.7
-0.48125,0.56875
-0.546875,0.7
-0.525,0.678125
-0.415625,0.65625
-0.7,0.7
-0.4375,0.590625
-0.4375,0.65625
-0.65625,0.7
-0.56875,0.4375
-0.459375,0.678125
-0.525,0.721875
-0.459375,0.65625
-0.503125,0.678125
-0.525,0.7
-0.459375,0.7
-0.765625,0.721875
-0.4375,0.74375
-0.503125,0.74375
-0.4375,0.7
-0.30625,0.678125
-0.4375,0.678125
-0.415625,0.65625
-0.503125,0.678125
-0.6125,0.7
-0.48125,0.7
-0.503125,0.678125
-0.525,0.896875
-0.525,0.678125
-0.35,0.678125
-0.4375,0.7
-0.525,0.7
-0.4375,0.853125
-0.48125,0.678125
-0.4375,0.7
-0.39375,0.678125
-0.4375,0.678125
-0.48125,0.7
-0.634375,0.7
-0.48125,0.7
-0.634375,0.7
-0.459375,0.65625
-0.6125,0.7
-0.39375,0.65625
-0.6125,0.7
-0.48125,0.678125
-0.74375,0.74375
-0.6125,0.721875
-0.525,0.678125
-0.065625,0.65625
-0.590625,0.7
-0.74375,0.721875
-0.371875,0.7
-0.7,0.7
-0.546875,0.74375
-0.503125,0.74375
-0.503125,0.7
-0.503125,0.7
-0.503125,0.7
-0.74375,0.7
-0.2625,0.721875
-0.503125,0.74375
-0.678125,0.721875
-0.546875,0.7
-0.525,0.74375
-0.4375,0.7
-0.48125,0.721875
-0.503125,0.65625
-0.56875,0.590625
-0.6125,0.65625
-0.503125,0.74375
-0.590625,0.65625
-0.525,0.7875
-0.525,0.74375
-0.503125,0.721875
-0.853125,0.74375
-0.2625,0.74375
-0.7,0.7
-0.721875,0.74375
-0.415625,0.74375
-0.83125,0.7
-0.56875,0.74375
-0.503125,0.721875
-0.503125,0.721875
-0.196875,0.765625
-0.678125,0.721875
-0.6125,0.7
-0.7,0.74375
-0.546875,0.765625
-0.74375,0.765625
-0.546875,0.721875
-0.503125,0.74375
-0.503125,0.74375
-0.459375,0.74375
-0.7,0.765625
-0.503125,0.74375
-0.56875,0.7875
-0.459375,0.7
-0.525,0.74375
-0.459375,0.7
-0.56875,0.74375
-0.503125,0.74375
-0.6125,0.74375
-0.503125,0.74375
-0.74375,0.74375
-0.503125,0.678125
-0.546875,0.7
-0.7,0.7
-0.65625,0.7
-0.65625,0.7
-0.48125,0.65625
-0.634375,0.7
-0.503125,0.65625
-0.634375,0.74375
-0.48125,0.65625
-0.7,0.721875
-0.4375,0.590625
-0.74375,0.721875
-0.6125,0.65625
-0.590625,0.721875
-0.56875,0.74375
-0.590625,0.74375
-0.48125,0.7
-0.546875,0.74375
-0.634375,0.721875
-0.809375,0.721875
-0.503125,0.721875
-0.328125,0.74375
-0.7,0.809375
-0.48125,0.74375
-0.7,0.721875
-0.634375,0.74375
-0.503125,0.74375
-0.546875,0.721875
-0.6125,0.7
-0.503125,0.74375
-0.74375,0.721875
-0.48125,0.721875
-0.525,0.7
-0.590625,0.7
-0.546875,0.74375
-0.546875,0.7
-0.2625,0.721875
-0.328125,0.678125
-0.503125,0.74375
-0.4375,0.7
-0.48125,0.7
-0.65625,0.74375
-0.503125,0.7875
-0.546875,0.7
-0.546875,0.7
-0.48125,0.765625
-0.525,0.7875
-0.503125,0.765625
-0.6125,0.74375
-0.65625,0.7875
-0.459375,0.74375
-0.48125,0.678125
-0.48125,0.65625
-0.503125,0.7
-0.546875,0.678125
-0.503125,0.7875
-0.546875,0.7
-0.678125,0.7875
-0.65625,0.721875
-0.546875,0.74375
-0.30625,0.765625
-0.765625,0.7875
-0.48125,0.7875
-0.48125,0.809375
-0.7,0.765625
-0.2625,0.74375
-0.6125,0.7875
-0.590625,0.721875
-0.48125,0.765625
-0.765625,0.721875
-0.7,0.7875
-0.503125,0.765625
-0.546875,0.9625
-0.56875,0.74375
-0.503125,0.83125
-0.809375,0.7875
-0.503125,0.896875
-0.525,0.83125
-0.546875,0.809375
-0.809375,0.74375
-0.546875,0.853125
-0.7,0.809375
-0.48125,0.809375
-0.503125,0.721875
-0.525,0.83125
-0.56875,0.7875
-0.240625,0.853125
0,0.765625
-0.546875,0.9625
-0.74375,0.6125
-0.525,0.765625
-0.634375,0.678125
-0.7,0.7875
-0.7,0.590625
-0.525,0.765625
-0.4375,0.6125
-0.328125,0.721875
-0.634375,0.590625
-0.415625,0.65625
-0.4375,0.56875
-0.503125,0.678125
-0.240625,0.6125
-0.678125,0.765625
-0.415625,0.7
-0.30625,1.02812
-0.525,0.765625
-0.48125,0.9625
-0.459375,0.7875
-0.590625,0.940625
-0.546875,0.83125
-0.4375,0.896875
-0.459375,0.875
-0.546875,0.9625
-0.2625,0.7875
-0.4375,0.853125
-0.240625,0.765625
-0.48125,0.83125
-0.6125,0.7875
-0.56875,0.809375
-0.48125,0.721875
-0.4375,0.371875
-0.459375,0.721875
-0.503125,0.765625
-0.6125,0.7
-0.503125,0.721875
-0.2625,0.678125
-0.21875,0.7
-0.634375,0.65625
-0.371875,0.6125
-0.721875,0.7
-0.721875,0.65625
-0.30625,0.678125
-0.371875,0.7
-0.48125,0.721875
-0.459375,0.721875
-0.30625,0.7
-0.721875,0.721875
-0.459375,0.7
-0.415625,0.74375
-0.39375,0.7875
-0.39375,0.765625
-0.371875,0.74375
-0.459375,0.809375
-0.4375,0.765625
-0.6125,0.7875
-0.525,0.809375
-0.328125,0.765625
-0.525,0.765625
-0.371875,0.765625
-0.328125,0.765625
-0.590625,0.74375
-0.35,0.7
-0.39375,0.74375
-0.56875,0.74375
-0.284375,0.634375
-0.196875,0.7
-0.30625,0.590625
-0.415625,0.7
-0.284375,0.721875
-0.30625,0.634375
-0.415625,0.74375
-0.35,0.65625
-0.328125,0.65625
-0.4375,0.721875
-0.35,0.7
-0.35,0.7
-0.525,0.7
-0.4375,0.678125
-0.415625,0.65625
-0.39375,0.721875
-0.590625,0.7
-0.459375,0.74375
-0.546875,0.678125
-0.4375,0.74375
-0.48125,0.74375
-0.48125,0.721875
-0.328125,0.7
-0.48125,0.765625
-0.4375,0.721875
-0.546875,0.678125
-0.503125,0.721875
-0.525,0.809375
-0.21875,0.7875
-0.196875,0.83125
-0.503125,0.678125
-0.459375,0.91875
-0.459375,0.7
-0.35,0.83125
-0.371875,0.65625
-0.39375,0.765625
-0.39375,0.7
-0.415625,0.7875
-0.4375,0.678125
-0.48125,0.7875
-0.65625,0.65625
-0.4375,0.6125
-0.459375,0.6125
-0.65625,0.765625
-0.590625,0.65625
-0.6125,0.853125
-0.48125,0.6125
-0.2625,0.74375
-0.48125,0.634375
-0.371875,0.809375
-0.48125,0.546875
-0.284375,0.678125
-0.48125,0.590625
-0.328125,0.678125
-0.328125,0.6125
-0.48125,0.590625
-0.328125,0.74375
-0.39375,0.65625
-0.48125,0.678125
-0.590625,0.83125
-0.525,0.721875
-0.4375,0.853125
-0.74375,0.721875
-0.56875,0.875
-0.678125,0.74375
-0.109375,0.853125
-0.4375,0.74375
-0.371875,0.83125
-0.525,0.721875
-0.371875,0.853125
-0.459375,0.721875
-0.39375,0.721875
-0.30625,0.721875
-0.634375,0.765625
-0.48125,0.940625
-0.371875,0.721875
-0.21875,0.74375
-0.415625,0.809375
-0.634375,0.74375
-0.30625,0.74375
-0.415625,0.809375
-0.4375,0.721875
-0.525,0.721875
-0.35,0.7
-0.39375,0.7
-0.415625,0.7
-0.415625,0.678125
-0.39375,0.65625
-0.503125,0.634375
-0.415625,0.7
-0.153125,0.590625
-0.415625,0.7
-0.39375,0.678125
-0.284375,0.7
-0.459375,0.7
-0.415625,0.678125
-0.39375,0.765625
-0.4375,0.634375
-0.415625,0.721875
-0.39375,0.7
-0.2625,0.634375
-0.30625,0.678125
-0.6125,0.7
-0.415625,0.65625
-0.4375,0.65625
-0.39375,0.65625
-0.39375,0.65625
-0.415625,0.7
-0.284375,0.65625
-0.284375,0.74375
-0.415625,0.7
-0.459375,0.678125
-0.39375,0.678125
-0.371875,0.7875
-0.48125,0.590625
-0.35,0.721875
-0.525,0.65625
-0.39375,0.7875
0.04375,0.6125
-0.6125,0.721875
-0.415625,0.590625
-0.35,0.7
-0.4375,0.7
-0.4375,0.678125
-0.415625,0.809375
-0.415625,0.678125
-0.546875,0.7
-0.284375,0.7
-0.459375,0.721875
-0.4375,0.590625
-0.35,0.7
-0.4375,0.74375
-0.153125,0.678125
-0.0875,0.678125
-0.590625,0.590625
-0.35,0.721875
-0.4375,0.6125
-0.546875,0.721875
-0.4375,0.74375
-0.284375,0.74375
-0.30625,0.7
-0.525,0.678125
-0.56875,0.765625
-0.48125,0.678125
-0.678125,0.7875
-0.525,0.634375
-0.30625,0.7875
-0.525,0.65625
-0.4375,0.7875
-0.525,0.65625
-0.39375,0.809375
-0.503125,0.634375
-0.525,0.678125
0.021875,0.74375
0.065625,0.721875
0,0.721875
-0.4375,0.6125
-0.6125,0.678125
-0.4375,0.678125
-0.65625,0.721875
-0.546875,0.721875
-0.39375,0.721875
-0.35,0.721875
-0.48125,0.721875
-0.4375,0.721875
-0.415625,0.7
-0.4375,0.678125
-0.30625,0.721875
-0.4375,0.7
-0.546875,0.721875
-0.175,0.74375
-0.4375,0.721875
-0.525,0.678125
-0.415625,0.765625
-0.74375,0.7
-0.634375,0.809375
-0.459375,0.678125
-0.65625,0.7875
-0.525,0.678125
-0.04375,0.7875
-0.48125,0.678125
-0.30625,0.809375
-0.525,0.6125
-0.39375,0.7875
-0.503125,0.678125
-0.30625,0.809375
-0.415625,0.721875
-0.525,0.721875
-0.415625,0.721875
-0.721875,0.721875
-0.65625,0.721875
-0.459375,0.721875
-0.4375,0.678125
-0.503125,0.678125
-0.4375,0.721875
-0.4375,0.7
-0.04375,0.7
0,0.74375
-0.415625,0.765625
-0.4375,0.74375
-0.109375,0.765625
-0.48125,0.721875
-0.48125,0.721875
-0.4375,0.765625
-0.415625,0.74375
-0.35,0.74375
-0.4375,0.74375
-0.65625,0.765625
-0.4375,0.721875
-0.48125,0.809375
-0.4375,0.74375
-0.590625,0.765625
-0.525,0.721875
-0.35,0.721875
-0.459375,0.74375
-0.4375,0.765625
-0.525,0.721875
-0.525,0.74375
-0.721875,0.765625
-0.65625,0.765625
-0.48125,0.721875
-0.525,0.809375
-0.525,0.721875
0.021875,0.853125
-0.546875,0.765625
-0.590625,0.809375
-0.678125,0.765625
-0.415625,0.765625
-0.21875,0.765625
-0.39375,0.74375
-0.6125,0.765625
-0.48125,0.7875
0,0.765625
-0.48125,0.765625
-0.525,0.765625
-0.39375,0.853125
-0.590625,0.721875
-0.328125,0.853125
-0.678125,0.721875
0,0.853125
-0.56875,0.74375
-0.415625,0.809375
-0.590625,0.74375
-0.39375,0.853125
-0.4375,0.74375
-0.39375,0.853125
-0.525,0.765625
-0.48125,0.7875
-0.13125,0.765625
-0.415625,0.853125
-0.7875,0.634375
-0.4375,0.853125
-0.590625,0.74375
-0.39375,0.853125
-0.525,0.678125
-0.459375,0.853125
-0.4375,0.74375
-0.65625,0.765625
-0.590625,0.721875
-0.459375,0.853125
-0.525,0.74375
-0.4375,0.853125
-0.525,0.765625
-0.4375,0.809375
-0.56875,0.765625
-0.459375,0.7875
-0.415625,0.765625
-0.56875,0.7875
-0.30625,0.678125
-0.4375,0.809375
-0.74375,0.765625
-0.65625,0.765625
-0.525,0.765625
-0.6125,0.7875
-0.4375,0.765625
-0.4375,0.7875
-0.525,0.83125
-0.4375,0.765625
-0.459375,0.721875
-0.415625,0.765625
-0.65625,0.853125
-0.328125,0.765625
-0.6125,0.853125
-0.6125,0.765625
-0.678125,0.809375
-0.525,0.721875
-0.4375,0.853125
-0.65625,0.721875
-0.48125,0.853125
-0.525,0.7875
-0.525,0.853125
-0.39375,0.765625
-0.48125,0.7875
-0.503125,0.765625
-0.48125,0.809375
-0.503125,0.765625
-0.48125,0.765625
-0.525,0.765625
-0.4375,0.809375
-0.4375,0.765625
-0.546875,0.809375
-0.415625,0.7875
-0.48125,0.809375
-0.6125,0.809375
-0.7,0.7875
-0.48125,0.765625
-0.2625,0.765625
-0.56875,0.83125
-0.56875,0.7875
-0.4375,0.765625
-0.415625,0.809375
-0.525,0.765625
-0.4375,0.809375
-0.721875,0.7875
-0.415625,0.809375
-0.56875,0.809375
-0.48125,0.809375
-0.525,0.765625
-0.4375,0.765625
-0.4375,0.7875
-0.56875,0.7875
-0.525,0.809375
-0.74375,0.765625
-0.546875,0.765625
-0.240625,0.809375
-0.765625,0.853125
-0.503125,0.7875
-0.525,0.765625
-0.74375,0.896875
-0.525,0.91875
-0.415625,0.853125
-0.525,0.7875
-0.56875,0.853125
-0.546875,0.7875
-0.525,0.7875
-0.525,0.853125
0,0.765625
-0.21875,0.7875
-0.4375,0.7875
-0.4375,0.721875
-0.65625,0.853125
-0.48125,0.853125
-0.4375,0.853125
-0.4375,0.809375
-0.590625,0.809375
-0.48125,0.853125
-0.525,0.809375
-0.4375,0.853125
-0.56875,0.765625
-0.109375,0.853125
-0.35,0.721875
-0.4375,0.7875
-0.525,0.83125
-0.721875,0.765625
-0.459375,0.83125
-0.7875,0.809375
-0.459375,0.809375
-0.4375,0.7875
0,0.7875
-0.4375,0.809375
-0.56875,0.853125
-0.590625,0.809375
0,0.853125
-0.83125,0.83125
-0.74375,0.853125
-0.546875,0.984375
-0.503125,0.853125
-0.56875,0.853125
-0.525,0.809375
-0.634375,0.853125
-0.546875,0.91875
-0.525,0.74375
-0.503125,0.896875
-0.2625,0.83125
-0.590625,0.853125
-0.678125,0.853125
-0.546875,0.809375
-0.56875,0.853125
-0.590625,0.853125
-0.56875,0.853125
-0.74375,0.765625
-0.56875,0.809375
-0.546875,0.853125
-0.590625,0.809375
-0.7,0.875
-0.765625,0.853125
-0.56875,0.83125
-0.546875,0.9625
-0.415625,0.809375
-0.721875,0.896875
-0.809375,0.7875
-0.546875,0.940625
-0.765625,0.83125
-0.503125,0.940625
-0.56875,0.853125
-0.415625,0.9625
-0.65625,0.853125
-0.590625,0.9625
-0.74375,0.875
-0.4375,0.91875
-0.65625,0.853125
-0.415625,0.9625
-0.525,0.853125
0,0.9625
-0.634375,0.809375
-0.48125,1.00625
-0.634375,0.853125
-0.56875,1.00625
-0.634375,0.809375
-0.525,0.940625
-0.525,0.853125
-0.546875,0.9625
-0.6125,0.83125
-0.30625,0.9625
-0.74375,0.853125
-0.415625,0.940625
-0.6125,0.875
-0.39375,0.9625
-0.7,0.91875
-0.35,0.809375
-0.721875,0.875
-0.546875,0.984375
-0.65625,0.83125
-0.56875,0.984375
-0.503125,0.853125
-0.6125,0.896875
-0.56875,0.896875
-0.634375,0.875
-0.503125,0.940625
-0.634375,0.896875
-0.546875,0.896875
-0.590625,0.91875
-0.525,0.875
-0.634375,0.896875
-0.503125,0.91875
-0.546875,1.00625
-0.56875,0.875
-0.56875,0.809375
-0.56875,0.875
-0.525,1.00625
-0.721875,0.875
-0.48125,0.940625
-0.56875,0.853125
-0.48125,0.940625
-0.65625,0.9625
-0.56875,0.984375
-0.65625,0.875
-0.525,0.984375
-0.65625,0.875
-0.590625,0.984375
-0.525,0.678125
-0.590625,1.00625
-0.56875,0.853125
-0.48125,0.984375
-0.7,0.83125
-0.546875,1.00625
-0.678125,0.875
-0.590625,0.83125
0,0.940625
-0.6125,0.896875
-0.590625,0.940625
-0.56875,0.940625
-0.196875,0.91875
-0.6125,0.984375
-0.56875,0.9625
-0.56875,0.984375
-0.634375,0.83125
-0.2625,0.91875
-0.546875,0.940625
-0.56875,0.896875
-0.21875,0.940625
-0.56875,0.940625
-0.678125,0.875
-0.546875,1.05
-0.65625,0.896875
-0.4375,0.984375
-0.7,0.83125
-0.546875,0.984375
-0.721875,0.896875
-0.809375,1.00625
-0.7875,0.896875
-0.56875,0.940625
-0.678125,0.896875
-0.35,0.984375
-0.546875,0.896875
-0.7875,1.02812
-0.678125,0.853125
-0.546875,1.00625
-0.678125,0.896875
-0.546875,1.02812
-0.678125,0.940625
-0.56875,1.02812
-0.91875,0.91875
-0.48125,0.9625
-0.65625,0.853125
-0.56875,0.984375
-0.65625,0.875
-0.525,0.984375
-0.590625,0.940625
-0.6125,0.91875
-0.590625,0.896875
-0.525,0.91875
-0.525,0.940625
-0.6125,0.940625
-0.415625,0.940625
-0.65625,0.9625
-0.634375,0.91875
-0.590625,0.940625
-0.56875,0.896875
-0.546875,0.896875
-0.4375,0.896875
-0.503125,0.91875
-0.56875,0.896875
-0.240625,0.940625
-0.6125,0.940625
-0.6125,0.940625
-0.65625,0.91875
-0.6125,0.91875
-0.6125,0.9625
-0.65625,0.91875
-0.590625,0.940625
-0.525,0.940625
-0.21875,0.940625
-0.546875,1.05
-0.7,0.940625
-0.6125,0.984375
-0.721875,0.940625
-0.503125,1.00625
-0.65625,0.940625
-0.56875,1.05
-0.678125,0.940625
-0.590625,0.940625
-0.546875,0.809375
-0.7875,0.896875
-0.853125,0.940625
-0.525,0.9625
-0.6125,0.91875
-0.590625,0.9625
-0.634375,0.984375
-0.56875,0.91875
-0.6125,0.940625
-0.634375,1.02812
-0.7,0.9625
-0.7,0.940625
-0.6125,0.940625
-0.56875,0.940625
-0.65625,0.984375
-0.065625,0.984375
-0.65625,0.984375
-0.56875,1.02812
-0.6125,0.9625
-0.634375,0.9625
-0.590625,0.9625
-0.6125,0.984375
-0.634375,0.940625
-0.590625,0.9625
-0.590625,0.9625
-0.634375,0.9625
-0.21875,1.02812
-0.240625,1.00625
-0.91875,1.09375
-0.459375,0.9625
-0.56875,1.07187
-0.6125,0.940625
-0.634375,1.05
-0.678125,0.91875
-0.175,1.07187
-0.6125,0.940625
-0.634375,1.07187
-0.65625,0.9625
-0.6125,1.05
-0.7,0.9625
-0.56875,1.07187
-0.940625,0.9625
0,1.07187
-0.65625,0.9625
-0.503125,1.02812
-0.721875,1.00625
-0.590625,1.05
-0.7,1.00625
-0.6125,1.02812
-0.7,1.02812
-0.6125,1.07187
-0.765625,0.940625
-0.546875,1.11563
-0.7875,1.02812
-0.6125,1.11563
-0.721875,1.00625
-0.525,1.07187
-0.7,1.00625
-0.6125,1.02812
-0.65625,0.984375
-0.590625,1.07187
-0.9625,1.11563
-0.6125,1.07187
-0.74375,0.984375
-0.65625,1.00625
-0.678125,1.00625
-0.83125,1.09375
-0.65625,1.05
-0.56875,1.07187
-0.896875,0.9625
-0.678125,1.07187
-0.678125,1.00625
-0.590625,1.02812
-0.721875,0.984375
-0.590625,1.09375
-0.678125,1.00625
-0.590625,1.07187
-0.30625,1.00625
-0.56875,1.05
-0.175,0.984375
-0.634375,1.02812
-0.7,0.984375
-0.590625,1.07187
-0.634375,1.02812
-0.6125,1.07187
-0.7,1.00625
-0.56875,1.05
-0.678125,0.984375
-0.175,1.07187
-0.940625,1.02812
-0.678125,0.984375
-0.153125,1.02812
-0.175,1.02812
-0.809375,1.02812
-0.6125,1.00625
-0.6125,1.00625
-0.590625,1.00625
-0.546875,0.984375
-0.546875,1.00625
-0.634375,1.02812
-0.765625,1.00625
-0.590625,1.02812
-0.634375,1.00625
-0.634375,0.984375
-0.634375,1.00625
-0.678125,0.9625
-0.525,0.940625
-0.65625,0.91875
-0.503125,0.984375
-0.678125,0.896875
-0.21875,0.984375
-0.6125,0.91875
-0.6125,0.940625
-0.678125,0.91875
-0.546875,0.896875
-0.6125,0.896875
-0.634375,0.91875
-0.721875,0.940625
-0.503125,0.91875
-0.590625,0.91875
-0.503125,0.940625
-0.74375,0.83125
-0.6125,0.896875
-0.56875,0.940625
-0.56875,0.940625
-0.590625,0.940625
-0.590625,0.984375
-0.590625,0.91875
-0.590625,0.984375
-0.56875,0.984375
-0.590625,0.896875
-0.634375,1.00625
-0.634375,1.02812
-0.634375,0.984375
-0.74375,0.984375
-0.6125,1.07187
-0.590625,0.9625
-0.7875,0.9625
-0.765625,0.91875
-0.74375,0.9625
-0.83125,0.984375
-0.678125,0.91875
-0.634375,1.05
-0.6125,0.853125
-0.678125,0.896875
-0.634375,0.7875
-0.6125,0.984375
-0.634375,0.765625
-0.6125,0.853125
-0.525,0.678125
-0.56875,0.809375
-0.56875,0.721875
-0.65625,0.875
-0.590625,0.853125
-0.6125,1.02812
-0.590625,0.984375
-0.503125,1.1375
-0.546875,1.00625
-0.415625,1.11563
-0.4375,1.02812
-0.48125,0.984375
-0.459375,0.896875
-0.48125,0.940625
-0.459375,0.91875
-0.48125,0.896875
-0.634375,0.853125
-0.678125,0.875
-0.525,0.853125
-0.503125,0.83125
-0.546875,0.809375
-0.503125,0.809375
-0.590625,0.809375
-0.503125,0.809375
-0.65625,0.853125
-0.48125,0.91875
-0.590625,0.91875
-0.56875,0.896875
-0.634375,0.7875
-0.503125,0.809375
-0.459375,0.7875
-0.48125,0.678125
-0.415625,0.590625
-0.39375,0.634375
-0.328125,0.6125
-0.459375,0.634375
-0.371875,0.7
-0.4375,0.74375
-0.525,0.853125
-0.4375,0.896875
-0.415625,0.91875
-0.415625,0.940625
-0.415625,0.853125
-0.459375,0.809375
-0.415625,0.7875
-0.459375,0.765625
-0.459375,0.74375
-0.459375,0.721875
-0.48125,0.721875
-0.48125,0.765625
-0.546875,0.765625
-0.48125,0.415625
-0.4375,0.721875
-0.525,0.765625
-0.30625,0.809375
-0.525,0.809375
-0.4375,0.853125
-0.4375,0.765625
-0.503125,0.74375
-0.48125,0.721875
-0.371875,0.7
-0.284375,0.6125
-0.35,0.546875
-0.30625,0.6125
-0.35,0.415625
-0.39375,0.525
-0.415625,0.56875
-0.4375,0.6125
-0.525,0.634375
-0.415625,0.765625
-0.415625,0.809375
-0.525,0.809375
-0.35,0.809375
-0.284375,0.7875
-0.21875,0.765625
-0.415625,0.65625
-0.459375,0.7
-0.525,0.634375
-0.4375,0.65625
-0.415625,0.65625
-0.328125,0.634375
-0.371875,0.6125
-0.175,0.6125
-0.328125,0.65625
-0.240625,0.634375
-0.240625,0.65625
-0.35,0.634375
-0.284375,0.7
-0.30625,0.7
-0.2625,0.721875
-0.328125,0.721875
-0.35,0.721875
-0.30625,0.74375
-0.35,0.65625
-0.328125,0.74375
-0.39375,0.678125
-0.35,0.74375
-0.415625,0.634375
-0.284375,0.74375
-0.415625,0.56875
-0.35,0.678125
-0.415625,0.546875
-0.48125,0.65625
-0.56875,0.48125
-0.240625,0.65625
-0.4375,0.4375
-0.196875,0.590625
-0.0875,0.459375
-0.13125,0.546875
0.175,0.415625
0.175,0.590625
-0.39375,0.459375
-0.196875,0.634375
-0.328125,0.525
-0.13125,0.65625
-0.328125,0.590625
-0.175,0.83125
-0.328125,0.678125
-0.153125,0.853125
-0.30625,0.721875
-0.0875,0.83125
-0.2625,0.7
-0.175,0.809375
-0.2625,0.634375
-0.196875,0.721875
-0.2625,0.546875
-0.175,0.7875
-0.21875,0.56875
-0.109375,0.678125
-0.175,0.546875
-0.109375,0.721875
-0.175,0.546875
-0.30625,0.721875
-0.371875,0.6125
-0.284375,0.721875
-0.39375,0.590625
-0.240625,0.678125
-0.35,0.590625
-0.30625,0.678125
-0.415625,0.56875
-0.284375,0.721875
-0.109375,0.590625
-0.065625,0.7
-0.30625,0.13125
-0.415625,0.56875
-0.021875,0.678125
-0.0875,0.56875
-0.2625,0.65625
-0.021875,0.546875
0,0.678125
-0.39375,0.56875
-0.21875,0.65625
-0.6125,0.56875
-0.065625,0.65625
0.0875,0.634375
-0.175,0.7
-0.503125,0.546875
-0.21875,0.721875
-0.39375,0.546875
-0.021875,0.678125
-0.35,0.546875
-0.04375,0.7
-0.35,0.56875
-0.109375,0.678125
-0.065625,0.56875
-0.065625,0.503125
-0.13125,0.56875
-0.2625,0.56875
-0.0875,0.4375
-0.04375,0.590625
-0.04375,0.590625
-0.13125,0.590625
-0.175,0.56875
-0.240625,0.546875
-0.2625,0.590625
-0.175,0.590625
-0.0875,0.56875
-0.175,0.590625
-0.0875,0.6125
-0.065625,0.590625
-0.459375,0.590625
-0.065625,0.590625
-0.240625,0.6125
-0.2625,0.590625
-0.0875,0.590625
-0.240625,0.590625
-0.109375,0.590625
-0.109375,0.590625
-0.2625,0.634375
-0.240625,0.678125
-0.35,0.590625
-0.0875,0.590625
-0.065625,0.6125
-0.2625,0.6125
-0.0875,0.65625
-0.2625,0.590625
-0.30625,0.546875
-0.21875,0.56875
-0.328125,0.634375
-0.175,0.6125
-0.175,0.6125
-0.153125,0.590625
-0.0875,0.6125
-0.240625,0.6125
-0.21875,0.56875
-0.2625,0.6125
-0.109375,0.590625
-0.284375,0.590625
-0.240625,0.590625
-0.175,0.634375
-0.109375,0.634375
-0.13125,0.678125
-0.175,0.7
-0.109375,0.634375
-0.21875,0.6125
-0.0875,0.634375
0.109375,0.590625
-0.065625,0.634375
-0.065625,0.721875
-0.175,0.590625
0.021875,0.721875
-0.328125,0.6125
-0.175,0.678125
-0.39375,0.6125
0,0.7
-0.175,0.590625
-0.04375,0.765625
-0.284375,0.634375
-0.2625,0.6125
-0.13125,0.634375
-0.109375,0.6125
-0.2625,0.590625
-0.21875,0.6125
-0.065625,0.634375
-0.153125,0.590625
-0.13125,0.678125
-0.109375,0.65625
-0.13125,0.634375
-0.21875,0.6125
-0.13125,0.6125
-0.0875,0.678125
-0.2625,0.74375
-0.371875,0.634375
-0.0875,0.721875
-0.35,0.7
-0.153125,0.721875
-0.39375,0.590625
-0.109375,0.721875
-0.021875,0.634375
-0.109375,0.678125
-0.109375,0.6125
-0.0875,0.634375
-0.109375,0.7
-0.13125,0.678125
-0.30625,0.634375
-0.21875,0.634375
-0.175,0.634375
-0.2625,0.678125
-0.109375,0.634375
-0.153125,0.634375
-0.0875,0.634375
-0.0875,0.6125
-0.153125,0.634375
-0.21875,0.721875
-0.13125,0.65625
-0.39375,0.634375
-0.0875,0.7
-0.109375,0.634375
-0.109375,0.678125
-0.109375,0.678125
-0.0875,0.678125
-0.21875,0.678125
-0.284375,0.634375
-0.30625,0.634375
-0.0875,0.678125
-0.109375,0.678125
-0.30625,0.678125
-0.284375,0.634375
-0.109375,0.6125
-0.39375,0.65625
-0.21875,0.678125
-0.021875,0.634375
-0.371875,0.678125
-0.153125,0.65625
-0.109375,0.65625
-0.109375,0.634375
-0.30625,0.678125
-0.35,0.65625
-0.021875,0.721875
-0.0875,0.721875
-0.0875,0.7
-0.13125,0.721875
-0.175,0.765625
-0.153125,0.56875
-0.0875,0.678125
-0.109375,0.7
-0.284375,0.721875
-0.109375,0.7
-0.109375,0.678125
-0.13125,0.721875
-0.13125,0.721875
-0.21875,0.74375
-0.175,0.678125
-0.0875,0.83125
-0.2625,0.74375
-0.065625,0.7
-0.109375,0.74375
-0.109375,0.721875
-0.35,0.721875
-0.30625,0.765625
-0.284375,0.721875
-0.109375,0.7
-0.328125,0.65625
-0.284375,0.634375
-0.328125,0.7
-0.30625,0.7
-0.284375,0.721875
-0.2625,0.721875
-0.328125,0.721875
-0.109375,0.7
-0.021875,0.7875
-0.175,0.678125
-0.284375,0.7875
-0.196875,0.721875
-0.109375,0.7875
-0.175,0.678125
-0.21875,0.7875
-0.503125,0.678125
-0.284375,0.7875
-0.175,0.721875
-0.35,0.590625
-0.065625,0.721875
-0.284375,0.765625
-0.021875,0.83125
-0.30625,0.678125
-0.0875,0.7875
-0.284375,0.678125
-0.13125,0.7875
-0.39375,0.678125
-0.109375,0.809375
-0.371875,0.721875
-0.284375,0.7875
-0.240625,0.721875
-0.525,0.7875
-0.371875,0.678125
-0.284375,0.765625
-0.13125,0.721875
-0.109375,0.765625
-0.35,0.74375
-0.284375,0.7875
-0.196875,0.678125
-0.284375,0.7875
-0.35,0.678125
-0.13125,0.7875
-0.6125,0.721875
-0.109375,0.83125
-0.175,0.678125
-0.175,0.7875
-0.371875,0.721875
-0.21875,0.83125
-0.525,0.721875
-0.21875,0.83125
-0.196875,0.678125
-0.2625,0.7875
-0.35,0.678125
-0.30625,0.74375
-0.13125,0.678125
-0.109375,0.765625
-0.175,0.721875
-0.240625,0.74375
-0.13125,0.721875
-0.175,0.74375
-0.48125,0.74375
-0.13125,0.721875
-0.153125,0.74375
-0.284375,0.853125
-0.30625,0.74375
-0.109375,0.765625
-0.35,0.74375
-0.328125,0.74375
-0.153125,0.809375
-0.328125,0.721875
-0.30625,0.721875
-0.153125,0.74375
-0.021875,0.74375
-0.48125,0.74375
-0.371875,0.590625
-0.021875,0.875
-0.4375,0.678125
-0.109375,0.83125
-0.109375,0.721875
-0.065625,0.83125
-0.196875,0.678125
-0.13125,0.83125
-0.30625,0.721875
-0.284375,0.83125
-0.39375,0.765625
-0.284375,0.875
-0.21875,0.678125
-0.284375,0.91875
-0.371875,0.74375
-0.21875,0.896875
-0.4375,0.721875
-0.284375,0.853125
-0.153125,0.7875
-0.109375,0.7875
-0.153125,0.7875
-0.284375,0.765625
-0.2625,0.83125
-0.175,0.809375
-0.153125,0.721875
-0.2625,0.809375
-0.2625,0.765625
-0.30625,0.765625
-0.175,0.721875
-0.153125,0.809375
-0.109375,0.74375
-0.328125,0.7875
-0.459375,0.765625
-0.328125,0.809375
-0.35,0.721875
-0.2625,0.721875
-0.109375,0.74375
-0.35,0.7875
-0.109375,0.7875
-0.175,0.74375
-0.30625,0.765625
-0.240625,0.809375
-0.175,0.7875
-0.021875,0.809375
-0.196875,0.809375
-0.153125,0.809375
-0.175,0.74375
-0.109375,0.7875
-0.153125,0.765625
-0.13125,0.809375
-0.30625,0.74375
-0.328125,0.7875
-0.2625,0.7875
-0.153125,0.7875
-0.30625,0.809375
-0.13125,0.7875
-0.153125,0.809375
-0.2625,0.83125
-0.328125,0.809375
-0.284375,0.83125
-0.13125,0.7875
-0.175,0.83125
-0.2625,0.809375
-0.175,0.809375
-0.2625,0.875
-0.2625,0.853125
-0.13125,0.853125
-0.30625,0.83125
-0.196875,0.765625
-0.328125,0.765625
-0.153125,0.853125
-0.196875,0.721875
-0.196875,0.83125
-0.175,0.83125
-0.2625,0.809375
-0.30625,0.83125
-0.153125,0.83125
-0.30625,0.853125
-0.328125,0.83125
-0.175,0.809375
-0.2625,0.7875
-0.153125,0.809375
-0.13125,0.809375
-0.153125,0.809375
-0.153125,0.809375
-0.175,0.83125
-0.196875,0.809375
-0.153125,0.853125
-0.175,0.853125
-0.2625,0.809375
-0.21875,0.83125
-0.153125,0.940625
-0.2625,0.83125
0.021875,0.91875
-0.175,0.83125
-0.175,0.940625
-0.65625,0.83125
-0.175,0.940625
-0.240625,0.83125
-0.0875,0.853125
-0.30625,0.853125
-0.30625,0.83125
-0.153125,0.83125
-0.196875,0.853125
-0.0875,0.91875
-0.21875,0.875
-0.153125,0.940625
-0.196875,0.83125
-0.35,0.853125
-0.21875,0.853125
-0.153125,0.853125
-0.284375,0.83125
-0.328125,0.809375
-0.153125,0.853125
-0.175,0.853125
-0.30625,0.896875
-0.175,0.83125
-0.175,0.875
-0.196875,0.940625
-0.153125,0.875
-0.175,0.875
-0.328125,0.875
-0.30625,0.83125
-0.175,0.875
-0.21875,0.853125
-0.525,0.853125
-0.175,0.875
-0.240625,0.853125
-0.175,0.875
-0.525,0.853125
-0.328125,0.853125
-0.175,0.83125
-0.175,0.875
-0.30625,0.809375
-0.175,0.875
-0.13125,0.853125
-0.196875,0.853125
-0.175,0.875
-0.30625,0.875
-0.2625,0.940625
-0.21875,0.83125
-0.328125,0.9625
-0.284375,0.896875
-0.240625,1.02812
-0.21875,0.7
-0.30625,0.940625
-0.175,0.91875
-0.240625,0.853125
-0.371875,0.896875
-0.175,0.896875
-0.175,0.896875
-0.35,0.896875
-0.4375,0.896875
-0.39375,0.896875
-0.153125,0.9625
-0.328125,0.896875
-0.196875,0.896875
-0.196875,0.83125
-0.13125,0.853125
-0.2625,0.853125
-0.175,0.896875
-0.284375,0.875
-0.30625,0.896875
-0.175,0.91875
-0.196875,0.875
-0.196875,0.896875
-0.371875,0.896875
-0.415625,0.875
-0.21875,0.896875
-0.459375,0.896875
-0.284375,1.00625
-0.240625,0.83125
-0.196875,0.984375
-0.240625,0.896875
-0.30625,0.984375
-0.459375,0.853125
-0.30625,0.984375
-0.240625,0.896875
-0.175,0.984375
-0.240625,0.896875
-0.240625,0.83125
-0.2625,0.896875
-0.175,0.940625
-0.39375,0.853125
-0.175,0.984375
-0.175,0.875
-0.240625,0.83125
-0.109375,0.896875
-0.328125,0.896875
-0.328125,0.896875
-0.196875,0.940625
-0.175,0.896875
-0.371875,0.91875
-0.196875,0.91875
-0.4375,0.896875
-0.546875,1.00625
-0.240625,0.91875
0,1.00625
-0.240625,0.896875
-0.196875,1.00625
-0.39375,0.91875
-0.328125,1.00625
-0.240625,0.875
-0.175,0.984375
-0.503125,0.91875
-0.328125,1.02812
-0.284375,0.91875
-0.153125,1.00625
-0.284375,0.91875
-0.30625,1.02812
-0.39375,0.91875
-0.328125,1.00625
-0.459375,0.896875
-0.30625,1.00625
-0.240625,0.940625
-0.30625,1.02812
-0.240625,0.91875
-0.371875,1.02812
-0.240625,0.875
-0.328125,1.02812
-0.240625,0.940625
-0.175,0.940625
-0.21875,0.940625
-0.328125,0.91875
-0.21875,1.02812
-0.35,0.940625
-0.284375,0.940625
-0.13125,1.02812
-0.415625,0.940625
-0.04375,1.02812
-0.4375,0.940625
-0.30625,1.05
-0.39375,0.940625
-0.371875,1.07187
-0.4375,0.9625
-0.175,1.02812
-0.2625,0.91875
-0.13125,1.02812
-0.196875,0.940625
-0.284375,1.05
-0.240625,0.984375
-0.30625,1.07187
-0.2625,0.896875
-0.196875,1.02812
-0.459375,0.896875
-0.284375,1.09375
-0.2625,0.9625
-0.35,1.05
-0.196875,0.9625
-0.196875,1.00625
-0.196875,1.02812
-0.196875,1.00625
-0.30625,1.00625
-0.525,0.984375
-0.196875,0.984375
-0.35,0.9625
-0.39375,1.00625
-0.196875,0.984375
-0.39375,1.00625
-0.39375,0.9625
-0.196875,0.940625
-0.21875,0.984375
-0.35,0.940625
-0.240625,1.00625
-0.35,1.00625
-0.590625,1.00625
-0.415625,0.9625
-0.48125,1.02812
-0.153125,1.00625
-0.240625,1.00625
-0.196875,1.00625
-0.415625,0.984375
-0.21875,0.875
-0.4375,0.984375
-0.35,1.00625
-0.2625,1.00625
-0.21875,1.00625
-0.21875,1.00625
-0.39375,1.00625
-0.35,0.984375
-0.196875,1.02812
-0.2625,1.02812
-0.196875,1.00625
-0.35,1.02812
-0.56875,0.91875
-0.153125,1.00625
-0.196875,1.02812
-0.35,1.00625
-0.35,1.00625
-0.35,0.984375
-0.21875,1.02812
-0.35,1.05
-0.56875,1.02812
-0.21875,1.02812
-0.546875,1.02812
-0.590625,1.00625
-0.196875,0.984375
-0.328125,1.00625
-0.196875,1.00625
-0.196875,1.09375
-0.109375,1.00625
-0.56875,1.00625
-0.175,1.00625
-0.240625,1.02812
-0.35,1.02812
-0.196875,1.00625
-0.371875,1.05
-0.371875,0.984375
-0.30625,1.00625
-0.04375,1.00625
-0.196875,1.00625
-0.415625,0.984375
-0.35,1.05
-0.415625,1.02812
-0.35,0.984375
-0.196875,1.07187
-0.35,1.02812
-0.196875,1.05
-0.39375,1.02812
-0.459375,1.02812
-0.196875,1.00625
-0.21875,1.05
-0.196875,1.00625
-0.35,1.02812
-0.328125,1.05
-0.415625,1.00625
-0.35,1.07187
-0.196875,1.00625
-0.196875,1.02812
-0.56875,1.02812
-0.35,1.05
-0.503125,1.02812
-0.153125,1.05
-0.240625,1.00625
-0.590625,1.05
-0.4375,1.05
-0.35,1.05
-0.35,1.05
-0.35,1.05
-0.2625,1.05
-0.240625,1.00625
-0.175,1.02812
-0.6125,1.05
-0.196875,1.00625
-0.240625,0.984375
-0.39375,1.11563
-0.21875,1.00625
-0.56875,1.1375
-0.459375,1.05
-0.153125,1.1375
-0.4375,1.05
-0.284375,1.11563
-0.240625,1.02812
-0.328125,1.11563
-0.2625,1.00625
-0.415625,1.11563
-0.21875,1.00625
-0.56875,1.09375
-0.21875,1.02812
-0.284375,1.18125
-0.284375,0.984375
-0.459375,1.07187
-0.30625,1.00625
-0.196875,1.07187
-0.240625,1.00625
-0.4375,1.02812
-0.48125,0.984375
-0.35,1.02812
-0.2625,0.940625
-0.35,0.984375
-0.175,0.940625
-0.35,0.9625
-0.503125,0.940625
-0.328125,0.9625
-0.415625,0.940625
-0.284375,0.91875
-0.284375,0.940625
-0.48125,0.91875
-0.196875,0.91875
-0.21875,0.984375
-0.04375,0.9625
-0.240625,0.984375
-0.35,0.9625
-0.284375,1.00625
-0.56875,0.984375
-0.240625,0.9625
-0.48125,1.02812
-0.35,1.00625
-0.415625,0.984375
-0.35,1.02812
-0.503125,1.00625
-0.175,0.984375
-0.503125,1.02812
-0.240625,1.02812
-0.56875,1.00625
-0.21875,1.00625
-0.21875,0.940625
-0.503125,0.940625
-0.35,0.83125
-0.35,0.809375
-0.328125,0.809375
-0.196875,0.83125
-0.415625,0.7875
-0.196875,0.721875
-0.240625,0.765625
-0.35,0.6125
-0.415625,0.634375
-0.415625,0.678125
-0.4375,0.721875
-0.35,0.809375
-0.35,0.853125
-0.21875,0.940625
-0.415625,0.9625
-0.39375,1.05
-0.35,1.05
-0.2625,0.984375
-0.175,1.00625
-0.415625,0.875
-0.240625,0.853125
-0.065625,0.875
-0.4375,0.83125
-0.415625,0.83125
-0.284375,0.809375
-0.21875,0.7875
-0.284375,0.74375
-0.35,0.721875
-0.284375,0.809375
-0.35,0.7875
-0.30625,0.765625
-0.415625,0.765625
-0.2625,0.765625
-0.21875,0.809375
-0.30625,0.765625
-0.35,0.7875
-0.2625,0.765625
-0.39375,0.7875
-0.2625,0.7
-0.065625,0.74375
-0.284375,0.590625
-0.525,0.678125
-0.503125,0.459375
-0.196875,0.634375
-0.503125,0.503125
-0.35,0.6125
-0.48125,0.56875
-0.21875,0.765625
-0.546875,0.7
-0.39375,0.896875
-0.525,0.765625
-0.35,0.875
-0.503125,0.765625
-0.415625,0.83125
-0.284375,0.7
-0.4375,0.74375
-0.503125,0.721875
-0.415625,0.6125
-0.240625,0.634375
-0.21875,0.678125
-0.35,0.6125
-0.21875,0.56875
-0.240625,0.590625
-0.35,0.634375
-0.35,0.6125
-0.371875,0.590625
-0.21875,0.590625
-0.35,0.678125
-0.21875,0.590625
-0.35,0.65625
-0.415625,0.634375
-0.415625,0.634375
-0.21875,0.634375
-0.21875,0.678125
-0.39375,0.56875
-0.4375,0.6125
-0.35,0.590625
-0.4375,0.6125
-0.415625,0.6125
-0.546875,0.634375
-0.35,0.590625
-0.284375,0.6125
-0.503125,0.65625
-0.546875,0.590625
-0.415625,0.634375
-0.284375,0.590625
-0.415625,0.590625
-0.503125,0.56875
-0.415625,0.56875
-0.503125,0.525
-0.35,0.459375
-0.48125,0.503125
-0.39375,0.48125
-0.503125,0.503125
-0.21875,0.4375
-0.2625,0.525
-0.35,0.525
-0.503125,0.525
-0.35,0.525
-0.30625,0.525
-0.56875,0.525
-0.2625,0.459375
-0.21875,0.459375
-0.240625,0.503125
-0.21875,0.525
-0.2625,0.525
-0.21875,0.525
-0.21875,0.525
-0.56875,0.459375
-0.4375,0.503125
-0.21875,0.546875
-0.503125,0.503125
-0.065625,0.503125
-0.30625,0.503125
-0.415625,0.48125
-0.2625,0.56875
-0.6125,0.525
-0.284375,0.503125
-0.21875,0.546875
-0.240625,0.459375
-0.459375,0.525
-0.240625,0.503125
-0.6125,0.503125
-0.459375,0.56875
-0.4375,0.525
-0.459375,0.525
-0.415625,0.525
-0.4375,0.546875
-0.39375,0.503125
-0.39375,0.503125
-0.2625,0.525
-0.35,0.525
-0.4375,0.525
-0.459375,0.546875
-0.39375,0.56875
-0.459375,0.503125
-0.35,0.525
-0.459375,0.56875
-0.634375,0.525
-0.459375,0.525
-0.240625,0.56875
-0.2625,0.525
-0.371875,0.525
-0.6125,0.546875
-0.525,0.56875
-0.503125,0.56875
-0.240625,0.56875
-0.240625,0.546875
-0.4375,0.525
-0.6125,0.56875
-0.4375,0.56875
-0.21875,0.525
-0.240625,0.56875
-0.6125,0.546875
-0.21875,0.56875
-0.39375,0.525
-0.196875,0.546875
-0.459375,0.525
-0.4375,0.525
-0.6125,0.546875
-0.240625,0.546875
-0.39375,0.56875
-0.240625,0.56875
-0.39375,0.56875
-0.240625,0.546875
-0.39375,0.546875
-0.546875,0.546875
-0.459375,0.56875
-0.21875,0.56875
-0.459375,0.546875
-0.459375,0.56875
-0.39375,0.546875
-0.2625,0.503125
-0.65625,0.546875
-0.39375,0.546875
-0.2625,0.546875
-0.240625,0.525
-0.196875,0.546875
-0.35,0.546875
-0.678125,0.56875
-0.240625,0.56875
-0.2625,0.590625
-0.503125,0.546875
-0.4375,0.590625
-0.39375,0.56875
-0.109375,0.546875
-0.240625,0.525
-0.6125,0.56875
-0.153125,0.6125
-0.2625,0.634375
-0.678125,0.65625
-0.196875,0.65625
-0.459375,0.546875
-0.4375,0.590625
-0.39375,0.6125
-0.371875,0.56875
-0.284375,0.6125
-0.0875,0.56875
-0.590625,0.634375
-0.459375,0.6125
0,0.56875
-0.284375,0.6125
-0.021875,0.6125
-0.65625,0.546875
-0.35,0.525
-0.30625,0.65625
-0.48125,0.6125
-0.7,0.634375
-0.240625,0.6125
-0.56875,0.6125
-0.35,0.65625
-0.7,0.6125
-0.328125,0.7
-0.525,0.590625
-0.153125,0.634375
-0.328125,0.65625
-0.35,0.634375
-0.65625,0.56875
-0.503125,0.634375
-0.56875,0.590625
-0.6125,0.65625
-0.503125,0.6125
-0.39375,0.6125
-0.21875,0.634375
-0.6125,0.590625
-0.175,0.634375
-0.4375,0.634375
-0.30625,0.6125
-0.415625,0.6125
-0.35,0.6125
-0.56875,0.634375
-0.678125,0.634375
-0.240625,0.65625
-0.2625,0.65625
-0.328125,0.634375
-0.35,0.634375
-0.240625,0.65625
-0.30625,0.634375
-0.634375,0.65625
-0.74375,0.634375
-0.525,0.634375
-0.30625,0.65625
-0.371875,0.6125
-0.30625,0.6125
-0.6125,0.65625
-0.459375,0.634375
-0.590625,0.65625
-0.328125,0.65625
-0.415625,0.721875
-0.30625,0.6125
-0.525,0.65625
-0.30625,0.678125
-0.2625,0.634375
-0.525,0.634375
-0.284375,0.65625
-0.39375,0.634375
-0.328125,0.65625
-0.56875,0.634375
-0.503125,0.65625
-0.30625,0.634375
-0.35,0.7
-0.30625,0.7
-0.39375,0.65625
-0.503125,0.678125
-0.328125,0.65625
-0.678125,0.678125
-0.240625,0.634375
-0.546875,0.634375
-0.4375,0.65625
-0.30625,0.65625
-0.39375,0.65625
-0.30625,0.634375
-0.6125,0.7
-0.546875,0.65625
-0.2625,0.765625
-0.30625,0.634375
-0.240625,0.74375
-0.30625,0.7
-0.39375,0.7
-0.56875,0.678125
-0.39375,0.74375
-0.30625,0.65625
-0.30625,0.65625
-0.56875,0.678125
-0.56875,0.678125
-0.30625,0.678125
-0.415625,0.7
-0.74375,0.678125
-0.459375,0.7
-0.503125,0.7
-0.2625,0.546875
-0.284375,0.65625
-0.48125,0.74375
-0.503125,0.678125
-0.240625,0.7
-0.459375,0.7
-0.65625,0.65625
-0.503125,0.7
0.371875,0.984375
0.765625,1.02812
0.7,1.05
0.48125,1.11563
0.459375,1.1375
0.678125,1.24687
1.33438,1.18125
1.20312,1.225
1.15938,1.225
0.875,1.20312
1.20312,1.20312
1.29062,1.24687
1.29062,1.1375
1.29062,1.20312
1.35625,1.11563
0.83125,1.11563
1.4875,1.1375
1.42188,1.26875
1.3125,1.11563
1.53125,1.15938
1.29062,1.02812
1.26875,1.15938
1.33438,1.09375
1.29062,1.18125
1.3125,1.37813
1.3125,1.3125
1.3125,1.42188
1.33438,1.37813
1.37813,1.37813
1.35625,1.35625
1.44375,1.33438
1.26875,1.18125
1.29062,1.11563
1.18125,1.20312
0.896875,1.07187
1.33438,1.11563
1.225,1.09375
1.29062,1.18125
1.29062,1.15938
1.35625,1.1375
1.29062,1.225
1.44375,1.33438
1.00625,1.37813
1.44375,1.11563
0.9625,1.15938
1.59688,0.875
1.37813,1.09375
1.42188,0.984375
1.42188,1.26875
1.4,1.225
1.29062,1.26875
1.44375,1.20312
1.18125,1.15938
1.42188,1.20312
1.33438,1.11563
1.4,1.1375
1.37813,1.225
1.3125,1.26875
1.1375,1.35625
1.33438,1.09375
1.33438,1.1375
1.37813,1.05
1.29062,1.37813
1.46562,1.29062
1.26875,1.33438
1.42188,1.24687
1.26875,1.15938
1.33438,1.18125
1.29062,1.1375
1.3125,1.29062
1.4,1.20312
1.24687,1.29062
0.940625,0.91875
0.940625,1.24687
1.33438,1.225
1.24687,1.29062
1.33438,1.3125
1.33438,1.1375
1.33438,1.225
1.3125,1.18125
1.29062,1.3125
1.35625,1.20312
1.37813,1.00625
1.42188,1.05
1.00625,1.18125
1.20312,1.26875
1.33438,1.225
1.4,1.15938
1.29062,1.07187
1.24687,1.20312
1.24687,1.20312
1.1375,1.07187
1.42188,1.02812
1.1375,1.35625
0.940625,1.20312
1.3125,1.1375
1.35625,1.00625
1.44375,1.24687
1.64062,1.20312
1.61875,0.984375
1.4,1.05
1.44375,1.29062
1.44375,1.26875
1.1375,1.18125
1.29062,1.07187
1.4,1.225
1.33438,1.11563
1.29062,1.05
1.35625,1.24687
1.05,1.26875
1.3125,1.05
1.29062,1.09375
1.05,1.3125
1.33438,1.1375
0.853125,1.15938
1.29062,1.225
1.15938,1.33438
1.29062,1.15938
1.15938,1.18125
1.26875,1.33438
1.3125,1.05
0.875,1.24687
1.4875,1.33438
1.64062,1.29062
1.50937,1.29062
1.53125,1.53125
1.35625,1.37813
1.53125,1.575
1.64062,1.85938
1.64062,2.0125
1.44375,2.1
1.3125,1.99063
1.225,2.1
0.940625,2.03437
1.11563,1.8375
0.853125,2.0125
1.07187,2.07812
0.7875,1.96875
0.940625,1.8375
1.02812,1.77188
1.18125,1.64062
1.50937,1.64062
1.26875,1.44375
1.26875,1.225
1.07187,1.07187
1.18125,1.15938
0.940625,1.26875
1.15938,1.18125
1.29062,1.02812
0.9625,0.984375
1.05,1.11563
0.9625,1.18125
1.1375,0.74375
1.3125,0.809375
1.50937,1.02812
1.55313,1.07187
1.79375,0.875
1.90312,0.678125
1.33438,0.809375
1.64062,0.74375
1.85938,0.7
1.53125,0.940625
1.44375,1.05
1.1375,0.875
1.3125,0.9625
1.3125,0.940625
1.575,0.83125
1.37813,1.02812
1.4,1.05
1.44375,0.875
1.24687,1.02812
1.24687,0.875
1.18125,1.07187
1.3125,1.24687
1.24687,1.1375
0.853125,1.225
1.07187,1.24687
1.20312,1.1375
1.02812,1.29062
0.984375,1.24687
1.26875,1.33438
1.33438,1.4
1.35625,1.26875
1.33438,1.37813
1.3125,1.29062
1.55313,1.20312
1.64062,1.50937
1.53125,1.11563
1.05,1.33438
1.29062,1.24687
0.65625,1.00625
1.20312,1.11563
1.18125,0.940625
1.225,1.00625
0.74375,1.05
1.07187,0.9625
1.05,0.940625
1.4,0.765625
1.3125,0.7
1.26875,0.7
1.02812,0.590625
1.3125,0.459375
1.68437,0.503125
1.4875,0.371875
1.46562,0.328125
1.68437,0.459375
1.42188,0.371875
1.29062,0.35
1.8375,0.2625
1.44375,0.4375
1.15938,0.04375
1.20312,0.2625
0.91875,0.065625
1.59688,0.0875
1.3125,-0.0875
1.26875,-0.0875
1.37813,-0.109375
1.35625,-0.328125
1.42188,-0.4375
1.3125,-0.196875
1.75,-0.39375
1.37813,-0.4375
1.18125,-0.459375
1.72812,-0.65625
1.88125,-0.503125
1.6625,-0.525
1.77188,-0.525
1.37813,-0.65625
1.4875,-0.765625
1.29062,-0.634375
1.59688,-0.6125
1.55313,-0.459375
1.4875,-0.546875
1.37813,-0.56875
0.91875,-0.56875
1.24687,-0.56875
1.1375,-1.05
1.50937,-1.02812
1.50937,-0.984375
1.575,-0.984375
1.59688,-0.91875
1.75,-0.984375
1.55313,-0.940625
1.44375,-1.00625
1.42188,-0.896875
1.53125,-0.940625
1.46562,-0.9625
1.02812,-1.05
1.26875,-1.07187
1.24687,-1.1375
1.29062,-1.09375
1.35625,-1.07187
1.59688,-1.07187
1.575,-1.05
1.4875,-1.00625
1.35625,-1.07187
1.37813,-0.984375
1.33438,-0.896875
1.44375,-0.83125
1.4,-0.765625
1.35625,-0.74375
1.37813,-0.765625
1.09375,-0.83125
1.33438,-0.91875
1.29062,-0.9625
1.07187,-0.940625
1.00625,-0.91875
1.24687,-0.91875
1.33438,-0.875
1.46562,-0.765625
1.44375,-0.83125
1.46562,-1.00625
1.07187,-1.29062
1.44375,-1.1375
1.4,-1.1375
1.29062,-1.05
1.26875,-1.24687
1.225,-1.24687
1.29062,-1.29062
1.33438,-1.24687
1.02812,-1.3125
1.1375,-1.07187
1.3125,-1.26875
1.46562,-1.33438
1.4,-1.44375
1.68437,-1.24687
1.44375,-1.15938
1.55313,-1.24687
1.53125,-1.225
1.35625,-1.33438
1.29062,-1.42188
1.4,-1.24687
1.46562,-1.18125
0.984375,-1.11563
1.26875,-1.37813
1.18125,-1.29062
1.07187,-1.24687
1.225,-1.1375
1.37813,-1.1375
1.33438,-1.3125
1.42188,-1.24687
1.55313,-1.09375
1.20312,-0.984375
1.20312,-1.15938
1.225,-1.3125
1.37813,-1.20312
1.44375,-1.05
1.29062,-1.15938
1.18125,-1.29062
1.1375,-1.24687
1.26875,-1.07187
1.68437,-1.09375
1.4875,-1.29062
1.35625,-1.20312
1.20312,-1.37813
1.20312,-1.29062
1.18125,-1.29062
1.29062,-1.20312
1.4875,-1.05
1.35625,-1.1375
1.1375,-1.35625
1.18125,-1.18125
1.24687,-1.15938
1.44375,-1.225
1.33438,-1.33438
1.4,-1.225
1.29062,-1.05
1.29062,-1.225
1.26875,-1.33438
1.4,-1.24687
1.26875,-1.35625
1.225,-1.37813
1.07187,-1.37813
1.09375,-1.225
1.1375,-1.4
1.05,-1.72812
1.09375,-1.55313
0.83125,-1.59688
0.678125,-1.53125
0.940625,-1.6625
1.07187,-1.61875
0.83125,-1.42188
0.896875,-1.50937
1.07187,-1.70625
1.29062,-1.64062
1.42188,-1.70625
1.35625,-1.79375
1.33438,-1.90312
1.70625,-1.81563
1.75,-1.68437
1.50937,-1.6625
1.59688,-1.53125
1.4875,-1.72812
1.46562,-1.575
1.4875,-1.4
1.20312,-1.37813
1.20312,-1.50937
0.853125,-1.4875
0.74375,-1.42188
0.896875,-1.33438
0.765625,-1.18125
0.83125,-1.15938
0.74375,-1.33438
0.678125,-1.24687
0.459375,-1.11563
0.48125,-1.15938
0.678125,-1.11563
1.05,-1.15938
0.503125,-1.09375
0.853125,-0.984375
0.83125,-0.896875
0.940625,-1.29062
0.74375,-1.09375
0.6125,-0.940625
0.590625,-0.9625
0.7,-1.15938
0.415625,-1.02812
0.153125,-0.83125
0.21875,-0.896875
-0.04375,-1.07187
0.415625,-1.02812
0.284375,-1.02812
0.39375,-1.11563
0.74375,-1.18125
0.48125,-0.853125
0.35,-1.15938
0.2625,-0.984375
0.30625,-0.9625
0.371875,-0.984375
0.153125,-1.11563
0.109375,-0.875
0.35,-1.1375
0.459375,-1.07187
0.328125,-0.940625
0.284375,-0.984375
0.284375,-1.09375
0.196875,-0.7875
0.021875,-1.11563
-0.04375,-1.00625
0.35,-1.00625
0.21875,-0.984375
0.109375,-1.05
0.021875,-0.765625
0.021875,-1.20312
0.21875,-0.91875
0.153125,-0.91875
0.153125,-0.940625
0.35,-1.02812
0.153125,-0.678125
0.021875,-0.940625
-0.0875,-0.809375
-0.0875,-0.765625
0,-0.74375
0,-0.809375
-0.04375,-0.459375
0.13125,-0.7
-0.196875,-0.65625
-0.30625,-0.56875
-0.04375,-0.525
-0.0875,-0.6125
-0.153125,-0.39375
-0.175,-0.503125
-0.30625,-0.48125
0.21875,-0.4375
-0.175,-0.459375
-0.284375,-0.503125
-0.240625,-0.4375
-0.371875,-0.30625
-0.459375,-0.459375
-0.503125,-0.371875
-0.4375,-0.4375
-0.021875,-0.30625
-0.503125,-0.328125
-0.56875,-0.240625
-0.39375,-0.109375
-0.39375,-0.284375
-0.4375,-0.2625
-0.6125,-0.30625
-0.7,-0.21875
-0.021875,-0.284375
-0.56875,0.021875
-0.65625,-0.240625
-0.65625,-0.153125
-0.7,-0.13125
-0.721875,-0.153125
-0.721875,-0.153125
-0.83125,-0.0875
-0.04375,0.065625
-0.83125,0.13125
-0.83125,-0.065625
-0.765625,0
-1.00625,-0.021875
-0.83125,0.0875
-0.9625,0.04375
-0.940625,0.109375
-0.0875,0.21875
-0.809375,0.240625
-0.809375,0.109375
-0.940625,0.175
-0.896875,0.21875
-1.09375,0.13125
-1.05,0.109375
-1.18125,0.175
0.065625,0.0875
-0.896875,0.459375
-0.896875,0.153125
-1.07187,0.284375
-0.940625,0
-1.05,0.153125
-1.15938,0.196875
-1.3125,0.153125
-1.44375,0.13125
-1.26875,0.04375
-1.70625,0.021875
-1.46562,0.021875
-1.42188,0.065625
-1.24687,0.065625
-1.29062,0.065625
-0.7,0.109375
-1.1375,0.0875
-0.678125,0.175
-1.20312,0.546875
-0.984375,0.546875
-1.29062,0.503125
-1.35625,0.459375
-1.26875,0.48125
-1.18125,0.4375
-0.9625,0.48125
-1.09375,0.48125
-1.05,0.525
-1.00625,0.56875
-1.02812,0.525
-1.05,0.56875
-0.940625,0.590625
-0.875,0.65625
-1.24687,0.65625
-1.33438,0.65625
-1.37813,0.678125
-1.1375,0.678125
-1.26875,0.65625
-1.07187,0.721875
-1.18125,0.721875
-1.11563,0.721875
-1.24687,0.65625
-1.37813,0.7
-1.53125,0.721875
-1.46562,0.7
-1.3125,0.74375
-1.37813,0.765625
-1.29062,0.7
-1.26875,0.74375
-1.37813,0.74375
-1.37813,0.7
-1.46562,0.7
-1.42188,0.678125
-1.35625,0.7
-1.3125,0.7
-1.4,0.7
-1.4875,0.6125
-1.3125,0.678125
-1.44375,0.65625
-1.29062,0.678125
-1.46562,0.678125
-1.24687,0.65625
-1.35625,0.6125
-1.4,0.634375
-1.4,0.634375
-1.33438,0.634375
-1.29062,0.65625
-1.26875,0.65625
-1.42188,0.6125
-1.37813,0.678125
-1.46562,0.65625
-1.35625,0.65625
-1.26875,0.65625
-1.29062,0.678125
-1.225,0.678125
-1.4,0.678125
-1.44375,0.65625
-1.29062,0.6125
-1.4,0.7
-1.37813,0.590625
-1.225,0.678125
-1.4,0.590625
-1.33438,0.65625
-1.1375,0.56875
-1.24687,0.634375
-1.3125,0.48125
-1.1375,0.65625
-1.05,0.4375
-1.53125,0.56875
-1.35625,0.459375
-1.44375,0.56875
-1.4875,0.459375
-1.46562,0.590625
-1.29062,0.65625
-1.35625,0.721875
-1.50937,0.7875
-1.37813,0.853125
-1.29062,0.875
-1.35625,0.91875
-1.26875,0.83125
-1.24687,0.853125
-1.29062,0.74375
-1.29062,0.765625
-1.29062,0.7
-1.29062,0.678125
-1.26875,0.634375
-1.05,0.678125
-0.721875,0.6125
-1.33438,0.590625
-1.24687,0.56875
-1.225,0.56875
-1.15938,0.546875
-1.15938,0.721875
-1.15938,0.65625
-1.18125,0.74375
-1.37813,0.678125
-1.29062,0.678125
-1.29062,0.678125
-1.35625,0.65625
-1.26875,0.721875
-1.4,0.678125
-1.11563,0.678125
-1.09375,0.65625
-0.371875,0.6125
-0.7875,0.56875
-0.590625,0.503125
-0.634375,0.525
-0.83125,0.48125
-1.07187,0.459375
-1.1375,0.503125
-1.225,0.6125
-1.225,0.678125
-1.24687,0.65625
-1.20312,0.809375
-0.91875,0.853125
-1.00625,0.875
-0.984375,0.809375
-1.02812,0.74375
-0.940625,0.7
-0.9625,0.678125
-1.02812,0.6125
-1.225,0.678125
-1.18125,0.7
-1.1375,0.678125
-0.6125,0.65625
-0.940625,0.721875
-0.875,0.7
-1.11563,0.65625
-0.9625,0.7
-1.05,0.7
-0.853125,0.765625
-0.83125,0.7
-1.00625,0.65625
-0.7875,0.590625
-0.6125,0.546875
-0.940625,0.48125
-0.74375,0.459375
-0.809375,0.503125
-1.02812,0.503125
-0.74375,0.525
-1.18125,0.721875
-0.83125,0.721875
-0.91875,0.721875
-0.83125,0.7
-0.809375,0.7
-0.371875,0.678125
-0.7,0.634375
-0.74375,0.65625
-0.765625,0.678125
-0.83125,0.65625
-0.7875,0.7
-0.7,0.74375
-0.984375,0.74375
-0.284375,0.809375
-0.525,0.74375
-0.6125,0.809375
-0.678125,0.74375
-0.765625,0.74375
-0.6125,0.525
-0.634375,0.634375
-0.39375,0.503125
-0.940625,0.678125
-0.721875,0.65625
-0.459375,0.721875
-0.678125,0.91875
-0.83125,0.7875
-0.525,0.853125
-0.503125,0.721875
-0.525,0.7
-0.83125,0.678125
-0.634375,0.65625
-0.678125,0.7
-0.590625,0.678125
-0.525,0.65625
-0.4375,0.678125
-0.35,0.721875
-0.459375,0.809375
-0.634375,0.765625
-0.39375,0.809375
-0.196875,0.634375
-0.30625,0.7
-0.30625,0.48125
0,0.590625
-0.35,0.525
-0.30625,0.6125
-0.35,0.65625
-0.48125,0.809375
-0.153125,0.83125
-0.4375,0.853125
-0.328125,0.7875
-0.196875,0.721875
-0.30625,0.74375
-0.109375,0.74375
-0.39375,0.809375
-0.04375,0.765625
0.04375,0.765625
0.065625,0.74375
-0.196875,0.721875
-0.04375,0.721875
-0.175,0.765625
0,0.875
-0.13125,0.7875
-0.153125,0.678125
