angle_1,angle_2
-1.16799,1.74296
-1.16799,1.74296
-1.16799,1.74296
-1.16799,1.74296
-1.16799,1.74296
-1.16799,1.74296
-1.16799,1.74296
-1.16799,1.74296
-1.16799,1.74296
-1.16799,1.74296
-1.16799,1.74296
-1.16796,1.74293
-1.16796,1.74293
-1.16796,1.74293
-1.16796,1.74293
-1.16796,1.74293
-1.16796,1.74293
-1.16793,1.7429
-1.16793,1.7429
-1.16791,1.74287
-1.16791,1.74287
-1.16791,1.74287
-1.16788,1.74284
-1.16785,1.74282
-1.16785,1.74282
-1.16782,1.74279
-1.16779,1.74276
-1.16776,1.74273
-1.16773,1.7427
-1.1677,1.74267
-1.16764,1.74261
-1.16761,1.74258
-1.16756,1.74253
-1.16753,1.7425
-1.16747,1.74244
-1.16744,1.74241
-1.16738,1.74235
-1.16735,1.74232
-1.16724,1.74226
-1.16718,1.74221
-1.16709,1.74212
-1.16703,1.74209
-1.16695,1.742
-1.16683,1.74191
-1.16677,1.74186
-1.16665,1.74174
-1.16657,1.74168
-1.16648,1.74162
-1.16639,1.74154
-1.16625,1.74142
-1.16613,1.74133
-1.16602,1.74122
-1.1659,1.74113
-1.16578,1.74104
-1.16564,1.74093
-1.16552,1.74087
-1.16538,1.74075
-1.16526,1.74069
-1.16514,1.74064
-1.16497,1.74052
-1.16482,1.74043
-1.16468,1.74037
-1.16453,1.74032
-1.16439,1.74029
-1.16424,1.74026
-1.16413,1.74026
-1.16398,1.74023
-1.16383,1.74023
-1.16372,1.74023
-1.1636,1.74026
-1.16349,1.74023
-1.16334,1.74023
-1.16322,1.74026
-1.16308,1.74023
-1.16296,1.74026
-1.16282,1.74026
-1.16267,1.74023
-1.16256,1.74023
-1.16241,1.74023
-1.16226,1.74023
-1.16212,1.74023
-1.162,1.74026
-1.16186,1.74026
-1.16171,1.74023
-1.16154,1.74023
-1.16136,1.7402
-1.16119,1.7402
-1.16104,1.74026
-1.16084,1.74026
-1.16064,1.74026
-1.16043,1.74032
-1.16017,1.74026
-1.15997,1.74029
-1.15971,1.74029
-1.15947,1.74032
-1.15921,1.74034
-1.15892,1.74034
-1.15866,1.7404
-1.15837,1.74043
-1.15811,1.74052
-1.15782,1.74061
-1.15747,1.74061
-1.15718,1.74064
-1.15689,1.74066
-1.15657,1.74072
-1.15625,1.74075
-1.1559,1.74078
-1.15552,1.74075
-1.15517,1.74075
-1.15479,1.74066
-1.15447,1.74064
-1.15412,1.74055
-1.1538,1.74049
-1.15343,1.74043
-1.15305,1.74037
-1.1527,1.74029
-1.15235,1.74023
-1.152,1.7402
-1.15162,1.74014
-1.15127,1.74014
-1.15095,1.74014
-1.15064,1.74017
-1.15034,1.7402
-1.15005,1.74026
-1.14973,1.74029
-1.14941,1.74026
-1.14912,1.74032
-1.1488,1.74029
-1.14851,1.74026
-1.14828,1.74032
-1.14802,1.74029
-1.14779,1.74032
-1.14752,1.74034
-1.14732,1.74034
-1.14706,1.74037
-1.14686,1.74043
-1.14659,1.74043
-1.14642,1.74049
-1.14622,1.74055
-1.14601,1.74061
-1.14584,1.74072
-1.14566,1.74084
-1.14546,1.74093
-1.14529,1.74104
-1.14514,1.74122
-1.14497,1.74145
-1.14479,1.74159
-1.14459,1.74168
-1.14444,1.7418
-1.14427,1.74183
-1.14406,1.74183
-1.14389,1.7418
-1.14369,1.74177
-1.14348,1.74177
-1.14328,1.7418
-1.14302,1.74174
-1.14281,1.74177
-1.14258,1.74177
-1.14238,1.7418
-1.14212,1.74183
-1.14188,1.74183
-1.14165,1.74191
-1.14139,1.74194
-1.14116,1.742
-1.14087,1.74206
-1.14058,1.74212
-1.14031,1.74223
-1.14002,1.74232
-1.13973,1.74244
-1.13944,1.74255
-1.13909,1.7427
-1.13874,1.74284
-1.13837,1.74287
-1.13799,1.7429
-1.13764,1.74296
-1.13726,1.74299
-1.13688,1.74302
-1.13648,1.74299
-1.13607,1.74296
-1.13569,1.74296
-1.13525,1.74293
-1.13482,1.74293
-1.13438,1.74293
-1.13395,1.74296
-1.13345,1.74293
-1.13302,1.74305
-1.13246,1.74302
-1.13191,1.74296
-1.13145,1.74293
-1.13098,1.74296
-1.13046,1.74293
-1.12999,1.7429
-1.12953,1.74293
-1.12897,1.74287
-1.12854,1.74302
-1.12807,1.74311
-1.12758,1.74314
-1.1272,1.74325
-1.12674,1.74325
-1.12636,1.74337
-1.12586,1.74337
-1.12549,1.7434
-1.12514,1.74346
-1.12479,1.74354
-1.12441,1.74363
-1.12403,1.74366
-1.12371,1.74389
-1.12333,1.74398
-1.12301,1.74418
-1.12267,1.74433
-1.12229,1.74462
-1.12197,1.74491
-1.12165,1.74514
-1.12139,1.74546
-1.1211,1.74584
-1.12078,1.74607
-1.12051,1.74651
-1.12025,1.74689
-1.11999,1.74724
-1.1197,1.74767
-1.11947,1.74802
-1.11921,1.7484
-1.119,1.74883
-1.11877,1.74927
-1.11857,1.74962
-1.11836,1.74997
-1.11822,1.75038
-1.11801,1.75072
-1.11784,1.7511
-1.11767,1.75136
-1.11752,1.75168
-1.11737,1.75195
-1.11726,1.75221
-1.11711,1.75241
-1.117,1.75264
-1.11688,1.75296
-1.11673,1.7532
-1.11659,1.75346
-1.11647,1.75372
-1.11636,1.75395
-1.11627,1.75427
-1.11618,1.7545
-1.11607,1.75474
-1.11598,1.75491
-1.11592,1.75506
-1.11586,1.75517
-1.1158,1.75526
-1.11575,1.75529
-1.11572,1.75532
-1.11566,1.75529
-1.11566,1.75529
-1.11563,1.75526
-1.11563,1.75526
-1.11563,1.75526
-1.11563,1.75526
-1.11563,1.75526
-1.11563,1.75526
-1.11563,1.75526
-1.11563,1.75526
-1.11563,1.75526
-1.11563,1.75526
-1.11563,1.75526
-1.11563,1.75526
-1.11563,1.75526
-1.11563,1.75526
-1.11563,1.75526
-1.11563,1.75526
-1.11563,1.75526
-1.11563,1.75526
-1.11563,1.75526
-1.11563,1.75526
-1.11563,1.75526
-1.1156,1.75523
-1.1156,1.75523
-1.11557,1.7552
-1.11548,1.75511
-1.11546,1.75509
-1.11543,1.75506
-1.11543,1.75506
-1.1154,1.75503
-1.1154,1.75503
-1.11537,1.755
-1.11534,1.75497
-1.11531,1.75494
-1.11528,1.75491
-1.11525,1.75488
-1.11522,1.75485
-1.11516,1.75479
-1.11514,1.75477
-1.11514,1.75477
-1.11511,1.75474
-1.11505,1.75468
-1.11502,1.75465
-1.11499,1.75462
-1.11493,1.75456
-1.1149,1.75453
-1.11484,1.75447
-1.11482,1.75445
-1.11476,1.75439
-1.11473,1.75439
-1.11467,1.75433
-1.11461,1.75427
-1.11458,1.75424
-1.1145,1.75418
-1.11444,1.75413
-1.11438,1.75407
-1.11432,1.75404
-1.11421,1.75392
-1.11412,1.75389
-1.11403,1.75381
-1.11397,1.75378
-1.11386,1.75369
-1.11377,1.75363
-1.11368,1.75357
-1.11359,1.75354
-1.11348,1.75346
-1.11339,1.75343
-1.11327,1.7534
-1.11319,1.75337
-1.11307,1.75337
-1.11296,1.75334
-1.11284,1.75331
-1.11275,1.75331
-1.11264,1.75331
-1.11252,1.75331
-1.11237,1.75328
-1.11226,1.75328
-1.11214,1.75331
-1.11202,1.75331
-1.11188,1.75331
-1.11176,1.75328
-1.11162,1.75328
-1.1115,1.75331
-1.11136,1.75331
-1.11121,1.75328
-1.11104,1.75325
-1.11086,1.75322
-1.11075,1.75325
-1.11057,1.75328
-1.1104,1.75325
-1.11025,1.75328
-1.11005,1.75325
-1.10987,1.75328
-1.10967,1.75322
-1.1095,1.75322
-1.10932,1.75325
-1.10915,1.75328
-1.10894,1.75331
-1.10877,1.75337
-1.10854,1.75337
-1.10833,1.7534
-1.10807,1.7534
-1.10787,1.75343
-1.10763,1.75349
-1.1074,1.75352
-1.10717,1.75354
-1.10694,1.7536
-1.1067,1.75366
-1.10647,1.75375
-1.10621,1.75386
-1.10592,1.75398
-1.10566,1.75418
-1.10534,1.7543
-1.10508,1.75447
-1.10476,1.75462
-1.10444,1.75471
-1.10409,1.75477
-1.10377,1.75488
-1.10336,1.75488
-1.10307,1.75503
-1.10266,1.75511
-1.10223,1.75511
-1.10188,1.7552
-1.1015,1.75532
-1.10109,1.7554
-1.10069,1.75552
-1.10028,1.75564
-1.09987,1.75578
-1.09946,1.75596
-1.09906,1.7561
-1.09865,1.75628
-1.09824,1.75648
-1.09772,1.75668
-1.09731,1.75692
-1.09679,1.75712
-1.0963,1.75724
-1.09583,1.75727
-1.09539,1.75729
-1.09496,1.75727
-1.09452,1.75721
-1.09409,1.75712
-1.09368,1.75706
-1.09327,1.75697
-1.09284,1.75695
-1.09246,1.75692
-1.09208,1.75695
-1.0917,1.75697
-1.09132,1.75706
-1.09098,1.75718
-1.0906,1.75727
-1.09028,1.75747
-1.08993,1.75767
-1.08955,1.75796
-1.08923,1.75825
-1.08894,1.75857
-1.08856,1.75889
-1.08827,1.75924
-1.08792,1.7595
-1.08763,1.75977
-1.08737,1.76006
-1.08708,1.76038
-1.08682,1.76067
-1.08656,1.76099
-1.08629,1.76131
-1.08597,1.76166
-1.08574,1.76206
-1.08551,1.7625
-1.08528,1.76294
-1.08501,1.76337
-1.08478,1.76387
-1.08455,1.76436
-1.08435,1.76488
-1.08414,1.76541
-1.08391,1.76593
-1.08368,1.76651
-1.08347,1.76709
-1.08324,1.7677
-1.08304,1.76831
-1.08283,1.76895
-1.08263,1.76956
-1.08243,1.7702
-1.08222,1.77079
-1.08202,1.77137
-1.08182,1.77195
-1.08161,1.77241
-1.08144,1.77291
-1.08124,1.7734
-1.081,1.77378
-1.0808,1.7741
-1.08062,1.77448
-1.08045,1.77486
-1.08025,1.77515
-1.08004,1.7755
-1.07987,1.77581
-1.07969,1.77616
-1.07952,1.77654
-1.07935,1.77695
-1.07917,1.77733
-1.079,1.7777
-1.07882,1.77805
-1.07865,1.77843
-1.07844,1.77881
-1.07827,1.77919
-1.07807,1.77945
-1.07792,1.77974
-1.07775,1.78003
-1.0776,1.78023
-1.07746,1.78044
-1.07728,1.78061
-1.07711,1.78073
-1.07696,1.78084
-1.07679,1.78087
-1.07667,1.78096
-1.0765,1.7809
-1.07635,1.7809
-1.07623,1.78087
-1.07606,1.78082
-1.07591,1.78079
-1.0758,1.78076
-1.07565,1.78073
-1.07557,1.78079
-1.07542,1.78079
-1.0753,1.78076
-1.07522,1.78082
-1.0751,1.78082
-1.07501,1.78084
-1.07493,1.78087
-1.07484,1.78087
-1.07472,1.78087
-1.07464,1.7809
-1.07458,1.78093
-1.07452,1.78096
-1.07446,1.78102
-1.07443,1.78108
-1.07434,1.78108
-1.07429,1.78111
-1.07426,1.78114
-1.0742,1.78114
-1.07417,1.78119
-1.07414,1.78122
-1.07411,1.78125
-1.07411,1.78128
-1.07405,1.78128
-1.07402,1.78128
-1.07402,1.78134
-1.074,1.78134
-1.07397,1.78137
-1.07397,1.7814
-1.07394,1.78143
-1.07394,1.78146
-1.07394,1.78148
-1.07391,1.78148
-1.07391,1.78151
-1.07391,1.78157
-1.07391,1.7816
-1.07388,1.7816
-1.07388,1.78166
-1.07388,1.78169
-1.07388,1.78172
-1.07388,1.78172
-1.07388,1.78175
-1.07388,1.78178
-1.07388,1.78178
-1.07388,1.7818
-1.07388,1.78183
-1.07388,1.78183
-1.07388,1.78186
-1.07388,1.78186
-1.07388,1.78189
-1.07388,1.78189
-1.07388,1.78192
-1.07385,1.78189
-1.07385,1.78192
-1.07385,1.78192
-1.07385,1.78198
-1.07385,1.78198
-1.07385,1.78201
-1.07385,1.78204
-1.07385,1.78204
-1.07385,1.78207
-1.07385,1.78209
-1.07382,1.78209
-1.07382,1.78209
-1.07382,1.78212
-1.07382,1.78215
-1.07379,1.78215
-1.07379,1.78215
-1.07379,1.78218
-1.07376,1.78221
-1.07376,1.78224
-1.07376,1.78227
-1.07371,1.78224
-1.07368,1.78224
-1.07368,1.78227
-1.07365,1.78227
-1.07362,1.7823
-1.07359,1.7823
-1.07356,1.78233
-1.07353,1.78233
-1.0735,1.78233
-1.07344,1.78233
-1.07336,1.7823
-1.07333,1.7823
-1.07327,1.7823
-1.07321,1.78233
-1.07315,1.78233
-1.07307,1.78233
-1.07301,1.78233
-1.07292,1.78236
-1.07283,1.78236
-1.07272,1.78236
-1.07263,1.78239
-1.07254,1.78241
-1.07243,1.78241
-1.07234,1.78244
-1.07219,1.78241
-1.07208,1.78244
-1.07196,1.78244
-1.07182,1.78244
-1.0717,1.78247
-1.07155,1.78247
-1.07138,1.78241
-1.07123,1.78241
-1.07106,1.78239
-1.07088,1.78239
-1.07071,1.78239
-1.07051,1.78233
-1.07033,1.78233
-1.07013,1.78233
-1.06993,1.7823
-1.06972,1.78227
-1.06949,1.78224
-1.06929,1.78221
-1.06908,1.78221
-1.06885,1.78218
-1.06853,1.78209
-1.0683,1.78209
-1.06801,1.78201
-1.06774,1.78201
-1.06748,1.78195
-1.06719,1.78189
-1.0669,1.78186
-1.06661,1.78183
-1.06632,1.7818
-1.06603,1.78178
-1.06574,1.78178
-1.06548,1.78178
-1.06522,1.7818
-1.06492,1.7818
-1.06463,1.78183
-1.06431,1.7818
-1.06399,1.78178
-1.06376,1.78183
-1.06338,1.78186
-1.06306,1.78189
-1.06272,1.78183
-1.06245,1.78192
-1.06213,1.78192
-1.06176,1.78186
-1.06146,1.78189
-1.06115,1.78189
-1.06085,1.78192
-1.06053,1.78192
-1.06013,1.78192
-1.05981,1.78195
-1.05946,1.78204
-1.05908,1.78204
-1.05867,1.78212
-1.05832,1.78221
-1.05798,1.78233
-1.05763,1.78247
-1.05728,1.78265
-1.0569,1.78285
-1.05646,1.78308
-1.056,1.78332
-1.05553,1.78358
-1.05504,1.78381
-1.0546,1.78407
-1.05417,1.78439
-1.05373,1.78468
-1.0533,1.78494
-1.05283,1.78521
-1.05236,1.78544
-1.0519,1.78567
-1.05143,1.78599
-1.05088,1.78614
-1.05042,1.78646
-1.04989,1.78669
-1.0494,1.78698
-1.0489,1.7873
-1.04841,1.78762
-1.04789,1.78794
-1.04739,1.78835
-1.04678,1.78858
-1.04629,1.7889
-1.04582,1.78919
-1.04536,1.78954
-1.04489,1.78989
-1.04443,1.79024
-1.04396,1.79061
-1.0435,1.79096
-1.04303,1.79137
-1.04257,1.79175
-1.0421,1.7921
-1.04167,1.79253
-1.04123,1.79291
-1.04082,1.79346
-1.04039,1.79399
-1.03998,1.7946
-1.0396,1.79532
-1.03922,1.79614
-1.03882,1.79713
-1.03841,1.79797
-1.03803,1.79905
-1.0376,1.79995
-1.03725,1.80082
-1.0369,1.80163
-1.03655,1.80245
-1.03617,1.80303
-1.03582,1.80358
-1.03544,1.80396
-1.03512,1.80425
-1.03477,1.80448
-1.03443,1.80463
-1.03411,1.80483
-1.03376,1.80495
-1.03341,1.80509
-1.03312,1.80527
-1.0328,1.80544
-1.03251,1.80562
-1.03219,1.80588
-1.0319,1.80611
-1.03161,1.80646
-1.03134,1.80681
-1.03108,1.80721
-1.03085,1.80768
-1.03059,1.80823
-1.03033,1.80884
-1.03009,1.8094
-1.02989,1.80998
-1.02966,1.81065
-1.02943,1.81117
-1.02922,1.81181
-1.02905,1.81236
-1.02884,1.81294
-1.02864,1.81344
-1.02849,1.81387
-1.02832,1.81419
-1.02818,1.81448
-1.028,1.81466
-1.02786,1.81477
-1.02771,1.81486
-1.02756,1.81492
-1.02742,1.81489
-1.0273,1.81486
-1.02716,1.81483
-1.02704,1.81483
-1.02692,1.81477
-1.02681,1.81477
-1.02672,1.81483
-1.02661,1.81483
-1.02655,1.81498
-1.02643,1.81506
-1.02637,1.81521
-1.02631,1.81538
-1.02626,1.81556
-1.0262,1.8157
-1.02617,1.81591
-1.02611,1.81602
-1.02608,1.81617
-1.02608,1.81629
-1.02608,1.81634
-1.02605,1.81637
-1.02605,1.81637
-1.02605,1.81637
-1.02605,1.81637
-1.02605,1.81637
-1.02605,1.81637
-1.02605,1.81637
-1.02605,1.81637
-1.02605,1.81637
-1.02605,1.81637
-1.02605,1.81637
-1.02605,1.81637
-1.02605,1.81637
-1.02605,1.81637
-1.02605,1.81637
-1.02605,1.81637
-1.02605,1.81637
-1.02605,1.81637
-1.02605,1.81637
-1.02605,1.81637
-1.02605,1.81643
-1.02605,1.81643
-1.02605,1.81643
-1.02605,1.81646
-1.02605,1.81646
-1.02602,1.81643
-1.02602,1.81643
-1.02602,1.81643
-1.02602,1.81643
-1.02602,1.81643
-1.02599,1.8164
-1.02599,1.8164
-1.02599,1.8164
-1.02599,1.8164
-1.02599,1.8164
-1.02599,1.8164
-1.02599,1.8164
-1.02599,1.8164
-1.02599,1.8164
-1.02597,1.8164
-1.02597,1.8164
-1.02597,1.8164
-1.02594,1.81637
-1.02594,1.8164
-1.02591,1.81637
-1.02588,1.81637
-1.02588,1.8164
-1.02585,1.8164
-1.02579,1.81637
-1.02576,1.81634
-1.02573,1.81634
-1.0257,1.81637
-1.02567,1.8164
-1.02565,1.8164
-1.02559,1.81637
-1.02556,1.8164
-1.0255,1.81637
-1.02547,1.8164
-1.02541,1.81637
-1.02538,1.8164
-1.02535,1.8164
-1.0253,1.8164
-1.02527,1.8164
-1.02524,1.81643
-1.02521,1.81643
-1.02512,1.8164
-1.02509,1.81646
-1.02501,1.81643
-1.02498,1.81646
-1.02492,1.81646
-1.02486,1.81646
-1.02477,1.81649
-1.02472,1.81649
-1.02466,1.81649
-1.0246,1.81649
-1.02454,1.81652
-1.02445,1.81649
-1.0244,1.81652
-1.02431,1.81652
-1.02425,1.81652
-1.02419,1.81655
-1.0241,1.81655
-1.02402,1.81655
-1.02396,1.81655
-1.0239,1.81658
-1.02381,1.81658
-1.02376,1.81658
-1.0237,1.81661
-1.02364,1.81663
-1.02352,1.81658
-1.02347,1.81658
-1.02338,1.81658
-1.02332,1.81661
-1.02326,1.81661
-1.02317,1.81661
-1.02312,1.81661
-1.02303,1.81658
-1.02297,1.81661
-1.02288,1.81661
-1.02283,1.81661
-1.02277,1.81661
-1.02268,1.81661
-1.02265,1.81663
-1.02259,1.81663
-1.02251,1.81661
-1.02245,1.81658
-1.02239,1.81658
-1.02233,1.81661
-1.0223,1.81663
-1.02221,1.81661
-1.02219,1.81661
-1.02213,1.81658
-1.02207,1.81658
-1.02204,1.81658
-1.02198,1.81661
-1.02195,1.81661
-1.0219,1.81661
-1.02187,1.81661
-1.02181,1.81658
-1.02178,1.81658
-1.02172,1.81655
-1.02169,1.81658
-1.02163,1.81658
-1.02163,1.81661
-1.02158,1.81658
-1.02155,1.81658
-1.02149,1.81655
-1.02146,1.81655
-1.02143,1.81655
-1.02137,1.81652
-1.02134,1.81652
-1.02131,1.81655
-1.02126,1.81652
-1.02123,1.81655
-1.02117,1.81652
-1.02114,1.81655
-1.02108,1.81652
-1.02105,1.81652
-1.02102,1.81652
-1.02094,1.81649
-1.02091,1.81652
-1.02085,1.81649
-1.02082,1.81652
-1.02076,1.81652
-1.02067,1.81649
-1.02062,1.81652
-1.02053,1.81646
-1.02047,1.81646
-1.02041,1.81649
-1.02035,1.81649
-1.02027,1.81649
-1.02021,1.81649
-1.02012,1.81649
-1.02003,1.81646
-1.01995,1.81646
-1.01989,1.81649
-1.01977,1.81646
-1.01969,1.81646
-1.01957,1.81646
-1.01945,1.81649
-1.01937,1.81649
-1.01922,1.81646
-1.0191,1.81643
-1.01899,1.81643
-1.0189,1.81646
-1.01876,1.81646
-1.01864,1.81646
-1.01852,1.81649
-1.01838,1.81643
-1.01826,1.81649
-1.01812,1.81649
-1.01794,1.81649
-1.0178,1.81646
-1.01765,1.81646
-1.0175,1.81646
-1.01736,1.81646
-1.01721,1.81643
-1.0171,1.81646
-1.01695,1.81646
-1.01678,1.81643
-1.01663,1.81643
-1.01649,1.81646
-1.01631,1.81643
-1.01617,1.81643
-1.01599,1.81643
-1.01585,1.81646
-1.01564,1.81643
-1.0155,1.81646
-1.0153,1.81643
-1.01512,1.81643
-1.01492,1.81643
-1.01474,1.81646
-1.01454,1.81646
-1.01434,1.81643
-1.01416,1.81646
-1.01396,1.81646
-1.01375,1.81646
-1.01355,1.81646
-1.01329,1.81646
-1.01306,1.81646
-1.01282,1.81646
-1.01259,1.81649
-1.01236,1.81655
-1.01213,1.81661
-1.01186,1.81666
-1.0116,1.81678
-1.01131,1.81687
-1.01105,1.81713
-1.0107,1.81725
-1.01038,1.81742
-1.01009,1.81768
-1.00971,1.81791
-1.00936,1.81809
-1.00902,1.81835
-1.00864,1.81852
-1.00826,1.81879
-1.00779,1.81896
-1.00739,1.81931
-1.00692,1.81963
-1.0064,1.81992
-1.0059,1.8203
-1.00541,1.82059
-1.00489,1.82091
-1.00436,1.82123
-1.00381,1.82155
-1.00317,1.82166
-1.00259,1.82184
-1.00195,1.82193
-1.00122,1.82184
-1.00061,1.82178
-0.999944,1.82166
-0.999305,1.82172
-0.998461,1.82152
-0.997793,1.82161
-0.997037,1.82158
-0.996368,1.82169
-0.995699,1.82181
-0.995089,1.82204
-0.994449,1.82233
-0.993722,1.82268
-0.992966,1.823
-0.99221,1.82347
-0.991396,1.82379
-0.990699,1.82437
-0.990001,1.82489
-0.989332,1.82547
-0.988722,1.82608
-0.988111,1.82672
-0.987471,1.82742
-0.986745,1.828
-0.985989,1.82844
-0.985233,1.82882
-0.984564,1.82917
-0.983895,1.8294
-0.983227,1.82954
-0.982587,1.82969
-0.981976,1.82978
-0.981366,1.82983
-0.980726,1.82986
-0.980116,1.82986
-0.979447,1.82983
-0.978778,1.82981
-0.97811,1.82978
-0.97747,1.82981
-0.976685,1.82995
-0.975987,1.8301
-0.975406,1.83033
-0.974708,1.83062
-0.974097,1.83097
-0.973458,1.83146
-0.97276,1.8319
-0.972091,1.83245
-0.971423,1.83324
-0.970725,1.83396
-0.970172,1.83475
-0.969533,1.83556
-0.969009,1.83626
-0.968457,1.8369
-0.967963,1.83736
-0.967468,1.83777
-0.966974,1.83792
-0.966596,1.83806
-0.96616,1.83798
-0.965811,1.83789
-0.965433,1.83768
-0.965084,1.83754
-0.964706,1.83734
-0.964387,1.83719
-0.964096,1.8371
-0.963834,1.83699
-0.963602,1.8369
-0.963427,1.83684
-0.963253,1.83684
-0.963136,1.83681
-0.963049,1.83684
-0.962933,1.83681
-0.962875,1.83684
-0.962846,1.83687
-0.962817,1.83687
-0.962817,1.8369
-0.962817,1.8369
-0.962817,1.8369
-0.962817,1.8369
-0.962817,1.8369
-0.962817,1.8369
-0.962846,1.83687
-0.962875,1.8369
-0.962933,1.83693
-0.96302,1.83699
-0.963107,1.83702
-0.963224,1.83707
-0.963311,1.8371
-0.963398,1.83716
-0.963456,1.83713
-0.963514,1.83716
-0.963602,1.83719
-0.96366,1.83722
-0.963718,1.83725
-0.963776,1.83731
-0.963834,1.83736
-0.963863,1.83739
-0.963892,1.83742
-0.963892,1.83742
-0.963892,1.83742
-0.963892,1.83742
-0.963892,1.83742
-0.963892,1.83742
-0.963892,1.83742
-0.963863,1.83739
-0.963863,1.83739
-0.963834,1.83742
-0.963834,1.83742
-0.963834,1.83745
-0.963805,1.83742
-0.963805,1.83742
-0.963805,1.83742
-0.963805,1.83742
-0.963805,1.83742
-0.963805,1.83742
-0.963805,1.83742
-0.963805,1.83742
-0.963805,1.83742
-0.963805,1.83742
-0.963805,1.83742
-0.963805,1.83742
-0.963805,1.83742
-0.963805,1.83742
-0.963805,1.83742
-0.963805,1.83742
-0.963805,1.83742
-0.963805,1.83742
-0.963805,1.83742
-0.963776,1.83742
-0.963776,1.83742
-0.963776,1.83745
-0.963776,1.83745
-0.963776,1.83745
-0.963776,1.83745
-0.963776,1.83745
-0.963776,1.83745
-0.963776,1.83748
-0.963776,1.83748
-0.963776,1.83748
-0.963776,1.83748
-0.963776,1.83748
-0.963776,1.83748
-0.963776,1.83748
-0.963776,1.83748
-0.963776,1.83748
-0.963776,1.83748
-0.963776,1.83751
-0.963776,1.83751
-0.963776,1.83751
-0.963776,1.83754
-0.963776,1.83754
-0.963747,1.83754
-0.963747,1.83754
-0.963747,1.83757
-0.963747,1.8376
-0.963718,1.83763
-0.963718,1.83766
-0.963689,1.83766
-0.963689,1.83768
-0.96366,1.83768
-0.96366,1.83771
-0.963602,1.83768
-0.963602,1.83771
-0.963573,1.83774
-0.963573,1.83777
-0.963543,1.8378
-0.963543,1.83786
-0.963514,1.83789
-0.963514,1.83795
-0.963514,1.838
-0.963485,1.83806
-0.963485,1.83809
-0.963485,1.83815
-0.963456,1.83821
-0.963456,1.83827
-0.963456,1.83832
-0.963427,1.83838
-0.963427,1.83847
-0.963427,1.83853
-0.963398,1.83861
-0.963398,1.8387
-0.963398,1.83879
-0.963369,1.83885
-0.963369,1.83896
-0.963369,1.83908
-0.96334,1.83914
-0.96334,1.83925
-0.96334,1.83937
-0.96334,1.83952
-0.963282,1.83957
-0.963282,1.83969
-0.963282,1.83984
-0.963282,1.83998
-0.963282,1.84007
-0.963282,1.84021
-0.963253,1.8403
-0.963253,1.84045
-0.963253,1.84056
-0.963253,1.84068
-0.963224,1.84077
-0.963224,1.84088
-0.963224,1.84097
-0.963224,1.84106
-0.963195,1.84112
-0.963195,1.84117
-0.963165,1.84126
-0.963165,1.84135
-0.963136,1.84138
-0.963107,1.84144
-0.963078,1.84152
-0.963049,1.84158
-0.96302,1.84167
-0.962962,1.8417
-0.962933,1.84178
-0.962904,1.84187
-0.962875,1.84193
-0.962817,1.84202
-0.962758,1.8421
-0.9627,1.84219
-0.962642,1.84228
-0.962555,1.84234
-0.962497,1.84245
-0.962439,1.84257
-0.962351,1.84266
-0.962264,1.84277
-0.962206,1.84292
-0.962119,1.84303
-0.961973,1.84312
-0.961886,1.8433
-0.96177,1.84341
-0.961654,1.84356
-0.961566,1.84376
-0.96145,1.84396
-0.961305,1.84414
-0.961159,1.84431
-0.961014,1.84452
-0.960869,1.84475
-0.960723,1.84498
-0.960578,1.8453
-0.960374,1.84562
-0.9602,1.846
-0.960025,1.84641
-0.959822,1.84676
-0.959648,1.84719
-0.959444,1.84757
-0.959211,1.84795
-0.959008,1.84847
-0.958746,1.84894
-0.958514,1.84943
-0.958223,1.8499
-0.957932,1.85036
-0.95767,1.85086
-0.95738,1.85135
-0.957089,1.85179
-0.956798,1.85228
-0.956449,1.85266
-0.95613,1.85309
-0.955781,1.85341
-0.955461,1.85376
-0.955083,1.85402
-0.954734,1.85434
-0.954356,1.85463
-0.953833,1.85504
-0.953397,1.85536
-0.952931,1.85562
-0.952408,1.85583
-0.951914,1.85612
-0.951449,1.85623
-0.950896,1.8565
-0.950373,1.85658
-0.949762,1.85676
-0.94921,1.85682
-0.948716,1.8569
-0.948192,1.85708
-0.947698,1.85716
-0.947175,1.85728
-0.94668,1.85743
-0.946099,1.85763
-0.945401,1.85775
-0.944878,1.85804
-0.944209,1.85818
-0.943599,1.85827
-0.943075,1.85847
-0.942465,1.85862
-0.941912,1.85891
-0.941215,1.85888
-0.940691,1.859
-0.940168,1.85908
-0.939645,1.85917
-0.93915,1.85923
-0.938656,1.85932
-0.938133,1.85934
-0.937551,1.85926
-0.937057,1.85923
-0.936563,1.8592
-0.935981,1.85908
-0.935516,1.85902
-0.934993,1.85894
-0.934498,1.85879
-0.934062,1.85873
-0.933626,1.85862
-0.933161,1.85847
-0.932783,1.85844
-0.932347,1.85833
-0.931969,1.8583
-0.931562,1.85824
-0.931213,1.85821
-0.930893,1.85821
-0.930573,1.85818
-0.930254,1.85815
-0.929992,1.85821
-0.929701,1.85821
-0.92941,1.85821
-0.929178,1.85827
-0.928887,1.85827
-0.928655,1.8583
-0.928393,1.85827
-0.92816,1.85827
-0.927928,1.85827
-0.927666,1.85818
-0.927463,1.85818
-0.927288,1.85821
-0.927055,1.85815
-0.926852,1.85815
-0.926648,1.85812
-0.926474,1.85815
-0.9263,1.85815
-0.926154,1.85815
-0.92598,1.85821
-0.925776,1.85818
-0.925602,1.85818
-0.925427,1.85821
-0.925224,1.85818
-0.925078,1.85818
-0.924904,1.85824
-0.92473,1.85824
-0.924555,1.85824
-0.924381,1.85824
-0.924235,1.85827
-0.924061,1.85827
-0.923799,1.8583
-0.923567,1.8583
-0.923363,1.85833
-0.92313,1.85836
-0.922927,1.85839
-0.922723,1.85841
-0.922491,1.85844
-0.922258,1.85844
-0.921997,1.85844
-0.921735,1.85847
-0.92156,1.85856
-0.921299,1.85853
-0.921095,1.85856
-0.920892,1.85862
-0.920659,1.85868
-0.920427,1.85873
-0.920223,1.85879
-0.91999,1.85885
-0.919729,1.85894
-0.919496,1.85905
-0.919235,1.85914
-0.919002,1.85923
-0.91874,1.85929
-0.918508,1.85937
-0.918275,1.85946
-0.918013,1.85952
-0.917752,1.85955
-0.917519,1.85964
-0.917258,1.85969
-0.916996,1.85975
-0.916763,1.85984
-0.916502,1.8599
-0.916211,1.85996
-0.915949,1.86001
-0.915717,1.86016
-0.915455,1.86028
-0.915193,1.86039
-0.914961,1.86057
-0.91467,1.86071
-0.914408,1.8608
-0.914176,1.86097
-0.913885,1.86103
-0.913681,1.86115
-0.913449,1.86126
-0.913187,1.86132
-0.912955,1.86135
-0.912722,1.86138
-0.912518,1.86141
-0.912286,1.86141
-0.912053,1.86144
-0.911792,1.86135
-0.911588,1.86135
-0.911385,1.86135
-0.91121,1.86135
-0.911007,1.86135
-0.910803,1.86132
-0.910629,1.86135
-0.910367,1.86135
-0.910193,1.86135
-0.909989,1.86129
-0.909844,1.86132
-0.909669,1.86132
-0.909437,1.86129
-0.909262,1.86126
-0.909146,1.86129
-0.909,1.86126
-0.908855,1.86121
-0.908739,1.86123
-0.908623,1.86123
-0.908506,1.86118
-0.908448,1.86121
-0.908361,1.86121
-0.908274,1.86121
-0.908186,1.86118
-0.908157,1.86121
-0.908099,1.86121
-0.908041,1.86118
-0.908041,1.86123
-0.907983,1.86123
-0.907983,1.86126
-0.907954,1.86126
-0.907896,1.86121
-0.907896,1.86123
-0.907867,1.86123
-0.907867,1.86126
-0.907867,1.86126
-0.907867,1.86129
-0.907867,1.86132
-0.907867,1.86132
-0.907867,1.86135
-0.907838,1.86138
-0.907838,1.86144
-0.907838,1.86147
-0.907838,1.86153
-0.907838,1.86158
-0.907838,1.86164
-0.907838,1.8617
-0.907838,1.86179
-0.907838,1.86187
-0.907838,1.86199
-0.907838,1.86211
-0.907838,1.86222
-0.907838,1.86234
-0.907838,1.86248
-0.907838,1.86263
-0.907838,1.86278
-0.907838,1.86295
-0.907838,1.8631
-0.907808,1.86321
-0.907808,1.86339
-0.907808,1.86353
-0.907779,1.86368
-0.90775,1.86376
-0.90775,1.86394
-0.907721,1.86405
-0.907692,1.86411
-0.907663,1.86423
-0.907605,1.86432
-0.907547,1.86437
-0.907518,1.86446
-0.907489,1.86458
-0.90743,1.86467
-0.907401,1.86475
-0.907372,1.8649
-0.907314,1.86501
-0.907256,1.86516
-0.907198,1.86528
-0.90714,1.86545
-0.907082,1.8656
-0.907023,1.8658
-0.906994,1.86597
-0.906907,1.86615
-0.906849,1.86635
-0.906762,1.86653
-0.906704,1.8667
-0.906645,1.86687
-0.906587,1.86708
-0.9065,1.86725
-0.906442,1.8674
-0.906355,1.86757
-0.906268,1.86772
-0.90618,1.86792
-0.906064,1.86813
-0.905977,1.86833
-0.90589,1.86859
-0.905773,1.86882
-0.905686,1.86911
-0.90557,1.8694
-0.905453,1.86972
-0.905308,1.86999
-0.905221,1.87036
-0.905075,1.87068
-0.904959,1.87106
-0.904843,1.8715
-0.904727,1.8719
-0.904552,1.87228
-0.904407,1.87272
-0.904261,1.87315
-0.904116,1.87359
-0.903942,1.87403
-0.903767,1.87446
-0.903622,1.8749
-0.903418,1.87534
-0.903244,1.87574
-0.90304,1.87615
-0.902837,1.87653
-0.902633,1.87682
-0.902401,1.87711
-0.902197,1.87737
-0.901965,1.8776
-0.901703,1.87775
-0.90147,1.87792
-0.901209,1.87798
-0.900947,1.87804
-0.900685,1.8781
-0.900424,1.87813
-0.900191,1.87816
-0.8999,1.87813
-0.89961,1.8781
-0.899348,1.8781
-0.899057,1.8781
-0.898766,1.8781
-0.898476,1.87807
-0.898156,1.87801
-0.897836,1.87798
-0.897545,1.87792
-0.897255,1.87792
-0.896964,1.87789
-0.896644,1.87784
-0.896353,1.87784
-0.896063,1.87786
-0.895655,1.87784
-0.895278,1.87778
-0.894929,1.87784
-0.894522,1.87778
-0.894173,1.87781
-0.893911,1.87784
-0.893562,1.87784
-0.893271,1.87786
-0.892952,1.87789
-0.892748,1.87798
-0.892457,1.87801
-0.892196,1.87804
-0.891963,1.87807
-0.891701,1.8781
-0.89144,1.87813
-0.891207,1.87816
-0.890916,1.87818
-0.890684,1.87824
-0.890422,1.87827
-0.89019,1.8783
-0.889986,1.87833
-0.889783,1.87836
-0.889579,1.87842
-0.889346,1.87848
-0.889143,1.87853
-0.888939,1.87859
-0.888707,1.87862
-0.888532,1.87871
-0.8883,1.87871
-0.888096,1.87874
-0.887922,1.8788
-0.887747,1.87882
-0.887515,1.8788
-0.88734,1.87882
-0.887166,1.87885
-0.886991,1.87885
-0.886846,1.87894
-0.886701,1.879
-0.886555,1.87903
-0.886381,1.87906
-0.886294,1.87917
-0.886119,1.87917
-0.886003,1.87929
-0.885858,1.87935
-0.88577,1.87943
-0.885625,1.87952
-0.885509,1.87961
-0.885363,1.87967
-0.885276,1.87978
-0.885131,1.87984
-0.885043,1.87993
-0.884927,1.88002
-0.88484,1.88007
-0.884724,1.8801
-0.884636,1.88019
-0.88452,1.88022
-0.884404,1.88025
-0.884317,1.88028
-0.8842,1.88028
-0.884113,1.88034
-0.884026,1.88037
-0.88391,1.88034
-0.883851,1.88037
-0.883735,1.88034
-0.883677,1.88037
-0.88359,1.88037
-0.883532,1.88037
-0.883444,1.88037
-0.883386,1.88039
-0.88327,1.88034
-0.883183,1.88034
-0.883125,1.88037
-0.883037,1.88037
-0.88295,1.88034
-0.882892,1.88037
-0.882834,1.88037
-0.882747,1.88037
-0.88263,1.88031
-0.882572,1.88031
-0.882456,1.88028
-0.882398,1.88031
-0.88231,1.88031
-0.882223,1.88028
-0.882136,1.88028
-0.882049,1.88025
-0.881933,1.88025
-0.881845,1.88028
-0.881729,1.88022
-0.881642,1.88028
-0.881525,1.88025
-0.881409,1.88025
-0.881293,1.88022
-0.881177,1.88022
-0.881031,1.88019
-0.880944,1.88025
-0.880799,1.88022
-0.880653,1.88022
-0.880508,1.88022
-0.880333,1.88025
-0.88013,1.88025
-0.879897,1.88022
-0.879665,1.88025
-0.879403,1.88022
-0.879141,1.88025
-0.878909,1.88025
-0.878618,1.88022
-0.878327,1.88025
-0.878008,1.88025
-0.877659,1.88022
-0.87731,1.88022
-0.87699,1.88019
-0.876641,1.88019
-0.876263,1.88013
-0.875856,1.88007
-0.875507,1.8801
-0.8751,1.88007
-0.87478,1.88007
-0.874344,1.88007
-0.873879,1.88005
-0.873443,1.88005
-0.872978,1.88005
-0.872571,1.88002
-0.872251,1.88005
-0.871931,1.88002
-0.871611,1.88002
-0.871262,1.87999
-0.870943,1.88002
-0.870594,1.87999
-0.870245,1.87996
-0.869925,1.87999
-0.869576,1.87999
-0.869169,1.8799
-0.86882,1.87987
-0.868471,1.87987
-0.868151,1.87984
-0.867832,1.87984
-0.867541,1.87984
-0.86725,1.87984
-0.866988,1.8799
-0.866698,1.8799
-0.866407,1.87996
-0.866116,1.87999
-0.865855,1.88005
-0.865535,1.88007
-0.865244,1.88013
-0.864924,1.8801
-0.864692,1.88022
-0.864401,1.88028
-0.86411,1.88028
-0.863819,1.88031
-0.8635,1.88028
-0.863209,1.88031
-0.862947,1.88034
-0.862656,1.88034
-0.862366,1.88034
-0.862075,1.88037
-0.861784,1.88039
-0.861493,1.88045
-0.861115,1.88039
-0.860796,1.88039
-0.860476,1.88045
-0.860214,1.88051
-0.859894,1.8806
-0.859545,1.88071
-0.859168,1.88077
-0.85879,1.88089
-0.85847,1.88103
-0.85815,1.88121
-0.857801,1.88135
-0.857452,1.88147
-0.857132,1.88164
-0.856725,1.88176
-0.856347,1.88176
-0.855998,1.88182
-0.85565,1.88182
-0.855243,1.88176
-0.854923,1.88173
-0.854545,1.88167
-0.854196,1.88162
-0.853847,1.88156
-0.85344,1.88153
-0.853033,1.88147
-0.852684,1.88144
-0.852335,1.88141
-0.851986,1.88138
-0.851608,1.88138
-0.851288,1.88138
-0.850969,1.88141
-0.850562,1.88138
-0.850184,1.88135
-0.849893,1.88138
-0.849544,1.88135
-0.849224,1.8813
-0.848904,1.88127
-0.848643,1.88127
-0.848323,1.8813
-0.848003,1.88124
-0.847712,1.88121
-0.847451,1.88121
-0.847189,1.88121
-0.846927,1.88118
-0.846695,1.88118
-0.846462,1.88121
-0.8462,1.88118
-0.845997,1.88118
-0.845735,1.88115
-0.845532,1.88118
-0.845328,1.88121
-0.845125,1.88121
-0.844892,1.88121
-0.844718,1.88124
-0.844427,1.88124
-0.844223,1.88124
-0.844049,1.8813
-0.843845,1.88132
-0.843671,1.88135
-0.843438,1.88135
-0.843264,1.88141
-0.84306,1.88144
-0.842799,1.88147
-0.842566,1.8815
-0.842334,1.88153
-0.842101,1.88156
-0.841839,1.88162
-0.841578,1.88162
-0.841345,1.88164
-0.841142,1.88162
-0.840967,1.88162
-0.840764,1.88162
-0.840589,1.88164
-0.840415,1.88164
-0.840211,1.88162
-0.840037,1.88164
-0.839862,1.88167
-0.839601,1.8817
-0.839368,1.8817
-0.839165,1.88173
-0.838932,1.88173
-0.838728,1.88176
-0.838496,1.88179
-0.838263,1.88179
-0.83806,1.88185
-0.837827,1.88188
-0.837624,1.88194
-0.837391,1.88194
-0.837158,1.88199
-0.836955,1.88205
-0.836722,1.88211
-0.836519,1.88223
-0.836344,1.88228
-0.836199,1.88237
-0.836025,1.88243
-0.83585,1.88252
-0.835705,1.8826
-0.835559,1.88266
-0.835414,1.88281
-0.83521,1.88284
-0.835036,1.88289
-0.834891,1.88298
-0.834716,1.88304
-0.834542,1.88307
-0.834367,1.88316
-0.834222,1.88321
-0.834048,1.88324
-0.833873,1.88327
-0.833699,1.8833
-0.833495,1.8833
-0.83335,1.88333
-0.833175,1.8833
-0.833001,1.8833
-0.832855,1.8833
-0.832652,1.88333
-0.832478,1.88333
-0.832332,1.88336
-0.832129,1.88333
-0.831925,1.88333
-0.831751,1.88333
-0.831576,1.88333
-0.831402,1.88333
-0.831227,1.88333
-0.831053,1.88336
-0.830878,1.88339
-0.830675,1.88336
-0.8305,1.88333
-0.830355,1.88336
-0.83021,1.88336
-0.830006,1.88336
-0.829832,1.88333
-0.829686,1.88333
-0.829541,1.8833
-0.829396,1.8833
-0.82925,1.88327
-0.829105,1.88327
-0.828989,1.8833
-0.828843,1.8833
-0.828698,1.88324
-0.828553,1.88324
-0.828436,1.88324
-0.828291,1.88324
-0.828175,1.88321
-0.828029,1.88319
-0.827913,1.88319
-0.827768,1.88316
-0.827651,1.88316
-0.827506,1.88313
-0.82739,1.8831
-0.827273,1.8831
-0.827128,1.8831
-0.827012,1.88307
-0.826866,1.88304
-0.826721,1.88304
-0.826575,1.88301
-0.82643,1.88295
-0.826285,1.88295
-0.826139,1.88292
-0.826023,1.88292
-0.825878,1.88289
-0.825732,1.88289
-0.825587,1.88287
-0.825442,1.88284
-0.825296,1.88284
-0.825122,1.88278
-0.824947,1.88272
-0.824802,1.88272
-0.824657,1.88272
-0.824482,1.88269
-0.824308,1.88266
-0.824133,1.88263
-0.823959,1.88257
-0.823813,1.8826
-0.823639,1.88257
-0.823465,1.88255
-0.82329,1.88255
-0.823116,1.88252
-0.822941,1.88252
-0.822796,1.88252
-0.822592,1.88249
-0.822418,1.88249
-0.822214,1.88249
-0.822011,1.88246
-0.821836,1.88246
-0.821633,1.88243
-0.821429,1.8824
-0.821255,1.88237
-0.821022,1.88237
-0.820848,1.88237
-0.820644,1.88237
-0.82047,1.8824
-0.820266,1.88237
-0.820092,1.88237
-0.819888,1.88237
-0.819685,1.88234
-0.819481,1.88234
-0.819278,1.88237
-0.819074,1.88234
-0.8189,1.8824
-0.818667,1.88243
-0.818435,1.88243
-0.818202,1.88243
-0.81797,1.88246
-0.817737,1.88246
-0.817533,1.88252
-0.817301,1.88252
-0.817068,1.8826
-0.816807,1.88263
-0.816516,1.88266
-0.816312,1.88275
-0.816022,1.88278
-0.815731,1.88284
-0.815469,1.88289
-0.815208,1.88301
-0.814917,1.88304
-0.814684,1.88316
-0.814393,1.8833
-0.814074,1.88339
-0.813783,1.88353
-0.813521,1.8838
-0.813201,1.884
-0.812911,1.88426
-0.812591,1.88455
-0.812271,1.88487
-0.811951,1.88516
-0.81166,1.88557
-0.811312,1.88595
-0.810992,1.88644
-0.810643,1.88697
-0.810323,1.88749
-0.809974,1.88798
-0.809625,1.88845
-0.809247,1.88885
-0.808898,1.88917
-0.808608,1.88949
-0.808259,1.8897
-0.80791,1.88979
-0.807619,1.88987
-0.807299,1.88987
-0.807009,1.88987
-0.806689,1.88987
-0.806369,1.88979
-0.806049,1.88976
-0.805788,1.88976
-0.805497,1.88979
-0.805177,1.88979
-0.804915,1.88984
-0.804625,1.8899
-0.804363,1.88999
-0.804101,1.89013
-0.80384,1.89025
-0.803578,1.8904
-0.803316,1.89057
-0.803055,1.89077
-0.802822,1.89101
-0.802531,1.89118
-0.80224,1.89127
-0.802008,1.89141
-0.801746,1.8915
-0.801514,1.89156
-0.801252,1.89156
-0.801019,1.89159
-0.800787,1.89153
-0.800583,1.8915
-0.80038,1.89147
-0.800205,1.89147
-0.800002,1.89141
-0.799827,1.89141
-0.799653,1.89141
-0.799478,1.89141
-0.799333,1.89141
-0.799159,1.89141
-0.799013,1.89144
-0.798839,1.89141
-0.798693,1.89141
-0.798519,1.89141
-0.798374,1.89141
-0.798199,1.89141
-0.798025,1.89138
-0.797879,1.89138
-0.797676,1.89136
-0.79753,1.89138
-0.797327,1.89138
-0.797123,1.89136
-0.796949,1.89136
-0.796716,1.89138
-0.796484,1.89136
-0.79628,1.89138
-0.796019,1.89136
-0.795786,1.89138
-0.795553,1.89141
-0.795292,1.89141
-0.79503,1.8915
-0.79471,1.89147
-0.79439,1.89144
-0.794129,1.8915
-0.793809,1.89144
-0.793489,1.89144
-0.793169,1.89144
-0.792762,1.89147
-0.792355,1.89144
-0.791919,1.89147
-0.791425,1.89147
-0.79096,1.89147
-0.790524,1.89144
-0.790146,1.8915
-0.78968,1.89153
-0.789273,1.89159
-0.788837,1.89176
-0.788343,1.89179
-0.787878,1.89194
-0.787442,1.89205
-0.787035,1.89223
-0.786628,1.89237
-0.786221,1.89255
-0.785755,1.89272
-0.785174,1.89272
-0.784738,1.89284
-0.784273,1.8929
-0.783778,1.89287
-0.783313,1.89284
-0.78279,1.89275
-0.782325,1.89269
-0.78183,1.89263
-0.781394,1.89261
-0.7809,1.89255
-0.780493,1.89252
-0.780115,1.89252
-0.779737,1.89255
-0.779301,1.89249
-0.778952,1.89255
-0.778574,1.89249
-0.778225,1.89246
-0.777876,1.8924
-0.777586,1.89237
-0.777295,1.89234
-0.777004,1.89231
-0.776684,1.89223
-0.776423,1.8922
-0.77619,1.89223
-0.775899,1.89217
-0.775696,1.89223
-0.775434,1.89217
-0.775231,1.89217
-0.775027,1.8922
-0.774795,1.89214
-0.77462,1.89214
-0.774446,1.89214
-0.774271,1.89214
-0.774097,1.89214
-0.773951,1.89217
-0.773777,1.89217
-0.773603,1.89217
-0.773457,1.8922
-0.773283,1.89214
-0.773137,1.89214
-0.772992,1.89214
-0.772818,1.89211
-0.772701,1.89211
-0.772556,1.89211
-0.77244,1.89214
-0.772294,1.89217
-0.772149,1.89214
-0.772003,1.89214
-0.771858,1.89214
-0.771713,1.89214
-0.771567,1.89217
-0.771422,1.89217
-0.771248,1.89214
-0.771131,1.89217
-0.770986,1.89217
-0.770811,1.89217
-0.770666,1.89217
-0.770521,1.8922
-0.770346,1.8922
-0.770201,1.8922
-0.770026,1.8922
-0.769852,1.8922
-0.769648,1.8922
-0.769445,1.8922
-0.769212,1.89223
-0.768951,1.89223
-0.768718,1.89223
-0.768456,1.89226
-0.768224,1.89226
-0.767933,1.89231
-0.767671,1.89231
-0.767352,1.89237
-0.76709,1.89243
-0.766828,1.89249
-0.766538,1.89255
-0.766247,1.89263
-0.765985,1.89272
-0.765636,1.89272
-0.765345,1.89278
-0.764997,1.89272
-0.764648,1.89272
-0.764299,1.89272
-0.763921,1.89263
-0.763601,1.89261
-0.76331,1.89263
-0.762961,1.89261
-0.762642,1.89261
-0.762322,1.89263
-0.761944,1.89261
-0.761624,1.89258
-0.761333,1.89258
-0.761013,1.89258
-0.760723,1.89255
-0.760461,1.89255
-0.76017,1.89255
-0.759909,1.89252
-0.759676,1.89255
-0.759414,1.89252
-0.759182,1.89246
-0.759007,1.89252
-0.758775,1.89243
-0.758571,1.8924
-0.758426,1.8924
-0.758251,1.89237
-0.758106,1.89231
-0.758019,1.89234
-0.757873,1.89226
-0.757786,1.89226
-0.757728,1.89226
-0.757641,1.8922
-0.757612,1.89223
-0.757583,1.8922
-0.757583,1.8922
-0.757554,1.89217
-0.757554,1.89217
-0.757554,1.89217
-0.757554,1.89217
-0.757554,1.89217
-0.757554,1.89217
-0.757583,1.8922
-0.757583,1.8922
-0.757583,1.8922
-0.757612,1.89223
-0.757612,1.89223
-0.757612,1.89223
-0.757612,1.89223
-0.757612,1.89223
-0.757612,1.89223
-0.757612,1.89223
-0.757612,1.89223
-0.757612,1.89223
-0.757612,1.89223
-0.757612,1.89223
-0.757583,1.8922
-0.757583,1.8922
-0.757583,1.8922
-0.757583,1.8922
-0.757583,1.8922
-0.757583,1.8922
-0.757583,1.8922
-0.757583,1.8922
-0.757583,1.8922
-0.757583,1.8922
-0.757583,1.8922
-0.757583,1.8922
-0.757583,1.8922
-0.757583,1.8922
-0.757583,1.8922
-0.757583,1.8922
-0.757583,1.8922
-0.757583,1.8922
-0.757583,1.8922
-0.757583,1.8922
-0.757554,1.89217
-0.757554,1.89217
-0.757554,1.89217
-0.757554,1.89217
-0.757525,1.89214
-0.757525,1.89214
-0.757525,1.89214
-0.757495,1.89211
-0.757466,1.89208
-0.757466,1.89208
-0.757437,1.89205
-0.757408,1.89202
-0.757379,1.89199
-0.757321,1.89194
-0.757292,1.89191
-0.757263,1.89188
-0.757234,1.89185
-0.757176,1.89179
-0.757147,1.89176
-0.757118,1.89173
-0.757088,1.8917
-0.757059,1.89168
-0.757001,1.89162
-0.756972,1.89159
-0.756943,1.89159
-0.756914,1.89156
-0.756885,1.89153
-0.756856,1.8915
-0.756827,1.89147
-0.756798,1.89144
-0.756769,1.89141
-0.75674,1.89138
-0.756681,1.89133
-0.756652,1.89133
-0.756652,1.89133
-0.756623,1.8913
-0.756565,1.89124
-0.756507,1.89118
-0.756449,1.89112
-0.756391,1.89109
-0.756333,1.89104
-0.756274,1.89098
-0.756187,1.89092
-0.756129,1.89086
-0.756071,1.8908
-0.756013,1.89074
-0.755925,1.89069
-0.755838,1.8906
-0.75578,1.89057
-0.755664,1.89045
-0.755577,1.8904
-0.755489,1.89034
-0.755373,1.89022
-0.755257,1.89013
-0.75514,1.89008
-0.754995,1.88999
-0.75485,1.8899
-0.754733,1.88987
-0.754588,1.88979
-0.754414,1.88973
-0.754297,1.8897
-0.754152,1.88967
-0.753978,1.88961
-0.753832,1.88958
-0.753658,1.88958
-0.753483,1.88955
-0.753309,1.88952
-0.753076,1.88947
-0.752902,1.88947
-0.752727,1.88947
-0.752495,1.88941
-0.752291,1.88941
-0.752088,1.88941
-0.751855,1.88935
-0.751652,1.88935
-0.75139,1.88932
-0.751157,1.88935
-0.750838,1.88926
-0.750605,1.88932
-0.750314,1.88929
-0.750023,1.88929
-0.749733,1.88932
-0.749413,1.88929
-0.749151,1.88938
-0.748773,1.88932
-0.748483,1.88935
-0.748163,1.88935
-0.747843,1.88938
-0.747523,1.88941
-0.747145,1.88941
-0.746767,1.88944
-0.746418,1.88952
-0.745982,1.88952
-0.745604,1.88961
-0.745197,1.8897
-0.744761,1.88981
-0.744325,1.88993
-0.74386,1.89002
-0.743395,1.89022
-0.742929,1.8904
-0.742435,1.89057
-0.741912,1.89083
-0.741359,1.89109
-0.74072,1.89115
-0.740138,1.89124
-0.739528,1.89124
-0.738917,1.89127
-0.738219,1.89127
-0.737405,1.89118
-0.736678,1.89112
-0.735952,1.89106
-0.735196,1.89112
-0.734411,1.89112
-0.733684,1.89112
-0.732986,1.89124
-0.732201,1.89124
-0.731387,1.89118
-0.730602,1.89115
-0.729759,1.89101
-0.729003,1.89101
-0.728247,1.89104
-0.727462,1.89106
-0.726677,1.89104
-0.725979,1.89104
-0.725252,1.89106
-0.724525,1.89106
-0.723711,1.89092
-0.722955,1.89083
-0.722083,1.8906
-0.721385,1.89057
-0.720688,1.89048
-0.71999,1.89054
-0.719234,1.8904
-0.718594,1.89045
-0.717926,1.89045
-0.717257,1.89063
-0.716501,1.89066
-0.715861,1.89086
-0.715047,1.89115
-0.714408,1.89147
-0.713826,1.89176
-0.713245,1.89208
-0.712663,1.89237
-0.712082,1.89263
-0.711471,1.89284
-0.710861,1.89301
-0.710279,1.89313
-0.70964,1.89319
-0.708971,1.89316
-0.708331,1.89301
-0.707721,1.8929
-0.707168,1.89275
-0.706587,1.89258
-0.705947,1.89243
-0.705395,1.89223
-0.7049,1.89205
-0.704435,1.89188
-0.70397,1.89165
-0.703534,1.89144
-0.703069,1.89124
-0.702662,1.89112
-0.702226,1.89095
-0.701877,1.89089
-0.701499,1.8908
-0.701208,1.8908
-0.700888,1.89074
-0.700598,1.89072
-0.700394,1.89074
-0.70022,1.8908
-0.700045,1.89083
-0.699871,1.89083
-0.699754,1.89089
-0.699638,1.89092
-0.69958,1.89098
-0.699522,1.89104
-0.699493,1.89109
-0.699464,1.89109
-0.699464,1.89112
-0.699464,1.89115
-0.699464,1.89115
-0.699464,1.89115
-0.699464,1.89115
-0.699493,1.89118
-0.699522,1.89121
-0.69958,1.89127
-0.699638,1.89133
-0.699725,1.89141
-0.699783,1.89147
-0.699842,1.89153
-0.699929,1.89162
-0.700016,1.8917
-0.700074,1.89176
-0.700103,1.89179
-0.700132,1.89182
-0.70022,1.89191
-0.700249,1.89194
-0.700278,1.89197
-0.700307,1.89199
-0.700307,1.89199
-0.700307,1.89199
-0.700307,1.89199
-0.700307,1.89199
-0.700307,1.89199
-0.700307,1.89199
-0.700307,1.89202
-0.700307,1.89202
-0.700307,1.89205
-0.700307,1.89208
-0.700278,1.89208
-0.700278,1.89211
-0.700249,1.89211
-0.700249,1.89214
-0.70022,1.89214
-0.70022,1.89217
-0.70019,1.89214
-0.70019,1.89214
-0.700161,1.89211
-0.700161,1.89214
-0.700161,1.89214
-0.700132,1.89211
-0.700132,1.89214
-0.700132,1.89214
-0.700103,1.89211
-0.700103,1.89211
-0.700103,1.89211
-0.700074,1.89208
-0.700074,1.89208
-0.700074,1.89208
-0.700074,1.89208
-0.700074,1.89208
-0.700074,1.89208
-0.700045,1.89205
-0.700045,1.89205
-0.700045,1.89205
-0.699987,1.89199
-0.699987,1.89199
-0.699958,1.89197
-0.699958,1.89197
-0.699929,1.89194
-0.699929,1.89194
-0.6999,1.89191
-0.699871,1.89191
-0.699842,1.89188
-0.699813,1.89185
-0.699783,1.89185
-0.699754,1.89185
-0.699725,1.89185
-0.699667,1.89182
-0.699638,1.89182
-0.699609,1.89182
-0.699551,1.89182
-0.699493,1.89179
-0.699435,1.89179
-0.699376,1.89176
-0.699318,1.89176
-0.699289,1.89176
-0.699231,1.89173
-0.699173,1.8917
-0.699144,1.8917
-0.699086,1.8917
-0.699028,1.89168
-0.698969,1.89168
-0.698911,1.89165
-0.698853,1.89165
-0.698795,1.89162
-0.698766,1.89168
-0.698679,1.89162
-0.69862,1.89159
-0.698562,1.89159
-0.698504,1.89159
-0.698446,1.89156
-0.69833,1.89153
-0.698213,1.8915
-0.698068,1.89144
-0.697981,1.89141
-0.697865,1.89141
-0.697719,1.89136
-0.697603,1.89133
-0.697458,1.89133
-0.697312,1.8913
-0.697138,1.8913
-0.696992,1.8913
-0.696847,1.8913
-0.696702,1.89133
-0.696585,1.89136
-0.696411,1.89141
-0.696236,1.89147
-0.696033,1.89153
-0.695829,1.89165
-0.695568,1.8917
-0.695306,1.89176
-0.694957,1.8917
-0.694666,1.8917
-0.694376,1.89168
-0.694114,1.89165
-0.693794,1.89162
-0.693503,1.89162
-0.693184,1.89162
-0.692864,1.89162
-0.692544,1.89165
-0.692166,1.89165
-0.691788,1.89165
-0.691352,1.89162
-0.691003,1.89165
-0.690596,1.89165
-0.690189,1.89168
-0.689724,1.89162
-0.689288,1.8917
-0.688735,1.8917
-0.688125,1.89168
-0.687543,1.89168
-0.686875,1.89162
-0.686293,1.89159
-0.685712,1.89159
-0.685159,1.89168
-0.684549,1.89165
-0.683967,1.89176
-0.683298,1.89182
-0.68263,1.89182
-0.68199,1.89194
-0.681263,1.89188
-0.680624,1.89191
-0.679984,1.89202
-0.679199,1.89199
-0.678414,1.89197
-0.677745,1.89202
-0.676989,1.89197
-0.676263,1.89191
-0.675623,1.89194
-0.674867,1.89185
-0.674227,1.89179
-0.673617,1.89173
-0.672948,1.89168
-0.672338,1.89159
-0.671727,1.89156
-0.671087,1.89153
-0.670419,1.89144
-0.669837,1.89144
-0.669198,1.89141
-0.668645,1.89141
-0.668093,1.89138
-0.667628,1.8915
-0.667075,1.89153
-0.666581,1.89168
-0.665912,1.89179
-0.665331,1.89188
-0.664807,1.89199
-0.664429,1.89217
-0.663993,1.8924
-0.663528,1.89255
-0.663063,1.89269
-0.662569,1.89278
-0.662103,1.8929
-0.661667,1.89301
-0.661144,1.89293
-0.660679,1.89298
-0.660185,1.89293
-0.659719,1.8929
-0.659196,1.89278
-0.65876,1.89278
-0.658178,1.89261
-0.657742,1.89261
-0.657219,1.89249
-0.656841,1.89252
-0.656376,1.89243
-0.656027,1.89249
-0.655562,1.89237
-0.655242,1.89243
-0.654835,1.89237
-0.654428,1.89229
-0.654108,1.89223
-0.653817,1.89214
-0.653556,1.89211
-0.653265,1.89199
-0.653032,1.89185
-0.6528,1.8917
-0.652625,1.89159
-0.652422,1.89141
-0.652218,1.89124
-0.652044,1.89106
-0.651898,1.89095
-0.651753,1.89083
-0.651666,1.8908
-0.651608,1.89077
-0.65155,1.89077
-0.65152,1.89077
-0.651491,1.89077
-0.651491,1.89077
-0.651491,1.89077
-0.651491,1.89077
-0.651491,1.89077
-0.651491,1.89077
-0.651491,1.89077
-0.65152,1.8908
-0.65155,1.89083
-0.651579,1.89086
-0.651637,1.89092
-0.651666,1.89095
-0.651695,1.89098
-0.651753,1.89104
-0.651811,1.89109
-0.651811,1.89106
-0.651869,1.89112
-0.651898,1.89115
-0.651928,1.89118
-0.651957,1.89121
-0.651986,1.89124
-0.651986,1.89124
-0.652015,1.89127
-0.652015,1.89127
-0.652015,1.89127
-0.652044,1.8913
-0.652044,1.8913
-0.652044,1.8913
-0.652044,1.8913
-0.652044,1.8913
-0.652044,1.8913
-0.652015,1.89127
-0.652015,1.89127
-0.651986,1.89124
-0.651986,1.89124
-0.651928,1.89118
-0.651898,1.89115
-0.651869,1.89112
-0.65184,1.89109
-0.651753,1.89101
-0.651724,1.89098
-0.651695,1.89095
-0.651666,1.89092
-0.651637,1.89089
-0.651579,1.89083
-0.65155,1.8908
-0.65152,1.89077
-0.651462,1.89072
-0.651404,1.89066
-0.651375,1.89063
-0.651346,1.8906
-0.651317,1.89057
-0.651259,1.89051
-0.65123,1.89048
-0.65123,1.89048
-0.651201,1.89045
-0.651172,1.89042
-0.651143,1.8904
-0.651084,1.89034
-0.651055,1.89031
-0.651026,1.89028
-0.650997,1.89025
-0.650968,1.89022
-0.65091,1.89016
-0.650881,1.89013
-0.650852,1.89011
-0.650823,1.89008
-0.650765,1.89002
-0.650735,1.88999
-0.650706,1.88996
-0.650677,1.88993
-0.650648,1.8899
-0.65059,1.88984
-0.650561,1.88981
-0.650503,1.88976
-0.650445,1.8897
-0.650416,1.88967
-0.650387,1.88964
-0.650358,1.88961
-0.650299,1.88955
-0.650241,1.88949
-0.650212,1.88947
-0.650125,1.88938
-0.650096,1.88935
-0.650038,1.88929
-0.64998,1.88923
-0.649892,1.88915
-0.649805,1.88906
-0.649718,1.88897
-0.649631,1.88888
-0.649573,1.88883
-0.649427,1.88871
-0.649282,1.88856
-0.649136,1.88842
-0.648962,1.88824
-0.648817,1.8881
-0.648613,1.88792
-0.648439,1.88775
-0.648293,1.88763
-0.64809,1.88743
-0.647886,1.88726
-0.647741,1.88714
-0.647595,1.88699
-0.647479,1.88691
-0.647334,1.88676
-0.647159,1.88662
-0.647014,1.88647
-0.64681,1.88633
-0.646607,1.88618
-0.646403,1.88601
-0.646229,1.88586
-0.646025,1.88571
-0.645822,1.88554
-0.645618,1.8854
-0.645415,1.88528
-0.645211,1.88513
-0.64495,1.88493
-0.644746,1.88478
-0.644572,1.88464
-0.644397,1.88452
-0.644223,1.88444
-0.644019,1.88429
-0.643787,1.88412
-0.643583,1.88397
-0.643409,1.88385
-0.643176,1.88371
-0.643002,1.88359
-0.642798,1.88345
-0.642595,1.88333
-0.642333,1.88313
-0.642042,1.88295
-0.641839,1.88284
-0.641606,1.88266
-0.641403,1.88257
-0.64117,1.88243
-0.640879,1.88226
-0.640676,1.88214
-0.640414,1.88199
-0.640182,1.88188
-0.63992,1.88176
-0.639658,1.88164
-0.639368,1.88147
-0.639048,1.88132
-0.638786,1.88118
-0.638466,1.88109
-0.638146,1.88092
-0.637827,1.88077
-0.637536,1.88066
-0.637245,1.88054
-0.636925,1.88039
-0.636518,1.88019
-0.636169,1.88007
-0.635791,1.87996
-0.635355,1.87975
-0.635006,1.87967
-0.634599,1.87952
-0.634221,1.87943
-0.633843,1.87938
-0.633378,1.87923
-0.632942,1.8792
-0.632506,1.87917
-0.632099,1.87914
-0.631605,1.87923
-0.63114,1.87929
-0.630674,1.87938
-0.630267,1.87955
-0.629773,1.87973
-0.629308,1.8799
-0.628872,1.88013
-0.628203,1.88048
-0.62768,1.88086
-0.62704,1.88109
-0.626459,1.88138
-0.62579,1.88185
-0.62515,1.88211
-0.624453,1.8826
-0.623842,1.88289
-0.623028,1.88327
-0.622214,1.88348
-0.621545,1.88353
-0.620818,1.88345
-0.620208,1.88336
-0.619597,1.88324
-0.618958,1.88307
-0.618376,1.88295
-0.617707,1.88287
-0.616922,1.8826
-0.616254,1.8824
-0.615585,1.88214
-0.614887,1.88182
-0.614218,1.88153
-0.613463,1.88121
-0.612707,1.88095
-0.612125,1.88083
-0.611398,1.88057
-0.61073,1.88039
-0.610119,1.88031
-0.609479,1.88028
-0.60884,1.88013
-0.608287,1.88013
-0.607706,1.88013
-0.607153,1.8801
-0.606572,1.88016
-0.606049,1.88016
-0.605554,1.88025
-0.60506,1.88034
-0.604595,1.88045
-0.60413,1.8806
-0.603635,1.88077
-0.603199,1.88095
-0.602792,1.88115
-0.602356,1.88132
-0.602007,1.88153
-0.601688,1.88182
-0.601339,1.88211
-0.601019,1.88237
-0.600641,1.88255
-0.60035,1.88284
-0.600001,1.88304
-0.599681,1.88327
-0.599333,1.88339
-0.599042,1.88353
-0.598693,1.88359
-0.598431,1.88365
-0.598199,1.88365
-0.597908,1.88353
-0.597646,1.88348
-0.597414,1.88342
-0.597181,1.8833
-0.596978,1.88321
-0.596745,1.8831
-0.59657,1.88295
-0.596425,1.88284
-0.596251,1.88269
-0.596105,1.88255
-0.595931,1.88237
-0.595815,1.88231
-0.595698,1.88223
-0.595611,1.88217
-0.595553,1.88214
-0.595495,1.88211
-0.595495,1.88211
-0.595466,1.88211
-0.595408,1.88205
-0.595408,1.88205
-0.595408,1.88205
-0.595408,1.88205
-0.595408,1.88205
-0.595408,1.88205
-0.595408,1.88205
-0.595408,1.88205
-0.595437,1.88208
-0.595437,1.88208
-0.595466,1.88211
-0.595495,1.88214
-0.595495,1.88214
-0.595524,1.88217
-0.595524,1.88217
-0.595524,1.88217
-0.595524,1.88217
-0.595524,1.88217
-0.595524,1.88217
-0.595524,1.88217
-0.595524,1.88217
-0.595524,1.88217
-0.595524,1.88217
-0.595524,1.88217
-0.595524,1.88217
-0.595495,1.88214
-0.595466,1.88211
-0.595408,1.88205
-0.595378,1.88202
-0.59532,1.88196
-0.595291,1.88194
-0.595233,1.88188
-0.595175,1.88182
-0.595146,1.88179
-0.595088,1.88173
-0.59503,1.88167
-0.595,1.88164
-0.594971,1.88164
-0.594942,1.88162
-0.594913,1.88159
-0.594884,1.88156
-0.594884,1.88156
-0.594855,1.88153
-0.594855,1.88153
-0.594826,1.8815
-0.594826,1.8815
-0.594797,1.88147
-0.594797,1.88147
-0.594739,1.88141
-0.594739,1.88141
-0.59471,1.88138
-0.594681,1.88135
-0.594681,1.88135
-0.594652,1.88132
-0.594623,1.8813
-0.594564,1.88124
-0.594564,1.88124
-0.594506,1.88118
-0.594477,1.88115
-0.59439,1.88106
-0.594332,1.881
-0.594274,1.88095
-0.594215,1.88089
-0.594157,1.88083
-0.594041,1.88071
-0.593983,1.88066
-0.593867,1.88054
-0.59375,1.88042
-0.593663,1.88034
-0.593547,1.88022
-0.59343,1.88013
-0.593343,1.88005
-0.593198,1.8799
-0.593053,1.87975
-0.592907,1.87964
-0.592733,1.87946
-0.592587,1.87935
-0.592442,1.8792
-0.592268,1.87909
-0.592093,1.87894
-0.591948,1.87882
-0.591773,1.87868
-0.591599,1.87853
-0.591424,1.87842
-0.591163,1.87821
-0.59093,1.87807
-0.590727,1.87789
-0.590523,1.87775
-0.59032,1.87763
-0.590116,1.87749
-0.589883,1.87731
-0.58968,1.87717
-0.589476,1.87702
-0.589244,1.87685
-0.58904,1.8767
-0.588808,1.87653
-0.588575,1.87635
-0.588372,1.87621
-0.588081,1.87598
-0.587848,1.8758
-0.587558,1.87557
-0.587267,1.87534
-0.587034,1.87516
-0.586714,1.8749
-0.586424,1.87467
-0.586104,1.87441
-0.585813,1.87414
-0.585493,1.87388
-0.585144,1.87359
-0.584825,1.87333
-0.584447,1.87298
-0.584069,1.87266
-0.58372,1.87234
-0.583342,1.87202
-0.582993,1.8717
-0.582528,1.87132
-0.582179,1.871
-0.581743,1.87063
-0.581307,1.87022
-0.58087,1.86984
-0.580463,1.86946
-0.580027,1.86908
-0.579591,1.86871
-0.579155,1.8683
-0.57869,1.86789
-0.57805,1.86731
-0.577556,1.86687
-0.576887,1.86629
-0.576306,1.86577
-0.575579,1.86516
-0.574998,1.86464
-0.5743,1.86408
-0.57366,1.86356
-0.57302,1.86304
-0.57241,1.86254
-0.571828,1.86211
-0.571276,1.8617
-0.570695,1.86126
-0.570026,1.86077
-0.569415,1.86033
-0.568776,1.8599
-0.568252,1.85955
-0.567642,1.85914
-0.567031,1.85879
-0.566537,1.85847
-0.566072,1.85824
-0.56549,1.85798
-0.565025,1.85777
-0.564473,1.85754
-0.563949,1.85737
-0.563484,1.85722
-0.56299,1.85714
-0.562583,1.85702
-0.562147,1.85693
-0.561798,1.85693
-0.561362,1.85687
-0.561042,1.85693
-0.560635,1.8569
-0.560315,1.85696
-0.559966,1.85702
-0.559588,1.85702
-0.559268,1.85708
-0.558949,1.85714
-0.5586,1.85719
-0.558251,1.85725
-0.55796,1.85734
-0.557582,1.85743
-0.557262,1.85751
-0.556884,1.8576
-0.556506,1.85769
-0.556158,1.85777
-0.555838,1.85789
-0.555489,1.85804
-0.555111,1.85815
-0.554762,1.85827
-0.554384,1.85841
-0.553977,1.85856
-0.553599,1.85876
-0.553221,1.85897
-0.552872,1.85923
-0.552494,1.85946
-0.552174,1.85978
-0.551825,1.8601
-0.551506,1.86045
-0.551157,1.8608
-0.550837,1.86112
-0.550488,1.86135
-0.550168,1.86167
-0.549761,1.86182
-0.549441,1.86202
-0.549063,1.86222
-0.548569,1.86243
-0.547988,1.86243
-0.547377,1.86246
-0.546854,1.86231
-0.546243,1.86216
-0.545807,1.86211
-0.545429,1.86205
-0.545022,1.86202
-0.544499,1.86202
-0.544005,1.86196
-0.54351,1.8619
-0.543016,1.86179
-0.542667,1.86173
-0.542289,1.86164
-0.54194,1.86155
-0.541591,1.8615
-0.541243,1.86144
-0.540894,1.86135
-0.540603,1.86135
-0.540283,1.86129
-0.539992,1.86123
-0.539702,1.86121
-0.53944,1.86118
-0.539149,1.86115
-0.538888,1.86115
-0.538626,1.86109
-0.538364,1.86103
-0.538103,1.86103
-0.53787,1.86103
-0.537637,1.861
-0.537405,1.861
-0.537201,1.86103
-0.53694,1.861
-0.536736,1.86106
-0.536445,1.86109
-0.536242,1.86115
-0.53598,1.86118
-0.535777,1.86121
-0.535602,1.86129
-0.53537,1.86129
-0.535224,1.86141
-0.534992,1.86144
-0.534788,1.86144
-0.534643,1.86147
-0.534468,1.86144
-0.534323,1.86141
-0.534148,1.86138
-0.534003,1.86138
-0.533858,1.86132
-0.533712,1.86129
-0.533538,1.86123
-0.533422,1.86123
-0.533276,1.86123
-0.533131,1.86121
-0.532985,1.86118
-0.53284,1.86115
-0.532724,1.86112
-0.532637,1.86115
-0.532491,1.86112
-0.532404,1.86112
-0.532288,1.86109
-0.532171,1.86109
-0.532055,1.86106
-0.531939,1.86109
-0.531823,1.86106
-0.531677,1.86103
-0.531532,1.86103
-0.531386,1.861
-0.531241,1.861
-0.531096,1.861
-0.53095,1.861
-0.530834,1.861
-0.530689,1.861
-0.530543,1.86097
-0.530427,1.861
-0.530311,1.86103
-0.530136,1.861
-0.53002,1.861
-0.529875,1.86103
-0.5297,1.861
-0.529497,1.861
-0.529322,1.86094
-0.529177,1.861
-0.528973,1.86094
-0.528828,1.86094
-0.528653,1.86094
-0.528508,1.86097
-0.528334,1.86097
-0.528159,1.86097
-0.527985,1.86097
-0.527781,1.86097
-0.527607,1.86097
-0.527374,1.86094
-0.5272,1.861
-0.526996,1.86103
-0.526735,1.86103
-0.526531,1.86103
-0.526328,1.86109
-0.526124,1.86112
-0.525862,1.86115
-0.525601,1.86121
-0.525339,1.86121
-0.525077,1.86129
-0.524728,1.86129
-0.524438,1.86132
-0.524147,1.86135
-0.523827,1.86135
-0.523565,1.86135
-0.523275,1.86135
-0.522955,1.86129
-0.522635,1.86123
-0.522373,1.86121
-0.522025,1.86109
-0.521763,1.86103
-0.521501,1.86097
-0.52121,1.86089
-0.52092,1.86077
-0.520658,1.86062
-0.520367,1.86045
-0.520106,1.86028
-0.519873,1.86019
-0.51964,1.86007
-0.519408,1.85996
-0.519204,1.85987
-0.519001,1.85981
-0.518797,1.85975
-0.518652,1.85978
-0.518507,1.85975
-0.51839,1.85978
-0.518216,1.85969
-0.5181,1.85969
-0.518012,1.85969
-0.517896,1.85966
-0.51778,1.85961
-0.517722,1.85961
-0.517634,1.85958
-0.517576,1.85955
-0.517489,1.85949
-0.517431,1.85943
-0.517402,1.85943
-0.517344,1.85937
-0.517315,1.85934
-0.517285,1.85932
-0.517256,1.85929
-0.517256,1.85929
-0.517227,1.85926
-0.517227,1.85926
-0.517227,1.85926
-0.517227,1.85926
-0.517227,1.85926
-0.517227,1.85926
-0.517227,1.85926
-0.517227,1.85926
-0.517227,1.85926
-0.517227,1.85926
-0.517227,1.85926
-0.517227,1.85926
-0.517227,1.85926
-0.517227,1.85926
-0.517227,1.85926
-0.517227,1.85926
-0.517227,1.85926
-0.517198,1.85923
-0.517169,1.8592
-0.51714,1.85917
-0.517111,1.85914
-0.517082,1.85911
-0.517024,1.85905
-0.516995,1.85902
-0.516966,1.859
-0.516937,1.85897
-0.516908,1.85894
-0.516849,1.85888
-0.51682,1.85885
-0.516762,1.85879
-0.516675,1.85871
-0.516617,1.85865
-0.516559,1.85859
-0.5165,1.85853
-0.516471,1.8585
-0.516442,1.85847
-0.516355,1.85839
-0.516297,1.85833
-0.516239,1.85827
-0.516152,1.85818
-0.516035,1.85807
-0.515919,1.85795
-0.515832,1.85786
-0.515715,1.85775
-0.51557,1.8576
-0.515454,1.85748
-0.515308,1.85734
-0.515192,1.85722
-0.515047,1.85708
-0.514872,1.8569
-0.514756,1.85679
-0.51464,1.85667
-0.514494,1.85652
-0.514349,1.85638
-0.514204,1.85623
-0.514029,1.85606
-0.513826,1.85586
-0.513593,1.85562
-0.51339,1.85542
-0.513128,1.85519
-0.512895,1.85495
-0.512634,1.85469
-0.512401,1.85449
-0.51211,1.8542
-0.511761,1.85388
-0.511413,1.85356
-0.511093,1.85327
-0.510773,1.85298
-0.510424,1.85266
-0.510046,1.85231
-0.509697,1.85199
-0.509348,1.85167
-0.508999,1.85135
-0.508563,1.85094
-0.508098,1.85051
-0.507633,1.85007
-0.50708,1.8496
-0.506673,1.84923
-0.506179,1.84876
-0.505685,1.8483
-0.505191,1.84783
-0.504696,1.8474
-0.504173,1.84693
-0.50365,1.84646
-0.503068,1.84597
-0.502516,1.84551
-0.501876,1.84495
-0.501324,1.84452
-0.500771,1.84408
-0.500161,1.84362
-0.499492,1.84309
-0.49894,1.84269
-0.498445,1.84231
-0.497951,1.84196
-0.497428,1.84161
-0.496934,1.84123
-0.496468,1.84094
-0.496003,1.84065
-0.495538,1.84036
-0.495073,1.84007
-0.494637,1.83981
-0.494201,1.83957
-0.493765,1.83934
-0.493328,1.83908
-0.492921,1.83891
-0.492485,1.83867
-0.492078,1.8385
-0.491671,1.83832
-0.491235,1.83815
-0.490741,1.83798
-0.490305,1.83783
-0.489898,1.83771
-0.489491,1.83766
-0.489084,1.83763
-0.488589,1.83751
-0.488182,1.83757
-0.487775,1.83754
-0.487368,1.83757
-0.48699,1.8376
-0.486583,1.83768
-0.486205,1.83771
-0.485856,1.83783
-0.48542,1.83789
-0.484955,1.83792
-0.484548,1.83798
-0.484083,1.83798
-0.483676,1.83803
-0.483269,1.83803
-0.482833,1.838
-0.482455,1.83806
-0.48199,1.83806
-0.481583,1.83803
-0.481146,1.83803
-0.48071,1.83806
-0.480216,1.83803
-0.479722,1.838
-0.479286,1.838
-0.47885,1.83803
-0.478297,1.838
-0.477803,1.83792
-0.477309,1.83789
-0.476785,1.8378
-0.47632,1.83774
-0.475826,1.83766
-0.475361,1.83766
-0.474837,1.8376
-0.474372,1.83751
-0.473936,1.83754
-0.473471,1.83748
-0.473035,1.83751
-0.472628,1.83754
-0.472192,1.83757
-0.471697,1.83745
-0.471319,1.83745
-0.47097,1.83745
-0.470622,1.83748
-0.470215,1.83745
-0.469837,1.83739
-0.46943,1.83731
-0.469081,1.83725
-0.468761,1.83713
-0.46847,1.83702
-0.468208,1.83696
-0.467918,1.83681
-0.467627,1.83664
-0.467394,1.83649
-0.467191,1.83638
-0.466987,1.8362
-0.466813,1.83606
-0.466668,1.83591
-0.466551,1.83579
-0.466435,1.83568
-0.466348,1.83559
-0.46626,1.8355
-0.466231,1.83547
-0.466173,1.83542
-0.466173,1.83542
-0.466173,1.83542
-0.466173,1.83542
-0.466173,1.83542
-0.466173,1.83542
-0.466202,1.83545
-0.466231,1.83547
-0.46629,1.83553
-0.466319,1.83556
-0.466348,1.83559
-0.466406,1.83565
-0.466435,1.83568
-0.466435,1.83568
-0.466464,1.83571
-0.466464,1.83571
-0.466464,1.83571
-0.466464,1.83571
-0.466464,1.83571
-0.466464,1.83571
-0.466464,1.83571
-0.466464,1.83571
-0.466435,1.83568
-0.466406,1.83565
-0.466377,1.83562
-0.466348,1.83559
-0.466319,1.83556
-0.46629,1.83553
-0.46629,1.83553
-0.46626,1.8355
-0.466231,1.83547
-0.466173,1.83542
-0.466144,1.83539
-0.466144,1.83539
-0.466115,1.83536
-0.466086,1.83533
-0.466057,1.8353
-0.466057,1.8353
-0.466028,1.83527
-0.466028,1.83527
-0.466028,1.83527
-0.465999,1.83524
-0.465999,1.83524
-0.465999,1.83524
-0.465999,1.83524
-0.46597,1.83521
-0.46597,1.83521
-0.46597,1.83521
-0.46597,1.83521
-0.465941,1.83518
-0.465941,1.83518
-0.465941,1.83518
-0.465941,1.83518
-0.465912,1.83516
-0.465853,1.8351
-0.465824,1.83507
-0.465795,1.83504
-0.465766,1.83501
-0.465737,1.83498
-0.465708,1.83495
-0.465679,1.83492
-0.46565,1.83489
-0.465592,1.83484
-0.465534,1.83478
-0.465475,1.83472
-0.465446,1.83469
-0.465417,1.83466
-0.465359,1.8346
-0.465301,1.83454
-0.465214,1.83446
-0.465156,1.8344
-0.465098,1.83434
-0.46501,1.83425
-0.464894,1.83414
-0.464836,1.83408
-0.464749,1.83399
-0.464603,1.83385
-0.464458,1.8337
-0.464283,1.83353
-0.464109,1.83335
-0.463993,1.83324
-0.463847,1.83309
-0.463702,1.83295
-0.463586,1.83283
-0.46344,1.83268
-0.463266,1.83251
-0.46312,1.83236
-0.462975,1.83222
-0.462801,1.83204
-0.462626,1.83187
-0.462452,1.8317
-0.462277,1.83152
-0.462103,1.83135
-0.461899,1.83114
-0.461725,1.83097
-0.461492,1.83074
-0.461289,1.83053
-0.461056,1.8303
-0.460824,1.83007
-0.460591,1.82983
-0.460329,1.82957
-0.460068,1.82931
-0.459806,1.82905
-0.459515,1.82876
-0.459225,1.82847
-0.458876,1.82812
-0.458498,1.82774
-0.458091,1.82733
-0.457625,1.82687
-0.45716,1.8264
-0.456695,1.82594
-0.456143,1.82539
-0.455648,1.82489
-0.455183,1.82443
-0.454718,1.82396
-0.454224,1.82347
-0.453642,1.82289
-0.45309,1.82233
-0.45245,1.82169
-0.451869,1.82111
-0.4512,1.82044
-0.450648,1.81989
-0.449921,1.81916
-0.449223,1.81847
-0.448583,1.81783
-0.447886,1.81713
-0.447101,1.81634
-0.446374,1.81562
-0.445705,1.81495
-0.444978,1.81422
-0.44428,1.81352
-0.443525,1.81277
-0.442914,1.81216
-0.442274,1.81152
-0.441518,1.81076
-0.440908,1.81015
-0.440065,1.80931
-0.439367,1.80861
-0.438495,1.80774
-0.437855,1.8071
-0.437157,1.8064
-0.436547,1.80579
-0.435965,1.80521
-0.435355,1.8046
-0.434831,1.80407
-0.434221,1.80346
-0.433639,1.80288
-0.433116,1.80236
-0.432535,1.80178
-0.432011,1.80125
-0.43143,1.80067
-0.430877,1.80012
-0.430354,1.7996
-0.429802,1.79905
-0.429249,1.79849
-0.428697,1.79794
-0.428115,1.79736
-0.427563,1.79681
-0.426981,1.79622
-0.426458,1.7957
-0.425848,1.79509
-0.425295,1.79454
-0.424655,1.79393
-0.423987,1.79326
-0.423434,1.79274
-0.422795,1.79215
-0.422184,1.7916
-0.421632,1.79114
-0.421079,1.79067
-0.420498,1.79024
-0.419945,1.78983
-0.419393,1.78939
-0.418928,1.78913
-0.418317,1.78875
-0.417823,1.78846
-0.417271,1.78817
-0.416776,1.78794
-0.41634,1.78771
-0.415904,1.7875
-0.415526,1.78742
-0.415148,1.7873
-0.414741,1.78712
-0.414421,1.7871
-0.414073,1.78695
-0.413782,1.78692
-0.413491,1.78683
-0.413229,1.78678
-0.412997,1.78678
-0.412764,1.78675
-0.412561,1.78675
-0.412357,1.78678
-0.412183,1.78678
-0.412008,1.78675
-0.411863,1.78678
-0.411718,1.78672
-0.411601,1.78672
-0.411543,1.78672
-0.411427,1.78669
-0.411369,1.78666
-0.41131,1.78663
-0.411252,1.7866
-0.411223,1.78657
-0.411194,1.78654
-0.411194,1.78654
-0.411194,1.78654
-0.411194,1.78654
-0.411194,1.78654
-0.411194,1.78654
-0.411194,1.78654
-0.411194,1.78654
-0.411223,1.78657
-0.411252,1.7866
-0.411252,1.7866
-0.411281,1.78663
-0.411281,1.78663
-0.41131,1.78666
-0.41134,1.78669
-0.41134,1.78669
-0.41134,1.78669
-0.41134,1.78669
-0.41134,1.78669
-0.41134,1.78669
-0.41134,1.78669
-0.41134,1.78669
-0.41134,1.78669
-0.41134,1.78669
-0.41131,1.78666
-0.411281,1.78663
-0.411252,1.7866
-0.411223,1.78657
-0.411194,1.78654
-0.411136,1.78649
-0.411107,1.78646
-0.411049,1.7864
-0.41102,1.78637
-0.410991,1.78634
-0.410962,1.78631
-0.410933,1.78628
-0.410903,1.78625
-0.410816,1.78617
-0.410787,1.78614
-0.410758,1.78611
-0.4107,1.78605
-0.410671,1.78602
-0.410642,1.78599
-0.410613,1.78596
-0.410613,1.78596
-0.410584,1.78593
-0.410555,1.7859
-0.410525,1.78587
-0.410467,1.78582
-0.410467,1.78582
-0.410438,1.78579
-0.410409,1.78576
-0.41038,1.78573
-0.410351,1.7857
-0.410322,1.78567
-0.410293,1.78564
-0.410235,1.78558
-0.410206,1.78555
-0.410148,1.7855
-0.410118,1.78547
-0.410089,1.78544
-0.410002,1.78535
-0.409944,1.78529
-0.409886,1.78523
