torque_1,torque_2
-0.154394,-2.25038
-0.122154,-2.17784
-0.129974,-2.17678
-0.121734,-2.33894
-0.129554,-2.46339
-0.129374,-2.61604
-0.121134,-2.79052
-0.128954,-2.99836
-0.12054,-3.15752
-0.12836,-3.35068
-0.128005,-3.52386
-0.0895283,-3.76501
-0.127585,-3.94973
-0.119171,-4.14797
-0.096405,-4.26538
-0.0774431,-4.35177
-0.106069,-4.4974
-0.102085,-4.70022
-0.11336,-4.85575
-0.116575,-4.9291
-0.0938094,-4.94364
-0.0970246,-5.02742
-0.0996694,-5.03758
-0.099315,-4.98736
-0.114334,-4.91224
-0.122154,-4.9285
-0.121974,-4.87776
-0.113734,-4.77129
-0.121554,-4.74389
-0.113314,-4.74815
-0.158698,-4.69792
-0.166193,-4.65883
-0.184585,-4.71039
-0.219386,-4.73623
-0.225079,-4.70129
-0.206256,-4.74872
-0.189189,-4.8266
-0.170576,-4.82161
-0.118143,-4.9262
-0.125963,-5.04515
-0.0953716,-5.07808
-0.0728272,-5.10007
-0.0801239,-5.26735
-0.059382,-5.34139
-0.0216139,-5.47874
0.00124393,-5.60316
0.0414654,-5.7527
0.0568465,-5.95688
0.0712728,-6.00974
0.115041,-6.17807
0.143622,-6.24368
0.191832,-6.34219
0.21554,-6.39491
0.225513,-6.48276
0.210924,-6.51964
0.241958,-6.62926
0.219194,-6.68111
0.183147,-6.66714
0.168942,-6.62151
0.17124,-6.40253
0.155952,-6.23034
0.171635,-6.02969
0.166607,-5.80844
0.143992,-5.55973
0.169154,-5.42533
0.190059,-5.40168
0.200705,-5.10856
0.263954,-5.06121
0.271775,-4.88629
0.320684,-4.70756
0.377267,-4.40857
0.411674,-4.31115
0.465607,-4.20583
0.549346,-4.14863
0.590324,-4.12654
0.641524,-4.07972
0.683164,-4.15006
0.707278,-4.22439
0.727311,-4.20091
0.755518,-4.26526
0.739569,-4.25937
0.709536,-4.32225
0.6782,-4.34046
0.648841,-4.38533
0.650801,-4.47841
0.70235,-4.6934
0.787833,-4.7233
0.933768,-4.82277
0.954848,-4.9672
0.990556,-4.94599
0.920354,-5.02723
0.863806,-5.13624
0.879686,-5.24479
0.927199,-5.36252
1.0044,-5.48657
1.0067,-5.46861
1.07724,-5.24659
1.21253,-5.21331
1.23745,-5.03313
1.11535,-4.80002
1.02976,-4.50025
1.13685,-4.18553
1.22945,-3.89326
1.36721,-3.58085
1.49148,-3.48544
1.69126,-3.09554
1.99028,-2.8606
2.24533,-2.47859
2.25729,-2.04789
2.07787,-1.43947
2.02084,-0.834542
2.13353,-0.19065
2.08665,0.545079
2.33195,1.44829
2.6695,2.33733
2.80761,3.46147
2.58721,4.56118
2.18207,5.47403
1.8476,6.46998
1.52099,7.20424
1.22203,7.78963
0.928939,8.41552
0.71368,9.09602
0.65106,9.65211
0.628714,10.0518
0.651131,10.4275
0.688875,10.6363
0.65184,10.7381
0.610538,10.8413
0.606672,10.837
0.594525,10.9586
0.574702,10.898
0.457225,11.0421
0.395095,10.9648
0.373179,10.9743
0.358066,11.0808
0.314554,10.9987
0.249632,10.7894
0.162299,10.7311
0.0902013,10.5645
0.0388976,10.3857
-0.0858583,10.2858
-0.188252,10.0535
-0.288668,9.85322
-0.373849,9.67094
-0.437132,9.50826
-0.458035,9.33057
-0.42064,9.21674
-0.351613,9.11188
-0.270804,8.97226
-0.323398,8.8654
-0.432013,8.76639
-0.482306,8.74076
-0.485324,8.81875
-0.430275,8.76105
-0.347791,8.95404
-0.256085,8.98883
-0.279281,9.06758
-0.315851,9.16639
-0.344011,9.19402
-0.314384,9.27745
-0.202152,9.37827
-0.0425883,9.51726
0.108871,9.68858
0.175189,9.71407
0.167578,9.66186
0.124902,9.5998
0.089205,9.4728
0.158872,9.42461
0.242123,9.28461
0.27082,9.13286
0.284432,8.90075
0.333457,8.75533
0.33416,8.68711
0.439333,8.58743
0.47745,8.53628
0.338075,8.3611
0.338778,8.02938
0.62243,7.90054
0.855936,7.95143
0.892483,7.81913
0.880336,7.77225
0.823124,7.64423
0.718521,7.48538
0.69015,7.25781
0.747292,7.19805
0.867398,7.15544
0.951835,6.98453
1.01749,6.91515
1.03913,6.79358
0.977763,6.60153
0.925751,6.44338
0.925931,6.29704
0.907329,6.17977
0.880877,5.99255
0.908794,5.77675
0.891762,5.56264
0.884302,5.3489
0.721808,5.30566
0.725825,5.13233
0.774385,4.95936
0.823816,4.72707
0.861444,4.59108
0.912655,4.41668
0.976939,4.44609
0.951359,4.31632
0.924907,4.19056
0.963581,4.00922
0.970565,3.82217
1.01511,3.71938
1.06307,3.65189
0.992447,3.52433
0.888891,3.40737
0.822433,3.15221
0.767605,3.05343
0.752143,2.91494
0.825764,2.84733
0.837842,2.70523
0.854793,2.51505
0.858462,2.30259
0.822241,2.10915
0.814455,1.99946
0.803819,1.93392
0.826095,1.76932
0.785782,1.69939
0.716906,1.36366
0.678767,1.28267
0.660688,1.2321
0.60522,1.17368
0.6054,1.08641
0.60558,0.925825
0.60576,0.772389
0.614,0.59589
0.587224,0.518487
0.56147,0.471753
0.605668,0.337447
0.556306,0.290364
0.560614,0.00493141
0.55527,-0.0466875
0.53347,-0.187913
0.527603,-0.333208
0.482928,-0.506008
0.452081,-0.825806
0.438364,-1.11234
0.417669,-1.45677
0.401277,-1.71199
0.386512,-2.01214
0.383378,-2.33979
0.333725,-2.67557
0.318263,-3.23965
0.326758,-3.64173
0.326858,-4.05649
0.30107,-4.50049
0.290609,-4.84302
0.208451,-5.29429
0.176242,-5.72922
0.126648,-6.10107
0.0872869,-6.55617
0.00931578,-6.89743
-0.0611542,-7.23977
-0.188609,-7.55558
-0.314262,-7.74931
-0.481513,-8.04056
-0.629296,-8.29127
-0.745935,-8.44169
-0.806695,-8.61612
-0.888736,-8.83177
-0.884718,-9.01294
-0.942745,-9.1851
-1.06793,-9.40838
-1.18352,-9.6895
-1.3921,-9.84905
-1.55746,-10.0365
-1.64346,-10.1189
-1.68602,-10.2999
-1.64589,-10.4645
-1.60497,-10.6429
-1.67135,-10.8925
-1.77804,-11.077
-1.82717,-11.2681
-1.85752,-11.4598
-1.75279,-11.6671
-1.63626,-11.8358
-1.55606,-11.9506
-1.57106,-12.1211
-1.56867,-12.2753
-1.6103,-12.3498
-1.50005,-12.4802
-1.40206,-12.5798
-1.31286,-12.7085
-1.26273,-12.8203
-1.36564,-12.9712
-1.43216,-13.1347
-1.4346,-13.1588
-1.44868,-13.1994
-1.39737,-13.2412
-1.3088,-13.3218
-1.25123,-13.4305
-1.23768,-13.4365
-1.2168,-13.4211
-1.20342,-13.4185
-1.24836,-13.4816
-1.25638,-13.514
-1.22404,-13.5017
-1.1731,-13.5336
-1.15832,-13.6761
-1.19902,-13.744
-1.24937,-13.7665
-1.24762,-13.8259
-1.23389,-13.9723
-1.24127,-13.9635
-1.28046,-14.0962
-1.22649,-14.1236
-1.1788,-14.1221
-1.18531,-14.2253
-1.20897,-14.2397
-1.17664,-14.3448
-1.10807,-14.3792
-1.08336,-14.3821
-1.09242,-14.4564
-1.1194,-14.5313
-1.15335,-14.6922
-1.11665,-14.663
-1.08676,-14.7819
-1.06221,-14.7512
-1.03819,-14.8589
-1.03493,-14.8546
-1.02219,-14.8871
-0.999974,-14.9611
-0.928446,-15.0769
-0.945478,-15.0888
-0.926168,-15.1678
-0.938024,-15.2589
-0.935576,-15.094
-0.935629,-15.1852
-0.925855,-15.2146
-0.911079,-15.2196
-0.914912,-15.285
-0.893508,-15.296
-0.890536,-15.2727
-0.856979,-15.2742
-0.845809,-15.2657
-0.816032,-15.1955
-0.839751,-15.2778
-0.783865,-15.31
-0.766996,-15.2835
-0.768561,-15.318
-0.737213,-15.2197
-0.731277,-15.0405
-0.699755,-14.9309
-0.695621,-14.8733
-0.626012,-14.7143
-0.625832,-14.6003
-0.625303,-14.4577
-0.6246,-14.2586
-0.574529,-14.1191
-0.514282,-14.0933
-0.427926,-14.0668
-0.387391,-13.9209
-0.310921,-13.8179
-0.243405,-13.6494
-0.194323,-13.6251
-0.174954,-13.5195
-0.113021,-13.541
-0.0668453,-13.4306
-0.00136496,-13.4018
0.0512065,-13.2816
0.102696,-13.0869
0.126052,-13.0223
0.153213,-12.9523
0.161418,-12.8591
0.228991,-12.8132
0.301915,-12.6659
0.346694,-12.5043
0.373157,-12.2911
0.382467,-12.1397
0.460274,-12.1127
0.516335,-11.9752
0.587223,-11.8687
0.637701,-11.7562
0.70981,-11.5711
0.737552,-11.4554
0.730406,-11.4135
0.720177,-11.3996
0.738674,-11.3285
0.733294,-11.1985
0.75072,-10.9629
0.825969,-10.8859
0.893717,-10.8229
0.929426,-10.7951
1.01718,-10.7349
1.06108,-10.6019
1.04882,-10.4497
1.07964,-10.2983
1.055,-10.2247
1.08187,-10.0968
1.15723,-9.96512
1.20172,-9.81636
1.25583,-9.64759
1.30058,-9.53948
1.25988,-9.42817
1.22081,-9.27947
1.21628,-9.17138
1.22071,-9.0291
1.23851,-8.79452
1.32225,-8.6493
1.34074,-8.61614
1.42506,-8.54501
1.48077,-8.48092
1.46153,-8.36629
1.45854,-8.16031
1.44764,-8.06063
1.41532,-7.97769
1.44492,-7.99793
1.49005,-7.86974
1.5225,-7.78639
1.60124,-7.55966
1.63119,-7.49661
1.61765,-7.41838
1.60268,-7.3323
1.52439,-7.23663
1.51213,-7.04141
1.59116,-6.83592
1.5879,-6.76192
1.60553,-6.63072
1.66089,-6.63914
1.68462,-6.44868
1.66015,-6.32272
1.66709,-6.21995
1.67115,-6.03613
1.62731,-5.94697
1.63429,-5.90418
1.65558,-5.91507
1.63192,-5.84208
1.6546,-5.70704
1.68804,-5.50612
1.6644,-5.45715
1.62211,-5.33031
1.61799,-5.33
1.63526,-5.20156
1.5827,-4.90595
1.42106,-4.34248
1.30151,-4.1447
1.44043,-3.76538
1.68462,-3.71036
1.87487,-3.36302
1.91273,-3.05319
1.74864,-2.82921
1.37394,-2.10377
0.982023,-1.36684
0.789675,-0.653059
0.726496,0.222901
0.876499,1.29808
1.00199,2.48414
1.03857,3.87487
0.860699,5.05293
0.619914,6.32773
0.597416,7.21532
0.646812,8.18554
0.743377,8.93572
0.780946,9.67666
0.762868,10.4331
0.808287,11.1157
0.868883,11.6679
0.907289,12.1308
0.917737,12.3566
0.912858,12.57
0.870241,12.5724
0.853034,12.6016
0.814197,12.5507
0.750495,12.5056
0.7585,12.5547
0.695357,12.5824
0.701817,12.386
0.701125,12.0691
0.629259,11.9594
0.431467,11.8288
0.331899,11.7895
0.24224,11.7179
0.179794,11.7163
0.0746099,11.6277
0.0987695,11.5165
0.0996228,11.301
0.0402591,11.0441
-0.0784739,10.8015
-0.22506,10.5859
-0.370366,10.3467
-0.514546,10.1507
-0.631908,10.0044
-0.602537,9.76106
-0.591076,9.59018
-0.52077,9.51505
-0.483236,9.40438
-0.410163,9.34718
-0.339565,9.3872
-0.310311,9.45804
-0.334902,9.45573
-0.416921,9.50678
-0.415603,9.61678
-0.405479,9.60511
-0.278662,9.5291
-0.142795,9.67378
0.0108421,9.78846
0.186087,9.95948
0.224848,9.89779
0.196284,9.82419
0.210505,9.71023
0.25901,9.62179
0.330228,9.55133
0.365325,9.42358
0.391246,9.29235
0.466756,9.05814
0.471708,8.90691
0.503676,8.78754
0.517433,8.79138
0.545098,8.653
0.576008,8.5502
0.651029,8.37612
0.692417,8.19564
0.727398,8.13058
0.783439,8.13355
0.793707,8.07041
0.790344,8.0346
0.776607,7.92651
0.804959,7.82075
0.843091,7.6676
0.844578,7.56259
0.877441,7.60493
0.995294,7.36369
1.00225,7.13296
0.939573,6.93864
1.02626,6.69902
1.09758,6.54727
1.07082,6.23688
0.941824,5.92159
0.876881,5.68484
0.890824,5.53105
0.926095,5.30701
0.905345,5.1174
0.769963,4.78992
0.653642,4.6791
0.644093,4.61858
0.773739,4.53578
0.861087,4.39705
0.780829,4.31542
0.742485,4.10046
0.76616,3.96585
0.866045,3.91614
0.932135,3.77811
0.9259,3.69421
0.877322,3.52745
0.841396,3.36139
0.840568,3.2187
0.816878,3.05799
0.831773,2.97258
0.830422,2.84627
0.758817,2.70047
0.690037,2.50975
0.661182,2.256
0.653482,2.10442
0.661842,2.08297
0.70351,1.91034
0.725616,1.79969
0.75363,1.63055
0.728544,1.45164
0.708608,1.34547
0.731621,1.27948
0.717641,1.23338
0.711312,1.09848
0.68961,0.936606
0.663128,0.799131
0.618887,0.641408
0.647831,0.657583
0.625652,0.517513
0.639559,0.430475
0.671004,0.274356
0.663304,0.145044
0.658777,-0.0180523
0.671789,-0.134746
0.664089,-0.282492
0.664215,-0.486815
0.672051,-0.80569
0.600679,-1.10898
0.601015,-1.31176
0.547901,-1.4807
0.5275,-1.78981
0.493877,-2.10316
0.420761,-2.29295
0.404139,-2.76679
0.397381,-3.12764
0.35328,-3.48664
0.317005,-3.85163
0.302571,-4.12526
0.278706,-4.51493
0.222079,-4.89408
0.164056,-5.36216
0.125723,-5.74785
0.0663295,-6.0944
0.040521,-6.45991
0.0140502,-6.78466
-0.0798253,-7.01701
-0.166224,-7.32344
-0.265438,-7.50823
-0.402169,-7.71787
-0.513106,-8.00706
-0.595283,-8.20022
-0.661131,-8.40739
-0.684905,-8.69766
-0.849942,-8.93495
-1.01674,-9.09619
-1.19297,-9.27498
-1.35627,-9.48373
-1.4516,-9.69435
-1.53712,-9.84632
-1.53283,-10.0717
-1.52774,-10.1861
-1.52035,-10.3252
-1.60936,-10.5243
-1.73806,-10.6864
-1.78879,-10.8486
-1.8011,-11.0266
-1.70145,-11.2929
-1.60233,-11.4618
-1.59197,-11.671
-1.62316,-11.7406
-1.65894,-11.8735
-1.72743,-11.9607
-1.63322,-12.0728
-1.53438,-12.1625
-1.46434,-12.2793
-1.35931,-12.4134
-1.36735,-12.4968
-1.45495,-12.5897
-1.48337,-12.7059
-1.51339,-12.8825
-1.52406,-12.9362
-1.43729,-13.0126
-1.36378,-13.0414
-1.33036,-13.0629
-1.31462,-13.1165
-1.3152,-13.2207
-1.34568,-13.2906
-1.36268,-13.3274
-1.35523,-13.3332
-1.33115,-13.3724
-1.32104,-13.4207
-1.29711,-13.4676
-1.22459,-13.4571
-1.19437,-13.4236
-1.23015,-13.4957
-1.25282,-13.6569
-1.20432,-13.6774
-1.19689,-13.7102
-1.25297,-13.7934
-1.27098,-13.8565
-1.23622,-13.8742
-1.20805,-13.9468
-1.15629,-14.0734
-1.21222,-14.0934
-1.21607,-14.1591
-1.19178,-14.1955
-1.15724,-14.191
-1.14647,-14.265
-1.10927,-14.2807
-1.10638,-14.3646
-1.07527,-14.4048
-1.049,-14.4431
-1.03967,-14.5397
-1.04312,-14.6517
-1.02444,-14.7276
-1.04211,-14.7014
-0.996621,-14.797
-0.956683,-14.7941
-0.951238,-14.8711
-0.987509,-14.8014
-0.967609,-14.8387
-0.978842,-14.8528
-1.01096,-14.9245
-1.00269,-14.9576
-0.978662,-15.0149
-0.969484,-15.0674
-0.950258,-15.0929
-0.95542,-15.1145
-0.955756,-15.0492
-0.958208,-15.1522
-1.00463,-15.1508
-0.972753,-15.263
-0.944829,-15.3532
-0.882213,-15.3052
-0.86822,-15.3152
-0.820467,-15.2806
-0.811732,-15.2578
-0.819453,-15.3694
-0.796029,-15.312
-0.780989,-15.2709
-0.745448,-15.1509
-0.714035,-14.9496
-0.692646,-14.8652
-0.670861,-14.74
-0.663986,-14.6683
-0.638156,-14.5115
-0.600346,-14.3494
-0.591518,-14.1146
-0.535251,-13.9897
-0.481916,-13.9203
-0.420731,-13.8252
-0.346137,-13.7774
-0.304814,-13.648
-0.227755,-13.4832
-0.170757,-13.3744
-0.137599,-13.3402
-0.0729483,-13.2983
-0.0408131,-13.2057
0.0445613,-13.0962
0.104525,-12.8737
0.156035,-12.7793
0.2362,-12.6933
0.238714,-12.6271
0.262335,-12.5414
0.297934,-12.3845
0.353747,-12.2508
0.357855,-12.0901
0.427238,-11.9763
0.491214,-11.9125
0.547689,-11.852
0.579835,-11.7555
0.592142,-11.6384
0.604599,-11.4053
0.632058,-11.2802
0.646608,-11.2239
0.65439,-11.2388
0.70583,-11.1592
0.793879,-11.0771
0.862565,-10.8866
0.949859,-10.7999
1.02137,-10.6703
1.03612,-10.7029
0.978101,-10.5361
0.978056,-10.4593
0.994002,-10.3495
1.04272,-10.1998
1.10271,-10.1124
1.13744,-10.0678
1.18298,-9.9536
1.27795,-9.84131
1.27968,-9.70916
1.21331,-9.50271
1.2399,-9.40188
1.19875,-9.28645
1.21766,-9.12561
1.29283,-9.00884
1.29764,-8.85998
1.36092,-8.62186
1.43274,-8.49139
1.40048,-8.43234
1.38518,-8.38902
1.34946,-8.23719
1.35406,-8.12054
1.39181,-7.96528
1.49213,-7.87881
1.5073,-7.80714
1.56432,-7.74879
1.60952,-7.65935
1.57726,-7.51915
1.56105,-7.38081
1.55176,-7.26085
1.50505,-7.17572
1.55411,-7.09032
1.59756,-6.99062
1.6142,-6.86112
1.66411,-6.67347
1.6943,-6.50909
1.68423,-6.37435
1.66136,-6.33059
1.57043,-6.21013
1.54078,-6.08982
1.60842,-5.84472
1.67854,-5.78227
1.69434,-5.7222
1.70313,-5.69058
1.72466,-5.67288
1.68141,-5.52035
1.66339,-5.27072
1.77427,-5.19954
1.83374,-5.10952
1.70769,-5.02907
1.64891,-4.8507
1.57176,-4.38423
1.42129,-4.15309
1.4928,-3.95241
1.85807,-3.68772
2.07294,-3.41898
2.02032,-3.33807
1.87526,-3.0475
1.85975,-2.75704
1.82386,-2.43019
1.78895,-1.79957
1.86775,-1.10844
2.07152,-0.561875
2.28726,0.107356
2.28285,1.00342
1.95948,2.51691
1.54603,3.72585
1.20012,5.28465
0.93823,7.05015
0.761938,8.12764
0.753636,9.09651
0.815984,9.84875
0.894067,10.5172
0.931377,11.124
0.932495,11.5646
0.945068,11.9269
0.972294,12.1848
0.962131,12.3213
0.971658,12.3363
0.939191,12.3644
0.914374,12.3181
0.896187,12.3126
0.807001,12.377
0.780091,12.2345
0.759985,12.0047
0.726307,12.0604
0.633308,11.8948
0.556739,11.8537
0.470693,11.7547
0.46588,11.6767
0.440133,11.6334
0.434099,11.4081
0.314653,11.1272
0.124488,10.8581
-0.039419,10.6441
-0.193382,10.3343
-0.464165,10.1462
-0.615745,9.96884
-0.650853,9.7744
-0.504213,9.60484
-0.341593,9.43631
-0.142307,9.29945
-0.0503616,9.20171
-0.0593616,9.21212
-0.113601,9.39236
-0.305535,9.29796
-0.450311,9.39135
-0.418165,9.45316
-0.235775,9.43779
-0.0663761,9.46411
0.0879039,9.57331
0.185606,9.70374
0.258246,9.82694
0.272912,9.91256
0.212138,9.95885
0.198801,9.86053
0.271615,9.78986
0.349605,9.68894
0.372121,9.57788
0.395684,9.4813
0.459311,9.31445
0.528811,9.06852
0.592031,8.92059
0.657031,8.87547
0.642997,8.8212
0.625507,8.67568
0.692798,8.54951
0.810502,8.35966
0.880061,8.27241
0.914904,8.25924
0.914859,8.18819
0.927351,8.0933
0.909828,7.97134
0.894955,7.84309
0.936253,7.75692
0.92923,7.78716
0.992508,7.632
1.02427,7.40008
1.06068,7.23994
1.0218,7.048
1.08023,6.92494
1.13742,6.80745
1.15075,6.60149
1.0925,6.35661
1.00209,6.1098
0.943375,5.86006
0.966241,5.65218
0.956543,5.57564
0.993712,5.34848
0.947533,5.19893
0.782837,4.90096
0.762498,4.80958
0.758789,4.6777
0.811601,4.6006
0.80609,4.51022
0.807557,4.45908
0.828154,4.24277
0.875034,4.05587
0.929416,3.93907
0.962492,3.90163
0.957878,3.80348
0.939632,3.67844
0.911909,3.52409
0.914422,3.3711
0.928914,3.30799
0.912645,3.15631
0.900854,3.09369
0.846673,2.97488
0.808076,2.82244
0.752848,2.64183
0.761328,2.43582
0.753748,2.36143
0.791732,2.25336
0.80413,2.14323
0.786641,2.00377
0.827474,1.8682
0.828766,1.68527
0.835059,1.50726
0.850481,1.42204
0.863752,1.39477
0.828004,1.3355
0.822318,1.2836
0.77515,1.14161
0.791004,1.05943
0.768165,0.892687
0.76841,0.791571
0.76883,0.827197
0.76925,0.665341
0.76967,0.594694
0.77009,0.533853
0.77051,0.346585
0.77093,0.247621
0.771176,0.110721
0.771421,0.0042803
0.771667,-0.055376
0.779972,-0.254552
0.716047,-0.438505
0.741703,-0.616493
0.708862,-0.830439
0.689628,-1.0626
0.689002,-1.2054
0.662441,-1.44988
0.621401,-1.72408
0.588968,-2.00214
0.561186,-2.35151
0.526252,-2.67496
0.497772,-3.00053
0.488074,-3.34531
0.473376,-3.70946
0.438303,-4.01148
0.393799,-4.36044
0.333861,-4.70233
0.28218,-5.09413
0.246432,-5.40477
0.200682,-5.77561
0.13115,-6.09519
0.117964,-6.35112
0.0788428,-6.67829
0.0603065,-6.8481
-0.00527163,-7.03171
-0.0647442,-7.29256
-0.161955,-7.49173
-0.248757,-7.67807
-0.330326,-7.92549
-0.426723,-8.14437
-0.541552,-8.43811
-0.641228,-8.66622
-0.741787,-8.90035
-0.893889,-9.17175
-1.04558,-9.30493
-1.1878,-9.49447
-1.23268,-9.67763
-1.26709,-9.88931
-1.32418,-10.0904
-1.36452,-10.2397
-1.54866,-10.3913
-1.61162,-10.5219
-1.68715,-10.7159
-1.64782,-10.8436
-1.59368,-10.9812
-1.5315,-11.1139
-1.56021,-11.3069
-1.60806,-11.4879
-1.66323,-11.627
-1.67327,-11.734
-1.5972,-11.8183
-1.53887,-11.8898
-1.40378,-11.944
-1.38928,-12.028
-1.43081,-12.1179
-1.45584,-12.195
-1.50734,-12.3242
-1.53274,-12.4084
-1.46533,-12.4898
-1.41566,-12.6175
-1.35739,-12.7281
-1.31347,-12.8398
-1.35259,-12.923
-1.3888,-13.0702
-1.39432,-13.1498
-1.40646,-13.247
-1.29695,-13.3933
-1.21826,-13.4257
-1.20377,-13.4405
-1.12543,-13.5492
-1.17676,-13.5369
-1.22734,-13.5635
-1.25466,-13.5453
-1.21545,-13.5971
-1.20613,-13.73
-1.23886,-13.749
-1.22559,-13.7746
-1.17103,-13.8457
-1.14421,-13.9361
-1.18717,-13.9169
-1.18361,-13.9678
-1.14388,-14.0926
-1.08276,-14.1048
-1.1356,-14.1211
-1.19472,-14.2211
-1.12703,-14.2784
-1.11376,-14.3878
-1.06845,-14.3598
-1.1178,-14.4262
-1.15018,-14.4882
-1.10783,-14.546
-1.07014,-14.5519
-1.05896,-14.6369
-1.07459,-14.6776
-1.05731,-14.8046
-1.02555,-14.8176
-0.983724,-14.8331
-0.980396,-14.9317
-0.996723,-14.8559
-1.00485,-14.9458
-0.980416,-15.0337
-0.955632,-15.1177
-0.951222,-15.1671
-0.967001,-15.235
-0.992864,-15.0861
-0.97436,-15.1643
-0.941551,-15.2008
-0.865829,-15.2555
-0.856862,-15.3209
-0.88098,-15.3198
-0.860557,-15.2704
-0.861068,-15.2652
-0.813838,-15.3061
-0.791496,-15.1695
-0.773806,-14.998
-0.738788,-14.7523
-0.715435,-14.6806
-0.683,-14.5464
-0.63926,-14.3901
-0.594822,-14.2852
-0.575794,-14.1596
-0.530484,-13.9971
-0.491802,-13.8734
-0.464402,-13.8112
-0.41787,-13.745
-0.362965,-13.6618
-0.287127,-13.5724
-0.226524,-13.4664
-0.170223,-13.3391
-0.138811,-13.2038
-0.0925698,-13.135
-0.0409794,-13.1075
0.00450541,-13.0262
0.0709236,-12.9408
0.172172,-12.6961
0.240277,-12.6108
0.310009,-12.5237
0.347354,-12.4659
0.378243,-12.3241
0.438439,-12.1411
0.464968,-11.9379
0.518012,-11.7899
0.536342,-11.7246
0.549322,-11.6774
0.581607,-11.5312
0.582957,-11.4359
0.616638,-11.1959
0.683405,-11.0829
0.756103,-11.0569
0.765594,-11.0121
0.827128,-10.9287
0.902268,-10.8012
0.914376,-10.6027
0.954569,-10.5168
0.984761,-10.5198
0.990473,-10.3921
1.07707,-10.2947
1.13424,-10.2126
1.20589,-10.0155
1.26644,-9.91786
1.23418,-9.85909
1.18709,-9.77132
1.15902,-9.6287
1.101,-9.39509
1.10261,-9.28498
1.21866,-9.10167
1.27653,-9.0504
1.31864,-8.88988
1.40785,-8.71243
1.37786,-8.46754
1.38369,-8.25177
1.39847,-8.27018
1.35801,-8.2174
1.43955,-8.1662
1.4698,-8.0048
1.49464,-7.86739
1.56682,-7.72723
1.58747,-7.64619
1.51044,-7.6286
1.44637,-7.51779
1.43761,-7.44327
1.45547,-7.2143
1.54294,-7.17008
1.59337,-7.05654
1.57622,-7.01383
1.63985,-6.90726
1.61866,-6.6961
1.65028,-6.47719
1.6842,-6.34379
1.61519,-6.24253
1.59229,-6.19521
1.64394,-6.05685
1.68564,-5.94848
1.69101,-5.70586
1.72102,-5.66
1.72999,-5.59543
1.71622,-5.56311
1.66774,-5.51112
1.68979,-5.3202
1.72225,-5.12664
1.72448,-5.02462
1.70559,-4.79344
1.77811,-4.63804
1.83595,-4.38512
1.79285,-4.16988
1.74943,-4.05826
2.00192,-3.83252
2.2622,-3.63659
2.5925,-3.53322
2.81382,-3.31275
2.75429,-3.29957
2.49874,-3.12033
2.28995,-2.60882
2.22466,-2.24248
2.19728,-1.94671
2.17997,-1.25669
2.38838,-0.609646
2.70635,-0.0599319
2.91177,0.543674
2.92356,1.22597
2.87263,2.064
2.58598,2.938
2.3638,3.92487
2.06837,4.91161
1.7317,5.86557
1.36544,6.6322
1.11036,7.51102
0.847657,8.50191
0.879069,9.18733
1.038,9.756
1.20475,10.3398
1.27213,10.8141
1.18661,11.3909
1.04765,11.7192
1.01033,11.9823
1.01755,12.0643
1.04803,12.0861
1.04776,12.1014
0.972874,12.082
0.925031,12.1513
0.815667,12.183
0.747298,11.9598
0.703257,11.9496
0.637713,12.0129
0.652205,11.8648
0.660824,11.7366
0.560473,11.7142
0.5142,11.6044
0.482231,11.5657
0.501782,11.5336
0.477489,11.343
0.381848,11.1287
0.198404,10.9388
0.021611,10.7573
-0.145286,10.4523
-0.365422,10.3562
-0.458678,10.112
-0.441744,9.95407
-0.276358,9.74596
-0.102424,9.43728
-0.0244342,9.40772
0.00360615,9.31115
-0.0261301,9.21883
-0.0426557,9.28324
-0.148589,9.33037
-0.262546,9.33541
-0.292945,9.33158
-0.280895,9.46122
-0.247621,9.41503
-0.163875,9.38195
-0.0630331,9.48926
0.0317032,9.55332
0.111402,9.70678
0.178493,9.77106
0.191066,9.92589
0.236551,9.97558
0.264475,9.96556
0.311007,9.87956
0.357887,9.81487
0.358772,9.79915
0.373054,9.75363
0.391592,9.64265
0.452021,9.52983
0.496517,9.37777
0.546188,9.15829
0.589405,9.04663
0.625994,9.02681
0.695842,8.94014
0.696437,8.78794
0.771251,8.67125
0.806826,8.45677
0.809165,8.36644
0.818133,8.41651
0.890773,8.32461
0.919395,8.25487
0.948714,8.11637
0.945471,7.94439
0.929341,7.8971
1.03051,7.79825
1.0614,7.63983
1.08101,7.43932
1.03444,7.2629
1.07679,7.06895
1.15937,6.90001
1.15679,6.8275
1.09282,6.62296
1.01497,6.42931
0.997245,6.22522
1.00831,5.95195
1.03832,5.76818
1.04956,5.69719
0.975492,5.53167
0.815038,5.36727
0.786244,5.13706
0.786489,4.99841
0.787781,4.85244
0.95561,4.81697
0.93184,4.71382
0.868181,4.615
0.875892,4.44187
0.930424,4.24214
1.02487,4.14657
1.08047,4.05573
1.03786,3.94839
0.989728,3.76717
0.940548,3.62469
0.908893,3.44821
0.918708,3.34809
0.934654,3.28596
0.903558,3.13144
0.82257,2.95171
0.747688,2.77729
0.743654,2.54765
0.765331,2.38536
0.821574,2.35248
0.852754,2.21622
0.860326,2.06794
0.823531,1.90322
0.823951,1.72287
0.816486,1.61016
0.825255,1.60034
0.825675,1.52396
0.844877,1.43753
0.826515,1.27885
0.789197,1.17558
0.794814,0.999656
0.762996,0.902821
0.744111,0.93946
0.743484,0.808341
0.768617,0.700446
0.779969,0.691647
0.785935,0.47319
0.78668,0.379076
0.767969,0.275437
0.748735,0.163391
0.733804,0.0435536
0.721199,-0.15889
0.698208,-0.304628
0.693254,-0.513607
0.684951,-0.733343
0.669148,-0.886885
0.641541,-1.11531
0.608584,-1.4207
0.576521,-1.74266
0.555693,-2.13629
0.533842,-2.40106
0.518969,-2.7111
0.501072,-3.08621
0.456159,-3.50886
0.429632,-3.9315
0.3733,-4.41098
0.334354,-4.81685
0.310584,-5.2259
0.284547,-5.63127
0.218235,-6.01707
0.172461,-6.28333
0.101708,-6.58858
0.0410139,-6.86753
-0.0534639,-7.20025
-0.210661,-7.49692
-0.3486,-7.67215
-0.479653,-7.95203
-0.547673,-8.25376
-0.620869,-8.48123
-0.638416,-8.75025
-0.699204,-9.00455
-0.783937,-9.23103
-0.998723,-9.42077
-1.14472,-9.65295
-1.29246,-9.87609
-1.39139,-10.0922
-1.40199,-10.2219
-1.38785,-10.3601
-1.50675,-10.5665
-1.59704,-10.7267
-1.73074,-10.9098
-1.63591,-11.1292
-1.58316,-11.4015
-1.49511,-11.6025
-1.54679,-11.7466
-1.58979,-11.8911
-1.60166,-11.9893
-1.53757,-12.1184
-1.44149,-12.1992
-1.42299,-12.3465
-1.43348,-12.4175
-1.47245,-12.5063
-1.55129,-12.6018
-1.54028,-12.7451
-1.49259,-12.8506
-1.44022,-12.9725
-1.34673,-13.0373
-1.38172,-13.0846
-1.4045,-13.1548
-1.40495,-13.2497
-1.4426,-13.2933
-1.39138,-13.3691
-1.29647,-13.4371
-1.18365,-13.4771
-1.12727,-13.581
-1.10739,-13.576
-1.13919,-13.5442
-1.21942,-13.6219
-1.23941,-13.7537
-1.21071,-13.8301
-1.18385,-13.9062
-1.20297,-13.9814
-1.17575,-13.9738
-1.1446,-13.9874
-1.14374,-14.0741
-1.18664,-14.0559
-1.12796,-14.1501
-1.0773,-14.2185
-1.09628,-14.2608
-1.1178,-14.3591
-1.1282,-14.4007
-1.09992,-14.4538
-1.09942,-14.4342
-1.08984,-14.5409
-1.12582,-14.5139
-1.10906,-14.6
-1.0923,-14.6118
-1.07593,-14.6221
-1.05762,-14.727
-1.05895,-14.8284
-1.05259,-14.8348
-1.07489,-14.8755
-0.972326,-14.9715
-0.946147,-14.8624
-0.941598,-14.9252
-0.975172,-14.9679
-0.987686,-15.0192
-0.968833,-15.1117
-0.93585,-15.1565
-0.916125,-15.1813
-0.891609,-15.1438
-0.900575,-15.1618
-0.931148,-15.1977
-0.968699,-15.175
-0.91947,-15.2696
-0.868892,-15.3157
-0.828466,-15.3034
-0.805776,-15.2701
-0.790796,-15.2012
-0.793366,-15.2545
-0.803413,-15.1573
-0.766766,-15.0184
-0.74446,-14.8987
-0.701268,-14.6084
-0.66968,-14.5357
-0.644896,-14.3876
-0.634626,-14.3828
-0.6126,-14.1844
-0.563335,-14.0733
-0.55774,-13.9634
-0.513512,-13.7755
-0.504045,-13.6727
-0.4253,-13.6232
-0.378419,-13.5821
-0.336924,-13.5382
-0.243085,-13.4238
-0.213067,-13.3581
-0.161593,-13.1983
-0.108526,-13.157
-0.0551579,-13.0092
-0.0446783,-13.0278
0.00836578,-12.9886
0.0324165,-12.9106
0.11044,-12.8308
0.143946,-12.7277
0.214108,-12.5371
0.277769,-12.4864
0.305868,-12.4172
0.359726,-12.3347
0.394941,-12.2845
0.424759,-12.1508
0.423144,-12.0648
0.444963,-11.8497
0.469246,-11.7526
0.541048,-11.6151
0.594034,-11.6117
0.595116,-11.4159
0.675291,-11.3107
0.720136,-11.2015
0.744048,-10.989
0.756469,-10.9287
0.811058,-10.9292
0.843692,-10.9037
0.850916,-10.8438
0.856708,-10.7258
0.892865,-10.6016
0.908287,-10.4565
0.90745,-10.3905
0.988672,-10.2922
1.09283,-10.298
1.16622,-10.2226
1.1694,-10.0907
1.27173,-9.9042
1.21592,-9.78723
1.17944,-9.77844
1.18303,-9.72215
1.17252,-9.60375
1.13625,-9.46169
1.19373,-9.36597
1.26083,-9.18385
1.31684,-9.08197
1.35443,-8.95438
1.41216,-8.94647
1.40322,-8.76196
1.35637,-8.62612
1.30663,-8.51317
1.29592,-8.32153
1.28488,-8.17301
1.35039,-8.09777
1.41033,-8.09148
1.47315,-8.0556
1.48142,-7.99291
1.55111,-7.83718
1.56773,-7.71309
1.5175,-7.61679
1.4998,-7.49595
1.5198,-7.49397
1.47149,-7.39255
1.50426,-7.31754
1.54077,-7.26334
1.59375,-7.06162
1.5965,-7.01649
1.63619,-6.9211
1.65909,-6.85634
1.64305,-6.77638
1.58581,-6.69101
1.56295,-6.49383
1.55052,-6.37857
1.54131,-6.24918
1.5834,-6.14841
1.64842,-6.05571
1.66689,-6.06961
1.66316,-5.9615
1.69096,-5.80973
1.73641,-5.69093
1.68901,-5.51997
1.66227,-5.43658
1.65717,-5.40866
1.6254,-5.40703
1.65836,-5.28113
1.74949,-5.21042
1.83936,-5.06905
1.86244,-4.77174
1.78023,-4.58589
1.78637,-4.24293
1.71018,-4.03109
1.55628,-3.84448
1.72413,-3.76139
1.99712,-3.37882
2.17367,-3.25903
2.41793,-3.13895
2.36082,-2.75145
2.13836,-2.33636
2.11194,-1.69314
2.16339,-1.26394
2.3757,-0.556973
2.63647,0.175525
2.82178,1.00106
2.9789,1.8466
3.2188,2.70813
3.29834,3.89284
3.29986,4.94766
3.29338,5.99125
3.22767,6.58686
3.1333,7.2993
2.88592,7.86968
2.63052,8.349
2.3584,9.07394
1.99193,9.65839
1.64024,10.0561
1.29031,10.4518
1.08538,10.7837
1.00297,10.9646
1.01275,10.965
1.09943,10.9623
1.20356,10.9833
1.2673,10.9715
1.19634,10.9904
1.06974,11.0967
0.845767,11.2239
0.658507,11.1721
0.482597,11.209
0.349684,11.015
0.299014,10.9356
0.271208,10.9192
0.252439,10.8133
0.258522,10.7926
0.293922,10.6977
0.217144,10.5303
0.0643776,10.3905
-0.10075,10.2606
-0.0746642,10.0861
0.055925,9.95351
0.209972,9.85292
0.139474,9.77094
-0.0462042,9.62784
-0.235173,9.56377
-0.44197,9.38974
-0.528099,9.36392
-0.430804,9.27049
-0.167997,9.27601
-0.0399083,9.293
-0.0017857,9.35389
-0.0320342,9.44559
-0.148957,9.46572
-0.221374,9.36943
-0.175739,9.56237
-0.0273905,9.6225
0.115341,9.72584
0.185514,9.8601
0.177909,9.96106
0.111772,9.96889
0.0926884,9.96252
0.131974,9.92624
0.208078,9.91706
0.249435,9.78594
0.265752,9.6614
0.275218,9.56127
0.308143,9.40422
0.361617,9.26757
0.46226,9.17158
0.517652,9.18821
0.60591,9.05099
0.61889,8.9258
0.621658,8.88342
0.654966,8.60856
0.725164,8.49907
0.717524,8.44465
0.775311,8.43486
0.73098,8.38779
0.824354,8.27842
0.889493,8.05275
0.92936,7.89855
0.966505,7.75557
1.01352,7.76453
1.01415,7.59102
1.01859,7.50392
1.01374,7.36024
0.980755,7.1915
0.969836,7.0951
0.983769,6.95473
1.01766,6.79056
1.00705,6.57283
1.03094,6.32123
0.971002,6.09882
0.881198,5.94142
0.879035,5.89101
0.820923,5.75954
0.860452,5.62127
0.876049,5.43404
0.829566,5.23489
0.794142,5.07493
0.845522,5.0226
0.862141,4.95966
0.915302,4.86078
0.953773,4.7488
0.983068,4.58407
0.991477,4.42818
0.981581,4.31718
0.972813,4.24869
0.986572,4.18083
1.01587,4.01174
0.980432,3.87432
0.925122,3.68909
0.882047,3.60252
0.855974,3.51885
0.820376,3.39505
0.81291,3.28324
0.833134,3.10665
0.852511,2.93791
0.814982,2.74678
0.823402,2.65367
0.815588,2.58968
0.779641,2.48798
0.778804,2.38472
0.824439,2.29256
0.824859,2.09498
0.817219,1.95985
0.795053,1.9063
0.817476,1.82844
0.781529,1.80232
0.826141,1.76781
0.769482,1.63774
0.826747,1.51604
0.819107,1.38381
0.827527,1.29776
0.819887,1.25037
0.828307,1.24739
0.828727,1.10932
0.821087,0.981633
0.791943,0.916687
0.809365,0.759983
0.779872,0.657357
0.731819,0.495769
0.720237,0.432719
0.705131,0.333258
0.676965,0.119918
0.657706,-0.0594056
0.635994,-0.239252
0.616561,-0.371592
0.606479,-0.464391
0.572742,-0.544478
0.537459,-0.637776
0.52633,-0.791049
0.538239,-1.03561
0.494721,-1.29582
0.520411,-1.51364
0.509631,-1.75262
0.519563,-1.85795
0.503782,-2.17157
0.509062,-2.39886
0.506168,-2.70727
0.455498,-3.0843
0.453277,-3.4301
0.39028,-3.78511
0.363579,-4.10618
0.324946,-4.46157
0.283765,-4.70608
0.237806,-5.05659
0.214535,-5.40129
0.176112,-5.7042
0.143061,-6.03207
0.0853087,-6.30821
-0.0269398,-6.68843
-0.152377,-7.05284
-0.285733,-7.46313
-0.355813,-7.62869
-0.425323,-7.90685
-0.469643,-8.25189
-0.511032,-8.44232
-0.566935,-8.67962
-0.626606,-8.92973
-0.683207,-9.17497
-0.728051,-9.31981
-0.841753,-9.521
-0.977308,-9.73893
-1.20114,-9.96596
-1.26849,-10.2131
-1.35626,-10.3415
-1.35278,-10.4356
-1.42869,-10.5601
-1.52737,-10.7029
-1.60202,-10.7944
-1.6574,-10.9235
-1.63997,-11.1107
-1.60534,-11.3075
-1.54796,-11.5015
-1.53769,-11.5778
-1.56346,-11.7719
-1.62058,-11.8964
-1.62716,-11.9889
-1.572,-12.0888
-1.53544,-12.148
-1.40201,-12.2781
-1.43383,-12.3509
-1.47316,-12.4427
-1.51109,-12.5658
-1.58804,-12.5983
-1.5602,-12.7216
-1.48099,-12.8818
-1.45002,-12.983
-1.33914,-13.093
-1.37103,-13.1208
-1.39186,-13.1834
-1.41345,-13.2875
-1.40596,-13.4291
-1.36179,-13.5063
-1.2098,-13.5507
-1.18668,-13.573
-1.10366,-13.6883
-1.09775,-13.6756
-1.15353,-13.6717
-1.23344,-13.818
-1.23026,-13.8978
-1.20539,-13.9651
-1.20971,-14.0387
-1.22101,-14.1352
-1.19282,-14.1483
-1.16168,-14.1232
-1.14494,-14.2003
-1.16444,-14.2711
-1.17917,-14.2943
-1.10208,-14.3479
-1.09611,-14.3555
-1.11927,-14.3172
-1.1319,-14.396
-1.15542,-14.428
-1.13066,-14.4547
-1.09027,-14.5177
-1.08068,-14.529
-1.1099,-14.6643
-1.14328,-14.6887
-1.17378,-14.7666
-1.10913,-14.7505
-1.06647,-14.7805
-1.05392,-14.7831
-1.08104,-14.8358
-1.0796,-14.8987
-1.07543,-14.854
-1.02928,-14.8884
-1.01028,-14.9702
-0.963253,-15.1052
-0.987931,-15.0699
-0.959333,-15.1318
-0.973253,-15.1301
-0.968904,-15.1522
-0.977591,-15.1269
-0.925676,-15.1799
-0.932618,-15.2487
-0.92978,-15.279
-0.943526,-15.3132
-0.946619,-15.3973
-0.951817,-15.264
-0.943804,-15.2743
-0.924812,-15.2899
-0.882433,-15.3984
-0.856696,-15.3977
-0.8199,-15.4062
-0.819399,-15.3422
-0.814817,-15.1488
-0.811642,-15.0825
-0.795291,-15.0323
-0.745644,-14.8685
-0.715139,-14.7647
-0.649792,-14.6232
-0.63237,-14.4357
-0.575105,-14.3305
-0.582745,-14.1561
-0.569325,-14.0654
-0.562311,-13.9795
-0.470565,-13.7983
-0.403833,-13.563
-0.340929,-13.4079
-0.292863,-13.4017
-0.228562,-13.3299
-0.153865,-13.2368
-0.102996,-13.1493
-0.0666183,-12.9489
-0.0202631,-12.8723
0.0410717,-12.7845
0.106757,-12.8067
0.169138,-12.6833
0.235288,-12.5588
0.27598,-12.3672
0.342654,-12.265
0.377764,-12.2052
0.414142,-12.0999
0.454311,-12.0148
0.516623,-11.8197
0.572259,-11.6048
0.611312,-11.448
0.640397,-11.318
0.677252,-11.281
0.737005,-11.1667
0.771534,-11.0138
0.81111,-10.7953
0.889366,-10.6949
0.898124,-10.6643
0.915964,-10.6223
0.959901,-10.5366
0.97003,-10.3933
1.02828,-10.2385
1.08961,-10.1611
1.11582,-10.1013
1.13795,-10.0309
1.19045,-9.95579
1.15658,-9.83608
1.15582,-9.699
1.17975,-9.57432
1.15644,-9.51323
1.18929,-9.42946
1.28143,-9.31845
1.32956,-9.17804
1.38688,-8.94891
1.4474,-8.85744
1.36736,-8.70923
1.36816,-8.62262
1.31622,-8.47108
1.29308,-8.30945
1.39623,-8.07892
1.46662,-7.95337
1.51022,-7.92088
1.5848,-7.91824
1.58438,-7.81095
1.53569,-7.68693
1.45552,-7.58177
1.43765,-7.4213
1.39611,-7.33422
1.49007,-7.3027
1.535,-7.29998
1.55755,-7.20418
1.56404,-7.13103
1.64784,-7.02737
1.67109,-6.8754
1.64606,-6.78305
1.61116,-6.72864
1.58323,-6.64883
1.57286,-6.56262
1.58633,-6.37023
1.6349,-6.20456
1.69053,-6.06997
1.66498,-5.9648
1.71259,-5.87566
1.73269,-5.85114
1.69235,-5.70957
1.63936,-5.58167
1.61503,-5.35794
1.5906,-5.24751
1.57587,-5.17019
1.67343,-5.18627
1.7847,-5.1462
1.85106,-4.94822
1.83372,-4.84271
1.87958,-4.47575
1.92719,-4.17132
1.73783,-3.9457
1.57398,-3.63718
1.70143,-3.48922
1.76433,-3.31125
1.80479,-3.05316
1.96444,-2.91389
2.09139,-2.60717
2.09585,-2.26029
2.05687,-1.69877
1.99854,-1.27379
2.02503,-0.825812
2.07226,-0.189689
2.28065,0.345595
2.56218,0.97573
2.85343,1.61905
3.05611,2.27956
3.23598,2.97808
3.39273,3.79625
3.51116,4.71794
3.55464,5.30957
3.51868,6.0744
3.52782,6.61551
3.58259,7.09259
3.6356,7.51699
3.64956,7.93441
3.62205,8.29784
3.59882,8.60892
3.55596,8.80508
3.48901,9.01056
3.32545,9.19748
3.10471,9.23636
2.85313,9.39909
2.58605,9.50859
2.16527,9.55358
1.61863,9.6053
1.26228,9.81584
0.95704,9.90344
0.893495,10.0351
0.904183,10.0994
1.02046,10.1684
1.13308,10.1682
1.10421,10.1116
1.08998,10.1232
1.04822,10.0493
0.972892,9.97883
0.753918,9.92839
0.496019,9.92692
0.285791,9.84065
0.19344,9.87026
0.183998,9.86303
0.2496,9.83265
0.272266,9.76053
0.214677,9.66566
0.0858317,9.52603
0.048431,9.54693
0.144353,9.46452
0.299248,9.40187
0.431571,9.33855
0.517699,9.30254
0.463784,9.36624
0.412068,9.37983
0.170474,9.36841
-0.0985894,9.32652
-0.154143,9.33179
-0.0902857,9.29752
-0.0303464,9.27423
0.0013217,9.41685
0.0486654,9.33751
0.102267,9.38787
0.128701,9.42077
0.158171,9.4444
0.158672,9.43439
0.189676,9.4168
0.258977,9.55936
0.327569,9.62725
0.32758,9.66084
0.266164,9.87625
0.146938,9.88199
0.068391,9.94313
0.0919295,9.94387
0.172384,9.92169
0.293692,9.85957
0.377588,9.83762
0.396057,9.74678
0.371878,9.6454
0.354015,9.52687
0.378182,9.33763
0.436284,9.24952
0.589899,9.18128
0.630639,9.15115
0.658619,9.03831
0.684832,8.89446
0.700684,8.74488
0.691973,8.57344
0.750168,8.47108
0.811434,8.42837
0.874594,8.37922
0.882665,8.32296
0.851417,8.23915
0.898818,8.03636
0.966433,7.87446
0.941058,7.7829
0.979679,7.6788
0.95856,7.70529
0.982378,7.54257
1.06194,7.44683
1.02843,7.21713
0.985147,7.03004
0.980273,6.90751
1.08737,6.7772
1.08933,6.54522
1.05241,6.41606
1.06938,6.20088
0.960271,6.06544
0.904809,6.01505
0.913229,5.85123
0.906112,5.67577
1.03399,5.4181
1.0395,5.25561
0.974588,5.16784
0.950235,5.12543
0.984938,5.08343
1.00393,4.96594
1.05773,4.84265
1.11261,4.6191
1.09561,4.54209
1.09091,4.45292
1.03417,4.36289
0.977599,4.27632
0.977749,4.136
0.996795,3.97282
1.01239,3.80284
1.00687,3.63965
0.937681,3.62708
0.919314,3.4982
0.871268,3.33526
0.888919,3.16205
0.919396,2.90955
0.919636,2.77341
0.919701,2.76566
0.871307,2.62266
0.84837,2.45912
0.828956,2.22687
0.854084,2.11669
0.853451,2.03375
0.885905,2.01478
0.860945,1.91096
0.859639,1.80733
0.844877,1.65403
0.844419,1.5172
0.864546,1.42353
0.875892,1.40519
0.872214,1.27888
0.882712,1.16466
0.856844,1.1479
0.875168,0.955791
0.862906,0.83389
0.822558,0.695835
0.785096,0.613417
0.756112,0.523915
0.728324,0.313141
0.674603,0.146117
0.649548,-0.0920693
0.60106,-0.291482
0.619478,-0.339524
0.587121,-0.469065
0.588931,-0.663419
0.572832,-0.933819
0.581038,-1.07636
0.569939,-1.32182
0.58082,-1.45316
0.597087,-1.74497
0.592815,-1.98897
0.582589,-2.32748
0.552534,-2.68882
0.503697,-3.08549
0.435729,-3.49482
0.378344,-3.80319
0.329717,-4.12355
0.269565,-4.53008
0.215262,-4.93036
0.143282,-5.3059
0.0701976,-5.67544
-0.0278909,-6.03005
-0.118536,-6.46263
-0.161291,-6.71486
-0.192368,-7.00196
-0.215445,-7.32272
-0.229335,-7.55408
-0.242876,-7.84932
-0.316136,-8.10134
-0.451846,-8.30954
-0.58566,-8.59831
-0.677502,-8.88456
-0.750413,-9.10217
-0.785701,-9.28541
-0.798952,-9.54881
-0.902448,-9.79858
-1.02688,-9.99868
-1.19759,-10.1173
-1.36792,-10.2958
-1.50716,-10.3835
-1.54105,-10.5286
-1.56215,-10.701
-1.49405,-10.8591
-1.45177,-10.9932
-1.47211,-11.1064
-1.53566,-11.3094
-1.62544,-11.5143
-1.63162,-11.5909
-1.59733,-11.7444
-1.55901,-11.8264
-1.46364,-11.9012
-1.45822,-11.9985
-1.49717,-12.0758
-1.53613,-12.1672
-1.61375,-12.2799
-1.5885,-12.3675
-1.49914,-12.5105
-1.46603,-12.5886
-1.41537,-12.6379
-1.41914,-12.771
-1.47135,-12.8671
-1.51658,-13.0106
-1.54007,-13.1284
-1.46052,-13.2024
-1.38096,-13.317
-1.32484,-13.3547
-1.18571,-13.4433
-1.17434,-13.5352
-1.21922,-13.6116
-1.2573,-13.6508
-1.26282,-13.6127
-1.25775,-13.6526
-1.27897,-13.7139
-1.21662,-13.7734
-1.16312,-13.765
-1.12537,-13.852
-1.1413,-13.9996
-1.13533,-13.998
-1.13942,-14.0482
-1.17058,-14.0923
-1.19977,-14.1337
-1.22197,-14.1875
-1.18957,-14.2574
-1.13944,-14.3456
-1.11833,-14.3146
-1.15554,-14.4026
-1.13268,-14.4443
-1.10604,-14.48
-1.09341,-14.5421
-1.13463,-14.5279
-1.16099,-14.4804
-1.14025,-14.5862
-1.1228,-14.5564
-1.09122,-14.6284
-1.0997,-14.7011
-1.12423,-14.7045
-1.13429,-14.8035
-1.1191,-14.9142
-1.10095,-14.8924
-1.06832,-14.8918
-1.06826,-14.9434
-1.07587,-14.9065
-1.09028,-14.9977
-1.08987,-14.9727
-1.0352,-14.9871
-0.974859,-15.1871
-0.952033,-15.1433
-0.951269,-15.2355
-0.950506,-15.1656
-0.963349,-15.2359
-0.956713,-15.1721
-0.947925,-15.1356
-0.919658,-15.2293
-0.887088,-15.2405
-0.917492,-15.2989
-0.929114,-15.3631
-0.940155,-15.3253
-0.915434,-15.2315
-0.898448,-15.3158
-0.883263,-15.3468
-0.828015,-15.3025
-0.812657,-15.3537
-0.803753,-15.3235
-0.785894,-15.1721
-0.788619,-15.0711
-0.765236,-14.9337
-0.736678,-14.8557
-0.709189,-14.8215
-0.699738,-14.7443
-0.668156,-14.6254
-0.650181,-14.5173
-0.631856,-14.409
-0.580621,-14.2016
-0.568751,-14.1285
-0.552391,-13.9804
-0.496419,-13.9319
-0.483442,-13.8071
-0.434879,-13.656
-0.354299,-13.4859
-0.30734,-13.348
-0.232378,-13.2109
-0.136133,-13.23
-0.0921287,-13.1541
-0.0280739,-13.0107
0.0300254,-12.9334
0.0677147,-12.7885
0.142771,-12.6319
0.183508,-12.5918
0.246666,-12.5499
0.304765,-12.4414
0.347607,-12.3716
0.36776,-12.1819
0.377306,-12.1299
0.389119,-12.0129
0.43838,-11.94
0.460521,-11.8567
0.503817,-11.6497
0.58942,-11.4182
0.672291,-11.2814
0.748684,-11.2045
0.753195,-11.2165
0.776696,-11.0365
0.813397,-10.8557
0.857518,-10.732
0.862727,-10.5917
0.902742,-10.505
0.968866,-10.4998
1.00278,-10.4789
1.02614,-10.4319
1.05135,-10.3023
1.09869,-10.1829
1.08754,-10.0541
1.11666,-9.95561
1.12861,-9.92466
1.14286,-9.92745
1.10322,-9.80213
1.14323,-9.6939
1.23742,-9.50846
1.2738,-9.40471
1.31486,-9.37703
1.31958,-9.32969
1.30179,-9.19937
1.29538,-9.04678
1.3017,-8.87087
1.2867,-8.70514
1.35265,-8.51472
1.43661,-8.50102
1.42513,-8.33552
1.51195,-8.20095
1.51365,-8.1018
1.4658,-7.89851
1.43712,-7.79953
1.4364,-7.71183
1.42437,-7.70397
1.40089,-7.62866
1.45899,-7.59719
1.51439,-7.46246
1.56536,-7.38854
1.58869,-7.2456
1.66138,-7.13424
1.65807,-7.08483
1.61811,-7.12259
1.57268,-6.98744
1.51244,-6.84951
1.49309,-6.64092
1.5648,-6.59015
1.63685,-6.50716
1.65986,-6.43924
1.63321,-6.38096
1.71276,-6.27547
1.69864,-6.15277
1.62219,-5.91761
1.63479,-5.78287
1.62087,-5.67804
1.59332,-5.71761
1.5949,-5.56077
1.66672,-5.42231
1.68551,-5.27222
1.66276,-5.09562
1.73554,-4.88273
1.86254,-4.92808
1.7644,-4.80049
1.58944,-4.60801
1.67909,-4.51962
1.84549,-3.99188
1.61523,-3.79577
1.67123,-3.65568
1.96937,-3.30864
2.01758,-3.18251
1.87086,-2.98485
1.81257,-2.78557
1.92934,-2.57187
1.97575,-2.16819
2.0292,-1.74568
2.04346,-1.19957
2.11729,-0.756153
2.14303,-0.23659
2.21805,0.423227
2.42286,1.17044
2.66342,1.99819
2.84579,2.79006
3.06394,3.55582
3.23005,4.59366
3.37083,5.34341
3.4401,6.02651
3.6088,6.66039
3.74842,7.13256
3.84152,7.61276
3.81674,8.00434
3.82456,8.37777
3.85685,8.65149
3.83266,8.85301
3.82122,9.01377
3.67307,9.12281
3.55868,9.12258
3.49446,9.25046
3.38183,9.35828
3.2299,9.33456
2.99476,9.53425
2.63797,9.73113
2.35428,9.79303
1.88768,9.78426
1.35316,9.79427
0.995441,9.95523
0.931545,9.79836
0.930391,9.76819
1.0428,9.78388
1.23819,9.76995
1.30243,9.64774
1.16331,9.66507
1.07552,9.58914
0.984236,9.61846
0.804044,9.48356
0.679209,9.47814
0.585658,9.4491
0.510889,9.38137
0.504828,9.43336
0.557835,9.38552
0.607037,9.36634
0.688745,9.47965
0.834706,9.32705
0.697137,9.40934
0.566371,9.50046
0.50294,9.48937
0.42652,9.53177
0.432194,9.58091
0.654213,9.62038
0.755226,9.6546
0.716915,9.71869
0.526606,9.82645
0.44137,9.78157
0.372939,9.76355
0.41485,9.8639
0.449249,9.92319
0.570498,9.94262
0.667207,10.0221
0.673206,10.0322
0.601984,10.0394
0.536809,9.9652
0.503325,9.90348
0.525372,9.76591
0.615139,9.69306
0.703675,9.58328
0.692112,9.50617
0.693982,9.40147
0.677245,9.2332
0.665508,9.16035
0.756287,9.10175
0.86922,8.95988
0.896094,8.85444
0.893428,8.74347
0.919581,8.5128
0.961133,8.38274
0.959688,8.39391
1.01011,8.36721
1.05391,8.32549
1.10968,8.16001
1.07224,8.0154
1.06522,7.9511
1.11006,7.82956
1.19264,7.72097
1.19489,7.76157
1.19504,7.57731
1.17743,7.50248
1.18593,7.41362
1.25775,7.23717
1.2598,7.14199
1.24754,7.00529
1.24476,6.91535
1.22034,6.88655
1.1886,6.6894
1.22286,6.51485
1.25014,6.3724
1.27153,6.22797
1.25359,6.07566
1.20325,6.04488
1.13359,5.94139
1.0704,5.84539
1.12867,5.71327
1.13362,5.48652
1.1341,5.36582
1.19074,5.23057
1.14702,5.22262
1.13569,5.16073
1.13599,5.06982
1.13629,5.00302
1.21513,4.86161
1.22743,4.66779
1.27332,4.59322
1.28217,4.53217
1.25113,4.4595
1.22671,4.36606
1.21591,4.25778
1.17004,4.14152
1.18464,3.93545
1.1529,3.82032
1.18611,3.67523
1.1492,3.58211
1.14932,3.42285
1.0788,3.20155
1.09183,2.91382
1.11667,2.73011
1.10538,2.65743
1.04924,2.49567
1.02134,2.22498
1.00024,2.11313
1.00508,2.0254
1.04085,1.91057
1.06086,1.76041
1.06476,1.5692
1.06402,1.39529
1.08903,1.38483
1.06968,1.24886
1.0573,1.16185
1.06121,0.998638
1.04185,0.81833
1.01517,0.723186
0.988141,0.624601
0.94861,0.501336
0.920185,0.330273
0.851172,0.150582
0.803791,-0.0284804
0.76769,-0.152327
0.756825,-0.251809
0.723435,-0.322879
0.692418,-0.421639
0.688008,-0.570024
0.644057,-0.668634
0.627319,-0.908683
0.627561,-1.06908
0.648562,-1.34225
0.625196,-1.47019
0.660501,-1.7042
0.667197,-1.9483
0.599813,-2.21414
0.599706,-2.50903
0.575991,-2.84672
0.540122,-3.18472
0.475994,-3.50778
0.437277,-3.80156
0.412166,-4.06459
0.405314,-4.41149
0.372877,-4.75883
0.332938,-5.09314
0.280323,-5.4044
0.220731,-5.75578
0.133808,-6.11509
0.0129276,-6.45988
-0.102371,-6.80515
-0.237498,-7.02834
-0.305638,-7.36487
-0.323481,-7.66542
-0.319226,-7.88149
-0.306599,-8.0499
-0.332408,-8.29537
-0.379847,-8.47737
-0.489912,-8.60775
-0.582242,-8.77716
-0.687423,-9.00003
-0.795628,-9.16588
-0.871618,-9.32238
-0.943247,-9.46205
-1.0361,-9.60898
-1.10738,-9.79297
-1.21692,-9.9707
-1.2468,-10.1183
-1.34942,-10.2727
-1.43704,-10.3823
-1.52943,-10.4544
-1.57059,-10.5696
-1.56326,-10.7025
-1.53911,-10.8334
-1.53591,-10.9296
-1.5416,-11.0634
-1.60886,-11.2165
-1.63874,-11.369
-1.64234,-11.4927
-1.60762,-11.6121
-1.45543,-11.6677
-1.44577,-11.7688
-1.45687,-11.8455
-1.51233,-11.9316
-1.54064,-12.0513
-1.46864,-12.1566
-1.43549,-12.2568
-1.35152,-12.3629
-1.34412,-12.5193
-1.37522,-12.6621
-1.40993,-12.8039
-1.50144,-12.9371
-1.40217,-13.0196
-1.29994,-13.1516
-1.17834,-13.2454
-1.13315,-13.3417
-1.14733,-13.3834
-1.19564,-13.3436
-1.2368,-13.407
-1.29,-13.4823
-1.21172,-13.5058
-1.12013,-13.4561
-1.1007,-13.5609
-1.12476,-13.6561
-1.12435,-13.6805
-1.15452,-13.6944
-1.22475,-13.7221
-1.28155,-13.8186
-1.28445,-13.8374
-1.23821,-13.9007
-1.23687,-13.9637
-1.24469,-13.9892
-1.20871,-13.9647
-1.12752,-14.0616
-1.13926,-14.0996
-1.16408,-14.154
-1.15616,-14.2017
-1.14557,-14.1655
-1.1373,-14.2186
-1.14695,-14.2662
-1.15328,-14.307
-1.14379,-14.3823
-1.09406,-14.4085
-1.09068,-14.4574
-1.09997,-14.5362
-1.11084,-14.6029
-1.10565,-14.6285
-1.0504,-14.5965
-1.02033,-14.6723
-0.982818,-14.6718
-0.984088,-14.7507
-0.985765,-14.6912
-0.960265,-14.7599
-0.925333,-14.8203
-0.927184,-14.8687
-0.934211,-14.8744
-0.952518,-14.9018
-0.966872,-14.9112
-0.954419,-14.8299
-0.934116,-14.8823
-0.932769,-14.8716
-0.923921,-14.92
-0.93653,-14.9522
-0.955942,-14.9671
-0.937035,-14.9921
-0.980055,-15.0503
-0.978709,-14.8853
-0.921191,-14.974
-0.875477,-14.9699
-0.862362,-15.0678
-0.846619,-15.058
-0.854983,-15.1327
-0.858521,-15.027
-0.843451,-14.9493
-0.814775,-14.7989
-0.805811,-14.6862
-0.775739,-14.6588
-0.726711,-14.5947
-0.703093,-14.4677
-0.653019,-14.3529
-0.635332,-14.2597
-0.596364,-14.08
-0.58604,-13.9508
-0.521918,-13.8386
-0.521618,-13.8432
-0.516317,-13.6639
-0.457171,-13.5962
-0.437042,-13.452
-0.369523,-13.2335
-0.336369,-13.1187
-0.249545,-12.994
-0.192841,-12.9781
-0.122008,-12.9139
-0.0878427,-12.7916
-0.0344198,-12.6991
0.00152504,-12.5353
0.0420636,-12.4052
0.104001,-12.3293
0.192046,-12.2368
0.261833,-12.1625
0.327899,-12.0511
0.376811,-11.931
0.404964,-11.8215
0.430384,-11.7704
0.485482,-11.683
0.524251,-11.5639
0.594504,-11.3807
0.636263,-11.1721
0.710237,-11.0357
0.708153,-10.8968
0.706708,-10.8565
0.737187,-10.7304
0.767957,-10.6387
0.794947,-10.4274
0.817831,-10.344
0.890908,-10.2501
0.93197,-10.2732
0.94012,-10.1837
0.970599,-10.0791
1.00974,-10.0288
0.99754,-9.80285
0.996793,-9.76298
1.02892,-9.67554
1.08531,-9.70476
1.12602,-9.55347
1.1415,-9.54809
1.18867,-9.47442
1.22223,-9.32931
1.24829,-9.24313
1.19992,-9.15801
1.25854,-9.14391
1.2463,-9.05577
1.2428,-8.97171
1.30404,-8.83833
1.34562,-8.64478
1.34319,-8.50413
1.36977,-8.40717
1.40688,-8.25274
1.42771,-8.20351
1.34552,-8.08723
1.3676,-7.94066
1.38151,-7.80647
1.35314,-7.60908
1.36687,-7.43782
1.42515,-7.50186
1.50953,-7.47676
1.49049,-7.40537
1.52966,-7.29137
1.59631,-7.18863
1.57137,-7.083
1.53777,-6.93863
1.51447,-6.8901
1.50726,-6.865
1.45258,-6.79484
1.50653,-6.69867
1.5937,-6.62764
1.60795,-6.4189
1.66884,-6.3688
1.70089,-6.3041
1.70346,-6.24772
1.62505,-6.12952
1.56916,-5.9812
1.55608,-5.843
1.5319,-5.69608
1.5183,-5.57021
1.60478,-5.4241
1.66637,-5.39946
1.66774,-5.26563
1.69104,-5.12876
1.73553,-5.02174
1.70751,-4.80079
1.73916,-4.78267
1.6955,-4.65441
1.55597,-4.51377
1.36761,-4.30399
1.25429,-3.93169
1.20086,-3.57688
1.04608,-3.30448
1.27787,-3.03166
1.48351,-2.76415
1.69673,-2.66258
1.9423,-2.35471
1.96824,-1.80557
1.93604,-1.0645
1.93791,-0.402667
2.05045,0.44226
2.18883,1.26103
2.34026,2.43566
2.62967,3.49563
2.93147,4.5835
3.19576,5.67684
3.30029,6.62347
3.35098,7.29757
3.42233,7.85222
3.51515,8.56632
3.62762,8.89867
3.64817,9.26232
3.60484,9.50614
3.56397,9.63102
3.55217,9.73765
3.41228,9.83532
3.31547,9.86449
3.14804,9.94088
3.01207,9.98831
2.87532,10.1835
2.86207,10.1084
2.7124,10.0423
2.61312,10.0365
2.5271,9.93599
2.38895,9.9154
2.2754,9.85691
2.17795,9.8224
2.11919,9.82309
2.06865,9.62338
1.97184,9.53376
1.83642,9.32196
1.71089,9.21077
1.52081,8.98862
1.32006,8.88842
1.33324,8.65237
1.34576,8.6063
1.34914,8.58178
1.41369,8.48156
1.42367,8.42898
1.30177,8.33098
1.18804,8.41226
1.13142,8.38415
0.917405,8.4606
0.796907,8.49918
0.88629,8.5222
0.989977,8.59774
1.01063,8.78269
0.957804,8.83297
0.908479,9.03414
0.862261,9.19613
0.828254,9.24582
0.92444,9.3328
0.995354,9.49865
1.02348,9.55921
1.06361,9.79016
1.09747,9.96546
1.09302,10.0235
1.07905,10.1143
1.10092,10.1093
1.14943,10.077
1.20561,9.97592
1.2403,9.95229
1.23272,9.80696
1.15923,9.65088
1.1115,9.40829
1.10043,9.24981
1.14298,9.15589
1.14694,9.06609
1.12479,8.90617
1.06956,8.79229
1.06977,8.54003
1.10767,8.38699
1.15687,8.34842
1.18781,8.34695
1.19692,8.25645
1.25482,8.11897
1.28018,7.98134
1.2678,7.81217
1.33447,7.72784
1.41825,7.65152
1.36342,7.51748
1.36855,7.43306
1.33753,7.16247
1.40915,7.11117
1.403,6.87571
1.34748,6.80801
1.31576,6.67079
1.27667,6.45655
1.28307,6.27651
1.30844,6.09204
1.31876,5.94782
1.31473,5.90648
1.26247,5.78917
1.21648,5.59529
1.17389,5.33515
1.25773,5.26308
1.33943,5.09072
1.36334,5.09924
1.33197,5.04183
1.3401,4.9006
1.3404,4.71369
1.3407,4.59017
1.37085,4.46499
1.34694,4.41705
1.34258,4.37785
1.34288,4.19175
1.29076,4.0534
1.34308,3.91984
1.34338,3.72281
1.30594,3.69931
1.30428,3.54342
1.25321,3.36157
1.2074,3.13292
1.2097,2.9481
1.24219,2.89773
1.24825,2.84698
1.26111,2.67065
1.19328,2.56888
1.14779,2.3349
1.10041,2.22631
1.01942,2.0982
0.999974,2.07152
1.01089,2.01771
1.02509,1.82947
1.02029,1.70051
1.01743,1.53325
0.999238,1.50585
0.994828,1.37947
0.98323,1.26868
0.994496,1.26893
1.00939,1.05207
0.993665,0.925406
0.983125,0.733005
0.960107,0.624244
0.903829,0.44746
0.876531,0.264072
0.848489,0.0435496
0.781744,-0.163878
0.722988,-0.220562
0.671919,-0.36113
0.67187,-0.536693
0.649492,-0.699322
0.647838,-0.909901
0.647764,-1.11273
0.652716,-1.28054
0.645828,-1.50397
0.658257,-1.73216
0.633844,-2.00969
0.610733,-2.38256
0.559664,-2.77757
0.532459,-3.13401
0.472692,-3.46513
0.444232,-3.79943
0.429505,-4.21036
0.440214,-4.58823
0.393494,-4.91678
0.384001,-5.378
0.272715,-5.72307
0.133191,-6.09145
-0.0136483,-6.31171
-0.159707,-6.61703
-0.257794,-6.93606
-0.324923,-7.12476
-0.331625,-7.35891
-0.315916,-7.6359
-0.286636,-7.81419
-0.294559,-8.0245
-0.278268,-8.31527
-0.420641,-8.62841
-0.610103,-8.90257
-0.76721,-9.22026
-0.942786,-9.50659
-0.990424