-0.86775 2.05360
-0.86762 2.05348
-0.86748 2.05335
-0.86734 2.05323
-0.86720 2.05311
-0.86706 2.05298
-0.86693 2.05286
-0.86679 2.05274
-0.86665 2.05261
-0.86651 2.05249
-0.86637 2.05237
-0.86624 2.05224
-0.86610 2.05212
-0.86596 2.05200
-0.86582 2.05187
-0.86568 2.05175
-0.86555 2.05163
-0.86541 2.05150
-0.86527 2.05138
-0.86513 2.05126
-0.86499 2.05113
-0.86486 2.05101
-0.86472 2.05088
-0.86458 2.05076
-0.86444 2.05064
-0.86431 2.05051
-0.86417 2.05039
-0.86403 2.05027
-0.86389 2.05014
-0.86375 2.05002
-0.86362 2.04990
-0.86348 2.04977
-0.86334 2.04965
-0.86320 2.04952
-0.86307 2.04940
-0.86293 2.04928
-0.86279 2.04915
-0.86265 2.04903
-0.86251 2.04890
-0.86238 2.04878
-0.86224 2.04866
-0.86210 2.04853
-0.86196 2.04841
-0.86183 2.04829
-0.86169 2.04816
-0.86155 2.04804
-0.86141 2.04791
-0.86128 2.04779
-0.86114 2.04767
-0.86100 2.04754
-0.86086 2.04742
-0.86073 2.04729
-0.86059 2.04717
-0.86045 2.04705
-0.86031 2.04692
-0.86018 2.04680
-0.86004 2.04667
-0.85990 2.04655
-0.85976 2.04642
-0.85963 2.04630
-0.85949 2.04618
-0.85935 2.04605
-0.85921 2.04593
-0.85908 2.04580
-0.85894 2.04568
-0.85880 2.04555
-0.85866 2.04543
-0.85853 2.04531
-0.85839 2.04518
-0.85825 2.04506
-0.85811 2.04493
-0.85798 2.04481
-0.85784 2.04468
-0.85770 2.04456
-0.85756 2.04444
-0.85743 2.04431
-0.85729 2.04419
-0.85715 2.04406
-0.85701 2.04394
-0.85688 2.04381
-0.85674 2.04369
-0.85660 2.04356
-0.85647 2.04344
-0.85633 2.04331
-0.85619 2.04319
-0.85605 2.04307
-0.85592 2.04294
-0.85578 2.04282
-0.85564 2.04269
-0.85550 2.04257
-0.85537 2.04244
-0.85523 2.04232
-0.85509 2.04219
-0.85496 2.04207
-0.85482 2.04194
-0.85468 2.04182
-0.85454 2.04169
-0.85441 2.04157
-0.85427 2.04144
-0.85413 2.04132
-0.85400 2.04119
-0.85386 2.04107
-0.85372 2.04094
-0.85358 2.04082
-0.85345 2.04070
-0.85331 2.04057
-0.85317 2.04045
-0.85304 2.04032
-0.85290 2.04020
-0.85276 2.04007
-0.85263 2.03995
-0.85249 2.03982
-0.85235 2.03970
-0.85221 2.03957
-0.85208 2.03945
-0.85194 2.03932
-0.85180 2.03920
-0.85167 2.03907
-0.85153 2.03894
-0.85139 2.03882
-0.85126 2.03869
-0.85112 2.03857
-0.85098 2.03844
-0.85085 2.03832
-0.85071 2.03819
-0.85057 2.03807
-0.85043 2.03794
-0.85030 2.03782
-0.85016 2.03769
-0.85002 2.03757
-0.84989 2.03744
-0.84975 2.03732
-0.84961 2.03719
-0.84948 2.03707
-0.84934 2.03694
-0.84920 2.03682
-0.84907 2.03669
-0.84893 2.03656
-0.84879 2.03644
-0.84866 2.03631
-0.84852 2.03619
-0.84838 2.03606
-0.84825 2.03594
-0.84811 2.03581
-0.84797 2.03569
-0.84784 2.03556
-0.84770 2.03543
-0.84756 2.03531
-0.84743 2.03518
-0.84729 2.03506
-0.84715 2.03493
-0.84702 2.03481
-0.84688 2.03468
-0.84674 2.03456
-0.84661 2.03443
-0.84647 2.03430
-0.84633 2.03418
-0.84620 2.03405
-0.84606 2.03393
-0.84592 2.03380
-0.84579 2.03368
-0.84565 2.03355
-0.84551 2.03342
-0.84538 2.03330
-0.84524 2.03317
-0.84510 2.03305
-0.84497 2.03292
-0.84483 2.03279
-0.84469 2.03267
-0.84456 2.03254
-0.84442 2.03242
-0.84429 2.03229
-0.84415 2.03216
-0.84401 2.03204
-0.84388 2.03191
-0.84374 2.03179
-0.84360 2.03166
-0.84347 2.03153
-0.84333 2.03141
-0.84319 2.03128
-0.84306 2.03116
-0.84292 2.03103
-0.84279 2.03090
-0.84265 2.03078
-0.84251 2.03065
-0.84238 2.03053
-0.84224 2.03040
-0.84210 2.03027
-0.84197 2.03015
-0.84183 2.03002
-0.84169 2.02989
-0.84156 2.02977
-0.84142 2.02964
-0.84129 2.02952
-0.84115 2.02939
-0.84101 2.02926
-0.84088 2.02914
-0.84074 2.02901
-0.84060 2.02888
-0.84047 2.02876
-0.84033 2.02863
-0.84020 2.02850
-0.84006 2.02838
-0.83992 2.02825
-0.83979 2.02812
-0.83965 2.02800
-0.83952 2.02787
-0.83938 2.02775
-0.83924 2.02762
-0.83911 2.02749
-0.83897 2.02737
-0.83883 2.02724
-0.83870 2.02711
-0.83856 2.02699
-0.83843 2.02686
-0.83829 2.02673
-0.83815 2.02661
-0.83802 2.02648
-0.83788 2.02635
-0.83775 2.02623
-0.83761 2.02610
-0.83747 2.02597
-0.83734 2.02585
-0.83720 2.02572
-0.83707 2.02559
-0.83693 2.02547
-0.83679 2.02534
-0.83666 2.02521
-0.83652 2.02508
-0.83639 2.02496
-0.83625 2.02483
-0.83612 2.02470
-0.83598 2.02458
-0.83584 2.02445
-0.83571 2.02432
-0.83557 2.02420
-0.83544 2.02407
-0.83530 2.02394
-0.83516 2.02382
-0.83503 2.02369
-0.83489 2.02356
-0.83476 2.02343
-0.83462 2.02331
-0.83448 2.02318
-0.83435 2.02305
-0.83421 2.02293
-0.83408 2.02280
-0.83394 2.02267
-0.83381 2.02254
-0.83367 2.02242
-0.83353 2.02229
-0.83340 2.02216
-0.83326 2.02204
-0.83313 2.02191
-0.83299 2.02178
-0.83286 2.02165
-0.83272 2.02153
-0.83258 2.02140
-0.83245 2.02127
-0.83231 2.02114
-0.83218 2.02102
-0.83204 2.02089
-0.83191 2.02076
-0.83177 2.02063
-0.83164 2.02051
-0.83150 2.02038
-0.83136 2.02025
-0.83123 2.02013
-0.83109 2.02000
-0.83096 2.01987
-0.83082 2.01974
-0.83069 2.01962
-0.83055 2.01949
-0.83042 2.01936
-0.83028 2.01923
-0.83014 2.01910
-0.83001 2.01898
-0.82987 2.01885
-0.82974 2.01872
-0.82960 2.01859
-0.82947 2.01847
-0.82933 2.01834
-0.82920 2.01821
-0.82906 2.01808
-0.82892 2.01796
-0.82879 2.01783
-0.82865 2.01770
-0.82852 2.01757
-0.82838 2.01744
-0.82825 2.01732
-0.82811 2.01719
-0.82798 2.01706
-0.82784 2.01693
-0.82771 2.01681
-0.82757 2.01668
-0.82744 2.01655
-0.82730 2.01642
-0.82716 2.01629
-0.82703 2.01617
-0.82688 2.01598
-0.82670 2.01573
-0.82653 2.01548
-0.82635 2.01523
-0.82618 2.01498
-0.82601 2.01472
-0.82583 2.01447
-0.82566 2.01422
-0.82548 2.01397
-0.82531 2.01372
-0.82514 2.01347
-0.82496 2.01322
-0.82479 2.01296
-0.82461 2.01271
-0.82444 2.01246
-0.82427 2.01221
-0.82409 2.01196
-0.82392 2.01171
-0.82374 2.01145
-0.82357 2.01120
-0.82340 2.01095
-0.82322 2.01070
-0.82305 2.01045
-0.82288 2.01019
-0.82270 2.00994
-0.82253 2.00969
-0.82235 2.00944
-0.82218 2.00919
-0.82201 2.00893
-0.82183 2.00868
-0.82166 2.00843
-0.82149 2.00818
-0.82131 2.00793
-0.82114 2.00767
-0.82096 2.00742
-0.82079 2.00717
-0.82062 2.00692
-0.82044 2.00666
-0.82027 2.00641
-0.82010 2.00616
-0.81992 2.00591
-0.81975 2.00565
-0.81957 2.00540
-0.81940 2.00515
-0.81923 2.00490
-0.81905 2.00464
-0.81888 2.00439
-0.81871 2.00414
-0.81853 2.00389
-0.81836 2.00363
-0.81818 2.00338
-0.81801 2.00313
-0.81784 2.00288
-0.81766 2.00262
-0.81749 2.00237
-0.81732 2.00212
-0.81714 2.00186
-0.81697 2.00161
-0.81680 2.00136
-0.81662 2.00111
-0.81645 2.00085
-0.81628 2.00060
-0.81610 2.00035
-0.81593 2.00009
-0.81575 1.99984
-0.81558 1.99959
-0.81541 1.99933
-0.81523 1.99908
-0.81506 1.99883
-0.81489 1.99858
-0.81471 1.99832
-0.81454 1.99807
-0.81437 1.99782
-0.81419 1.99756
-0.81402 1.99731
-0.81385 1.99706
-0.81367 1.99680
-0.81350 1.99655
-0.81333 1.99629
-0.81315 1.99604
-0.81298 1.99579
-0.81281 1.99553
-0.81263 1.99528
-0.81246 1.99503
-0.81229 1.99477
-0.81211 1.99452
-0.81194 1.99427
-0.81177 1.99401
-0.81159 1.99376
-0.81142 1.99350
-0.81125 1.99325
-0.81107 1.99300
-0.81090 1.99274
-0.81073 1.99249
-0.81055 1.99223
-0.81038 1.99198
-0.81021 1.99173
-0.81003 1.99147
-0.80986 1.99122
-0.80969 1.99096
-0.80561 1.97836
-0.80547 1.97823
-0.80534 1.97810
-0.80521 1.97797
-0.80507 1.97784
-0.80494 1.97771
-0.80481 1.97758
-0.80467 1.97745
-0.80454 1.97732
-0.80440 1.97719
-0.80427 1.97706
-0.80414 1.97693
-0.80400 1.97680
-0.80387 1.97667
-0.80373 1.97654
-0.80360 1.97641
-0.80347 1.97628
-0.80333 1.97615
-0.80320 1.97601
-0.80307 1.97588
-0.80293 1.97575
-0.80280 1.97562
-0.80266 1.97549
-0.80253 1.97536
-0.80240 1.97523
-0.80226 1.97510
-0.80213 1.97497
-0.80200 1.97484
-0.80186 1.97471
-0.80173 1.97458
-0.80159 1.97445
-0.80146 1.97431
-0.80133 1.97418
-0.80119 1.97405
-0.80106 1.97392
-0.80093 1.97379
-0.80079 1.97366
-0.80066 1.97353
-0.80053 1.97340
-0.80039 1.97327
-0.80026 1.97314
-0.80012 1.97300
-0.79999 1.97287
-0.79986 1.97274
-0.79972 1.97261
-0.79959 1.97248
-0.79946 1.97235
-0.79932 1.97222
-0.79919 1.97209
-0.79906 1.97196
-0.79892 1.97182
-0.79879 1.97169
-0.79866 1.97156
-0.79852 1.97143
-0.79839 1.97130
-0.79825 1.97117
-0.79812 1.97104
-0.79799 1.97091
-0.79785 1.97077
-0.79772 1.97064
-0.79759 1.97051
-0.79745 1.97038
-0.79732 1.97025
-0.79719 1.97012
-0.79705 1.96999
-0.79692 1.96985
-0.79679 1.96972
-0.79665 1.96959
-0.79652 1.96946
-0.79639 1.96933
-0.79625 1.96920
-0.79612 1.96907
-0.79599 1.96893
-0.79585 1.96880
-0.79572 1.96867
-0.79559 1.96854
-0.79545 1.96841
-0.79532 1.96828
-0.79519 1.96815
-0.79505 1.96801
-0.79492 1.96788
-0.79479 1.96775
-0.79465 1.96762
-0.79452 1.96749
-0.79439 1.96735
-0.79425 1.96722
-0.79412 1.96709
-0.79399 1.96696
-0.79385 1.96683
-0.79372 1.96670
-0.79359 1.96656
-0.79345 1.96643
-0.79332 1.96630
-0.79319 1.96617
-0.79305 1.96604
-0.79292 1.96590
-0.79279 1.96577
-0.79265 1.96564
-0.79252 1.96551
-0.79239 1.96538
-0.79226 1.96525
-0.79212 1.96511
-0.79199 1.96498
-0.79186 1.96485
-0.79172 1.96472
-0.79159 1.96459
-0.79146 1.96445
-0.79132 1.96432
-0.79119 1.96419
-0.79106 1.96406
-0.79092 1.96392
-0.79079 1.96379
-0.79066 1.96366
-0.79052 1.96353
-0.79039 1.96340
-0.79026 1.96326
-0.79013 1.96313
-0.78999 1.96300
-0.78986 1.96287
-0.78973 1.96273
-0.78959 1.96260
-0.78946 1.96247
-0.78933 1.96234
-0.78919 1.96221
-0.78906 1.96207
-0.78893 1.96194
-0.78880 1.96181
-0.78866 1.96168
-0.78853 1.96154
-0.78840 1.96141
-0.78826 1.96128
-0.78813 1.96115
-0.78800 1.96101
-0.78786 1.96088
-0.78773 1.96075
-0.78760 1.96062
-0.78747 1.96048
-0.78733 1.96035
-0.78720 1.96022
-0.78707 1.96009
-0.78693 1.95995
-0.78680 1.95982
-0.78667 1.95969
-0.78654 1.95956
-0.78640 1.95942
-0.78627 1.95929
-0.78614 1.95916
-0.78600 1.95902
-0.78587 1.95889
-0.78574 1.95876
-0.78561 1.95863
-0.78547 1.95849
-0.78534 1.95836
-0.78521 1.95823
-0.78507 1.95810
-0.78494 1.95796
-0.78481 1.95783
-0.78468 1.95770
-0.78454 1.95756
-0.78441 1.95743
-0.78428 1.95730
-0.78415 1.95717
-0.78401 1.95703
-0.78388 1.95690
-0.78375 1.95677
-0.78361 1.95663
-0.78348 1.95650
-0.78335 1.95637
-0.78322 1.95623
-0.78308 1.95610
-0.78295 1.95597
-0.78282 1.95584
-0.78269 1.95570
-0.78255 1.95557
-0.78242 1.95544
-0.78229 1.95530
-0.78216 1.95517
-0.78202 1.95504
-0.78189 1.95490
-0.78176 1.95477
-0.78163 1.95464
-0.78149 1.95450
-0.78136 1.95437
-0.78123 1.95424
-0.78110 1.95410
-0.78096 1.95397
-0.78083 1.95384
-0.78070 1.95370
-0.78056 1.95357
-0.78043 1.95344
-0.78030 1.95330
-0.78017 1.95317
-0.78003 1.95304
-0.77990 1.95290
-0.77977 1.95277
-0.77964 1.95264
-0.77950 1.95250
-0.77937 1.95237
-0.77924 1.95224
-0.77911 1.95210
-0.77894 1.95185
-0.77877 1.95159
-0.77860 1.95133
-0.77842 1.95108
-0.77825 1.95082
-0.77808 1.95056
-0.77791 1.95030
-0.77774 1.95004
-0.77757 1.94978
-0.77739 1.94952
-0.77722 1.94926
-0.77705 1.94900
-0.77688 1.94874
-0.77671 1.94848
-0.77654 1.94822
-0.77637 1.94796
-0.77619 1.94770
-0.77602 1.94744
-0.77585 1.94718
-0.77568 1.94692
-0.77551 1.94666
-0.77534 1.94640
-0.77516 1.94615
-0.77499 1.94589
-0.77482 1.94563
-0.77465 1.94537
-0.77448 1.94511
-0.77431 1.94485
-0.77414 1.94459
-0.77396 1.94433
-0.77379 1.94407
-0.77362 1.94381
-0.77345 1.94355
-0.77328 1.94329
-0.77311 1.94303
-0.77293 1.94277
-0.77276 1.94251
-0.77259 1.94224
-0.77242 1.94198
-0.77225 1.94172
-0.77208 1.94146
-0.77191 1.94120
-0.77173 1.94094
-0.77156 1.94068
-0.77139 1.94042
-0.77122 1.94016
-0.77105 1.93990
-0.77088 1.93964
-0.77071 1.93938
-0.77053 1.93912
-0.77036 1.93886
-0.77019 1.93860
-0.77002 1.93834
-0.76985 1.93808
-0.76968 1.93782
-0.76951 1.93756
-0.76933 1.93729
-0.76916 1.93703
-0.76899 1.93677
-0.76882 1.93651
-0.76865 1.93625
-0.76848 1.93599
-0.76831 1.93573
-0.76814 1.93547
-0.76796 1.93521
-0.76779 1.93495
-0.76762 1.93469
-0.76745 1.93442
-0.76728 1.93416
-0.76711 1.93390
-0.76694 1.93364
-0.76676 1.93338
-0.76659 1.93312
-0.76642 1.93286
-0.76625 1.93260
-0.76608 1.93233
-0.76591 1.93207
-0.76574 1.93181
-0.76557 1.93155
-0.76539 1.93129
-0.76522 1.93103
-0.76505 1.93076
-0.76488 1.93050
-0.76471 1.93024
-0.76454 1.92998
-0.76437 1.92972
-0.76420 1.92946
-0.76402 1.92919
-0.76385 1.92893
-0.76368 1.92867
-0.76351 1.92841
-0.76334 1.92815
-0.76317 1.92789
-0.76300 1.92762
-0.76283 1.92736
-0.76265 1.92710
-0.76248 1.92684
-0.76231 1.92658
-0.76214 1.92631
-0.76197 1.92606
-0.76184 1.92593
-0.76171 1.92579
-0.76158 1.92565
-0.76145 1.92552
-0.76131 1.92538
-0.76118 1.92525
-0.76105 1.92511
-0.76092 1.92498
-0.76079 1.92484
-0.76066 1.92470
-0.76053 1.92457
-0.76039 1.92443
-0.76026 1.92430
-0.76013 1.92416
-0.76000 1.92403
-0.75987 1.92389
-0.75974 1.92375
-0.75960 1.92362
-0.75947 1.92348
-0.75934 1.92335
-0.75921 1.92321
-0.75908 1.92307
-0.75895 1.92294
-0.75882 1.92280
-0.75868 1.92267
-0.75855 1.92253
-0.75842 1.92239
-0.75829 1.92226
-0.75816 1.92212
-0.75803 1.92199
-0.75790 1.92185
-0.75776 1.92171
-0.75763 1.92158
-0.75750 1.92144
-0.75737 1.92131
-0.75724 1.92117
-0.75711 1.92103
-0.75698 1.92090
-0.75684 1.92076
-0.75671 1.92063
-0.75658 1.92049
-0.75645 1.92035
-0.75632 1.92022
-0.75619 1.92008
-0.75606 1.91994
-0.75593 1.91981
-0.75579 1.91967
-0.75566 1.91954
-0.75553 1.91940
-0.75540 1.91926
-0.75527 1.91913
-0.75514 1.91899
-0.75501 1.91885
-0.75488 1.91872
-0.75474 1.91858
-0.75461 1.91844
-0.75448 1.91831
-0.75435 1.91817
-0.75422 1.91803
-0.75409 1.91790
-0.75396 1.91776
-0.75383 1.91762
-0.75369 1.91749
-0.75356 1.91735
-0.75343 1.91722
-0.75330 1.91708
-0.75317 1.91694
-0.75304 1.91681
-0.75291 1.91667
-0.75278 1.91653
-0.75264 1.91640
-0.75251 1.91626
-0.75238 1.91612
-0.75225 1.91599
-0.75212 1.91585
-0.75199 1.91571
-0.75186 1.91557
-0.75173 1.91544
-0.75160 1.91530
-0.75146 1.91516
-0.75133 1.91503
-0.75120 1.91489
-0.75107 1.91475
-0.75094 1.91462
-0.75081 1.91448
-0.75068 1.91434
-0.75055 1.91421
-0.75042 1.91407
-0.75029 1.91393
-0.75015 1.91380
-0.75002 1.91366
-0.74989 1.91352
-0.74976 1.91338
-0.74963 1.91325
-0.74950 1.91311
-0.74937 1.91297
-0.74924 1.91284
-0.74911 1.91270
-0.74898 1.91256
-0.74884 1.91241
-0.74869 1.91221
-0.74854 1.91201
-0.74839 1.91181
-0.74824 1.91161
-0.74809 1.91141
-0.74794 1.91121
-0.74778 1.91100
-0.74763 1.91080
-0.74748 1.91060
-0.74733 1.91040
-0.74718 1.91020
-0.74703 1.91000
-0.74688 1.90980
-0.74673 1.90960
-0.74658 1.90940
-0.74643 1.90920
-0.74628 1.90899
-0.74613 1.90879
-0.74598 1.90859
-0.74583 1.90839
-0.74568 1.90819
-0.74553 1.90799
-0.74537 1.90779
-0.74522 1.90759
-0.74507 1.90739
-0.74492 1.90718
-0.74477 1.90698
-0.74462 1.90678
-0.74447 1.90658
-0.74432 1.90638
-0.74417 1.90618
-0.74402 1.90598
-0.74387 1.90578
-0.74372 1.90557
-0.74357 1.90537
-0.74342 1.90517
-0.74327 1.90497
-0.74312 1.90477
-0.74297 1.90457
-0.74282 1.90436
-0.74267 1.90416
-0.74251 1.90396
-0.74236 1.90376
-0.74221 1.90356
-0.74206 1.90336
-0.74191 1.90315
-0.74176 1.90295
-0.74161 1.90275
-0.74146 1.90255
-0.74131 1.90235
-0.74116 1.90215
-0.74101 1.90194
-0.74086 1.90174
-0.74071 1.90154
-0.74056 1.90134
-0.74041 1.90114
-0.74026 1.90093
-0.74011 1.90073
-0.73996 1.90053
-0.73981 1.90033
-0.73966 1.90013
-0.73951 1.89992
-0.73936 1.89972
-0.73921 1.89952
-0.73906 1.89932
-0.73891 1.89912
-0.73875 1.89891
-0.73860 1.89871
-0.73845 1.89851
-0.73830 1.89831
-0.73815 1.89811
-0.73800 1.89790
-0.73785 1.89770
-0.73770 1.89750
-0.73755 1.89730
-0.73740 1.89709
-0.73725 1.89689
-0.73710 1.89669
-0.73695 1.89649
-0.73680 1.89628
-0.73665 1.89608
-0.73650 1.89588
-0.73635 1.89568
-0.73620 1.89547
-0.73605 1.89527
-0.73590 1.89507
-0.73575 1.89487
-0.73560 1.89466
-0.73545 1.89446
-0.73530 1.89426
-0.73515 1.89406
-0.73500 1.89385
-0.73485 1.89365
-0.73470 1.89345
-0.73455 1.89324
-0.73440 1.89304
-0.73425 1.89284
-0.73410 1.89264
-0.73395 1.89243
-0.73380 1.89223
-0.73365 1.89203
-0.73350 1.89182
-0.73335 1.89162
-0.73320 1.89142
-0.73305 1.89122
-0.73290 1.89101
-0.73275 1.89081
-0.73260 1.89061
-0.73245 1.89040
-0.73230 1.89020
-0.73215 1.89000
-0.73200 1.88979
-0.73185 1.88959
-0.73170 1.88939
-0.73154 1.88918
-0.73139 1.88898
-0.73124 1.88878
-0.73109 1.88857
-0.73094 1.88837
-0.73079 1.88817
-0.73064 1.88796
-0.73049 1.88776
-0.73034 1.88756
-0.73019 1.88735
-0.73004 1.88715
-0.72989 1.88695
-0.72974 1.88674
-0.72959 1.88654
-0.72944 1.88634
-0.72929 1.88613
-0.72914 1.88593
-0.72899 1.88572
-0.72884 1.88552
-0.72869 1.88532
-0.72854 1.88511
-0.72839 1.88491
-0.72824 1.88471
-0.72809 1.88450
-0.72794 1.88430
-0.72779 1.88410
-0.72764 1.88389
-0.72749 1.88369
-0.72734 1.88348
-0.72719 1.88328
-0.72704 1.88308
-0.72689 1.88287
-0.72674 1.88267
-0.72659 1.88246
-0.72644 1.88226
-0.72629 1.88206
-0.72615 1.88185
-0.72600 1.88165
-0.72585 1.88144
-0.72570 1.88124
-0.72555 1.88104
-0.72540 1.88083
-0.72525 1.88063
-0.72510 1.88042
-0.72495 1.88022
-0.72480 1.88001
-0.72465 1.87981
-0.72450 1.87961
-0.72435 1.87940
-0.72420 1.87920
-0.72405 1.87899
-0.72390 1.87879
-0.72375 1.87858
-0.72360 1.87838
-0.72345 1.87817
-0.72330 1.87797
-0.72315 1.87777
-0.72300 1.87756
-0.72285 1.87736
-0.72270 1.87715
-0.72255 1.87695
-0.72240 1.87674
-0.72225 1.87654
-0.72210 1.87633
-0.72195 1.87613
-0.72180 1.87592
-0.72165 1.87572
-0.72150 1.87551
-0.72135 1.87531
-0.72120 1.87510
-0.72105 1.87490
-0.72090 1.87470
-0.72075 1.87449
-0.72060 1.87429
-0.72045 1.87408
-0.72030 1.87388
-0.72015 1.87367
-0.72000 1.87347
-0.71985 1.87326
-0.71970 1.87306
-0.71955 1.87285
-0.71940 1.87265
-0.71925 1.87244
-0.71910 1.87224
-0.71895 1.87203
-0.71882 1.87186
-0.71869 1.87172
-0.71856 1.87158
-0.71843 1.87144
-0.71830 1.87130
-0.71817 1.87115
-0.71804 1.87101
-0.71791 1.87087
-0.71778 1.87073
-0.71765 1.87059
-0.71752 1.87045
-0.71739 1.87031
-0.71726 1.87017
-0.71713 1.87003
-0.71700 1.86989
-0.71687 1.86974
-0.71674 1.86960
-0.71661 1.86946
-0.71648 1.86932
-0.71635 1.86918
-0.71622 1.86904
-0.71609 1.86890
-0.71596 1.86876
-0.71583 1.86862
-0.71570 1.86847
-0.71557 1.86833
-0.71544 1.86819
-0.71531 1.86805
-0.71518 1.86791
-0.71505 1.86777
-0.71493 1.86763
-0.71480 1.86749
-0.71467 1.86734
-0.71454 1.86720
-0.71441 1.86706
-0.71428 1.86692
-0.71415 1.86678
-0.71402 1.86664
-0.71389 1.86650
-0.71376 1.86635
-0.71363 1.86621
-0.71350 1.86607
-0.71337 1.86593
-0.71324 1.86579
-0.71311 1.86565
-0.71298 1.86550
-0.71285 1.86536
-0.71272 1.86522
-0.71259 1.86508
-0.71246 1.86494
-0.71233 1.86480
-0.71220 1.86466
-0.71208 1.86451
-0.71195 1.86437
-0.71182 1.86423
-0.71169 1.86409
-0.71156 1.86395
-0.71143 1.86380
-0.71130 1.86366
-0.71117 1.86352
-0.71104 1.86338
-0.71091 1.86324
-0.71078 1.86310
-0.71065 1.86295
-0.71052 1.86281
-0.71039 1.86267
-0.71026 1.86253
-0.71013 1.86239
-0.71000 1.86224
-0.70987 1.86210
-0.70975 1.86196
-0.70962 1.86182
-0.70949 1.86168
-0.70936 1.86153
-0.70923 1.86139
-0.70910 1.86125
-0.70897 1.86111
-0.70884 1.86097
-0.70871 1.86082
-0.70858 1.86068
-0.70845 1.86054
-0.70832 1.86040
-0.70819 1.86026
-0.70806 1.86011
-0.70793 1.85997
-0.70780 1.85983
-0.70768 1.85969
-0.70755 1.85954
-0.70742 1.85940
-0.70729 1.85926
-0.70716 1.85912
-0.70703 1.85898
-0.70690 1.85883
-0.70677 1.85869
-0.70664 1.85855
-0.70651 1.85841
-0.70638 1.85826
-0.70625 1.85812
-0.70612 1.85798
-0.70599 1.85784
-0.70587 1.85769
-0.70574 1.85755
-0.70561 1.85741
-0.70548 1.85727
-0.70535 1.85712
-0.70522 1.85698
-0.70509 1.85684
-0.70496 1.85670
-0.70483 1.85655
-0.70470 1.85641
-0.70457 1.85627
-0.70444 1.85613
-0.70431 1.85598
-0.70419 1.85584
-0.70406 1.85570
-0.70393 1.85556
-0.70380 1.85541
-0.70367 1.85527
-0.70354 1.85513
-0.70341 1.85498
-0.70328 1.85484
-0.70315 1.85470
-0.70302 1.85456
-0.70289 1.85441
-0.70276 1.85427
-0.70264 1.85413
-0.70251 1.85399
-0.70238 1.85384
-0.70225 1.85370
-0.70212 1.85356
-0.70199 1.85341
-0.70186 1.85327
-0.70173 1.85313
-0.70160 1.85298
-0.70147 1.85284
-0.70134 1.85270
-0.70122 1.85256
-0.70109 1.85241
-0.70096 1.85227
-0.70083 1.85213
-0.70070 1.85198
-0.70057 1.85184
-0.70044 1.85170
-0.70031 1.85155
-0.70018 1.85141
-0.70005 1.85127
-0.69992 1.85112
-0.69980 1.85098
-0.69967 1.85084
-0.69954 1.85069
-0.69941 1.85055
-0.69928 1.85041
-0.69915 1.85026
-0.69902 1.85012
-0.69889 1.84998
-0.69876 1.84983
-0.69863 1.84969
-0.69851 1.84955
-0.69838 1.84940
-0.69825 1.84926
-0.69812 1.84912
-0.69799 1.84897
-0.69786 1.84883
-0.69773 1.84869
-0.69760 1.84854
-0.69747 1.84840
-0.69735 1.84826
-0.69722 1.84811
-0.69709 1.84797
-0.69696 1.84783
-0.69683 1.84768
-0.69670 1.84754
-0.69657 1.84740
-0.69644 1.84725
-0.69631 1.84711
-0.69618 1.84696
-0.69606 1.84682
-0.69593 1.84668
-0.69580 1.84653
-0.69567 1.84639
-0.69554 1.84625
-0.69541 1.84610
-0.69528 1.84596
-0.69515 1.84582
-0.69502 1.84567
-0.69490 1.84553
-0.69477 1.84538
-0.69464 1.84524
-0.69451 1.84510
-0.69438 1.84495
-0.69425 1.84481
-0.69412 1.84466
-0.69399 1.84452
-0.69387 1.84438
-0.69374 1.84423
-0.69361 1.84409
-0.69348 1.84394
-0.69335 1.84380
-0.69322 1.84366
-0.69309 1.84351
-0.68898 1.83043
-0.68887 1.83035
-0.68876 1.83027
-0.68865 1.83019
-0.68854 1.83011
-0.68843 1.83003
-0.68832 1.82996
-0.68822 1.82988
-0.68811 1.82980
-0.68800 1.82972
-0.68789 1.82964
-0.68778 1.82956
-0.68767 1.82948
-0.68756 1.82940
-0.68746 1.82932
-0.68735 1.82924
-0.68724 1.82916
-0.68713 1.82908
-0.68702 1.82900
-0.68691 1.82892
-0.68680 1.82884
-0.68670 1.82876
-0.68659 1.82868
-0.68648 1.82860
-0.68637 1.82852
-0.68626 1.82844
-0.68615 1.82836
-0.68605 1.82828
-0.68594 1.82820
-0.68583 1.82812
-0.68572 1.82804
-0.68561 1.82796
-0.68550 1.82788
-0.68539 1.82780
-0.68529 1.82772
-0.68518 1.82764
-0.68507 1.82756
-0.68496 1.82749
-0.68485 1.82741
-0.68474 1.82733
-0.68463 1.82725
-0.68453 1.82717
-0.68442 1.82709
-0.68431 1.82701
-0.68420 1.82693
-0.68409 1.82685
-0.68398 1.82677
-0.68388 1.82669
-0.68377 1.82661
-0.68366 1.82653
-0.68355 1.82645
-0.68344 1.82637
-0.68333 1.82629
-0.68323 1.82621
-0.68312 1.82613
-0.68301 1.82605
-0.68290 1.82597
-0.68279 1.82589
-0.68268 1.82580
-0.68257 1.82572
-0.68247 1.82564
-0.68236 1.82556
-0.68225 1.82548
-0.68214 1.82540
-0.68203 1.82532
-0.68192 1.82524
-0.68182 1.82516
-0.68171 1.82508
-0.68160 1.82500
-0.68149 1.82492
-0.68138 1.82484
-0.68127 1.82476
-0.68117 1.82468
-0.68106 1.82460
-0.68095 1.82452
-0.68084 1.82444
-0.68073 1.82436
-0.68062 1.82428
-0.68052 1.82420
-0.68041 1.82412
-0.68030 1.82404
-0.68019 1.82396
-0.68008 1.82388
-0.67997 1.82380
-0.67987 1.82372
-0.67976 1.82364
-0.67965 1.82356
-0.67954 1.82348
-0.67943 1.82340
-0.67932 1.82332
-0.67921 1.82323
-0.67911 1.82315
-0.67900 1.82307
-0.67889 1.82299
-0.67878 1.82291
-0.67867 1.82283
-0.67856 1.82275
-0.67846 1.82267
-0.67835 1.82259
-0.67824 1.82251
-0.67813 1.82243
-0.67802 1.82235
-0.67792 1.82227
-0.67781 1.82219
-0.67770 1.82211
-0.67759 1.82203
-0.67748 1.82195
-0.67737 1.82186
-0.67727 1.82178
-0.67716 1.82170
-0.67705 1.82162
-0.67694 1.82154
-0.67683 1.82146
-0.67672 1.82138
-0.67662 1.82130
-0.67651 1.82122
-0.67640 1.82114
-0.67629 1.82106
-0.67618 1.82098
-0.67607 1.82089
-0.67597 1.82081
-0.67586 1.82073
-0.67575 1.82065
-0.67564 1.82057
-0.67553 1.82049
-0.67542 1.82041
-0.67532 1.82033
-0.67521 1.82025
-0.67510 1.82017
-0.67499 1.82009
-0.67488 1.82000
-0.67477 1.81992
-0.67467 1.81984
-0.67456 1.81976
-0.67445 1.81968
-0.67434 1.81960
-0.67423 1.81952
-0.67413 1.81944
-0.67402 1.81936
-0.67391 1.81928
-0.67380 1.81919
-0.67369 1.81911
-0.67358 1.81903
-0.67348 1.81895
-0.67337 1.81887
-0.67326 1.81879
-0.67315 1.81871
-0.67304 1.81863
-0.67294 1.81854
-0.67283 1.81846
-0.67272 1.81838
-0.67261 1.81830
-0.67250 1.81822
-0.67239 1.81814
-0.67229 1.81806
-0.67218 1.81798
-0.67207 1.81789
-0.67196 1.81781
-0.67185 1.81773
-0.67175 1.81765
-0.67164 1.81757
-0.67153 1.81749
-0.67142 1.81741
-0.67131 1.81733
-0.67120 1.81724
-0.67110 1.81716
-0.67099 1.81708
-0.67088 1.81700
-0.67077 1.81692
-0.67066 1.81684
-0.67056 1.81676
-0.67045 1.81667
-0.67034 1.81659
-0.67023 1.81651
-0.67012 1.81643
-0.67001 1.81635
-0.66991 1.81627
-0.66980 1.81618
-0.66969 1.81610
-0.66958 1.81602
-0.66947 1.81594
-0.66937 1.81586
-0.66926 1.81578
-0.66915 1.81570
-0.66904 1.81561
-0.66893 1.81553
-0.66883 1.81545
-0.66872 1.81537
-0.66861 1.81529
-0.66850 1.81521
-0.66839 1.81512
-0.66828 1.81504
-0.66818 1.81496
-0.66807 1.81488
-0.66796 1.81480
-0.66785 1.81471
-0.66774 1.81463
-0.66764 1.81455
-0.66753 1.81447
-0.66741 1.81436
-0.66724 1.81408
-0.66708 1.81380
-0.66691 1.81352
-0.66674 1.81324
-0.66657 1.81297
-0.66640 1.81269
-0.66624 1.81241
-0.66607 1.81213
-0.66590 1.81185
-0.66573 1.81157
-0.66556 1.81129
-0.66540 1.81102
-0.66523 1.81074
-0.66506 1.81046
-0.66489 1.81018
-0.66473 1.80990
-0.66456 1.80962
-0.66439 1.80934
-0.66422 1.80906
-0.66405 1.80878
-0.66389 1.80851
-0.66372 1.80823
-0.66355 1.80795
-0.66338 1.80767
-0.66322 1.80739
-0.66305 1.80711
-0.66288 1.80683
-0.66271 1.80655
-0.66254 1.80627
-0.66238 1.80599
-0.66221 1.80571
-0.66204 1.80543
-0.66187 1.80515
-0.66170 1.80488
-0.66154 1.80460
-0.66137 1.80432
-0.66120 1.80404
-0.66103 1.80376
-0.66086 1.80348
-0.66070 1.80320
-0.66053 1.80292
-0.66036 1.80264
-0.66019 1.80236
-0.66003 1.80208
-0.65986 1.80180
-0.65969 1.80152
-0.65952 1.80124
-0.65935 1.80096
-0.65919 1.80068
-0.65902 1.80040
-0.65885 1.80012
-0.65868 1.79984
-0.65851 1.79956
-0.65835 1.79928
-0.65818 1.79900
-0.65801 1.79872
-0.65784 1.79844
-0.65767 1.79816
-0.65751 1.79788
-0.65734 1.79760
-0.65717 1.79732
-0.65700 1.79704
-0.65683 1.79675
-0.65667 1.79647
-0.65650 1.79619
-0.65633 1.79591
-0.65616 1.79563
-0.65599 1.79535
-0.65583 1.79507
-0.65566 1.79479
-0.65549 1.79451
-0.65532 1.79423
-0.65515 1.79395
-0.65499 1.79367
-0.65482 1.79339
-0.65465 1.79310
-0.65448 1.79282
-0.65431 1.79254
-0.65414 1.79226
-0.65398 1.79198
-0.65381 1.79170
-0.65364 1.79142
-0.65347 1.79114
-0.65330 1.79086
-0.65314 1.79057
-0.65297 1.79029
-0.65280 1.79001
-0.65263 1.78973
-0.65246 1.78945
-0.65230 1.78917
-0.65213 1.78889
-0.65196 1.78860
-0.65179 1.78832
-0.65162 1.78804
-0.65145 1.78776
-0.65129 1.78748
-0.65112 1.78720
-0.65095 1.78691
-0.65078 1.78663
-0.65061 1.78635
-0.65045 1.78607
-0.65028 1.78579
-0.65011 1.78550
-0.64994 1.78522
-0.64977 1.78494
-0.64960 1.78466
-0.64944 1.78438
-0.64927 1.78409
-0.64910 1.78381
-0.64893 1.78353
-0.64876 1.78325
-0.64860 1.78296
-0.64843 1.78268
-0.64826 1.78240
-0.64809 1.78212
-0.64792 1.78184
-0.64775 1.78155
-0.64759 1.78127
-0.64742 1.78099
-0.64725 1.78071
-0.64708 1.78042
-0.64691 1.78014
-0.64674 1.77986
-0.64658 1.77957
-0.64641 1.77929
-0.64624 1.77901
-0.64607 1.77873
-0.64590 1.77844
-0.64573 1.77816
-0.64557 1.77788
-0.64540 1.77759
-0.64523 1.77731
-0.64506 1.77703
-0.64489 1.77674
-0.64472 1.77646
-0.64456 1.77618
-0.64439 1.77590
-0.64422 1.77561
-0.64405 1.77533
-0.64388 1.77505
-0.64371 1.77476
-0.64355 1.77448
-0.64338 1.77420
-0.64321 1.77391
-0.64304 1.77363
-0.64287 1.77334
-0.64270 1.77306
-0.64254 1.77278
-0.64237 1.77249
-0.64220 1.77221
-0.64203 1.77193
-0.64186 1.77164
-0.64169 1.77136
-0.64152 1.77107
-0.64136 1.77079
-0.64119 1.77051
-0.64102 1.77022
-0.64085 1.76994
-0.64068 1.76965
-0.64051 1.76937
-0.64035 1.76909
-0.64018 1.76880
-0.64001 1.76852
-0.63984 1.76823
-0.63967 1.76795
-0.63950 1.76767
-0.63933 1.76738
-0.63917 1.76710
-0.63900 1.76681
-0.63883 1.76653
-0.63866 1.76624
-0.63849 1.76596
-0.63832 1.76567
-0.63815 1.76539
-0.63799 1.76510
-0.63782 1.76482
-0.63765 1.76453
-0.63748 1.76425
-0.63731 1.76397
-0.63714 1.76368
-0.63697 1.76340
-0.63681 1.76311
-0.63664 1.76283
-0.63647 1.76254
-0.63630 1.76226
-0.63613 1.76197
-0.63596 1.76169
-0.63579 1.76140
-0.63562 1.76112
-0.63546 1.76083
-0.63529 1.76054
-0.63512 1.76026
-0.63495 1.75997
-0.63478 1.75969
-0.63461 1.75940
-0.63444 1.75912
-0.63428 1.75883
-0.63411 1.75855
-0.63394 1.75826
-0.63379 1.75804
-0.63366 1.75789
-0.63353 1.75773
-0.63341 1.75758
-0.63328 1.75743
-0.63315 1.75728
-0.63302 1.75712
-0.63290 1.75697
-0.63277 1.75682
-0.63264 1.75667
-0.63251 1.75652
-0.63239 1.75636
-0.63226 1.75621
-0.63213 1.75606
-0.63200 1.75591
-0.63188 1.75576
-0.63175 1.75560
-0.63162 1.75545
-0.63149 1.75530
-0.63137 1.75515
-0.63124 1.75499
-0.63111 1.75484
-0.63098 1.75469
-0.63086 1.75454
-0.63073 1.75439
-0.63060 1.75423
-0.63047 1.75408
-0.63035 1.75393
-0.63022 1.75378
-0.63009 1.75362
-0.62997 1.75347
-0.62984 1.75332
-0.62971 1.75317
-0.62958 1.75301
-0.62946 1.75286
-0.62933 1.75271
-0.62920 1.75256
-0.62907 1.75240
-0.62895 1.75225
-0.62882 1.75210
-0.62869 1.75194
-0.62856 1.75179
-0.62844 1.75164
-0.62831 1.75149
-0.62818 1.75133
-0.62805 1.75118
-0.62793 1.75103
-0.62780 1.75088
-0.62767 1.75072
-0.62755 1.75057
-0.62742 1.75042
-0.62729 1.75026
-0.62716 1.75011
-0.62704 1.74996
-0.62691 1.74981
-0.62678 1.74965
-0.62665 1.74950
-0.62653 1.74935
-0.62640 1.74919
-0.62627 1.74904
-0.62614 1.74889
-0.62602 1.74874
-0.62589 1.74858
-0.62576 1.74843
-0.62564 1.74828
-0.62551 1.74812
-0.62538 1.74797
-0.62525 1.74782
-0.62513 1.74766
-0.62500 1.74751
-0.62487 1.74736
-0.62474 1.74720
-0.62462 1.74705
-0.62449 1.74690
-0.62436 1.74675
-0.62424 1.74659
-0.62411 1.74644
-0.62398 1.74629
-0.62385 1.74613
-0.62373 1.74598
-0.62360 1.74583
-0.62347 1.74567
-0.62334 1.74552
-0.62322 1.74537
-0.62309 1.74521
-0.62296 1.74506
-0.62284 1.74490
-0.62271 1.74475
-0.62258 1.74460
-0.62245 1.74444
-0.62233 1.74429
-0.62220 1.74414
-0.62207 1.74398
-0.62194 1.74383
-0.62182 1.74368
-0.62169 1.74352
-0.62156 1.74337
-0.62144 1.74322
-0.62131 1.74306
-0.62118 1.74291
-0.62105 1.74276
-0.62093 1.74260
-0.62080 1.74245
-0.62067 1.74229
-0.62054 1.74214
-0.62042 1.74199
-0.62029 1.74183
-0.62016 1.74168
-0.62004 1.74153
-0.61991 1.74137
-0.61978 1.74122
-0.61965 1.74106
-0.61953 1.74091
-0.61940 1.74076
-0.61927 1.74060
-0.61915 1.74045
-0.61902 1.74029
-0.61889 1.74014
-0.61876 1.73999
-0.61864 1.73983
-0.61851 1.73968
-0.61838 1.73952
-0.61826 1.73937
-0.61813 1.73922
-0.61800 1.73906
-0.61787 1.73891
-0.61775 1.73875
-0.61762 1.73860
-0.61749 1.73845
-0.61737 1.73829
-0.61724 1.73814
-0.61711 1.73798
-0.61698 1.73783
-0.61686 1.73767
-0.61673 1.73752
-0.61660 1.73737
-0.61648 1.73721
-0.61635 1.73706
-0.61622 1.73690
-0.61609 1.73675
-0.61597 1.73659
-0.61584 1.73644
-0.61571 1.73628
-0.61559 1.73613
-0.61546 1.73598
-0.61533 1.73582
-0.61520 1.73567
-0.61508 1.73551
-0.61495 1.73536
-0.61482 1.73520
-0.61470 1.73505
-0.61457 1.73489
-0.61444 1.73474
-0.61431 1.73459
-0.61419 1.73443
-0.61406 1.73428
-0.61393 1.73412
-0.61381 1.73397
-0.61368 1.73381
-0.61355 1.73366
-0.61342 1.73350
-0.61330 1.73335
-0.61317 1.73319
-0.61304 1.73304
-0.61292 1.73288
-0.61279 1.73273
-0.61266 1.73257
-0.61253 1.73242
-0.61241 1.73226
-0.61228 1.73211
-0.61215 1.73195
-0.61203 1.73180
-0.61190 1.73164
-0.61177 1.73149
-0.61165 1.73133
-0.61152 1.73118
-0.61139 1.73102
-0.61126 1.73087
-0.61114 1.73071
-0.61101 1.73056
-0.61088 1.73040
-0.61076 1.73025
-0.61063 1.73009
-0.61050 1.72994
-0.61037 1.72978
-0.61025 1.72963
-0.61012 1.72947
-0.60999 1.72932
-0.60987 1.72916
-0.60974 1.72901
-0.60961 1.72885
-0.60949 1.72870
-0.60936 1.72854
-0.60923 1.72839
-0.60910 1.72823
-0.60898 1.72808
-0.60885 1.72792
-0.60872 1.72777
-0.60860 1.72761
-0.60847 1.72745
-0.60834 1.72730
-0.60821 1.72714
-0.60809 1.72699
-0.60796 1.72683
-0.60783 1.72668
-0.60771 1.72652
-0.60758 1.72637
-0.60745 1.72621
-0.60733 1.72606
-0.60720 1.72590
-0.60707 1.72574
-0.60694 1.72559
-0.60682 1.72543
-0.60669 1.72528
-0.60656 1.72512
-0.60644 1.72497
-0.60631 1.72481
-0.60618 1.72465
-0.60606 1.72450
-0.60593 1.72434
-0.60580 1.72419
-0.60567 1.72403
-0.60555 1.72388
-0.60542 1.72372
-0.60529 1.72356
-0.60517 1.72341
-0.60504 1.72325
-0.60491 1.72310
-0.60479 1.72294
-0.60466 1.72278
-0.60453 1.72263
-0.60441 1.72247
-0.60428 1.72232
-0.60415 1.72216
-0.60402 1.72200
-0.60390 1.72185
-0.60377 1.72169
-0.60364 1.72154
-0.60352 1.72138
-0.60339 1.72122
-0.60326 1.72107
-0.60314 1.72091
-0.60301 1.72076
-0.60288 1.72060
-0.60275 1.72044
-0.60263 1.72029
-0.60250 1.72013
-0.60237 1.71997
-0.60225 1.71982
-0.60212 1.71966
-0.60199 1.71951
-0.60187 1.71935
-0.60174 1.71919
-0.60161 1.71904
-0.60149 1.71888
-0.60136 1.71872
-0.60123 1.71857
-0.60110 1.71841
-0.60098 1.71825
-0.60085 1.71810
-0.60072 1.71794
-0.60060 1.71779
-0.60047 1.71763
-0.60034 1.71747
-0.60022 1.71732
-0.60009 1.71716
-0.59996 1.71700
-0.59984 1.71685
-0.59971 1.71669
-0.59958 1.71653
-0.59945 1.71638
-0.59933 1.71622
-0.59920 1.71606
-0.59907 1.71591
-0.59895 1.71575
-0.59882 1.71559
-0.59869 1.71544
-0.59857 1.71528
-0.59844 1.71512
-0.59831 1.71497
-0.59819 1.71481
-0.59806 1.71465
-0.59793 1.71449
-0.59781 1.71434
-0.59768 1.71418
-0.59755 1.71402
-0.59742 1.71387
-0.59730 1.71371
-0.59717 1.71355
-0.59704 1.71340
-0.59692 1.71324
-0.59679 1.71308
-0.59666 1.71292
-0.59654 1.71277
-0.59641 1.71261
-0.59628 1.71245
-0.59616 1.71230
-0.59603 1.71214
-0.59590 1.71198
-0.59578 1.71182
-0.59563 1.71160
-0.59548 1.71138
-0.59533 1.71115
-0.59519 1.71093
-0.59504 1.71070
-0.59489 1.71048
-0.59474 1.71025
-0.59460 1.71003
-0.59445 1.70980
-0.59430 1.70958
-0.59415 1.70935
-0.59400 1.70913
-0.59386 1.70890
-0.59371 1.70868
-0.59356 1.70845
-0.59341 1.70822
-0.59327 1.70800
-0.59312 1.70777
-0.59297 1.70755
-0.59282 1.70732
-0.59268 1.70710
-0.59253 1.70687
-0.59238 1.70665
-0.59223 1.70642
-0.59208 1.70619
-0.59194 1.70597
-0.59179 1.70574
-0.59164 1.70552
-0.59149 1.70529
-0.59135 1.70506
-0.59120 1.70484
-0.59105 1.70461
-0.59090 1.70439
-0.59075 1.70416
-0.59061 1.70393
-0.59046 1.70371
-0.59031 1.70348
-0.59016 1.70326
-0.59002 1.70303
-0.58987 1.70280
-0.58972 1.70258
-0.58957 1.70235
-0.58942 1.70212
-0.58928 1.70190
-0.58913 1.70167
-0.58898 1.70145
-0.58883 1.70122
-0.58869 1.70099
-0.58854 1.70077
-0.58839 1.70054
-0.58824 1.70031
-0.58809 1.70009
-0.58795 1.69986
-0.58780 1.69963
-0.58765 1.69941
-0.58750 1.69918
-0.58736 1.69895
-0.58721 1.69873
-0.58706 1.69850
-0.58691 1.69827
-0.58676 1.69805
-0.58662 1.69782
-0.58647 1.69759
-0.58632 1.69737
-0.58617 1.69714
-0.58603 1.69691
-0.58588 1.69669
-0.58573 1.69646
-0.58558 1.69623
-0.58543 1.69600
-0.58529 1.69578
-0.58514 1.69555
-0.58499 1.69532
-0.58484 1.69510
-0.58469 1.69487
-0.58455 1.69464
-0.58440 1.69441
-0.58425 1.69419
-0.58410 1.69396
-0.58396 1.69373
-0.58381 1.69350
-0.58366 1.69328
-0.58351 1.69305
-0.58336 1.69282
-0.58322 1.69259
-0.58307 1.69237
-0.58292 1.69214
-0.58277 1.69191
-0.58262 1.69168
-0.58248 1.69146
-0.58233 1.69123
-0.58218 1.69100
-0.58203 1.69077
-0.58189 1.69055
-0.58174 1.69032
-0.58159 1.69009
-0.58144 1.68986
-0.58129 1.68964
-0.58115 1.68941
-0.58100 1.68918
-0.58085 1.68895
-0.58070 1.68872
-0.58055 1.68850
-0.58041 1.68827
-0.58026 1.68804
-0.58011 1.68781
-0.57996 1.68758
-0.57981 1.68736
-0.57967 1.68713
-0.57952 1.68690
-0.57937 1.68667
-0.57922 1.68644
-0.57907 1.68621
-0.57893 1.68599
-0.57878 1.68576
-0.57863 1.68553
-0.57848 1.68530
-0.57833 1.68507
-0.57819 1.68484
-0.57804 1.68462
-0.57789 1.68439
-0.57774 1.68416
-0.57759 1.68393
-0.57745 1.68370
-0.57730 1.68347
-0.57715 1.68324
-0.57700 1.68302
-0.57686 1.68279
-0.57671 1.68256
-0.57656 1.68233
-0.57641 1.68210
-0.57626 1.68187
-0.57612 1.68164
-0.57597 1.68141
-0.57582 1.68118
-0.57567 1.68096
-0.57552 1.68073
-0.57537 1.68050
-0.57523 1.68027
-0.57508 1.68004
-0.57493 1.67981
-0.57478 1.67958
-0.57463 1.67935
-0.57449 1.67912
-0.57434 1.67889
-0.57419 1.67867
-0.57404 1.67844
-0.57389 1.67821
-0.57375 1.67798
-0.57360 1.67775
-0.57345 1.67752
-0.57330 1.67729
-0.57315 1.67706
-0.57301 1.67683
-0.57286 1.67660
-0.57271 1.67637
-0.57256 1.67614
-0.57241 1.67591
-0.57227 1.67568
-0.57212 1.67545
-0.57197 1.67522
-0.57182 1.67499
-0.57167 1.67476
-0.57153 1.67453
-0.57138 1.67430
-0.57123 1.67407
-0.57108 1.67384
-0.57093 1.67362
-0.57078 1.67339
-0.57064 1.67316
-0.57049 1.67293
-0.57034 1.67270
-0.57019 1.67247
-0.57004 1.67224
-0.56990 1.67201
-0.56975 1.67178
-0.56960 1.67155
-0.56945 1.67131
-0.56930 1.67108
-0.56915 1.67085
-0.56901 1.67062
-0.56886 1.67039
-0.56871 1.67016
-0.56856 1.66993
-0.56841 1.66970
-0.56827 1.66947
-0.56812 1.66924
-0.56797 1.66901
-0.56782 1.66878
-0.56767 1.66855
-0.56752 1.66832
-0.56738 1.66809
-0.56723 1.66786
-0.56708 1.66763
-0.56693 1.66740
-0.56678 1.66717
-0.56664 1.66694
-0.56649 1.66671
-0.56634 1.66648
-0.56620 1.66626
-0.56607 1.66610
-0.56594 1.66594
-0.56582 1.66578
-0.56569 1.66561
-0.56556 1.66545
-0.56543 1.66529
-0.56531 1.66513
-0.56518 1.66497
-0.56505 1.66480
-0.56493 1.66464
-0.56480 1.66448
-0.56467 1.66432
-0.56455 1.66416
-0.56442 1.66400
-0.56429 1.66383
-0.56417 1.66367
-0.56404 1.66351
-0.56391 1.66335
-0.56379 1.66319
-0.56366 1.66302
-0.56353 1.66286
-0.56341 1.66270
-0.56328 1.66254
-0.56315 1.66238
-0.56302 1.66221
-0.56290 1.66205
-0.56277 1.66189
-0.56264 1.66173
-0.56252 1.66156
-0.56239 1.66140
-0.56226 1.66124
-0.56214 1.66108
-0.56201 1.66092
-0.56188 1.66075
-0.56176 1.66059
-0.56163 1.66043
-0.56150 1.66027
-0.56138 1.66010
-0.56125 1.65994
-0.56112 1.65978
-0.56100 1.65962
-0.56087 1.65945
-0.56074 1.65929
-0.56062 1.65913
-0.56049 1.65897
-0.56036 1.65880
-0.56023 1.65864
-0.56011 1.65848
-0.55998 1.65832
-0.55985 1.65815
-0.55973 1.65799
-0.55960 1.65783
-0.55947 1.65767
-0.55935 1.65750
-0.55922 1.65734
-0.55909 1.65718
-0.55897 1.65702
-0.55884 1.65685
-0.55871 1.65669
-0.55859 1.65653
-0.55846 1.65636
-0.55833 1.65620
-0.55821 1.65604
-0.55808 1.65588
-0.55795 1.65571
-0.55783 1.65555
-0.55770 1.65539
-0.55757 1.65522
-0.55744 1.65506
-0.55732 1.65490
-0.55719 1.65474
-0.55706 1.65457
-0.55694 1.65441
-0.55681 1.65425
-0.55668 1.65408
-0.55656 1.65392
-0.55643 1.65376
-0.55630 1.65359
-0.55618 1.65343
-0.55605 1.65327
-0.55592 1.65310
-0.55580 1.65294
-0.55567 1.65278
-0.55554 1.65261
-0.55542 1.65245
-0.55529 1.65229
-0.55516 1.65213
-0.55504 1.65196
-0.55491 1.65180
-0.55478 1.65164
-0.55465 1.65147
-0.55453 1.65131
-0.55440 1.65115
-0.55427 1.65098
-0.55415 1.65082
-0.55402 1.65065
-0.55389 1.65049
-0.55377 1.65033
-0.55364 1.65016
-0.55351 1.65000
-0.55339 1.64984
-0.55326 1.64967
-0.55313 1.64951
-0.55301 1.64935
-0.55288 1.64918
-0.55275 1.64902
-0.55263 1.64886
-0.55250 1.64869
-0.55237 1.64853
-0.55225 1.64836
-0.55212 1.64820
-0.55199 1.64804
-0.55186 1.64787
-0.55174 1.64771
-0.55161 1.64755
-0.55148 1.64738
-0.55136 1.64722
-0.55123 1.64705
-0.55110 1.64689
-0.55098 1.64673
-0.55085 1.64656
-0.55072 1.64640
-0.55060 1.64623
-0.55047 1.64607
-0.55034 1.64591
-0.55022 1.64574
-0.55009 1.64558
-0.54996 1.64541
-0.54984 1.64525
-0.54971 1.64509
-0.54958 1.64492
-0.54946 1.64476
-0.54933 1.64459
-0.54920 1.64443
-0.54908 1.64426
-0.54895 1.64410
-0.54882 1.64394
-0.54869 1.64377
-0.54857 1.64361
-0.54844 1.64344
-0.54831 1.64328
-0.54819 1.64311
-0.54806 1.64295
-0.54793 1.64279
-0.54781 1.64262
-0.54768 1.64246
-0.54755 1.64229
-0.54743 1.64213
-0.54730 1.64196
-0.54717 1.64180
-0.54705 1.64163
-0.54692 1.64147
-0.54679 1.64131
-0.54667 1.64114
-0.54654 1.64098
-0.54641 1.64081
-0.54629 1.64065
-0.54616 1.64048
-0.54603 1.64032
-0.54590 1.64015
-0.54578 1.63999
-0.54565 1.63982
-0.54552 1.63966
-0.54540 1.63949
-0.54527 1.63933
-0.54514 1.63916
-0.54502 1.63900
-0.54489 1.63884
-0.54476 1.63867
-0.54464 1.63851
-0.54451 1.63834
-0.54438 1.63818
-0.54426 1.63801
-0.54413 1.63785
-0.54400 1.63768
-0.54388 1.63752
-0.54375 1.63735
-0.54362 1.63719
-0.54350 1.63702
-0.54337 1.63686
-0.54324 1.63669
-0.54312 1.63653
-0.54299 1.63636
-0.54286 1.63620
-0.54273 1.63603
-0.54261 1.63586
-0.54248 1.63570
-0.54235 1.63553
-0.54223 1.63537
-0.54210 1.63520
-0.54197 1.63504
-0.54185 1.63487
-0.54172 1.63471
-0.54159 1.63454
-0.54147 1.63438
-0.54134 1.63421
-0.54121 1.63405
-0.54109 1.63388
-0.54096 1.63372
-0.54083 1.63355
-0.54071 1.63338
-0.54058 1.63322
-0.54045 1.63305
-0.54033 1.63289
-0.54020 1.63272
-0.54007 1.63256
-0.53994 1.63239
-0.53982 1.63223
-0.53969 1.63206
-0.53956 1.63189
-0.53944 1.63173
-0.53931 1.63156
-0.53918 1.63140
-0.53906 1.63123
-0.53893 1.63107
-0.53880 1.63090
-0.53868 1.63073
-0.53855 1.63057
-0.53842 1.63040
-0.53830 1.63024
-0.53817 1.63007
-0.53804 1.62990
-0.53792 1.62974
-0.53779 1.62957
-0.53766 1.62941
-0.53754 1.62924
-0.53741 1.62908
-0.53728 1.62891
-0.53715 1.62874
-0.53703 1.62858
-0.53690 1.62841
-0.53677 1.62824
-0.53665 1.62808
-0.53652 1.62791
-0.53639 1.62775
-0.53627 1.62758
-0.53614 1.62741
-0.53601 1.62725
-0.53589 1.62708
-0.53576 1.62692
-0.53563 1.62675
-0.53551 1.62658
-0.53538 1.62642
-0.53525 1.62625
-0.53513 1.62608
-0.53500 1.62592
-0.53487 1.62575
-0.53474 1.62558
-0.53462 1.62542
-0.53449 1.62525
-0.53436 1.62509
-0.53424 1.62492
-0.53411 1.62475
-0.53398 1.62459
-0.53386 1.62442
-0.53373 1.62425
-0.53360 1.62409
-0.53348 1.62392
-0.53335 1.62375
-0.53322 1.62359
-0.53310 1.62342
-0.53297 1.62325
-0.53284 1.62309
-0.53272 1.62292
-0.53259 1.62275
-0.53246 1.62259
-0.53234 1.62242
-0.53221 1.62225
-0.53208 1.62209
-0.53195 1.62192
-0.53183 1.62175
-0.53170 1.62159
-0.53157 1.62142
-0.53145 1.62125
-0.53132 1.62108
-0.53119 1.62092
-0.53107 1.62075
-0.53094 1.62058
-0.53081 1.62042
-0.53069 1.62025
-0.53056 1.62008
-0.53043 1.61992
-0.53031 1.61975
-0.53018 1.61958
-0.53005 1.61941
-0.52993 1.61925
-0.52980 1.61908
-0.52967 1.61891
-0.52954 1.61875
-0.52942 1.61858
-0.52929 1.61841
-0.52916 1.61824
-0.52904 1.61808
-0.52891 1.61791
-0.52878 1.61774
-0.52866 1.61757
-0.52853 1.61741
-0.52840 1.61724
-0.52828 1.61707
-0.52812 1.61681
-0.52795 1.61650
-0.52778 1.61619
-0.52761 1.61588
-0.52744 1.61557
-0.52727 1.61526
-0.52710 1.61496
-0.52693 1.61465
-0.52675 1.61434
-0.52658 1.61403
-0.52641 1.61372
-0.52624 1.61341
-0.52607 1.61310
-0.52590 1.61279
-0.52573 1.61248
-0.52556 1.61217
-0.52539 1.61187
-0.52522 1.61156
-0.52505 1.61125
-0.52488 1.61094
-0.52471 1.61063
-0.52454 1.61032
-0.52437 1.61001
-0.52419 1.60970
-0.52402 1.60939
-0.52385 1.60908
-0.52368 1.60877
-0.52351 1.60846
-0.52334 1.60815
-0.52317 1.60784
-0.52300 1.60753
-0.52283 1.60722
-0.52266 1.60691
-0.52249 1.60660
-0.52232 1.60629
-0.52214 1.60598
-0.52197 1.60567
-0.52180 1.60536
-0.52163 1.60505
-0.52146 1.60474
-0.52129 1.60443
-0.52112 1.60412
-0.52095 1.60381
-0.52078 1.60350
-0.52061 1.60319
-0.52043 1.60288
-0.52026 1.60257
-0.52009 1.60226
-0.51992 1.60194
-0.51975 1.60163
-0.51958 1.60132
-0.51941 1.60101
-0.51924 1.60070
-0.51906 1.60039
-0.51889 1.60008
-0.51872 1.59977
-0.51855 1.59946
-0.51838 1.59915
-0.51821 1.59883
-0.51804 1.59852
-0.51787 1.59821
-0.51769 1.59790
-0.51752 1.59759
-0.51735 1.59728
-0.51718 1.59697
-0.51701 1.59665
-0.51684 1.59634
-0.51667 1.59603
-0.51649 1.59572
-0.51632 1.59541
-0.51615 1.59509
-0.51598 1.59478
-0.51581 1.59447
-0.51564 1.59416
-0.51547 1.59385
-0.51529 1.59353
-0.51512 1.59322
-0.51495 1.59291
-0.51478 1.59260
-0.51461 1.59229
-0.51444 1.59197
-0.51426 1.59166
-0.51409 1.59135
-0.51392 1.59104
-0.51375 1.59072
-0.51358 1.59041
-0.51341 1.59010
-0.51323 1.58978
-0.51306 1.58947
-0.51289 1.58916
-0.51272 1.58885
-0.51255 1.58853
-0.51237 1.58822
-0.51220 1.58791
-0.51203 1.58759
-0.51186 1.58728
-0.51169 1.58697
-0.51152 1.58665
-0.51134 1.58634
-0.51117 1.58603
-0.51106 1.58590
-0.51095 1.58580
-0.51085 1.58570
-0.51074 1.58560
-0.51064 1.58550
-0.51053 1.58540
-0.51043 1.58530
-0.51032 1.58520
-0.51022 1.58510
-0.51011 1.58500
-0.51001 1.58491
-0.50990 1.58481
-0.50980 1.58471
-0.50969 1.58461
-0.50959 1.58451
-0.50948 1.58441
-0.50938 1.58431
-0.50927 1.58421
-0.50917 1.58411
-0.50906 1.58401
-0.50896 1.58391
-0.50885 1.58381
-0.50875 1.58372
-0.50864 1.58362
-0.50854 1.58352
-0.50843 1.58342
-0.50833 1.58332
-0.50822 1.58322
-0.50812 1.58312
-0.50801 1.58302
-0.50791 1.58292
-0.50780 1.58282
-0.50770 1.58272
-0.50759 1.58262
-0.50749 1.58252
-0.50738 1.58242
-0.50728 1.58232
-0.50717 1.58222
-0.50707 1.58213
-0.50696 1.58203
-0.50686 1.58193
-0.50675 1.58183
-0.50665 1.58173
-0.50654 1.58163
-0.50644 1.58153
-0.50633 1.58143
-0.50623 1.58133
-0.50612 1.58123
-0.50602 1.58113
-0.50591 1.58103
-0.50581 1.58093
-0.50570 1.58083
-0.50560 1.58073
-0.50549 1.58063
-0.50539 1.58053
-0.50528 1.58043
-0.50518 1.58033
-0.50508 1.58023
-0.50497 1.58013
-0.50487 1.58003
-0.50476 1.57993
-0.50466 1.57983
-0.50455 1.57973
-0.50445 1.57963
-0.50434 1.57953
-0.50424 1.57944
-0.50413 1.57934
-0.50403 1.57924
-0.50392 1.57914
-0.50382 1.57904
-0.50371 1.57894
-0.50361 1.57884
-0.50350 1.57874
-0.50340 1.57864
-0.50329 1.57854
-0.50319 1.57844
-0.50308 1.57834
-0.50298 1.57824
-0.50287 1.57814
-0.50277 1.57804
-0.50266 1.57794
-0.50256 1.57784
-0.50245 1.57774
-0.50235 1.57764
-0.50224 1.57754
-0.50214 1.57744
-0.50203 1.57734
-0.50193 1.57724
-0.50182 1.57714
-0.50172 1.57704
-0.50161 1.57694
-0.50151 1.57684
-0.50140 1.57674
-0.50130 1.57664
-0.50119 1.57653
-0.50109 1.57643
-0.50098 1.57633
-0.50088 1.57623
-0.50077 1.57613
-0.50067 1.57603
-0.50056 1.57593
-0.50046 1.57583
-0.50035 1.57573
-0.50025 1.57563
-0.50014 1.57553
-0.50004 1.57543
-0.49993 1.57533
-0.49983 1.57523
-0.49972 1.57513
-0.49962 1.57503
-0.49951 1.57493
-0.49941 1.57483
-0.49930 1.57473
-0.49920 1.57463
-0.49909 1.57453
-0.49899 1.57443
-0.49888 1.57433
-0.49878 1.57423
-0.49867 1.57413
-0.49857 1.57403
-0.49846 1.57393
-0.49836 1.57382
-0.49825 1.57372
-0.49815 1.57362
-0.49804 1.57352
-0.49794 1.57342
-0.49784 1.57332
-0.49773 1.57322
-0.49763 1.57312
-0.49752 1.57302
-0.49742 1.57292
-0.49731 1.57282
-0.49721 1.57272
-0.49710 1.57262
-0.49700 1.57252
-0.49689 1.57242
-0.49679 1.57232
-0.49668 1.57221
-0.49658 1.57211
-0.49647 1.57201
-0.49637 1.57191
-0.49626 1.57181
-0.49616 1.57171
-0.49605 1.57161
-0.49595 1.57151
-0.49584 1.57141
-0.49574 1.57131
-0.49563 1.57121
-0.49553 1.57111
-0.49542 1.57100
-0.49532 1.57090
-0.49521 1.57080
-0.49511 1.57070
-0.49500 1.57060
-0.49490 1.57050
-0.49479 1.57040
-0.49469 1.57030
-0.49458 1.57020
-0.49448 1.57010
-0.49437 1.56999
-0.49427 1.56989
-0.49416 1.56979
-0.49406 1.56969
-0.49395 1.56959
-0.49385 1.56949
-0.49374 1.56939
-0.49364 1.56929
-0.49353 1.56919
-0.49343 1.56908
-0.49332 1.56898
-0.49322 1.56888
-0.49311 1.56878
-0.49301 1.56868
-0.49290 1.56858
-0.49280 1.56848
-0.49269 1.56838
-0.49259 1.56827
-0.49248 1.56817
-0.49238 1.56807
-0.49227 1.56797
-0.49217 1.56787
-0.49206 1.56777
-0.49196 1.56767
-0.49185 1.56757
-0.49175 1.56746
-0.49164 1.56736
-0.49154 1.56726
-0.49143 1.56716
-0.49133 1.56706
-0.49122 1.56696
-0.49112 1.56686
-0.49101 1.56675
-0.49091 1.56665
-0.49081 1.56655
-0.49070 1.56645
-0.49060 1.56635
-0.49049 1.56625
-0.49039 1.56614
-0.49028 1.56604
-0.49017 1.56593
-0.49004 1.56576
-0.48992 1.56558
-0.48979 1.56541
-0.48966 1.56524
-0.48954 1.56506
-0.48941 1.56489
-0.48928 1.56471
-0.48915 1.56454
-0.48903 1.56437
-0.48890 1.56419
-0.48877 1.56402
-0.48865 1.56385
-0.48852 1.56367
-0.48839 1.56350
-0.48826 1.56332
-0.48814 1.56315
-0.48801 1.56298
-0.48788 1.56280
-0.48775 1.56263
-0.48763 1.56245
-0.48750 1.56228
-0.48737 1.56211
-0.48725 1.56193
-0.48712 1.56176
-0.48699 1.56158
-0.48686 1.56141
-0.48674 1.56124
-0.48661 1.56106
-0.48648 1.56089
-0.48635 1.56071
-0.48623 1.56054
-0.48610 1.56036
-0.48597 1.56019
-0.48585 1.56002
-0.48572 1.55984
-0.48559 1.55967
-0.48546 1.55949
-0.48534 1.55932
-0.48521 1.55914
-0.48508 1.55897
-0.48495 1.55880
-0.48483 1.55862
-0.48470 1.55845
-0.48457 1.55827
-0.48444 1.55810
-0.48432 1.55792
-0.48419 1.55775
-0.48406 1.55757
-0.48394 1.55740
-0.48381 1.55722
-0.48368 1.55705
-0.48355 1.55687
-0.48343 1.55670
-0.48330 1.55653
-0.48317 1.55635
-0.48304 1.55618
-0.48292 1.55600
-0.48279 1.55583
-0.48266 1.55565
-0.48253 1.55548
-0.48241 1.55530
-0.48228 1.55513
-0.48215 1.55495
-0.48203 1.55478
-0.48190 1.55460
-0.48177 1.55443
-0.48164 1.55425
-0.48152 1.55408
-0.48139 1.55390
-0.48126 1.55373
-0.48113 1.55355
-0.48101 1.55338
-0.48088 1.55320
-0.48075 1.55303
-0.48062 1.55285
-0.48050 1.55268
-0.48037 1.55250
-0.48024 1.55232
-0.48011 1.55215
-0.47999 1.55197
-0.47986 1.55180
-0.47973 1.55162
-0.47961 1.55145
-0.47948 1.55127
-0.47935 1.55110
-0.47922 1.55092
-0.47910 1.55075
-0.47897 1.55057
-0.47884 1.55040
-0.47871 1.55022
-0.47859 1.55004
-0.47846 1.54987
-0.47833 1.54969
-0.47820 1.54952
-0.47808 1.54934
-0.47795 1.54917
-0.47782 1.54899
-0.47769 1.54882
-0.47757 1.54864
-0.47744 1.54848
-0.47733 1.54835
-0.47722 1.54822
-0.47711 1.54810
-0.47699 1.54797
-0.47688 1.54784
-0.47677 1.54771
-0.47666 1.54759
-0.47654 1.54746
-0.47643 1.54733
-0.47632 1.54720
-0.47621 1.54708
-0.47609 1.54695
-0.47598 1.54682
-0.47587 1.54669
-0.47576 1.54657
-0.47564 1.54644
-0.47553 1.54631
-0.47542 1.54618
-0.47531 1.54606
-0.47519 1.54593
-0.47508 1.54580
-0.47497 1.54567
-0.47486 1.54554
-0.47475 1.54542
-0.47463 1.54529
-0.47452 1.54516
-0.47441 1.54503
-0.47430 1.54491
-0.47418 1.54478
-0.47407 1.54465
-0.47396 1.54452
-0.47385 1.54439
-0.47373 1.54427
-0.47362 1.54414
-0.47351 1.54401
-0.47340 1.54388
-0.47328 1.54375
-0.47317 1.54363
-0.47306 1.54350
-0.47295 1.54337
-0.47283 1.54324
-0.47272 1.54311
-0.47261 1.54299
-0.47250 1.54286
-0.47238 1.54273
-0.47227 1.54260
-0.47216 1.54247
-0.47205 1.54235
-0.47193 1.54222
-0.47182 1.54209
-0.47171 1.54196
-0.47160 1.54183
-0.47148 1.54171
-0.47137 1.54158
-0.47126 1.54145
-0.47115 1.54132
-0.47103 1.54119
-0.47092 1.54106
-0.47081 1.54094
-0.47070 1.54081
-0.47058 1.54068
-0.47047 1.54055
-0.47036 1.54042
-0.47025 1.54029
-0.47013 1.54017
-0.47002 1.54004
-0.46991 1.53991
-0.46980 1.53978
-0.46968 1.53965
-0.46957 1.53952
-0.46946 1.53939
-0.46935 1.53927
-0.46923 1.53914
-0.46912 1.53901
-0.46901 1.53888
-0.46890 1.53875
-0.46878 1.53862
-0.46867 1.53850
-0.46856 1.53837
-0.46845 1.53824
-0.46833 1.53811
-0.46822 1.53798
-0.46811 1.53785
-0.46800 1.53772
-0.46788 1.53759
-0.46777 1.53747
-0.46766 1.53734
-0.46755 1.53721
-0.46743 1.53708
-0.46732 1.53695
-0.46721 1.53682
-0.46710 1.53669
-0.46698 1.53656
-0.46687 1.53644
-0.46676 1.53631
-0.46665 1.53618
-0.46653 1.53605
-0.46642 1.53592
-0.46631 1.53579
-0.46620 1.53566
-0.46608 1.53553
-0.46597 1.53540
-0.46586 1.53527
-0.46575 1.53515
-0.46563 1.53502
-0.46552 1.53489
-0.46541 1.53476
-0.46530 1.53463
-0.46518 1.53450
-0.46507 1.53437
-0.46496 1.53424
-0.46485 1.53411
-0.46473 1.53398
-0.46462 1.53385
-0.46451 1.53373
-0.46440 1.53360
-0.46428 1.53347
-0.46417 1.53334
-0.46406 1.53321
-0.46395 1.53308
-0.46383 1.53295
-0.46372 1.53282
-0.46361 1.53269
-0.46350 1.53256
-0.46338 1.53243
-0.46327 1.53230
-0.46316 1.53217
-0.46305 1.53204
-0.46293 1.53192
-0.46282 1.53179
-0.46271 1.53166
-0.46260 1.53153
-0.46248 1.53140
-0.46237 1.53127
-0.46226 1.53114
-0.46215 1.53101
-0.46203 1.53088
-0.46192 1.53075
-0.46181 1.53062
-0.46170 1.53049
-0.46158 1.53036
-0.46147 1.53023
-0.46136 1.53010
-0.46125 1.52997
-0.46113 1.52984
-0.46102 1.52971
-0.46091 1.52958
-0.46080 1.52945
-0.46068 1.52932
-0.46057 1.52919
-0.46046 1.52906
-0.46035 1.52893
-0.46023 1.52880
-0.46012 1.52868
-0.46001 1.52855
-0.45990 1.52842
-0.45978 1.52829
-0.45967 1.52816
-0.45956 1.52803
-0.45945 1.52790
-0.45933 1.52777
-0.45922 1.52764
-0.45911 1.52751
-0.45900 1.52738
-0.45888 1.52725
-0.45877 1.52712
-0.45866 1.52699
-0.45855 1.52686
-0.45843 1.52673
-0.45832 1.52660
-0.45821 1.52647
-0.45810 1.52634
-0.45798 1.52621
-0.45787 1.52608
-0.45776 1.52595
-0.45765 1.52582
-0.45753 1.52568
-0.45742 1.52555
-0.45731 1.52542
-0.45720 1.52529
-0.45708 1.52516
-0.45697 1.52503
-0.45686 1.52490
-0.45675 1.52477
-0.45663 1.52464
-0.45652 1.52451
-0.45641 1.52438
-0.45630 1.52425
-0.45618 1.52412
-0.45607 1.52399
-0.45596 1.52386
-0.45584 1.52373
-0.45573 1.52360
-0.45562 1.52347
-0.45551 1.52334
-0.45539 1.52321
-0.45528 1.52308
-0.45517 1.52295
-0.45506 1.52282
-0.45494 1.52269
-0.45483 1.52256
-0.45472 1.52243
-0.45461 1.52229
-0.45449 1.52216
-0.45438 1.52203
-0.45427 1.52190
-0.45416 1.52177
-0.45404 1.52164
-0.45393 1.52151
-0.45382 1.52138
-0.45371 1.52125
-0.45359 1.52112
-0.45348 1.52099
-0.45337 1.52086
-0.45326 1.52073
-0.45314 1.52060
-0.45303 1.52046
-0.45292 1.52033
-0.45281 1.52020
-0.45269 1.52007
-0.45258 1.51994
-0.45247 1.51981
-0.45236 1.51968
-0.45224 1.51955
-0.45213 1.51942
-0.45202 1.51929
-0.45190 1.51916
-0.45179 1.51902
-0.45168 1.51889
-0.45157 1.51876
-0.45145 1.51863
-0.45134 1.51850
-0.45123 1.51837
-0.45112 1.51824
-0.45100 1.51811
-0.45089 1.51798
-0.45078 1.51784
-0.45067 1.51771
-0.45055 1.51758
-0.45044 1.51745
-0.45033 1.51732
-0.45022 1.51719
-0.45010 1.51706
-0.44999 1.51693
-0.44988 1.51680
-0.44977 1.51666
-0.44965 1.51653
-0.44954 1.51640
-0.44943 1.51627
-0.44931 1.51614
-0.44920 1.51601
-0.44909 1.51588
-0.44898 1.51574
-0.44886 1.51561
-0.44875 1.51548
-0.44864 1.51535
-0.44853 1.51522
-0.44841 1.51509
-0.44830 1.51496
-0.44819 1.51482
-0.44808 1.51469
-0.44796 1.51456
-0.44785 1.51443
-0.44774 1.51430
-0.44763 1.51417
-0.44751 1.51403
-0.44740 1.51390
-0.44729 1.51377
-0.44717 1.51364
-0.44706 1.51351
-0.44695 1.51338
-0.44684 1.51324
-0.44672 1.51311
-0.44661 1.51298
-0.44650 1.51285
-0.44639 1.51272
-0.44627 1.51259
-0.44616 1.51245
-0.44605 1.51232
-0.44594 1.51219
-0.44582 1.51206
-0.44571 1.51193
-0.44560 1.51179
-0.44549 1.51166
-0.44537 1.51153
-0.44526 1.51140
-0.44515 1.51127
-0.44503 1.51113
-0.44492 1.51100
-0.44481 1.51087
-0.44470 1.51074
-0.44458 1.51061
-0.44447 1.51047
-0.44436 1.51034
-0.44425 1.51021
-0.44413 1.51008
-0.44402 1.50995
-0.44391 1.50981
-0.44380 1.50968
-0.44367 1.50951
-0.44354 1.50933
-0.44342 1.50915
-0.44329 1.50897
-0.44316 1.50879
-0.44303 1.50860
-0.44290 1.50842
-0.44278 1.50824
-0.44265 1.50806
-0.44252 1.50788
-0.44239 1.50770
-0.44226 1.50752
-0.44214 1.50733
-0.44201 1.50715
-0.44188 1.50697
-0.44175 1.50679
-0.44163 1.50661
-0.44150 1.50643
-0.44137 1.50624
-0.44124 1.50606
-0.44111 1.50588
-0.44099 1.50570
-0.44086 1.50552
-0.44073 1.50534
-0.44060 1.50515
-0.44047 1.50497
-0.44035 1.50479
-0.44022 1.50461
-0.44009 1.50443
-0.43996 1.50424
-0.43983 1.50406
-0.43971 1.50388
-0.43958 1.50370
-0.43945 1.50352
-0.43932 1.50333
-0.43919 1.50315
-0.43907 1.50297
-0.43894 1.50279
-0.43881 1.50260
-0.43868 1.50242
-0.43855 1.50224
-0.43843 1.50206
-0.43830 1.50188
-0.43817 1.50169
-0.43804 1.50151
-0.43791 1.50133
-0.43779 1.50115
-0.43766 1.50096
-0.43753 1.50078
-0.43740 1.50060
-0.43727 1.50042
-0.43715 1.50023
-0.43702 1.50005
-0.43689 1.49987
-0.43676 1.49969
-0.43663 1.49950
-0.43651 1.49932
-0.43638 1.49914
-0.43625 1.49896
-0.43612 1.49877
-0.43599 1.49859
-0.43587 1.49841
-0.43574 1.49822
-0.43561 1.49804
-0.43548 1.49786
-0.43535 1.49768
-0.43523 1.49749
-0.43510 1.49731
-0.43497 1.49713
-0.43484 1.49694
-0.43471 1.49676
-0.43459 1.49658
-0.43446 1.49640
-0.43433 1.49621
-0.43420 1.49603
-0.43407 1.49585
-0.43394 1.49566
-0.43382 1.49548
-0.43369 1.49530
-0.43356 1.49511
-0.43343 1.49493
-0.43330 1.49475
-0.43318 1.49456
-0.43305 1.49438
-0.43292 1.49420
-0.43279 1.49401
-0.43266 1.49383
-0.43254 1.49365
-0.43241 1.49346
-0.43228 1.49328
-0.43215 1.49310
-0.43202 1.49291
-0.43189 1.49273
-0.43177 1.49255
-0.43164 1.49236
-0.43151 1.49218
-0.43138 1.49200
-0.43125 1.49181
-0.43113 1.49163
-0.43100 1.49144
-0.43089 1.49133
-0.43079 1.49122
-0.43068 1.49111
-0.43057 1.49100
-0.43047 1.49089
-0.43036 1.49078
-0.43026 1.49067
-0.43015 1.49056
-0.43005 1.49045
-0.42994 1.49034
-0.42984 1.49024
-0.42973 1.49013
-0.42963 1.49002
-0.42952 1.48991
-0.42942 1.48980
-0.42931 1.48969
-0.42921 1.48958
-0.42910 1.48947
-0.42900 1.48936
-0.42889 1.48925
-0.42879 1.48914
-0.42868 1.48903
-0.42858 1.48892
-0.42847 1.48881
-0.42837 1.48870
-0.42826 1.48859
-0.42816 1.48848
-0.42805 1.48837
-0.42794 1.48826
-0.42784 1.48815
-0.42773 1.48804
-0.42763 1.48793
-0.42752 1.48782
-0.42742 1.48771
-0.42731 1.48760
-0.42721 1.48749
-0.42710 1.48738
-0.42700 1.48727
-0.42689 1.48716
-0.42679 1.48705
-0.42668 1.48694
-0.42658 1.48683
-0.42647 1.48672
-0.42637 1.48662
-0.42626 1.48651
-0.42616 1.48640
-0.42605 1.48629
-0.42595 1.48618
-0.42584 1.48607
-0.42573 1.48596
-0.42563 1.48585
-0.42552 1.48574
-0.42542 1.48562
-0.42531 1.48551
-0.42521 1.48540
-0.42510 1.48529
-0.42500 1.48518
-0.42489 1.48507
-0.42479 1.48496
-0.42468 1.48485
-0.42458 1.48474
-0.42447 1.48463
-0.42437 1.48452
-0.42426 1.48441
-0.42416 1.48430
-0.42405 1.48419
-0.42395 1.48408
-0.42384 1.48397
-0.42374 1.48386
-0.42363 1.48375
-0.42352 1.48364
-0.42342 1.48353
-0.42331 1.48342
-0.42321 1.48331
-0.42310 1.48320
-0.42300 1.48309
-0.42289 1.48298
-0.42279 1.48287
-0.42268 1.48276
-0.42258 1.48265
-0.42247 1.48254
-0.42237 1.48243
-0.42226 1.48232
-0.42216 1.48221
-0.42205 1.48210
-0.42195 1.48198
-0.42184 1.48187
-0.42173 1.48176
-0.42163 1.48165
-0.42152 1.48154
-0.42142 1.48143
-0.42131 1.48132
-0.42121 1.48121
-0.42110 1.48110
-0.42100 1.48099
-0.42089 1.48088
-0.42079 1.48077
-0.42068 1.48066
-0.42058 1.48055
-0.42047 1.48044
-0.42037 1.48032
-0.42026 1.48021
-0.42016 1.48010
-0.42005 1.47999
-0.41995 1.47988
-0.41984 1.47977
-0.41973 1.47966
-0.41963 1.47955
-0.41952 1.47944
-0.41942 1.47933
-0.41931 1.47922
-0.41921 1.47911
-0.41910 1.47899
-0.41900 1.47888
-0.41889 1.47877
-0.41879 1.47866
-0.41868 1.47855
-0.41858 1.47844
-0.41847 1.47833
-0.41837 1.47822
-0.41826 1.47811
-0.41815 1.47800
-0.41805 1.47788
-0.41794 1.47777
-0.41784 1.47766
-0.41773 1.47755
-0.41763 1.47744
-0.41752 1.47733
-0.41742 1.47722
-0.41731 1.47711
-0.41721 1.47700
-0.41710 1.47688
-0.41700 1.47677
-0.41689 1.47666
-0.41679 1.47655
-0.41668 1.47644
-0.41658 1.47633
-0.41647 1.47622
-0.41636 1.47611
-0.41626 1.47599
-0.41615 1.47588
-0.41605 1.47577
-0.41594 1.47566
-0.41584 1.47555
-0.41573 1.47544
-0.41563 1.47533
-0.41552 1.47521
-0.41542 1.47510
-0.41531 1.47499
-0.41521 1.47488
-0.41510 1.47477
-0.41500 1.47466
-0.41489 1.47455
-0.41478 1.47443
-0.41468 1.47432
-0.41457 1.47421
-0.41447 1.47410
-0.41436 1.47399
-0.41426 1.47388
-0.41415 1.47376
-0.41405 1.47365
-0.41394 1.47354
-0.41384 1.47343
-0.41373 1.47332
-0.41363 1.47321
-0.41352 1.47309
-0.41341 1.47298
-0.41331 1.47287
-0.41320 1.47276
-0.41310 1.47265
-0.41299 1.47254
-0.41289 1.47242
-0.41278 1.47231
-0.41268 1.47220
-0.41257 1.47209
-0.41247 1.47198
-0.41236 1.47187
-0.41226 1.47175
-0.41215 1.47164
-0.41204 1.47153
-0.41194 1.47142
-0.41183 1.47131
-0.41173 1.47119
-0.41162 1.47108
-0.41152 1.47097
-0.41141 1.47086
-0.41131 1.47075
-0.41120 1.47063
-0.41110 1.47052
-0.41099 1.47041
-0.41089 1.47030
-0.41078 1.47019
-0.41067 1.47007
-0.41057 1.46996
-0.41046 1.46985
-0.41036 1.46974
-0.41025 1.46962
-0.41015 1.46951
-0.41004 1.46940
-0.40994 1.46931
-0.40986 1.46927
-0.40978 1.46923
-0.40970 1.46919
-0.40961 1.46916
-0.40953 1.46912
-0.40945 1.46908
-0.40937 1.46905
-0.40928 1.46901
-0.40920 1.46897
-0.40912 1.46893
-0.40904 1.46890
-0.40895 1.46886
-0.40887 1.46882
-0.40879 1.46878
-0.40871 1.46875
-0.40863 1.46871
-0.40854 1.46867
-0.40846 1.46864
-0.40838 1.46860
-0.40830 1.46856
-0.40821 1.46852
-0.40813 1.46849
-0.40805 1.46845
-0.40797 1.46841
-0.40788 1.46837
-0.40780 1.46834
-0.40772 1.46830
-0.40764 1.46826
-0.40755 1.46822
-0.40747 1.46819
-0.40739 1.46815
-0.40731 1.46811
-0.40723 1.46807
-0.40714 1.46804
-0.40706 1.46800
-0.40698 1.46796
-0.40690 1.46792
-0.40681 1.46789
-0.40673 1.46785
-0.40665 1.46781
-0.40657 1.46777
-0.40648 1.46774
-0.40640 1.46770
-0.40632 1.46766
-0.40624 1.46762
-0.40615 1.46758
-0.40607 1.46755
-0.40599 1.46751
-0.40591 1.46747
-0.40582 1.46743
-0.40574 1.46740
-0.40566 1.46736
-0.40558 1.46732
-0.40549 1.46728
-0.40541 1.46725
-0.40533 1.46721
-0.40525 1.46717
-0.40516 1.46713
-0.40508 1.46709
-0.40500 1.46706
-0.40492 1.46702
-0.40484 1.46698
-0.40475 1.46694
-0.40467 1.46691
-0.40459 1.46687
-0.40451 1.46683
-0.40442 1.46679
-0.40434 1.46675
-0.40426 1.46672
-0.40418 1.46668
-0.40409 1.46664
-0.40401 1.46660
-0.40393 1.46656
-0.40385 1.46653
-0.40376 1.46649
-0.40368 1.46645
-0.40360 1.46641
-0.40352 1.46637
-0.40343 1.46634
-0.40335 1.46630
-0.40327 1.46626
-0.40319 1.46622
-0.40310 1.46618
-0.40302 1.46615
-0.40294 1.46611
-0.40286 1.46607
-0.40277 1.46603
-0.40269 1.46599
-0.40261 1.46596
-0.40253 1.46592
-0.40244 1.46588
-0.40236 1.46584
-0.40228 1.46580
-0.40220 1.46576
-0.40211 1.46573
-0.40203 1.46569
-0.40195 1.46565
-0.40187 1.46561
-0.40178 1.46557
-0.40170 1.46554
-0.40162 1.46550
-0.40154 1.46546
-0.40145 1.46542
-0.40137 1.46538
-0.40129 1.46534
-0.40120 1.46531
-0.40112 1.46527
-0.40104 1.46523
-0.40096 1.46519
-0.40087 1.46515
-0.40079 1.46511
-0.40071 1.46508
-0.40063 1.46504
-0.40054 1.46500
-0.40046 1.46496
-0.40038 1.46492
-0.40030 1.46488
-0.40021 1.46485
-0.40013 1.46481
-0.40005 1.46477
-0.39997 1.46473
-0.39988 1.46469
-0.39980 1.46465
-0.39972 1.46461
-0.39964 1.46458
-0.39955 1.46454
-0.39947 1.46450
-0.39939 1.46446
-0.39931 1.46442
-0.39922 1.46438
-0.39914 1.46434
-0.39906 1.46431
-0.39898 1.46427
-0.39889 1.46423
-0.39881 1.46419
-0.39873 1.46415
-0.39864 1.46411
-0.39856 1.46407
-0.39848 1.46404
-0.39840 1.46400
-0.39831 1.46396
-0.39823 1.46392
-0.39815 1.46388
-0.39807 1.46384
-0.39798 1.46380
-0.39790 1.46376
-0.39782 1.46373
-0.39774 1.46369
-0.39765 1.46365
-0.39757 1.46361
-0.39749 1.46357
-0.39740 1.46353
-0.39732 1.46349
-0.39724 1.46345
-0.39716 1.46342
-0.39707 1.46338
-0.39699 1.46334
-0.39691 1.46330
-0.39683 1.46326
-0.39674 1.46322
-0.39666 1.46318
-0.39658 1.46314
-0.39650 1.46310
-0.39641 1.46307
-0.39633 1.46303
-0.39625 1.46299
-0.39616 1.46295
-0.39608 1.46291
-0.39600 1.46287
-0.39592 1.46283
-0.39583 1.46279
-0.39575 1.46275
-0.39567 1.46271
-0.39559 1.46268
-0.39550 1.46264
-0.39542 1.46260
-0.39534 1.46256
-0.39525 1.46252
-0.39517 1.46248
-0.39509 1.46244
-0.39501 1.46240
-0.39492 1.46236
-0.39484 1.46232
-0.39476 1.46228
-0.39468 1.46225
-0.39459 1.46221
-0.39451 1.46217
-0.39443 1.46213
-0.39434 1.46209
-0.39426 1.46205
-0.39418 1.46201
-0.39410 1.46197
-0.39401 1.46193
-0.39393 1.46189
-0.39385 1.46185
-0.39377 1.46181
-0.39368 1.46177
-0.39360 1.46174
-0.39352 1.46170
-0.39343 1.46166
-0.39335 1.46162
-0.39327 1.46158
-0.39319 1.46154
-0.39310 1.46150
-0.39302 1.46146
-0.39294 1.46142
-0.39285 1.46138
-0.39277 1.46134
-0.39269 1.46130
-0.39261 1.46126
-0.39252 1.46122
-0.39244 1.46118
-0.39236 1.46114
-0.39228 1.46111
-0.39219 1.46107
-0.39211 1.46103
-0.39203 1.46099
-0.39194 1.46095
-0.39186 1.46091
-0.39178 1.46087
-0.39170 1.46083
-0.39161 1.46079
-0.39153 1.46075
-0.39145 1.46071
-0.39136 1.46067
-0.39128 1.46063
-0.39120 1.46059
-0.39112 1.46055
-0.39103 1.46051
-0.39095 1.46047
-0.39087 1.46043
-0.39078 1.46039
-0.39070 1.46035
-0.39062 1.46031
-0.39054 1.46027
-0.39045 1.46023
-0.39037 1.46019
-0.39029 1.46015
-0.39020 1.46012
-0.39012 1.46008
-0.39004 1.46004
-0.38996 1.46000
-0.38987 1.45996
-0.38979 1.45992
-0.38971 1.45988
-0.38962 1.45984
-0.38954 1.45980
-0.38946 1.45976
-0.38938 1.45972
-0.38929 1.45968
-0.38921 1.45964
-0.38913 1.45960
-0.38904 1.45956
-0.38896 1.45952
-0.38888 1.45948
-0.38880 1.45944
-0.38871 1.45940
-0.38863 1.45936
-0.38855 1.45932
-0.38846 1.45928
-0.38838 1.45924
-0.38830 1.45920
-0.38821 1.45916
-0.38813 1.45912
-0.38805 1.45908
-0.38797 1.45904
-0.38788 1.45900
-0.38780 1.45896
-0.38772 1.45892
-0.38763 1.45888
-0.38755 1.45884
-0.38747 1.45880
-0.38739 1.45876
-0.38730 1.45872
-0.38722 1.45868
-0.38714 1.45864
-0.38705 1.45860
-0.38697 1.45856
-0.38689 1.45852
-0.38680 1.45848
-0.38672 1.45844
-0.38664 1.45840
-0.38656 1.45836
-0.38647 1.45832
-0.38639 1.45828
-0.38631 1.45824
-0.38622 1.45819
-0.38614 1.45815
-0.38606 1.45811
-0.38598 1.45807
-0.38589 1.45803
-0.38581 1.45799
-0.38573 1.45795
-0.38564 1.45791
-0.38556 1.45787
-0.38548 1.45783
-0.38539 1.45779
-0.38531 1.45775
-0.38523 1.45771
-0.38511 1.45757
-0.38499 1.45738
-0.38486 1.45719
-0.38473 1.45699
-0.38460 1.45680
-0.38447 1.45661
-0.38434 1.45642
-0.38422 1.45623
-0.38409 1.45604
-0.38396 1.45585
-0.38383 1.45566
-0.38370 1.45547
-0.38358 1.45528
-0.38345 1.45509
-0.38332 1.45489
-0.38319 1.45470
-0.38306 1.45451
-0.38293 1.45432
-0.38281 1.45413
-0.38268 1.45394
-0.38255 1.45375
-0.38242 1.45356
-0.38229 1.45337
-0.38216 1.45317
-0.38204 1.45298
-0.38191 1.45279
-0.38178 1.45260
-0.38165 1.45241
-0.38152 1.45222
-0.38139 1.45203
-0.38127 1.45184
-0.38114 1.45164
-0.38101 1.45145
-0.38088 1.45126
-0.38075 1.45107
-0.38062 1.45088
-0.38050 1.45069
-0.38037 1.45049
-0.38024 1.45030
-0.38011 1.45011
-0.37998 1.44992
-0.37985 1.44973
-0.37973 1.44954
-0.37960 1.44934
-0.37947 1.44915
-0.37934 1.44896
-0.37921 1.44877
-0.37908 1.44858
-0.37896 1.44839
-0.37883 1.44819
-0.37870 1.44800
-0.37857 1.44781
-0.37844 1.44762
-0.37831 1.44743
-0.37818 1.44723
-0.37806 1.44704
-0.37793 1.44685
-0.37780 1.44666
-0.37767 1.44646
-0.37754 1.44627
-0.37741 1.44608
-0.37729 1.44589
-0.37716 1.44570
-0.37703 1.44550
-0.37690 1.44531
-0.37677 1.44512
-0.37664 1.44493
-0.37651 1.44473
-0.37639 1.44454
-0.37626 1.44435
-0.37613 1.44416
-0.37600 1.44396
-0.37587 1.44377
-0.37574 1.44358
-0.37561 1.44339
-0.37549 1.44319
-0.37536 1.44300
-0.37523 1.44281
-0.37510 1.44262
-0.37497 1.44242
-0.37484 1.44223
-0.37471 1.44204
-0.37459 1.44185
-0.37446 1.44165
-0.37433 1.44146
-0.37420 1.44127
-0.37407 1.44107
-0.37394 1.44088
-0.37381 1.44069
-0.37369 1.44050
-0.37356 1.44030
-0.37343 1.44011
-0.37330 1.43992
-0.37317 1.43972
-0.37304 1.43953
-0.37291 1.43934
-0.37278 1.43914
-0.37266 1.43895
-0.37253 1.43876
-0.37240 1.43856
-0.37231 1.43850
-0.37223 1.43846
-0.37214 1.43842
-0.37206 1.43837
-0.37198 1.43833
-0.37189 1.43829
-0.37181 1.43825
-0.37173 1.43821
-0.37165 1.43817
-0.37156 1.43813
-0.37148 1.43808
-0.37140 1.43804
-0.37131 1.43800
-0.37123 1.43796
-0.37115 1.43792
-0.37106 1.43787
-0.37098 1.43783
-0.37090 1.43779
-0.37082 1.43775
-0.37073 1.43771
-0.37065 1.43767
-0.37057 1.43762
-0.37048 1.43758
-0.37040 1.43754
-0.37032 1.43750
-0.37023 1.43746
-0.37015 1.43742
-0.37007 1.43737
-0.36999 1.43733
-0.36990 1.43729
-0.36982 1.43725
-0.36974 1.43721
-0.36965 1.43716
-0.36957 1.43712
-0.36949 1.43708
-0.36940 1.43704
-0.36932 1.43700
-0.36924 1.43695
-0.36916 1.43691
-0.36907 1.43687
-0.36899 1.43683
-0.36891 1.43679
-0.36882 1.43674
-0.36874 1.43670
-0.36866 1.43666
-0.36857 1.43662
-0.36849 1.43658
-0.36841 1.43653
-0.36833 1.43649
-0.36824 1.43645
-0.36816 1.43641
-0.36808 1.43637
-0.36799 1.43632
-0.36791 1.43628
-0.36783 1.43624
-0.36774 1.43620
-0.36766 1.43615
-0.36758 1.43611
-0.36750 1.43607
-0.36741 1.43603
-0.36733 1.43599
-0.36725 1.43594
-0.36716 1.43590
-0.36708 1.43586
-0.36700 1.43582
-0.36691 1.43577
-0.36683 1.43573
-0.36675 1.43569
-0.36666 1.43565
-0.36658 1.43561
-0.36650 1.43556
-0.36642 1.43552
-0.36633 1.43548
-0.36625 1.43544
-0.36617 1.43539
-0.36608 1.43535
-0.36600 1.43531
-0.36592 1.43527
-0.36583 1.43522
-0.36575 1.43518
-0.36567 1.43514
-0.36558 1.43510
-0.36550 1.43505
-0.36542 1.43501
-0.36534 1.43497
-0.36525 1.43493
-0.36517 1.43488
-0.36509 1.43484
-0.36500 1.43480
-0.36492 1.43476
-0.36484 1.43471
-0.36475 1.43467
-0.36467 1.43463
-0.36459 1.43459
-0.36450 1.43454
-0.36442 1.43450
-0.36434 1.43446
-0.36425 1.43442
-0.36417 1.43437
-0.36409 1.43433
-0.36401 1.43429
-0.36392 1.43425
-0.36384 1.43420
-0.36376 1.43416
-0.36367 1.43412
-0.36359 1.43407
-0.36351 1.43403
-0.36342 1.43399
-0.36334 1.43395
-0.36326 1.43390
-0.36317 1.43386
-0.36309 1.43382
-0.36301 1.43378
-0.36292 1.43373
-0.36284 1.43369
-0.36276 1.43365
-0.36267 1.43360
-0.36259 1.43356
-0.36251 1.43352
-0.36242 1.43348
-0.36234 1.43343
-0.36226 1.43339
-0.36218 1.43335
-0.36209 1.43330
-0.36201 1.43326
-0.36193 1.43322
-0.36184 1.43318
-0.36176 1.43313
-0.36168 1.43309
-0.36159 1.43305
-0.36151 1.43300
-0.36143 1.43296
-0.36134 1.43292
-0.36126 1.43287
-0.36118 1.43283
-0.36109 1.43279
-0.36101 1.43275
-0.36093 1.43270
-0.36084 1.43266
-0.36076 1.43262
-0.36068 1.43257
-0.36059 1.43253
-0.36051 1.43249
-0.36043 1.43244
-0.36034 1.43240
-0.36026 1.43236
-0.36018 1.43231
-0.36009 1.43227
-0.36001 1.43223
-0.35993 1.43218
-0.35984 1.43214
-0.35976 1.43210
-0.35968 1.43206
-0.35959 1.43201
-0.35951 1.43197
-0.35943 1.43193
-0.35935 1.43188
-0.35926 1.43184
-0.35918 1.43180
-0.35910 1.43175
-0.35901 1.43171
-0.35893 1.43167
-0.35885 1.43162
-0.35876 1.43158
-0.35868 1.43154
-0.35860 1.43149
-0.35851 1.43145
-0.35843 1.43141
-0.35835 1.43136
-0.35826 1.43132
-0.35818 1.43128
-0.35810 1.43123
-0.35801 1.43119
-0.35793 1.43114
-0.35785 1.43110
-0.35776 1.43106
-0.35768 1.43101
-0.35760 1.43097
-0.35751 1.43093
-0.35743 1.43088
-0.35735 1.43084
-0.35726 1.43080
-0.35718 1.43075
-0.35710 1.43071
-0.35701 1.43067
-0.35693 1.43062
-0.35685 1.43058
-0.35676 1.43054
-0.35668 1.43049
-0.35660 1.43045
-0.35651 1.43040
-0.35643 1.43036
-0.35635 1.43032
-0.35626 1.43027
-0.35618 1.43023
-0.35610 1.43019
-0.35601 1.43014
-0.35593 1.43010
-0.35585 1.43005
-0.35576 1.43001
-0.35568 1.42997
-0.35560 1.42992
-0.35551 1.42988
-0.35543 1.42984
-0.35534 1.42979
-0.35526 1.42975
-0.35518 1.42970
-0.35509 1.42966
-0.35501 1.42962
-0.35493 1.42957
-0.35484 1.42953
-0.35476 1.42949
-0.35468 1.42944
-0.35459 1.42940
-0.35451 1.42935
-0.35443 1.42931
-0.35434 1.42927
-0.35426 1.42922
-0.35418 1.42918
-0.35409 1.42913
-0.35401 1.42909
-0.35393 1.42905
-0.35384 1.42900
-0.35376 1.42896
-0.35368 1.42891
-0.35359 1.42887
-0.35351 1.42883
-0.35343 1.42878
-0.35334 1.42874
-0.35326 1.42869
-0.35318 1.42865
-0.35309 1.42861
-0.35301 1.42856
-0.35293 1.42852
-0.35284 1.42847
-0.35276 1.42843
-0.35268 1.42839
-0.35259 1.42834
-0.35251 1.42830
-0.35242 1.42825
-0.35234 1.42821
-0.35226 1.42816
-0.35217 1.42812
-0.35209 1.42808
-0.35201 1.42803
-0.35192 1.42799
-0.35184 1.42794
-0.35176 1.42790
-0.35167 1.42785
-0.35159 1.42781
-0.35151 1.42777
-0.35142 1.42772
-0.35134 1.42768
-0.35126 1.42763
-0.35117 1.42759
-0.35109 1.42754
-0.35101 1.42750
-0.35092 1.42746
-0.35084 1.42741
-0.35075 1.42737
-0.35067 1.42732
-0.35059 1.42728
-0.35050 1.42723
-0.35042 1.42719
-0.35034 1.42714
-0.35025 1.42710
-0.35017 1.42706
-0.35009 1.42701
-0.35000 1.42697
-0.34992 1.42692
-0.34984 1.42688
-0.34975 1.42683
-0.34967 1.42679
-0.34959 1.42674
-0.34950 1.42670
-0.34942 1.42666
-0.34933 1.42661
-0.34925 1.42657
-0.34917 1.42652
-0.34908 1.42648
-0.34900 1.42643
-0.34892 1.42639
-0.34883 1.42634
-0.34875 1.42630
-0.34867 1.42625
-0.34858 1.42621
-0.34850 1.42616
-0.34842 1.42612
-0.34833 1.42607
-0.34825 1.42603
-0.34816 1.42599
-0.34808 1.42594
-0.34800 1.42590
-0.34791 1.42585
-0.34783 1.42581
-0.34775 1.42576
-0.34766 1.42572
-0.34758 1.42567
-0.34750 1.42563
-0.34741 1.42556
-0.34730 1.42544
-0.34719 1.42532
-0.34709 1.42520
-0.34698 1.42508
-0.34688 1.42495
-0.34677 1.42483
-0.34666 1.42471
-0.34656 1.42459
-0.34645 1.42447
-0.34634 1.42435
-0.34624 1.42423
-0.34613 1.42411
-0.34603 1.42399
-0.34592 1.42387
-0.34581 1.42374
-0.34571 1.42362
-0.34560 1.42350
-0.34550 1.42338
-0.34539 1.42326
-0.34528 1.42314
-0.34518 1.42302
-0.34507 1.42290
-0.34497 1.42278
-0.34486 1.42265
-0.34475 1.42253
-0.34465 1.42241
-0.34454 1.42229
-0.34444 1.42217
-0.34433 1.42205
-0.34422 1.42193
-0.34412 1.42181
-0.34401 1.42168
-0.34390 1.42156
-0.34380 1.42144
-0.34369 1.42132
-0.34359 1.42120
-0.34348 1.42108
-0.34337 1.42096
-0.34327 1.42084
-0.34316 1.42071
-0.34306 1.42059
-0.34295 1.42047
-0.34284 1.42035
-0.34274 1.42023
-0.34263 1.42011
-0.34253 1.41998
-0.34242 1.41986
-0.34231 1.41974
-0.34221 1.41962
-0.34210 1.41950
-0.34199 1.41938
-0.34189 1.41926
-0.34178 1.41913
-0.34168 1.41901
-0.34157 1.41889
-0.34146 1.41877
-0.34136 1.41865
-0.34125 1.41853
-0.34115 1.41840
-0.34104 1.41828
-0.34093 1.41816
-0.34083 1.41804
-0.34072 1.41792
-0.34061 1.41779
-0.34051 1.41767
-0.34040 1.41755
-0.34030 1.41743
-0.34019 1.41731
-0.34008 1.41719
-0.33998 1.41706
-0.33987 1.41694
-0.33976 1.41682
-0.33966 1.41670
-0.33955 1.41658
-0.33945 1.41645
-0.33934 1.41633
-0.33923 1.41621
-0.33913 1.41609
-0.33902 1.41597
-0.33892 1.41584
-0.33881 1.41572
-0.33870 1.41560
-0.33860 1.41548
-0.33849 1.41536
-0.33838 1.41523
-0.33828 1.41511
-0.33817 1.41499
-0.33807 1.41487
-0.33796 1.41474
-0.33785 1.41462
-0.33775 1.41450
-0.33764 1.41438
-0.33753 1.41426
-0.33743 1.41413
-0.33732 1.41401
-0.33722 1.41389
-0.33711 1.41377
-0.33700 1.41364
-0.33690 1.41352
-0.33679 1.41340
-0.33668 1.41328
-0.33658 1.41315
-0.33647 1.41303
-0.33637 1.41291
-0.33626 1.41279
-0.33615 1.41266
-0.33605 1.41254
-0.33594 1.41242
-0.33583 1.41230
-0.33573 1.41217
-0.33562 1.41205
-0.33552 1.41193
-0.33541 1.41181
-0.33530 1.41168
-0.33520 1.41156
-0.33509 1.41144
-0.33498 1.41132
-0.33488 1.41119
-0.33477 1.41107
-0.33467 1.41095
-0.33456 1.41083
-0.33445 1.41070
-0.33435 1.41058
-0.33424 1.41046
-0.33413 1.41033
-0.33403 1.41021
-0.33392 1.41009
-0.33382 1.40997
-0.33371 1.40984
-0.33360 1.40972
-0.33350 1.40960
-0.33339 1.40948
-0.33328 1.40935
-0.33318 1.40923
-0.33307 1.40911
-0.33296 1.40898
-0.33286 1.40886
-0.33275 1.40874
-0.33265 1.40861
-0.33254 1.40849
-0.33243 1.40837
-0.33233 1.40825
-0.33222 1.40812
-0.33211 1.40800
-0.33201 1.40788
-0.33190 1.40775
-0.33180 1.40763
-0.33169 1.40751
-0.33158 1.40738
-0.33148 1.40726
-0.33137 1.40714
-0.33126 1.40701
-0.33116 1.40689
-0.33105 1.40677
-0.33094 1.40664
-0.33084 1.40652
-0.33073 1.40640
-0.33063 1.40627
-0.33052 1.40615
-0.33041 1.40603
-0.33031 1.40590
-0.33020 1.40578
-0.33009 1.40566
-0.32999 1.40553
-0.32988 1.40541
-0.32977 1.40529
-0.32967 1.40516
-0.32956 1.40504
-0.32946 1.40492
-0.32935 1.40479
-0.32924 1.40467
-0.32914 1.40455
-0.32903 1.40442
-0.32892 1.40430
-0.32882 1.40418
-0.32871 1.40405
-0.32860 1.40393
-0.32850 1.40381
-0.32839 1.40368
-0.32829 1.40356
-0.32818 1.40343
-0.32807 1.40331
-0.32797 1.40319
-0.32786 1.40306
-0.32775 1.40294
-0.32765 1.40282
-0.32754 1.40269
-0.32743 1.40257
-0.32733 1.40244
-0.32722 1.40232
-0.32711 1.40220
-0.32701 1.40207
-0.32690 1.40195
-0.32680 1.40183
-0.32669 1.40170
-0.32658 1.40158
-0.32648 1.40145
-0.32637 1.40133
-0.32626 1.40121
-0.32617 1.40113
-0.32609 1.40108
-0.32600 1.40103
-0.32592 1.40099
-0.32584 1.40094
-0.32575 1.40089
-0.32567 1.40085
-0.32558 1.40080
-0.32550 1.40075
-0.32542 1.40070
-0.32533 1.40066
-0.32525 1.40061
-0.32516 1.40056
-0.32508 1.40052
-0.32500 1.40047
-0.32491 1.40042
-0.32483 1.40037
-0.32475 1.40033
-0.32466 1.40028
-0.32458 1.40023
-0.32449 1.40018
-0.32441 1.40014
-0.32433 1.40009
-0.32424 1.40004
-0.32416 1.39999
-0.32407 1.39995
-0.32399 1.39990
-0.32391 1.39985
-0.32382 1.39980
-0.32374 1.39976
-0.32366 1.39971
-0.32357 1.39966
-0.32349 1.39961
-0.32340 1.39957
-0.32332 1.39952
-0.32324 1.39947
-0.32315 1.39942
-0.32307 1.39938
-0.32298 1.39933
-0.32290 1.39928
-0.32282 1.39923
-0.32273 1.39919
-0.32265 1.39914
-0.32257 1.39909
-0.32248 1.39904
-0.32240 1.39900
-0.32231 1.39895
-0.32223 1.39890
-0.32215 1.39885
-0.32206 1.39881
-0.32198 1.39876
-0.32189 1.39871
-0.32181 1.39866
-0.32173 1.39861
-0.32164 1.39857
-0.32156 1.39852
-0.32147 1.39847
-0.32139 1.39842
-0.32131 1.39838
-0.32122 1.39833
-0.32114 1.39828
-0.32105 1.39823
-0.32097 1.39818
-0.32089 1.39814
-0.32080 1.39809
-0.32072 1.39804
-0.32064 1.39799
-0.32055 1.39794
-0.32047 1.39790
-0.32038 1.39785
-0.32030 1.39780
-0.32022 1.39775
-0.32013 1.39770
-0.32005 1.39766
-0.31996 1.39761
-0.31988 1.39756
-0.31980 1.39751
-0.31971 1.39746
-0.31963 1.39742
-0.31954 1.39737
-0.31946 1.39732
-0.31938 1.39727
-0.31929 1.39722
-0.31921 1.39718
-0.31912 1.39713
-0.31904 1.39708
-0.31896 1.39703
-0.31887 1.39698
-0.31879 1.39694
-0.31870 1.39689
-0.31862 1.39684
-0.31854 1.39679
-0.31845 1.39674
-0.31837 1.39670
-0.31828 1.39665
-0.31820 1.39660
-0.31812 1.39655
-0.31803 1.39650
-0.31795 1.39645
-0.31786 1.39641
-0.31776 1.39630
-0.31766 1.39617
-0.31755 1.39605
-0.31744 1.39592
-0.31734 1.39580
-0.31723 1.39567
-0.31712 1.39555
-0.31702 1.39542
-0.31691 1.39530
-0.31680 1.39517
-0.31670 1.39505
-0.31659 1.39492
-0.31648 1.39480
-0.31638 1.39467
-0.31627 1.39454
-0.31616 1.39442
-0.31606 1.39429
-0.31595 1.39417
-0.31584 1.39404
-0.31574 1.39392
-0.31563 1.39379
-0.31552 1.39367
-0.31542 1.39354
-0.31531 1.39342
-0.31520 1.39329
-0.31510 1.39316
-0.31499 1.39304
-0.31488 1.39291
-0.31478 1.39279
-0.31467 1.39266
-0.31456 1.39254
-0.31446 1.39241
-0.31435 1.39229
-0.31424 1.39216
-0.31414 1.39203
-0.31403 1.39191
-0.31393 1.39178
-0.31382 1.39166
-0.31371 1.39153
-0.31361 1.39141
-0.31350 1.39128
-0.31339 1.39115
-0.31329 1.39103
-0.31318 1.39090
-0.31307 1.39078
-0.31297 1.39065
-0.31286 1.39052
-0.31275 1.39040
-0.31265 1.39027
-0.31254 1.39015
-0.31243 1.39002
-0.31233 1.38989
-0.31222 1.38977
-0.31211 1.38964
-0.31201 1.38952
-0.31190 1.38939
-0.31179 1.38926
-0.31169 1.38914
-0.31158 1.38901
-0.31147 1.38889
-0.31137 1.38876
-0.31126 1.38863
-0.31115 1.38851
-0.31105 1.38838
-0.31094 1.38826
-0.31083 1.38813
-0.31072 1.38800
-0.31062 1.38788
-0.31051 1.38775
-0.31040 1.38762
-0.31030 1.38750
-0.31019 1.38737
-0.31008 1.38725
-0.30998 1.38712
-0.30987 1.38699
-0.30976 1.38687
-0.30966 1.38674
-0.30955 1.38661
-0.30944 1.38649
-0.30934 1.38636
-0.30923 1.38623
-0.30912 1.38611
-0.30902 1.38598
-0.30891 1.38586
-0.30880 1.38573
-0.30870 1.38560
-0.30859 1.38548
-0.30848 1.38535
-0.30838 1.38522
-0.30827 1.38510
-0.30816 1.38497
-0.30806 1.38484
-0.30795 1.38472
-0.30784 1.38459
-0.30774 1.38446
-0.30763 1.38434
-0.30752 1.38421
-0.30742 1.38408
-0.30731 1.38396
-0.30720 1.38383
-0.30710 1.38370
-0.30699 1.38358
-0.30688 1.38345
-0.30678 1.38332
-0.30667 1.38319
-0.30656 1.38307
-0.30645 1.38294
-0.30635 1.38281
-0.30624 1.38269
-0.30613 1.38256
-0.30603 1.38243
-0.30592 1.38231
-0.30581 1.38218
-0.30571 1.38205
-0.30560 1.38193
-0.30549 1.38180
-0.30539 1.38167
-0.30528 1.38154
-0.30517 1.38142
-0.30507 1.38129
-0.30496 1.38116
-0.30485 1.38104
-0.30475 1.38091
-0.30464 1.38078
-0.30453 1.38065
-0.30442 1.38053
-0.30432 1.38040
-0.30421 1.38027
-0.30410 1.38015
-0.30400 1.38002
-0.30389 1.37989
-0.30378 1.37976
-0.30368 1.37964
-0.30357 1.37951
-0.30346 1.37938
-0.30336 1.37925
-0.30325 1.37913
-0.30314 1.37900
-0.30304 1.37887
-0.30293 1.37875
-0.30282 1.37862
-0.30271 1.37849
-0.30261 1.37836
-0.30250 1.37824
-0.30239 1.37811
-0.30229 1.37798
-0.30218 1.37785
-0.30207 1.37773
-0.30197 1.37760
-0.30186 1.37747
-0.30175 1.37734
-0.30165 1.37721
-0.30154 1.37709
-0.30143 1.37696
-0.30132 1.37683
-0.30122 1.37670
-0.30111 1.37658
-0.30100 1.37645
-0.30090 1.37632
-0.30079 1.37619
-0.30068 1.37607
-0.30058 1.37594
-0.30047 1.37581
-0.30036 1.37568
-0.30026 1.37555
-0.30015 1.37543
-0.30004 1.37530
-0.29993 1.37517
-0.29983 1.37504
-0.29972 1.37491
-0.29961 1.37479
-0.29951 1.37466
-0.29940 1.37453
-0.29929 1.37440
-0.29919 1.37428
-0.29908 1.37415
-0.29897 1.37402
-0.29886 1.37389
-0.29876 1.37376
-0.29865 1.37363
-0.29854 1.37351
-0.29844 1.37338
-0.29833 1.37325
-0.29822 1.37312
-0.29812 1.37299
-0.29801 1.37287
-0.29790 1.37274
-0.29779 1.37261
-0.29769 1.37248
-0.29758 1.37235
-0.29747 1.37222
-0.29737 1.37210
-0.29726 1.37197
-0.29715 1.37184
-0.29705 1.37171
-0.29694 1.37158
-0.29683 1.37145
-0.29672 1.37133
-0.29662 1.37120
-0.29651 1.37108
-0.29643 1.37102
-0.29634 1.37097
-0.29626 1.37092
-0.29618 1.37087
-0.29609 1.37082
-0.29601 1.37077
-0.29592 1.37072
-0.29584 1.37067
-0.29575 1.37062
-0.29567 1.37057
-0.29559 1.37052
-0.29550 1.37047
-0.29542 1.37042
-0.29533 1.37037
-0.29525 1.37031
-0.29516 1.37026
-0.29508 1.37021
-0.29500 1.37016
-0.29491 1.37011
-0.29483 1.37006
-0.29474 1.37001
-0.29466 1.36996
-0.29457 1.36991
-0.29449 1.36986
-0.29441 1.36981
-0.29432 1.36975
-0.29424 1.36970
-0.29415 1.36965
-0.29407 1.36960
-0.29398 1.36955
-0.29390 1.36950
-0.29382 1.36945
-0.29373 1.36940
-0.29365 1.36935
-0.29356 1.36930
-0.29348 1.36924
-0.29339 1.36919
-0.29331 1.36914
-0.29322 1.36909
-0.29314 1.36904
-0.29306 1.36899
-0.29297 1.36894
-0.29289 1.36889
-0.29280 1.36884
-0.29272 1.36878
-0.29263 1.36873
-0.29255 1.36868
-0.29247 1.36863
-0.29238 1.36858
-0.29230 1.36853
-0.29221 1.36848
-0.29213 1.36843
-0.29204 1.36837
-0.29196 1.36832
-0.29188 1.36827
-0.29179 1.36822
-0.29171 1.36817
-0.29162 1.36812
-0.29154 1.36807
-0.29145 1.36802
-0.29137 1.36796
-0.29128 1.36791
-0.29120 1.36786
-0.29112 1.36781
-0.29103 1.36776
-0.29095 1.36771
-0.29086 1.36766
-0.29078 1.36760
-0.29069 1.36755
-0.29061 1.36750
-0.29052 1.36745
-0.29044 1.36740
-0.29036 1.36735
-0.29027 1.36730
-0.29019 1.36724
-0.29010 1.36719
-0.29002 1.36714
-0.28993 1.36709
-0.28985 1.36704
-0.28977 1.36699
-0.28968 1.36694
-0.28960 1.36688
-0.28951 1.36683
-0.28943 1.36678
-0.28934 1.36673
-0.28926 1.36668
-0.28917 1.36663
-0.28909 1.36657
-0.28901 1.36652
-0.28892 1.36647
-0.28884 1.36642
-0.28875 1.36637
-0.28867 1.36632
-0.28858 1.36626
-0.28850 1.36621
-0.28841 1.36616
-0.28833 1.36611
-0.28824 1.36606
-0.28816 1.36601
-0.28808 1.36595
-0.28799 1.36590
-0.28791 1.36585
-0.28782 1.36580
-0.28774 1.36575
-0.28765 1.36569
-0.28757 1.36564
-0.28748 1.36559
-0.28740 1.36554
-0.28732 1.36549
-0.28723 1.36543
-0.28715 1.36538
-0.28706 1.36533
-0.28698 1.36528
-0.28689 1.36523
-0.28681 1.36518
-0.28672 1.36512
-0.28664 1.36507
-0.28655 1.36502
-0.28647 1.36497
-0.28639 1.36492
-0.28630 1.36486
-0.28622 1.36481
-0.28613 1.36476
-0.28605 1.36471
-0.28596 1.36466
-0.28588 1.36460
-0.28579 1.36455
-0.28571 1.36450
-0.28562 1.36445
-0.28554 1.36439
-0.28546 1.36434
-0.28537 1.36429
-0.28529 1.36424
-0.28520 1.36419
-0.28512 1.36413
-0.28503 1.36408
-0.28495 1.36403
-0.28486 1.36398
-0.28478 1.36392
-0.28469 1.36387
-0.28461 1.36382
-0.28453 1.36377
-0.28444 1.36372
-0.28436 1.36366
-0.28427 1.36361
-0.28419 1.36356
-0.28410 1.36351
-0.28402 1.36345
-0.28393 1.36340
-0.28385 1.36335
-0.28376 1.36330
-0.28368 1.36325
-0.28359 1.36319
-0.28351 1.36314
-0.28343 1.36309
-0.28334 1.36304
-0.28326 1.36298
-0.28317 1.36293
-0.28309 1.36288
-0.28300 1.36283
-0.28292 1.36277
-0.28283 1.36272
-0.28275 1.36267
-0.28266 1.36262
-0.28258 1.36256
-0.28249 1.36251
-0.28241 1.36246
-0.28233 1.36241
-0.28224 1.36235
-0.28216 1.36230
-0.28207 1.36225
-0.28199 1.36220
-0.28190 1.36214
-0.28182 1.36209
-0.28173 1.36204
-0.28165 1.36198
-0.28156 1.36193
-0.28148 1.36188
-0.28139 1.36183
-0.28131 1.36177
-0.28122 1.36172
-0.28114 1.36167
-0.28106 1.36162
-0.28097 1.36156
-0.28089 1.36151
-0.28080 1.36146
-0.28072 1.36140
-0.28063 1.36135
-0.28055 1.36130
-0.28046 1.36125
-0.28038 1.36119
-0.28029 1.36114
-0.28021 1.36109
-0.28012 1.36104
-0.28004 1.36098
-0.27995 1.36093
-0.27987 1.36088
-0.27978 1.36082
-0.27970 1.36077
-0.27962 1.36072
-0.27953 1.36066
-0.27945 1.36061
-0.27936 1.36056
-0.27928 1.36051
-0.27919 1.36045
-0.27911 1.36040
-0.27902 1.36035
-0.27894 1.36029
-0.27885 1.36024
-0.27877 1.36019
-0.27868 1.36013
-0.27860 1.36008
-0.27851 1.36003
-0.27843 1.35998
-0.27834 1.35992
-0.27826 1.35987
-0.27817 1.35982
-0.27809 1.35976
-0.27801 1.35971
-0.27792 1.35966
-0.27784 1.35960
-0.27775 1.35955
-0.27767 1.35950
-0.27758 1.35944
-0.27750 1.35939
-0.27741 1.35934
-0.27733 1.35928
-0.27724 1.35923
-0.27716 1.35918
-0.27707 1.35912
-0.27699 1.35907
-0.27690 1.35902
-0.27682 1.35896
-0.27673 1.35891
-0.27665 1.35886
-0.27656 1.35880
-0.27648 1.35875
-0.27639 1.35870
-0.27631 1.35864
-0.27622 1.35859
-0.27614 1.35854
-0.27606 1.35848
-0.27597 1.35843
-0.27589 1.35838
-0.27580 1.35832
-0.27572 1.35827
-0.27563 1.35822
-0.27555 1.35816
-0.27546 1.35811
-0.27538 1.35806
-0.27529 1.35800
-0.27521 1.35795
-0.27512 1.35790
-0.27504 1.35784
-0.27495 1.35779
-0.27487 1.35774
-0.27478 1.35768
-0.27470 1.35763
-0.27461 1.35758
-0.27453 1.35752
-0.27444 1.35747
-0.27436 1.35741
-0.27427 1.35736
-0.27419 1.35731
-0.27410 1.35725
-0.27402 1.35720
-0.27393 1.35715
-0.27385 1.35709
-0.27376 1.35704
-0.27368 1.35698
-0.27359 1.35693
-0.27351 1.35688
-0.27342 1.35682
-0.27334 1.35677
-0.27325 1.35672
-0.27317 1.35666
-0.27308 1.35661
-0.27300 1.35655
-0.27292 1.35650
-0.27283 1.35645
-0.27275 1.35639
-0.27266 1.35634
-0.27258 1.35629
-0.27249 1.35623
-0.27241 1.35618
-0.27232 1.35612
-0.27224 1.35607
-0.27215 1.35602
-0.27207 1.35596
-0.27198 1.35591
-0.27190 1.35585
-0.27181 1.35580
-0.27173 1.35575
-0.27164 1.35569
-0.27156 1.35564
-0.27147 1.35558
-0.27139 1.35553
-0.27130 1.35548
-0.27122 1.35542
-0.27111 1.35528
-0.27098 1.35507
-0.27085 1.35486
-0.27072 1.35465
-0.27059 1.35444
-0.27046 1.35423
-0.27033 1.35402
-0.27020 1.35381
-0.27007 1.35360
-0.26994 1.35339
-0.26981 1.35318
-0.26968 1.35297
-0.26955 1.35276
-0.26942 1.35255
-0.26929 1.35234
-0.26916 1.35213
-0.26903 1.35192
-0.26890 1.35171
-0.26877 1.35150
-0.26864 1.35129
-0.26851 1.35107
-0.26838 1.35086
-0.26825 1.35065
-0.26812 1.35044
-0.26799 1.35023
-0.26786 1.35002
-0.26773 1.34981
-0.26760 1.34960
-0.26747 1.34939
-0.26734 1.34918
-0.26721 1.34897
-0.26708 1.34875
-0.26695 1.34854
-0.26682 1.34833
-0.26668 1.34812
-0.26655 1.34791
-0.26642 1.34770
-0.26629 1.34749
-0.26616 1.34728
-0.26603 1.34706
-0.26590 1.34685
-0.26577 1.34664
-0.26564 1.34643
-0.26551 1.34622
-0.26538 1.34601
-0.26525 1.34580
-0.26512 1.34558
-0.26499 1.34537
-0.26486 1.34516
-0.26473 1.34495
-0.26460 1.34474
-0.26447 1.34453
-0.26434 1.34431
-0.26421 1.34410
-0.26408 1.34389
-0.26395 1.34368
-0.26382 1.34347
-0.26369 1.34325
-0.26356 1.34304
-0.26343 1.34283
-0.26330 1.34262
-0.26317 1.34241
-0.26303 1.34219
-0.26290 1.34198
-0.26277 1.34177
-0.26264 1.34156
-0.26251 1.34134
-0.26238 1.34113
-0.26225 1.34092
-0.26212 1.34071
-0.26199 1.34050
-0.26186 1.34028
-0.26173 1.34007
-0.26160 1.33986
-0.26147 1.33965
-0.26134 1.33943
-0.26121 1.33922
-0.26108 1.33901
-0.26095 1.33880
-0.26082 1.33858
-0.26068 1.33837
-0.26055 1.33816
-0.26042 1.33794
-0.26029 1.33773
-0.26016 1.33752
-0.26003 1.33731
-0.25990 1.33709
-0.25977 1.33688
-0.25964 1.33667
-0.25951 1.33645
-0.25938 1.33624
-0.25925 1.33603
-0.25912 1.33582
-0.25898 1.33560
-0.25885 1.33539
-0.25872 1.33518
-0.25859 1.33496
-0.25846 1.33475
-0.25833 1.33454
-0.25820 1.33432
-0.25812 1.33427
-0.25805 1.33430
-0.25799 1.33432
-0.25793 1.33434
-0.25787 1.33437
-0.25781 1.33439
-0.25774 1.33441
-0.25768 1.33444
-0.25762 1.33446
-0.25756 1.33449
-0.25750 1.33451
-0.25743 1.33453
-0.25737 1.33456
-0.25731 1.33458
-0.25725 1.33460
-0.25718 1.33463
-0.25712 1.33465
-0.25706 1.33467
-0.25700 1.33470
-0.25694 1.33472
-0.25687 1.33474
-0.25681 1.33477
-0.25675 1.33479
-0.25669 1.33481
-0.25662 1.33483
-0.25656 1.33486
-0.25650 1.33488
-0.25644 1.33490
-0.25638 1.33493
-0.25631 1.33495
-0.25625 1.33497
-0.25619 1.33500
-0.25613 1.33502
-0.25606 1.33504
-0.25600 1.33507
-0.25594 1.33509
-0.25588 1.33511
-0.25581 1.33514
-0.25575 1.33516
-0.25569 1.33518
-0.25563 1.33520
-0.25557 1.33523
-0.25550 1.33525
-0.25544 1.33527
-0.25538 1.33530
-0.25532 1.33532
-0.25525 1.33534
-0.25519 1.33536
-0.25513 1.33539
-0.25507 1.33541
-0.25500 1.33543
-0.25494 1.33546
-0.25488 1.33548
-0.25482 1.33550
-0.25475 1.33552
-0.25469 1.33555
-0.25463 1.33557
-0.25457 1.33559
-0.25450 1.33562
-0.25444 1.33564
-0.25438 1.33566
-0.25432 1.33568
-0.25425 1.33571
-0.25419 1.33573
-0.25413 1.33575
-0.25407 1.33577
-0.25400 1.33580
-0.25394 1.33582
-0.25388 1.33584
-0.25382 1.33586
-0.25375 1.33589
-0.25369 1.33591
-0.25363 1.33593
-0.25357 1.33596
-0.25350 1.33598
-0.25344 1.33600
-0.25338 1.33602
-0.25332 1.33605
-0.25325 1.33607
-0.25319 1.33609
-0.25313 1.33611
-0.25306 1.33613
-0.25300 1.33616
-0.25294 1.33618
-0.25288 1.33620
-0.25281 1.33622
-0.25275 1.33625
-0.25269 1.33627
-0.25263 1.33629
-0.25256 1.33631
-0.25250 1.33634
-0.25244 1.33636
-0.25237 1.33638
-0.25231 1.33640
-0.25225 1.33643
-0.25219 1.33645
-0.25212 1.33647
-0.25206 1.33649
-0.25200 1.33651
-0.25194 1.33654
-0.25187 1.33656
-0.25181 1.33658
-0.25175 1.33660
-0.25168 1.33662
-0.25162 1.33665
-0.25156 1.33667
-0.25150 1.33669
-0.25143 1.33671
-0.25137 1.33674
-0.25131 1.33676
-0.25124 1.33678
-0.25118 1.33680
-0.25112 1.33682
-0.25106 1.33685
-0.25099 1.33687
-0.25093 1.33689
-0.25087 1.33691
-0.25080 1.33693
-0.25074 1.33696
-0.25068 1.33698
-0.25062 1.33700
-0.25055 1.33702
-0.25049 1.33704
-0.25043 1.33706
-0.25036 1.33709
-0.25030 1.33711
-0.25024 1.33713
-0.25017 1.33715
-0.25011 1.33717
-0.25005 1.33720
-0.24999 1.33722
-0.24992 1.33724
-0.24986 1.33726
-0.24980 1.33728
-0.24973 1.33730
-0.24967 1.33733
-0.24961 1.33735
-0.24954 1.33737
-0.24948 1.33739
-0.24942 1.33741
-0.24935 1.33743
-0.24929 1.33746
-0.24923 1.33748
-0.24917 1.33750
-0.24910 1.33752
-0.24904 1.33754
-0.24898 1.33756
-0.24891 1.33758
-0.24885 1.33761
-0.24879 1.33763
-0.24872 1.33765
-0.24866 1.33767
-0.24860 1.33769
-0.24853 1.33771
-0.24847 1.33774
-0.24841 1.33776
-0.24834 1.33778
-0.24828 1.33780
-0.24822 1.33782
-0.24816 1.33784
-0.24809 1.33786
-0.24803 1.33788
-0.24797 1.33791
-0.24790 1.33793
-0.24784 1.33795
-0.24778 1.33797
-0.24771 1.33799
-0.24765 1.33801
-0.24759 1.33803
-0.24752 1.33805
-0.24746 1.33808
-0.24740 1.33810
-0.24733 1.33812
-0.24727 1.33814
-0.24721 1.33816
-0.24714 1.33818
-0.24708 1.33820
-0.24702 1.33822
-0.24695 1.33825
-0.24689 1.33827
-0.24683 1.33829
-0.24676 1.33831
-0.24670 1.33833
-0.24664 1.33835
-0.24657 1.33837
-0.24651 1.33839
-0.24645 1.33841
-0.24638 1.33843
-0.24632 1.33846
-0.24626 1.33848
-0.24619 1.33850
-0.24613 1.33852
-0.24606 1.33854
-0.24600 1.33856
-0.24594 1.33858
-0.24587 1.33860
-0.24581 1.33862
-0.24575 1.33864
-0.24568 1.33866
-0.24562 1.33869
