-1.19556 2.03670
-1.19535 2.03660
-1.19515 2.03649
-1.19495 2.03638
-1.19474 2.03628
-1.19454 2.03617
-1.19434 2.03607
-1.19413 2.03596
-1.19393 2.03586
-1.19373 2.03575
-1.19353 2.03564
-1.19332 2.03554
-1.19312 2.03543
-1.19292 2.03532
-1.19271 2.03522
-1.19251 2.03511
-1.19231 2.03501
-1.19211 2.03490
-1.19190 2.03479
-1.19170 2.03469
-1.19150 2.03458
-1.19129 2.03447
-1.19109 2.03437
-1.19089 2.03426
-1.19069 2.03415
-1.19048 2.03405
-1.19028 2.03394
-1.19008 2.03383
-1.18987 2.03373
-1.18967 2.03362
-1.18947 2.03351
-1.18927 2.03341
-1.18906 2.03330
-1.18886 2.03319
-1.18866 2.03308
-1.18846 2.03298
-1.18825 2.03287
-1.18805 2.03276
-1.18785 2.03266
-1.18765 2.03255
-1.18744 2.03244
-1.18724 2.03233
-1.18704 2.03223
-1.18684 2.03212
-1.18663 2.03201
-1.18643 2.03190
-1.18623 2.03180
-1.18603 2.03169
-1.18582 2.03158
-1.18562 2.03147
-1.18542 2.03137
-1.18522 2.03126
-1.18501 2.03115
-1.18481 2.03104
-1.18461 2.03094
-1.18441 2.03083
-1.18420 2.03072
-1.18400 2.03061
-1.18380 2.03050
-1.18360 2.03040
-1.18339 2.03029
-1.18319 2.03018
-1.18299 2.03007
-1.18279 2.02996
-1.18258 2.02986
-1.18238 2.02975
-1.18218 2.02964
-1.18198 2.02953
-1.18178 2.02942
-1.18157 2.02931
-1.18137 2.02921
-1.18117 2.02910
-1.18097 2.02899
-1.18086 2.02905
-1.18075 2.02910
-1.18065 2.02915
-1.18054 2.02920
-1.18043 2.02925
-1.18032 2.02930
-1.18022 2.02935
-1.18011 2.02941
-1.18000 2.02946
-1.17989 2.02951
-1.17979 2.02956
-1.17968 2.02961
-1.17957 2.02966
-1.17946 2.02971
-1.17936 2.02977
-1.17925 2.02982
-1.17914 2.02987
-1.17903 2.02992
-1.17892 2.02997
-1.17882 2.03002
-1.17871 2.03007
-1.17860 2.03012
-1.17849 2.03017
-1.17839 2.03023
-1.17828 2.03028
-1.17817 2.03033
-1.17806 2.03038
-1.17795 2.03043
-1.17785 2.03048
-1.17774 2.03053
-1.17763 2.03058
-1.17752 2.03063
-1.17741 2.03068
-1.17731 2.03074
-1.17720 2.03079
-1.17709 2.03084
-1.17698 2.03089
-1.17687 2.03094
-1.17677 2.03099
-1.17666 2.03104
-1.17655 2.03109
-1.17644 2.03114
-1.17633 2.03119
-1.17622 2.03124
-1.17612 2.03129
-1.17601 2.03134
-1.17590 2.03139
-1.17579 2.03145
-1.17568 2.03150
-1.17558 2.03155
-1.17547 2.03160
-1.17536 2.03165
-1.17525 2.03170
-1.17514 2.03175
-1.17503 2.03180
-1.17492 2.03185
-1.17482 2.03190
-1.17471 2.03195
-1.17460 2.03200
-1.17449 2.03205
-1.17438 2.03210
-1.17427 2.03215
-1.17417 2.03220
-1.17406 2.03225
-1.17395 2.03230
-1.17384 2.03235
-1.17373 2.03240
-1.17362 2.03245
-1.17351 2.03250
-1.17341 2.03255
-1.17330 2.03260
-1.17319 2.03265
-1.17308 2.03270
-1.17297 2.03275
-1.17286 2.03280
-1.17275 2.03285
-1.17264 2.03290
-1.17254 2.03295
-1.17243 2.03300
-1.17232 2.03305
-1.17221 2.03310
-1.17210 2.03315
-1.17199 2.03320
-1.17188 2.03325
-1.17177 2.03330
-1.17166 2.03335
-1.17156 2.03340
-1.17145 2.03345
-1.17134 2.03350
-1.17123 2.03355
-1.17112 2.03360
-1.17101 2.03365
-1.17090 2.03370
-1.17079 2.03375
-1.17068 2.03380
-1.17057 2.03385
-1.17046 2.03390
-1.17036 2.03395
-1.17025 2.03400
-1.17014 2.03405
-1.17003 2.03410
-1.16992 2.03415
-1.16981 2.03420
-1.16970 2.03424
-1.16959 2.03429
-1.16948 2.03434
-1.16937 2.03439
-1.16926 2.03444
-1.16915 2.03449
-1.16904 2.03454
-1.16893 2.03459
-1.16883 2.03464
-1.16872 2.03469
-1.16861 2.03474
-1.16850 2.03479
-1.16839 2.03484
-1.16828 2.03489
-1.16817 2.03493
-1.16806 2.03498
-1.16795 2.03503
-1.16784 2.03508
-1.16773 2.03513
-1.16762 2.03518
-1.16751 2.03523
-1.16740 2.03528
-1.16729 2.03533
-1.16718 2.03538
-1.16707 2.03542
-1.16696 2.03547
-1.16685 2.03552
-1.16674 2.03557
-1.16663 2.03562
-1.16652 2.03567
-1.16641 2.03572
-1.16630 2.03577
-1.16619 2.03582
-1.16608 2.03586
-1.16597 2.03591
-1.16586 2.03596
-1.16575 2.03601
-1.16564 2.03606
-1.16553 2.03611
-1.16542 2.03616
-1.16531 2.03620
-1.16520 2.03625
-1.16509 2.03630
-1.16498 2.03635
-1.16487 2.03640
-1.16476 2.03645
-1.16465 2.03650
-1.16454 2.03654
-1.16443 2.03659
-1.16432 2.03664
-1.16421 2.03669
-1.16410 2.03674
-1.16399 2.03679
-1.16388 2.03683
-1.16377 2.03688
-1.16366 2.03693
-1.16355 2.03698
-1.16344 2.03703
-1.16333 2.03708
-1.16322 2.03712
-1.16311 2.03717
-1.16300 2.03722
-1.16289 2.03727
-1.16278 2.03732
-1.16267 2.03736
-1.16256 2.03741
-1.16245 2.03746
-1.16234 2.03751
-1.16223 2.03756
-1.16212 2.03760
-1.16201 2.03765
-1.16190 2.03770
-1.16179 2.03775
-1.16168 2.03780
-1.16157 2.03784
-1.16146 2.03789
-1.16134 2.03794
-1.16123 2.03799
-1.16112 2.03803
-1.16101 2.03808
-1.16090 2.03813
-1.16079 2.03818
-1.16068 2.03823
-1.16057 2.03827
-1.16046 2.03832
-1.16035 2.03837
-1.16024 2.03842
-1.16013 2.03846
-1.16002 2.03851
-1.15991 2.03856
-1.15979 2.03861
-1.15968 2.03865
-1.15957 2.03870
-1.15946 2.03875
-1.15935 2.03880
-1.15924 2.03884
-1.15913 2.03889
-1.15902 2.03894
-1.15891 2.03899
-1.15880 2.03903
-1.15869 2.03908
-1.15857 2.03913
-1.15846 2.03917
-1.15835 2.03922
-1.15824 2.03927
-1.15813 2.03932
-1.15802 2.03936
-1.15791 2.03941
-1.15780 2.03946
-1.15769 2.03951
-1.15757 2.03955
-1.15746 2.03960
-1.15735 2.03965
-1.15724 2.03969
-1.15713 2.03974
-1.15702 2.03979
-1.15691 2.03983
-1.15680 2.03988
-1.15668 2.03993
-1.15657 2.03998
-1.15646 2.04002
-1.15635 2.04007
-1.15624 2.04012
-1.15613 2.04016
-1.15602 2.04021
-1.15590 2.04026
-1.15579 2.04030
-1.15568 2.04035
-1.15557 2.04040
-1.15546 2.04044
-1.15535 2.04049
-1.15524 2.04054
-1.15512 2.04058
-1.15501 2.04063
-1.15490 2.04068
-1.15479 2.04072
-1.15468 2.04077
-1.15457 2.04082
-1.15445 2.04086
-1.15434 2.04091
-1.15423 2.04096
-1.15412 2.04100
-1.15401 2.04105
-1.15390 2.04110
-1.15378 2.04114
-1.15367 2.04119
-1.15356 2.04123
-1.15345 2.04128
-1.15334 2.04133
-1.15323 2.04137
-1.15311 2.04142
-1.15300 2.04147
-1.15289 2.04151
-1.15278 2.04156
-1.15267 2.04160
-1.15255 2.04165
-1.15244 2.04170
-1.15233 2.04174
-1.15222 2.04179
-1.15211 2.04183
-1.15199 2.04188
-1.15188 2.04193
-1.15177 2.04197
-1.15166 2.04202
-1.15155 2.04206
-1.15143 2.04211
-1.15132 2.04216
-1.15121 2.04220
-1.15110 2.04225
-1.15098 2.04229
-1.15087 2.04234
-1.15076 2.04239
-1.15065 2.04243
-1.15054 2.04248
-1.15042 2.04252
-1.15031 2.04257
-1.15020 2.04261
-1.15009 2.04266
-1.14997 2.04271
-1.14986 2.04275
-1.14975 2.04280
-1.14964 2.04284
-1.14952 2.04289
-1.14941 2.04293
-1.14930 2.04298
-1.14919 2.04303
-1.14908 2.04307
-1.14896 2.04312
-1.14885 2.04316
-1.14874 2.04321
-1.14863 2.04325
-1.14851 2.04330
-1.14840 2.04334
-1.14829 2.04339
-1.14817 2.04343
-1.14806 2.04348
-1.14795 2.04352
-1.14784 2.04357
-1.14772 2.04361
-1.14761 2.04366
-1.14750 2.04371
-1.14739 2.04375
-1.14727 2.04380
-1.14716 2.04384
-1.14705 2.04389
-1.14694 2.04393
-1.14682 2.04398
-1.14671 2.04402
-1.14660 2.04407
-1.14648 2.04411
-1.14637 2.04416
-1.14626 2.04420
-1.14615 2.04425
-1.14603 2.04429
-1.14592 2.04434
-1.14581 2.04438
-1.14569 2.04443
-1.14558 2.04447
-1.14547 2.04452
-1.14535 2.04456
-1.14524 2.04460
-1.14513 2.04465
-1.14502 2.04469
-1.14490 2.04474
-1.14479 2.04478
-1.14468 2.04483
-1.14456 2.04487
-1.14445 2.04492
-1.14434 2.04496
-1.14422 2.04501
-1.14411 2.04505
-1.14400 2.04510
-1.14388 2.04514
-1.14377 2.04519
-1.14366 2.04523
-1.14354 2.04527
-1.14343 2.04532
-1.14332 2.04536
-1.14320 2.04541
-1.14309 2.04545
-1.14298 2.04550
-1.14286 2.04554
-1.14275 2.04558
-1.14264 2.04563
-1.14252 2.04567
-1.14241 2.04572
-1.14230 2.04576
-1.14218 2.04581
-1.14207 2.04585
-1.14196 2.04589
-1.14184 2.04594
-1.14173 2.04598
-1.14162 2.04603
-1.14150 2.04607
-1.14139 2.04611
-1.14127 2.04616
-1.14116 2.04620
-1.14105 2.04625
-1.14093 2.04629
-1.14082 2.04633
-1.14071 2.04638
-1.14060 2.04643
-1.14051 2.04653
-1.14043 2.04663
-1.14035 2.04673
-1.14026 2.04682
-1.14018 2.04692
-1.14009 2.04702
-1.14001 2.04712
-1.13993 2.04721
-1.13984 2.04731
-1.13976 2.04741
-1.13967 2.04751
-1.13959 2.04760
-1.13950 2.04770
-1.13942 2.04780
-1.13934 2.04790
-1.13925 2.04799
-1.13917 2.04809
-1.13908 2.04819
-1.13900 2.04829
-1.13891 2.04838
-1.13883 2.04848
-1.13874 2.04858
-1.13866 2.04868
-1.13857 2.04877
-1.13849 2.04887
-1.13840 2.04897
-1.13832 2.04906
-1.13824 2.04916
-1.13815 2.04926
-1.13807 2.04936
-1.13798 2.04945
-1.13790 2.04955
-1.13781 2.04965
-1.13773 2.04974
-1.13764 2.04984
-1.13756 2.04994
-1.13747 2.05004
-1.13739 2.05013
-1.13730 2.05023
-1.13722 2.05033
-1.13713 2.05042
-1.13705 2.05052
-1.13696 2.05062
-1.13688 2.05071
-1.13679 2.05081
-1.13670 2.05091
-1.13662 2.05100
-1.13653 2.05110
-1.13645 2.05120
-1.13636 2.05129
-1.13628 2.05139
-1.13619 2.05149
-1.13611 2.05159
-1.13602 2.05168
-1.13594 2.05178
-1.13585 2.05187
-1.13577 2.05197
-1.13568 2.05207
-1.13559 2.05216
-1.13551 2.05226
-1.13542 2.05236
-1.13534 2.05245
-1.13525 2.05255
-1.13517 2.05265
-1.13508 2.05274
-1.13499 2.05284
-1.13491 2.05294
-1.13482 2.05303
-1.13474 2.05313
-1.13465 2.05323
-1.13456 2.05332
-1.13448 2.05342
-1.13439 2.05351
-1.13431 2.05361
-1.13422 2.05371
-1.13413 2.05380
-1.13405 2.05390
-1.13396 2.05400
-1.13388 2.05409
-1.13379 2.05419
-1.13370 2.05428
-1.13362 2.05438
-1.13353 2.05448
-1.13345 2.05457
-1.13336 2.05467
-1.13327 2.05476
-1.13319 2.05486
-1.13310 2.05496
-1.13301 2.05505
-1.13293 2.05515
-1.13284 2.05524
-1.13275 2.05534
-1.13267 2.05544
-1.13258 2.05553
-1.13249 2.05563
-1.13241 2.05572
-1.13232 2.05582
-1.13223 2.05592
-1.13215 2.05601
-1.13206 2.05611
-1.13197 2.05620
-1.13189 2.05630
-1.13180 2.05639
-1.13171 2.05649
-1.13163 2.05659
-1.13154 2.05668
-1.13145 2.05678
-1.13137 2.05687
-1.13128 2.05697
-1.13119 2.05706
-1.13110 2.05716
-1.13102 2.05725
-1.13093 2.05735
-1.13084 2.05745
-1.13076 2.05754
-1.13067 2.05764
-1.13058 2.05773
-1.13049 2.05783
-1.13041 2.05792
-1.13032 2.05802
-1.13023 2.05811
-1.13015 2.05821
-1.13006 2.05830
-1.12997 2.05840
-1.12988 2.05849
-1.12980 2.05859
-1.12971 2.05868
-1.12962 2.05878
-1.12953 2.05887
-1.12945 2.05897
-1.12936 2.05906
-1.12927 2.05916
-1.12918 2.05926
-1.12910 2.05935
-1.12901 2.05945
-1.12892 2.05954
-1.12883 2.05964
-1.12874 2.05973
-1.12866 2.05983
-1.12857 2.05992
-1.12848 2.06002
-1.12839 2.06011
-1.12831 2.06020
-1.12822 2.06030
-1.12813 2.06039
-1.12804 2.06049
-1.12795 2.06058
-1.12787 2.06068
-1.12778 2.06077
-1.12769 2.06087
-1.12760 2.06096
-1.12751 2.06106
-1.12742 2.06115
-1.12734 2.06125
-1.12725 2.06134
-1.12716 2.06144
-1.12707 2.06153
-1.12698 2.06163
-1.12690 2.06172
-1.12681 2.06181
-1.12672 2.06191
-1.12663 2.06200
-1.12654 2.06210
-1.12645 2.06219
-1.12636 2.06229
-1.12628 2.06238
-1.12619 2.06248
-1.12610 2.06257
-1.12601 2.06266
-1.12592 2.06276
-1.12583 2.06285
-1.12574 2.06295
-1.12566 2.06304
-1.12557 2.06314
-1.12548 2.06323
-1.12539 2.06332
-1.12530 2.06342
-1.12521 2.06351
-1.12512 2.06361
-1.12503 2.06370
-1.12494 2.06380
-1.12486 2.06389
-1.12477 2.06398
-1.12468 2.06408
-1.12459 2.06417
-1.12450 2.06427
-1.12441 2.06436
-1.12432 2.06445
-1.12423 2.06455
-1.12414 2.06464
-1.12405 2.06474
-1.12396 2.06483
-1.12387 2.06492
-1.12379 2.06502
-1.12370 2.06511
-1.12361 2.06520
-1.12352 2.06530
-1.12343 2.06539
-1.12334 2.06549
-1.12325 2.06558
-1.12316 2.06567
-1.12307 2.06577
-1.12298 2.06586
-1.12289 2.06595
-1.12280 2.06605
-1.12271 2.06614
-1.12262 2.06624
-1.12253 2.06633
-1.12244 2.06642
-1.12235 2.06652
-1.12226 2.06661
-1.12217 2.06670
-1.12208 2.06680
-1.12199 2.06689
-1.12190 2.06698
-1.12181 2.06708
-1.12172 2.06717
-1.12163 2.06726
-1.12154 2.06734
-1.12142 2.06738
-1.12130 2.06742
-1.12118 2.06746
-1.12106 2.06750
-1.12094 2.06754
-1.12082 2.06758
-1.12071 2.06762
-1.12059 2.06766
-1.12047 2.06769
-1.12035 2.06773
-1.12023 2.06777
-1.12011 2.06781
-1.11999 2.06785
-1.11987 2.06789
-1.11976 2.06793
-1.11964 2.06797
-1.11952 2.06801
-1.11940 2.06805
-1.11928 2.06809
-1.11916 2.06813
-1.11904 2.06816
-1.11892 2.06820
-1.11881 2.06824
-1.11869 2.06828
-1.11857 2.06832
-1.11845 2.06836
-1.11833 2.06840
-1.11821 2.06844
-1.11809 2.06848
-1.11797 2.06851
-1.11785 2.06855
-1.11774 2.06859
-1.11762 2.06863
-1.11750 2.06867
-1.11738 2.06871
-1.11726 2.06875
-1.11714 2.06879
-1.11702 2.06882
-1.11690 2.06886
-1.11678 2.06890
-1.11666 2.06894
-1.11654 2.06898
-1.11642 2.06902
-1.11631 2.06906
-1.11619 2.06909
-1.11607 2.06913
-1.11595 2.06917
-1.11583 2.06921
-1.11571 2.06925
-1.11559 2.06929
-1.11547 2.06932
-1.11535 2.06936
-1.11523 2.06940
-1.11511 2.06944
-1.11499 2.06948
-1.11487 2.06952
-1.11475 2.06955
-1.11464 2.06959
-1.11452 2.06963
-1.11440 2.06967
-1.11428 2.06971
-1.11416 2.06974
-1.11404 2.06978
-1.11392 2.06982
-1.11380 2.06986
-1.11368 2.06990
-1.11356 2.06993
-1.11344 2.06997
-1.11332 2.07001
-1.11320 2.07005
-1.11308 2.07009
-1.11296 2.07012
-1.11284 2.07016
-1.11272 2.07020
-1.11260 2.07024
-1.11248 2.07028
-1.11236 2.07031
-1.11224 2.07035
-1.11212 2.07039
-1.11200 2.07043
-1.11188 2.07046
-1.11176 2.07050
-1.11164 2.07054
-1.11152 2.07058
-1.11140 2.07062
-1.11128 2.07065
-1.11117 2.07069
-1.11105 2.07073
-1.11093 2.07077
-1.11081 2.07080
-1.11069 2.07084
-1.11057 2.07088
-1.11045 2.07092
-1.11033 2.07095
-1.11021 2.07099
-1.11009 2.07103
-1.10997 2.07106
-1.10985 2.07110
-1.10973 2.07114
-1.10961 2.07118
-1.10949 2.07121
-1.10936 2.07125
-1.10924 2.07129
-1.10912 2.07133
-1.10900 2.07136
-1.10888 2.07140
-1.10876 2.07144
-1.10864 2.07147
-1.10852 2.07151
-1.10840 2.07155
-1.10828 2.07159
-1.10816 2.07162
-1.10804 2.07166
-1.10792 2.07170
-1.10780 2.07173
-1.10768 2.07177
-1.10756 2.07181
-1.10744 2.07184
-1.10732 2.07188
-1.10720 2.07192
-1.10708 2.07195
-1.10696 2.07199
-1.10684 2.07203
-1.10672 2.07207
-1.10660 2.07210
-1.10648 2.07214
-1.10636 2.07218
-1.10624 2.07221
-1.10612 2.07225
-1.10600 2.07229
-1.10587 2.07232
-1.10575 2.07236
-1.10563 2.07239
-1.10551 2.07243
-1.10539 2.07247
-1.10527 2.07250
-1.10515 2.07254
-1.10503 2.07258
-1.10491 2.07261
-1.10479 2.07265
-1.10467 2.07269
-1.10455 2.07272
-1.10443 2.07276
-1.10431 2.07280
-1.10419 2.07283
-1.10406 2.07287
-1.10394 2.07290
-1.10382 2.07294
-1.10370 2.07298
-1.10358 2.07301
-1.10346 2.07305
-1.10334 2.07309
-1.10322 2.07312
-1.10310 2.07316
-1.10298 2.07319
-1.10286 2.07323
-1.10273 2.07327
-1.10261 2.07330
-1.10249 2.07334
-1.10237 2.07337
-1.10225 2.07341
-1.10213 2.07345
-1.10201 2.07348
-1.10189 2.07352
-1.10177 2.07355
-1.10165 2.07359
-1.10152 2.07363
-1.10140 2.07366
-1.10128 2.07370
-1.10116 2.07373
-1.10104 2.07377
-1.10092 2.07380
-1.10080 2.07384
-1.10068 2.07388
-1.10055 2.07391
-1.10043 2.07395
-1.10031 2.07398
-1.10019 2.07402
-1.10007 2.07405
-1.09995 2.07409
-1.09983 2.07412
-1.09971 2.07416
-1.09958 2.07420
-1.09946 2.07423
-1.09934 2.07427
-1.09922 2.07430
-1.09910 2.07434
-1.09898 2.07437
-1.09886 2.07441
-1.09873 2.07444
-1.09861 2.07448
-1.09849 2.07451
-1.09837 2.07455
-1.09825 2.07458
-1.09813 2.07462
-1.09800 2.07465
-1.09788 2.07469
-1.09776 2.07472
-1.09764 2.07476
-1.09752 2.07479
-1.09740 2.07483
-1.09728 2.07486
-1.09715 2.07490
-1.09703 2.07493
-1.09691 2.07497
-1.09679 2.07500
-1.09667 2.07504
-1.09654 2.07507
-1.09642 2.07511
-1.09630 2.07514
-1.09618 2.07518
-1.09606 2.07521
-1.09594 2.07525
-1.09581 2.07528
-1.09569 2.07532
-1.09557 2.07535
-1.09545 2.07539
-1.09533 2.07542
-1.09520 2.07546
-1.09508 2.07549
-1.09496 2.07553
-1.09484 2.07556
-1.09472 2.07560
-1.09459 2.07563
-1.09447 2.07567
-1.09435 2.07570
-1.09423 2.07573
-1.09411 2.07577
-1.09398 2.07580
-1.09386 2.07584
-1.09374 2.07587
-1.09362 2.07591
-1.09350 2.07594
-1.09337 2.07598
-1.09325 2.07601
-1.09313 2.07604
-1.09301 2.07608
-1.09289 2.07611
-1.09276 2.07615
-1.09264 2.07618
-1.09252 2.07621
-1.09240 2.07625
-1.09227 2.07628
-1.09215 2.07632
-1.09203 2.07635
-1.09191 2.07639
-1.09179 2.07642
-1.09166 2.07645
-1.09154 2.07649
-1.09142 2.07652
-1.09130 2.07656
-1.09117 2.07659
-1.09105 2.07662
-1.09093 2.07666
-1.09081 2.07669
-1.09068 2.07673
-1.09056 2.07676
-1.09044 2.07679
-1.09032 2.07683
-1.09019 2.07686
-1.09007 2.07689
-1.08995 2.07693
-1.08983 2.07696
-1.08970 2.07700
-1.08958 2.07703
-1.08946 2.07706
-1.08934 2.07710
-1.08921 2.07713
-1.08909 2.07716
-1.08897 2.07720
-1.08884 2.07723
-1.08872 2.07726
-1.08860 2.07730
-1.08848 2.07733
-1.08835 2.07736
-1.08823 2.07740
-1.08811 2.07743
-1.08799 2.07746
-1.08786 2.07750
-1.08774 2.07753
-1.08762 2.07756
-1.08749 2.07760
-1.08737 2.07763
-1.08725 2.07766
-1.08713 2.07770
-1.08700 2.07773
-1.08688 2.07776
-1.08676 2.07780
-1.08663 2.07783
-1.08651 2.07786
-1.08639 2.07790
-1.08626 2.07793
-1.08614 2.07796
-1.08602 2.07800
-1.08590 2.07803
-1.08577 2.07806
-1.08565 2.07809
-1.08553 2.07813
-1.08540 2.07816
-1.08528 2.07819
-1.08516 2.07823
-1.08503 2.07826
-1.08491 2.07829
-1.08479 2.07832
-1.08466 2.07836
-1.08454 2.07839
-1.08442 2.07842
-1.08429 2.07846
-1.08417 2.07849
-1.08405 2.07852
-1.08392 2.07855
-1.08380 2.07859
-1.08368 2.07862
-1.08355 2.07865
-1.08343 2.07868
-1.08331 2.07872
-1.08318 2.07875
-1.08306 2.07878
-1.08294 2.07881
-1.08281 2.07885
-1.08269 2.07888
-1.08257 2.07891
-1.08244 2.07894
-1.08232 2.07898
-1.08220 2.07901
-1.08207 2.07904
-1.08195 2.07907
-1.08183 2.07911
-1.08170 2.07914
-1.08158 2.07917
-1.08146 2.07920
-1.08133 2.07923
-1.08121 2.07927
-1.08108 2.07930
-1.08096 2.07933
-1.08084 2.07936
-1.08071 2.07940
-1.08059 2.07943
-1.08047 2.07946
-1.08034 2.07949
-1.08022 2.07952
-1.08010 2.07956
-1.07997 2.07959
-1.07985 2.07962
-1.07972 2.07965
-1.07960 2.07968
-1.07948 2.07971
-1.07935 2.07975
-1.07923 2.07978
-1.07910 2.07981
-1.07898 2.07984
-1.07886 2.07987
-1.07873 2.07991
-1.07861 2.07994
-1.07849 2.07997
-1.07836 2.08000
-1.07824 2.08003
-1.07811 2.08006
-1.07799 2.08010
-1.07787 2.08013
-1.07774 2.08016
-1.07762 2.08019
-1.07749 2.08022
-1.07737 2.08025
-1.07726 2.08031
-1.07716 2.08040
-1.07706 2.08048
-1.07696 2.08057
-1.07687 2.08065
-1.07677 2.08074
-1.07667 2.08082
-1.07657 2.08091
-1.07647 2.08099
-1.07638 2.08108
-1.07628 2.08117
-1.07618 2.08125
-1.07608 2.08134
-1.07598 2.08142
-1.07589 2.08151
-1.07579 2.08159
-1.07569 2.08168
-1.07559 2.08176
-1.07549 2.08185
-1.07540 2.08193
-1.07530 2.08202
-1.07520 2.08211
-1.07510 2.08219
-1.07500 2.08228
-1.07490 2.08236
-1.07481 2.08245
-1.07471 2.08253
-1.07461 2.08262
-1.07451 2.08270
-1.07441 2.08279
-1.07431 2.08287
-1.07422 2.08296
-1.07412 2.08304
-1.07402 2.08313
-1.07392 2.08321
-1.07382 2.08330
-1.07372 2.08338
-1.07362 2.08347
-1.07353 2.08355
-1.07343 2.08364
-1.07333 2.08372
-1.07323 2.08381
-1.07313 2.08389
-1.07303 2.08398
-1.07293 2.08406
-1.07283 2.08415
-1.07273 2.08423
-1.07264 2.08432
-1.07254 2.08440
-1.07244 2.08448
-1.07234 2.08457
-1.07224 2.08465
-1.07214 2.08474
-1.07204 2.08482
-1.07194 2.08491
-1.07184 2.08499
-1.07174 2.08508
-1.07164 2.08516
-1.07155 2.08525
-1.07145 2.08533
-1.07135 2.08541
-1.07125 2.08550
-1.07115 2.08558
-1.07105 2.08567
-1.07095 2.08575
-1.07085 2.08584
-1.07075 2.08592
-1.07065 2.08601
-1.07055 2.08609
-1.07045 2.08617
-1.07035 2.08626
-1.07025 2.08634
-1.07015 2.08643
-1.07005 2.08651
-1.06995 2.08659
-1.06985 2.08668
-1.06975 2.08676
-1.06965 2.08685
-1.06955 2.08693
-1.06946 2.08702
-1.06936 2.08710
-1.06926 2.08718
-1.06916 2.08727
-1.06906 2.08735
-1.06896 2.08744
-1.06886 2.08752
-1.06876 2.08760
-1.06866 2.08769
-1.06856 2.08777
-1.06846 2.08785
-1.06836 2.08794
-1.06826 2.08802
-1.06816 2.08811
-1.06805 2.08819
-1.06795 2.08827
-1.06785 2.08836
-1.06775 2.08844
-1.06765 2.08852
-1.06755 2.08861
-1.06745 2.08869
-1.06735 2.08878
-1.06725 2.08886
-1.06715 2.08894
-1.06705 2.08903
-1.06695 2.08911
-1.06685 2.08919
-1.06675 2.08928
-1.06665 2.08936
-1.06655 2.08944
-1.06645 2.08953
-1.06635 2.08961
-1.06625 2.08969
-1.06615 2.08978
-1.06605 2.08986
-1.06594 2.08994
-1.06584 2.09003
-1.06574 2.09011
-1.06564 2.09019
-1.06554 2.09028
-1.06544 2.09036
-1.06534 2.09044
-1.06524 2.09053
-1.06514 2.09061
-1.06504 2.09069
-1.06494 2.09078
-1.06483 2.09086
-1.06473 2.09094
-1.06463 2.09102
-1.06453 2.09111
-1.06443 2.09119
-1.06433 2.09127
-1.06423 2.09136
-1.06413 2.09144
-1.06403 2.09152
-1.06392 2.09161
-1.06382 2.09169
-1.06372 2.09177
-1.06362 2.09185
-1.06352 2.09194
-1.06342 2.09202
-1.06332 2.09210
-1.06321 2.09219
-1.06311 2.09227
-1.06301 2.09235
-1.06291 2.09243
-1.06281 2.09252
-1.06271 2.09260
-1.06261 2.09268
-1.06250 2.09276
-1.06240 2.09285
-1.06230 2.09293
-1.06220 2.09301
-1.06210 2.09309
-1.06200 2.09318
-1.06189 2.09326
-1.06179 2.09334
-1.06169 2.09342
-1.06159 2.09351
-1.06149 2.09359
-1.06138 2.09367
-1.06128 2.09375
-1.06118 2.09384
-1.06108 2.09392
-1.06098 2.09400
-1.06087 2.09408
-1.06077 2.09416
-1.06067 2.09425
-1.06057 2.09433
-1.06047 2.09441
-1.06036 2.09449
-1.06026 2.09457
-1.06016 2.09466
-1.06006 2.09474
-1.05995 2.09482
-1.05985 2.09490
-1.05975 2.09499
-1.05965 2.09507
-1.05954 2.09515
-1.05944 2.09523
-1.05934 2.09531
-1.05924 2.09539
-1.05913 2.09548
-1.05903 2.09556
-1.05893 2.09564
-1.05883 2.09572
-1.05872 2.09580
-1.05862 2.09589
-1.05852 2.09597
-1.05842 2.09605
-1.05831 2.09613
-1.05821 2.09621
-1.05811 2.09629
-1.05800 2.09638
-1.05790 2.09646
-1.05780 2.09654
-1.05770 2.09662
-1.05759 2.09670
-1.05749 2.09678
-1.05739 2.09687
-1.05728 2.09695
-1.05718 2.09703
-1.05708 2.09711
-1.05697 2.09719
-1.05687 2.09727
-1.05677 2.09735
-1.05667 2.09743
-1.05656 2.09752
-1.05646 2.09760
-1.05636 2.09768
-1.05625 2.09776
-1.05615 2.09784
-1.05605 2.09792
-1.05594 2.09800
-1.05584 2.09808
-1.05574 2.09817
-1.05563 2.09825
-1.05553 2.09833
-1.05543 2.09841
-1.05532 2.09849
-1.05520 2.09854
-1.05508 2.09857
-1.05495 2.09859
-1.05482 2.09862
-1.05469 2.09865
-1.05456 2.09867
-1.05443 2.09870
-1.05430 2.09873
-1.05418 2.09875
-1.05405 2.09878
-1.05392 2.09881
-1.05379 2.09883
-1.05366 2.09886
-1.05353 2.09889
-1.05340 2.09891
-1.05328 2.09894
-1.05315 2.09897
-1.05302 2.09899
-1.05289 2.09902
-1.05276 2.09905
-1.05263 2.09907
-1.05250 2.09910
-1.05237 2.09912
-1.05225 2.09915
-1.05212 2.09918
-1.05199 2.09920
-1.05186 2.09923
-1.05173 2.09926
-1.05160 2.09928
-1.05147 2.09931
-1.05134 2.09933
-1.05121 2.09936
-1.05109 2.09939
-1.05096 2.09941
-1.05083 2.09944
-1.05070 2.09946
-1.05057 2.09949
-1.05044 2.09952
-1.05031 2.09954
-1.05018 2.09957
-1.05005 2.09959
-1.04992 2.09962
-1.04980 2.09964
-1.04967 2.09967
-1.04954 2.09970
-1.04941 2.09972
-1.04928 2.09975
-1.04915 2.09977
-1.04902 2.09980
-1.04889 2.09982
-1.04876 2.09985
-1.04863 2.09988
-1.04850 2.09990
-1.04837 2.09993
-1.04825 2.09995
-1.04812 2.09998
-1.04799 2.10000
-1.04786 2.10003
-1.04773 2.10005
-1.04760 2.10008
-1.04747 2.10011
-1.04734 2.10013
-1.04721 2.10016
-1.04708 2.10018
-1.04695 2.10021
-1.04682 2.10023
-1.04669 2.10026
-1.04656 2.10028
-1.04643 2.10031
-1.04631 2.10033
-1.04618 2.10036
-1.04605 2.10038
-1.04592 2.10041
-1.04579 2.10043
-1.04566 2.10046
-1.04553 2.10048
-1.04540 2.10051
-1.04527 2.10053
-1.04514 2.10056
-1.04501 2.10058
-1.04488 2.10061
-1.04475 2.10063
-1.04462 2.10066
-1.04449 2.10068
-1.04436 2.10071
-1.04423 2.10073
-1.04410 2.10076
-1.04397 2.10078
-1.04384 2.10081
-1.04371 2.10083
-1.04358 2.10086
-1.04345 2.10088
-1.04332 2.10091
-1.04320 2.10093
-1.04307 2.10096
-1.04294 2.10098
-1.04281 2.10101
-1.04268 2.10103
-1.04255 2.10105
-1.04242 2.10108
-1.04229 2.10110
-1.04216 2.10113
-1.04203 2.10115
-1.04190 2.10118
-1.04177 2.10120
-1.04164 2.10123
-1.04151 2.10125
-1.04138 2.10127
-1.04125 2.10130
-1.04112 2.10132
-1.04099 2.10135
-1.04086 2.10137
-1.04073 2.10140
-1.04060 2.10142
-1.04047 2.10144
-1.04034 2.10147
-1.04021 2.10149
-1.04008 2.10152
-1.03995 2.10154
-1.03982 2.10157
-1.03969 2.10159
-1.03956 2.10161
-1.03943 2.10164
-1.03930 2.10166
-1.03917 2.10169
-1.03904 2.10171
-1.03891 2.10173
-1.03878 2.10176
-1.03865 2.10178
-1.03852 2.10180
-1.03839 2.10183
-1.03826 2.10185
-1.03812 2.10188
-1.03799 2.10190
-1.03786 2.10192
-1.03773 2.10195
-1.03760 2.10197
-1.03747 2.10199
-1.03734 2.10202
-1.03721 2.10204
-1.03708 2.10207
-1.03695 2.10209
-1.03682 2.10211
-1.03669 2.10214
-1.03656 2.10216
-1.03643 2.10218
-1.03630 2.10221
-1.03617 2.10223
-1.03604 2.10225
-1.03591 2.10228
-1.03578 2.10230
-1.03565 2.10232
-1.03552 2.10235
-1.03539 2.10237
-1.03526 2.10239
-1.03513 2.10242
-1.03499 2.10244
-1.03486 2.10246
-1.03473 2.10249
-1.03460 2.10251
-1.03447 2.10253
-1.03434 2.10256
-1.03421 2.10258
-1.03408 2.10260
-1.03395 2.10263
-1.03382 2.10265
-1.03369 2.10267
-1.03356 2.10269
-1.03343 2.10272
-1.03330 2.10274
-1.03317 2.10276
-1.03303 2.10279
-1.03290 2.10281
-1.03277 2.10283
-1.03264 2.10285
-1.03251 2.10288
-1.03238 2.10290
-1.03225 2.10292
-1.03212 2.10295
-1.03199 2.10297
-1.03186 2.10299
-1.03173 2.10301
-1.03160 2.10304
-1.03146 2.10306
-1.03133 2.10308
-1.03120 2.10310
-1.03107 2.10313
-1.03094 2.10315
-1.03081 2.10317
-1.03068 2.10319
-1.03055 2.10322
-1.03042 2.10324
-1.03029 2.10326
-1.03016 2.10328
-1.03002 2.10331
-1.02989 2.10333
-1.02976 2.10335
-1.02963 2.10337
-1.02950 2.10340
-1.02937 2.10342
-1.02924 2.10344
-1.02911 2.10346
-1.02898 2.10348
-1.02884 2.10351
-1.02871 2.10353
-1.02858 2.10355
-1.02845 2.10357
-1.02832 2.10360
-1.02819 2.10362
-1.02806 2.10364
-1.02793 2.10366
-1.02779 2.10368
-1.02766 2.10371
-1.02753 2.10373
-1.02740 2.10375
-1.02727 2.10377
-1.02714 2.10379
-1.02701 2.10382
-1.02688 2.10384
-1.02674 2.10386
-1.02661 2.10388
-1.02648 2.10390
-1.02635 2.10392
-1.02622 2.10395
-1.02609 2.10397
-1.02596 2.10399
-1.02582 2.10401
-1.02569 2.10403
-1.02556 2.10405
-1.02543 2.10408
-1.02530 2.10410
-1.02517 2.10412
-1.02503 2.10414
-1.02490 2.10416
-1.02477 2.10418
-1.02464 2.10420
-1.02451 2.10423
-1.02438 2.10425
-1.02425 2.10427
-1.02411 2.10429
-1.02398 2.10431
-1.02385 2.10433
-1.02372 2.10435
-1.02359 2.10438
-1.02346 2.10440
-1.02332 2.10442
-1.02319 2.10444
-1.02306 2.10446
-1.02293 2.10448
-1.02280 2.10450
-1.02267 2.10452
-1.02253 2.10454
-1.02240 2.10457
-1.02227 2.10459
-1.02214 2.10461
-1.02201 2.10463
-1.02187 2.10465
-1.02174 2.10467
-1.02161 2.10469
-1.02148 2.10471
-1.02135 2.10473
-1.02122 2.10475
-1.02108 2.10478
-1.02095 2.10480
-1.02082 2.10482
-1.02069 2.10484
-1.02056 2.10486
-1.02042 2.10488
-1.02029 2.10490
-1.02016 2.10492
-1.02003 2.10494
-1.01990 2.10496
-1.01976 2.10498
-1.01963 2.10500
-1.01950 2.10502
-1.01937 2.10504
-1.01924 2.10506
-1.01910 2.10509
-1.01897 2.10511
-1.01884 2.10513
-1.01871 2.10515
-1.01857 2.10517
-1.01844 2.10519
-1.01831 2.10521
-1.01818 2.10523
-1.01805 2.10525
-1.01791 2.10527
-1.01778 2.10529
-1.01765 2.10531
-1.01752 2.10533
-1.01739 2.10535
-1.01725 2.10537
-1.01712 2.10539
-1.01699 2.10541
-1.01686 2.10543
-1.01672 2.10545
-1.01659 2.10547
-1.01646 2.10549
-1.01633 2.10551
-1.01619 2.10553
-1.01606 2.10555
-1.01593 2.10557
-1.01580 2.10559
-1.01567 2.10561
-1.01553 2.10563
-1.01540 2.10565
-1.01527 2.10567
-1.01514 2.10569
-1.01500 2.10571
-1.01487 2.10573
-1.01474 2.10575
-1.01461 2.10577
-1.01447 2.10579
-1.01434 2.10581
-1.01421 2.10583
-1.01408 2.10585
-1.01394 2.10587
-1.01381 2.10589
-1.01368 2.10591
-1.01355 2.10593
-1.01341 2.10594
-1.01328 2.10596
-1.01315 2.10598
-1.01301 2.10600
-1.01288 2.10602
-1.01275 2.10604
-1.01262 2.10606
-1.01248 2.10608
-1.01235 2.10610
-1.01222 2.10612
-1.01209 2.10614
-1.01195 2.10616
-1.01182 2.10618
-1.01169 2.10620
-1.01155 2.10622
-1.01142 2.10623
-1.01129 2.10625
-1.01116 2.10627
-1.01102 2.10629
-1.01089 2.10631
-1.01076 2.10633
-1.01063 2.10635
-1.01049 2.10637
-1.01036 2.10639
-1.01023 2.10641
-1.01009 2.10643
-1.00996 2.10644
-1.00983 2.10646
-1.00969 2.10648
-1.00956 2.10650
-1.00943 2.10652
-1.00930 2.10654
-1.00916 2.10656
-1.00903 2.10658
-1.00890 2.10659
-1.00876 2.10661
-1.00863 2.10663
-1.00850 2.10665
-1.00836 2.10667
-1.00823 2.10669
-1.00810 2.10671
-1.00797 2.10673
-1.00783 2.10674
-1.00770 2.10676
-1.00757 2.10678
-1.00743 2.10680
-1.00730 2.10682
-1.00717 2.10684
-1.00703 2.10685
-1.00690 2.10687
-1.00677 2.10689
-1.00663 2.10691
-1.00650 2.10693
-1.00637 2.10695
-1.00623 2.10696
-1.00610 2.10698
-1.00597 2.10700
-1.00583 2.10702
-1.00570 2.10704
-1.00557 2.10706
-1.00543 2.10707
-1.00530 2.10709
-1.00517 2.10711
-1.00503 2.10713
-1.00490 2.10715
-1.00477 2.10716
-1.00463 2.10718
-1.00450 2.10720
-1.00437 2.10722
-1.00423 2.10724
-1.00410 2.10725
-1.00397 2.10727
-1.00383 2.10729
-1.00370 2.10731
-1.00357 2.10733
-1.00343 2.10734
-1.00330 2.10736
-1.00317 2.10738
-1.00303 2.10740
-1.00290 2.10741
-1.00277 2.10743
-1.00263 2.10745
-1.00250 2.10747
-1.00237 2.10749
-1.00223 2.10750
-1.00210 2.10752
-1.00196 2.10754
-1.00183 2.10756
-1.00170 2.10757
-1.00156 2.10759
-1.00143 2.10761
-1.00130 2.10763
-1.00116 2.10764
-1.00103 2.10766
-1.00090 2.10768
-1.00076 2.10769
-1.00063 2.10771
-1.00049 2.10773
-1.00036 2.10775
-1.00023 2.10776
-1.00009 2.10778
-0.99996 2.10780
-0.99983 2.10782
-0.99969 2.10783
-0.99956 2.10785
-0.99942 2.10787
-0.99929 2.10788
-0.99916 2.10790
-0.99902 2.10792
-0.99889 2.10794
-0.99875 2.10795
-0.99862 2.10797
-0.99849 2.10799
-0.99835 2.10800
-0.99822 2.10802
-0.99808 2.10804
-0.99795 2.10805
-0.99782 2.10807
-0.99768 2.10809
-0.99755 2.10810
-0.99741 2.10812
-0.99728 2.10814
-0.99715 2.10815
-0.99701 2.10817
-0.99688 2.10819
-0.99674 2.10820
-0.99661 2.10822
-0.99648 2.10824
-0.99634 2.10825
-0.99621 2.10827
-0.99607 2.10829
-0.99594 2.10830
-0.99581 2.10832
-0.99567 2.10834
-0.99554 2.10835
-0.99540 2.10837
-0.99527 2.10839
-0.99514 2.10840
-0.99500 2.10842
-0.99487 2.10844
-0.99473 2.10845
-0.99460 2.10847
-0.99446 2.10848
-0.99433 2.10850
-0.99420 2.10852
-0.99406 2.10853
-0.99393 2.10855
-0.99379 2.10857
-0.99366 2.10858
-0.99352 2.10860
-0.99339 2.10861
-0.99326 2.10863
-0.99312 2.10865
-0.99299 2.10866
-0.99285 2.10868
-0.99272 2.10869
-0.99258 2.10871
-0.99245 2.10873
-0.99231 2.10874
-0.99218 2.10876
-0.99205 2.10877
-0.99191 2.10879
-0.99178 2.10880
-0.99164 2.10882
-0.99151 2.10884
-0.99137 2.10885
-0.99124 2.10887
-0.99110 2.10888
-0.99097 2.10890
-0.99084 2.10891
-0.99070 2.10893
-0.99057 2.10895
-0.99043 2.10896
-0.99030 2.10898
-0.99016 2.10899
-0.99003 2.10901
-0.98989 2.10902
-0.98976 2.10904
-0.98962 2.10905
-0.98949 2.10907
-0.98935 2.10909
-0.98922 2.10910
-0.98908 2.10912
-0.98895 2.10913
-0.98882 2.10915
-0.98868 2.10916
-0.98855 2.10918
-0.98841 2.10919
-0.98828 2.10921
-0.98814 2.10922
-0.98801 2.10924
-0.98787 2.10925
-0.98774 2.10927
-0.98760 2.10928
-0.98747 2.10930
-0.98733 2.10931
-0.98720 2.10933
-0.98706 2.10934
-0.98693 2.10936
-0.98679 2.10937
-0.98666 2.10939
-0.98652 2.10940
-0.98639 2.10942
-0.98625 2.10943
-0.98612 2.10945
-0.98598 2.10946
-0.98585 2.10948
-0.98571 2.10949
-0.98558 2.10951
-0.98544 2.10952
-0.98531 2.10954
-0.98517 2.10955
-0.98504 2.10957
-0.98490 2.10958
-0.98477 2.10960
-0.98463 2.10961
-0.98450 2.10962
-0.98436 2.10964
-0.98423 2.10965
-0.98409 2.10967
-0.98396 2.10968
-0.98382 2.10970
-0.98369 2.10971
-0.98355 2.10973
-0.98342 2.10974
-0.98328 2.10975
-0.98315 2.10977
-0.98301 2.10978
-0.98288 2.10980
-0.98274 2.10981
-0.98261 2.10983
-0.98247 2.10984
-0.98234 2.10985
-0.98220 2.10987
-0.98207 2.10988
-0.98193 2.10990
-0.98180 2.10991
-0.98166 2.10993
-0.98152 2.10994
-0.98139 2.10995
-0.98125 2.10997
-0.98112 2.10998
-0.98098 2.11000
-0.98085 2.11001
-0.98071 2.11002
-0.98058 2.11004
-0.98044 2.11005
-0.98031 2.11006
-0.98017 2.11008
-0.98004 2.11009
-0.97990 2.11011
-0.97976 2.11012
-0.97963 2.11013
-0.97949 2.11015
-0.97936 2.11016
-0.97922 2.11017
-0.97909 2.11019
-0.97895 2.11020
-0.97882 2.11022
-0.97868 2.11023
-0.97855 2.11024
-0.97841 2.11026
-0.97827 2.11027
-0.97814 2.11028
-0.97806 2.11043
-0.97798 2.11061
-0.97791 2.11079
-0.97784 2.11097
-0.97777 2.11114
-0.97770 2.11132
-0.97762 2.11150
-0.97755 2.11167
-0.97748 2.11185
-0.97741 2.11203
-0.97733 2.11221
-0.97726 2.11238
-0.97719 2.11256
-0.97711 2.11274
-0.97704 2.11291
-0.97697 2.11309
-0.97690 2.11327
-0.97682 2.11345
-0.97675 2.11362
-0.97668 2.11380
-0.97660 2.11398
-0.97653 2.11415
-0.97646 2.11433
-0.97638 2.11451
-0.97631 2.11468
-0.97624 2.11486
-0.97616 2.11504
-0.97609 2.11521
-0.97602 2.11539
-0.97594 2.11557
-0.97587 2.11574
-0.97580 2.11592
-0.97572 2.11610
-0.97565 2.11627
-0.97557 2.11645
-0.97550 2.11663
-0.97543 2.11680
-0.97535 2.11698
-0.97528 2.11716
-0.97520 2.11733
-0.97513 2.11751
-0.97505 2.11769
-0.97498 2.11786
-0.97491 2.11804
-0.97483 2.11821
-0.97476 2.11839
-0.97468 2.11857
-0.97461 2.11874
-0.97453 2.11892
-0.97446 2.11909
-0.97438 2.11927
-0.97431 2.11945
-0.97423 2.11962
-0.97416 2.11980
-0.97408 2.11998
-0.97401 2.12015
-0.97393 2.12033
-0.97386 2.12050
-0.97378 2.12068
-0.97371 2.12085
-0.97363 2.12103
-0.97356 2.12121
-0.97348 2.12138
-0.97340 2.12156
-0.97333 2.12173
-0.97325 2.12191
-0.97318 2.12208
-0.97310 2.12226
-0.97302 2.12244
-0.97295 2.12261
-0.97287 2.12279
-0.97280 2.12296
-0.97272 2.12314
-0.97259 2.12317
-0.97245 2.12318
-0.97232 2.12320
-0.97218 2.12321
-0.97204 2.12322
-0.97190 2.12323
-0.97176 2.12324
-0.97163 2.12325
-0.97149 2.12327
-0.97135 2.12328
-0.97121 2.12329
-0.97107 2.12330
-0.97094 2.12331
-0.97080 2.12332
-0.97066 2.12334
-0.97052 2.12335
-0.97039 2.12336
-0.97025 2.12337
-0.97011 2.12338
-0.96997 2.12339
-0.96983 2.12340
-0.96970 2.12342
-0.96956 2.12343
-0.96942 2.12344
-0.96928 2.12345
-0.96914 2.12346
-0.96900 2.12347
-0.96887 2.12348
-0.96873 2.12349
-0.96859 2.12351
-0.96845 2.12352
-0.96831 2.12353
-0.96818 2.12354
-0.96804 2.12355
-0.96790 2.12356
-0.96776 2.12357
-0.96762 2.12358
-0.96749 2.12359
-0.96735 2.12361
-0.96721 2.12362
-0.96707 2.12363
-0.96693 2.12364
-0.96679 2.12365
-0.96666 2.12366
-0.96652 2.12367
-0.96638 2.12368
-0.96624 2.12369
-0.96610 2.12370
-0.96597 2.12371
-0.96583 2.12372
-0.96569 2.12374
-0.96555 2.12375
-0.96541 2.12376
-0.96527 2.12377
-0.96514 2.12378
-0.96500 2.12379
-0.96486 2.12380
-0.96472 2.12381
-0.96458 2.12382
-0.96444 2.12383
-0.96430 2.12384
-0.96417 2.12385
-0.96403 2.12386
-0.96389 2.12387
-0.96375 2.12388
-0.96361 2.12389
-0.96347 2.12390
-0.96334 2.12391
-0.96320 2.12392
-0.96306 2.12393
-0.96292 2.12395
-0.96278 2.12396
-0.96264 2.12397
-0.96250 2.12398
-0.96237 2.12399
-0.96223 2.12400
-0.96209 2.12401
-0.96195 2.12402
-0.96181 2.12403
-0.96167 2.12404
-0.96153 2.12405
-0.96140 2.12406
-0.96126 2.12407
-0.96112 2.12408
-0.96098 2.12409
-0.96084 2.12410
-0.96070 2.12411
-0.96056 2.12412
-0.96043 2.12413
-0.96029 2.12414
-0.96015 2.12415
-0.96001 2.12416
-0.95987 2.12416
-0.95973 2.12417
-0.95959 2.12418
-0.95945 2.12419
-0.95932 2.12420
-0.95918 2.12421
-0.95904 2.12422
-0.95890 2.12423
-0.95876 2.12424
-0.95862 2.12425
-0.95848 2.12426
-0.95834 2.12427
-0.95821 2.12428
-0.95807 2.12429
-0.95793 2.12430
-0.95779 2.12431
-0.95765 2.12432
-0.95751 2.12433
-0.95737 2.12434
-0.95723 2.12435
-0.95709 2.12435
-0.95696 2.12436
-0.95682 2.12437
-0.95668 2.12438
-0.95654 2.12439
-0.95640 2.12440
-0.95626 2.12441
-0.95612 2.12442
-0.95598 2.12443
-0.95584 2.12444
-0.95571 2.12445
-0.95557 2.12446
-0.95543 2.12446
-0.95529 2.12447
-0.95515 2.12448
-0.95501 2.12449
-0.95487 2.12450
-0.95473 2.12451
-0.95459 2.12452
-0.95445 2.12453
-0.95431 2.12454
-0.95418 2.12454
-0.95404 2.12455
-0.95390 2.12456
-0.95376 2.12457
-0.95362 2.12458
-0.95348 2.12459
-0.95334 2.12460
-0.95320 2.12461
-0.95306 2.12461
-0.95292 2.12462
-0.95278 2.12463
-0.95264 2.12464
-0.95251 2.12465
-0.95237 2.12466
-0.95223 2.12466
-0.95209 2.12467
-0.95195 2.12468
-0.95181 2.12469
-0.95167 2.12470
-0.95153 2.12471
-0.95139 2.12472
-0.95125 2.12472
-0.95111 2.12473
-0.95097 2.12474
-0.95083 2.12475
-0.95070 2.12476
-0.95056 2.12476
-0.95042 2.12477
-0.95028 2.12478
-0.95014 2.12479
-0.95000 2.12480
-0.94986 2.12481
-0.94972 2.12481
-0.94958 2.12482
-0.94944 2.12483
-0.94930 2.12484
-0.94916 2.12485
-0.94902 2.12485
-0.94888 2.12486
-0.94874 2.12487
-0.94860 2.12488
-0.94846 2.12488
-0.94832 2.12489
-0.94819 2.12490
-0.94805 2.12491
-0.94791 2.12492
-0.94777 2.12492
-0.94763 2.12493
-0.94749 2.12494
-0.94735 2.12495
-0.94721 2.12495
-0.94707 2.12496
-0.94693 2.12497
-0.94679 2.12498
-0.94665 2.12498
-0.94651 2.12499
-0.94637 2.12500
-0.94623 2.12501
-0.94609 2.12501
-0.94595 2.12502
-0.94581 2.12503
-0.94567 2.12504
-0.94553 2.12504
-0.94539 2.12505
-0.94525 2.12506
-0.94511 2.12507
-0.94497 2.12507
-0.94483 2.12508
-0.94469 2.12509
-0.94456 2.12509
-0.94442 2.12510
-0.94428 2.12511
-0.94414 2.12512
-0.94400 2.12512
-0.94386 2.12513
-0.94372 2.12514
-0.94358 2.12514
-0.94344 2.12515
-0.94330 2.12516
-0.94316 2.12517
-0.94302 2.12517
-0.94288 2.12518
-0.94274 2.12519
-0.94260 2.12519
-0.94246 2.12520
-0.94232 2.12521
-0.94218 2.12521
-0.94204 2.12522
-0.94190 2.12523
-0.94176 2.12523
-0.94162 2.12524
-0.94148 2.12525
-0.94134 2.12525
-0.94120 2.12526
-0.94106 2.12527
-0.94092 2.12527
-0.94078 2.12528
-0.94064 2.12529
-0.94050 2.12529
-0.94036 2.12530
-0.94022 2.12531
-0.94008 2.12531
-0.93994 2.12532
-0.93980 2.12533
-0.93966 2.12533
-0.93952 2.12534
-0.93938 2.12534
-0.93924 2.12535
-0.93910 2.12536
-0.93896 2.12536
-0.93882 2.12537
-0.93868 2.12538
-0.93854 2.12538
-0.93840 2.12539
-0.93826 2.12539
-0.93812 2.12540
-0.93798 2.12541
-0.93784 2.12541
-0.93770 2.12542
-0.93756 2.12542
-0.93742 2.12543
-0.93728 2.12544
-0.93714 2.12544
-0.93700 2.12545
-0.93686 2.12545
-0.93672 2.12546
-0.93657 2.12547
-0.93643 2.12547
-0.93629 2.12548
-0.93615 2.12548
-0.93601 2.12549
-0.93587 2.12549
-0.93573 2.12550
-0.93559 2.12551
-0.93545 2.12551
-0.93531 2.12552
-0.93517 2.12552
-0.93503 2.12553
-0.93489 2.12553
-0.93475 2.12554
-0.93461 2.12555
-0.93447 2.12555
-0.93433 2.12556
-0.93419 2.12556
-0.93405 2.12557
-0.93391 2.12557
-0.93377 2.12558
-0.93363 2.12558
-0.93349 2.12559
-0.93335 2.12559
-0.93321 2.12560
-0.93307 2.12560
-0.93293 2.12561
-0.93278 2.12562
-0.93264 2.12562
-0.93250 2.12563
-0.93236 2.12563
-0.93222 2.12564
-0.93208 2.12564
-0.93194 2.12565
-0.93180 2.12565
-0.93166 2.12566
-0.93152 2.12566
-0.93138 2.12567
-0.93124 2.12567
-0.93110 2.12568
-0.93096 2.12568
-0.93082 2.12569
-0.93068 2.12569
-0.93054 2.12570
-0.93040 2.12570
-0.93025 2.12571
-0.93011 2.12571
-0.92997 2.12571
-0.92983 2.12572
-0.92969 2.12572
-0.92955 2.12573
-0.92941 2.12573
-0.92927 2.12574
-0.92913 2.12574
-0.92899 2.12575
-0.92885 2.12575
-0.92871 2.12576
-0.92857 2.12576
-0.92843 2.12577
-0.92828 2.12577
-0.92814 2.12577
-0.92800 2.12578
-0.92786 2.12578
-0.92772 2.12579
-0.92758 2.12579
-0.92744 2.12580
-0.92730 2.12580
-0.92716 2.12581
-0.92702 2.12581
-0.92688 2.12581
-0.92674 2.12582
-0.92660 2.12582
-0.92645 2.12583
-0.92631 2.12583
-0.92617 2.12583
-0.92603 2.12584
-0.92589 2.12584
-0.92575 2.12585
-0.92561 2.12585
-0.92547 2.12585
-0.92533 2.12586
-0.92519 2.12586
-0.92505 2.12587
-0.92490 2.12587
-0.92476 2.12587
-0.92462 2.12588
-0.92448 2.12588
-0.92434 2.12589
-0.92420 2.12589
-0.92406 2.12589
-0.92392 2.12590
-0.92378 2.12590
-0.92364 2.12591
-0.92349 2.12591
-0.92335 2.12591
-0.92321 2.12592
-0.92307 2.12592
-0.92293 2.12592
-0.92279 2.12593
-0.92265 2.12593
-0.92251 2.12593
-0.92237 2.12594
-0.92222 2.12594
-0.92208 2.12594
-0.92194 2.12595
-0.92180 2.12595
-0.92166 2.12595
-0.92152 2.12596
-0.92138 2.12596
-0.92124 2.12596
-0.92110 2.12597
-0.92095 2.12597
-0.92081 2.12597
-0.92067 2.12598
-0.92053 2.12598
-0.92039 2.12598
-0.92025 2.12599
-0.92011 2.12599
-0.91997 2.12599
-0.91982 2.12600
-0.91968 2.12600
-0.91954 2.12600
-0.91940 2.12601
-0.91926 2.12601
-0.91912 2.12601
-0.91898 2.12601
-0.91884 2.12602
-0.91869 2.12602
-0.91855 2.12602
-0.91841 2.12603
-0.91827 2.12603
-0.91813 2.12603
-0.91799 2.12603
-0.91785 2.12604
-0.91770 2.12604
-0.91756 2.12604
-0.91742 2.12605
-0.91728 2.12605
-0.91714 2.12605
-0.91700 2.12605
-0.91686 2.12606
-0.91671 2.12606
-0.91657 2.12606
-0.91643 2.12606
-0.91629 2.12607
-0.91615 2.12607
-0.91601 2.12607
-0.91587 2.12607
-0.91572 2.12608
-0.91558 2.12608
-0.91544 2.12608
-0.91530 2.12608
-0.91516 2.12609
-0.91502 2.12609
-0.91488 2.12609
-0.91473 2.12609
-0.91459 2.12609
-0.91445 2.12610
-0.91431 2.12610
-0.91417 2.12610
-0.91403 2.12610
-0.91388 2.12611
-0.91374 2.12611
-0.91360 2.12611
-0.91346 2.12611
-0.91332 2.12611
-0.91318 2.12612
-0.91303 2.12612
-0.91289 2.12612
-0.91275 2.12612
-0.91261 2.12612
-0.91247 2.12612
-0.91233 2.12613
-0.91219 2.12613
-0.91204 2.12613
-0.91190 2.12613
-0.91176 2.12613
-0.91162 2.12614
-0.91148 2.12614
-0.91133 2.12614
-0.91119 2.12614
-0.91105 2.12614
-0.91091 2.12614
-0.91077 2.12615
-0.91063 2.12615
-0.91048 2.12615
-0.91034 2.12615
-0.91020 2.12615
-0.91006 2.12615
-0.90992 2.12615
-0.90978 2.12616
-0.90963 2.12616
-0.90949 2.12616
-0.90935 2.12616
-0.90921 2.12616
-0.90907 2.12616
-0.90892 2.12616
-0.90878 2.12617
-0.90864 2.12617
-0.90850 2.12617
-0.90836 2.12617
-0.90822 2.12617
-0.90807 2.12617
-0.90793 2.12617
-0.90779 2.12617
-0.90765 2.12617
-0.90751 2.12618
-0.90736 2.12618
-0.90722 2.12618
-0.90708 2.12618
-0.90694 2.12618
-0.90680 2.12618
-0.90665 2.12618
-0.90651 2.12618
-0.90637 2.12618
-0.90623 2.12618
-0.90609 2.12619
-0.90594 2.12619
-0.90580 2.12619
-0.90566 2.12619
-0.90552 2.12619
-0.90538 2.12619
-0.90523 2.12619
-0.90509 2.12619
-0.90495 2.12619
-0.90481 2.12619
-0.90467 2.12619
-0.90452 2.12619
-0.90438 2.12619
-0.90424 2.12619
-0.90410 2.12619
-0.90395 2.12619
-0.90381 2.12620
-0.90367 2.12620
-0.90353 2.12620
-0.90339 2.12620
-0.90324 2.12620
-0.90310 2.12620
-0.90296 2.12620
-0.90282 2.12620
-0.90268 2.12620
-0.90253 2.12620
-0.90239 2.12620
-0.90225 2.12620
-0.90211 2.12620
-0.90196 2.12620
-0.90182 2.12620
-0.90168 2.12620
-0.90154 2.12620
-0.90140 2.12620
-0.90125 2.12620
-0.90112 2.12622
-0.90103 2.12638
-0.90093 2.12654
-0.90084 2.12671
-0.90075 2.12687
-0.90066 2.12703
-0.90057 2.12720
-0.90048 2.12736
-0.90039 2.12753
-0.90029 2.12769
-0.90020 2.12785
-0.90011 2.12802
-0.90002 2.12818
-0.89993 2.12834
-0.89984 2.12851
-0.89974 2.12867
-0.89965 2.12883
-0.89956 2.12900
-0.89947 2.12916
-0.89938 2.12932
-0.89928 2.12949
-0.89919 2.12965
-0.89910 2.12981
-0.89901 2.12998
-0.89891 2.13014
-0.89882 2.13030
-0.89873 2.13047
-0.89864 2.13063
-0.89854 2.13079
-0.89845 2.13096
-0.89836 2.13112
-0.89827 2.13128
-0.89817 2.13144
-0.89808 2.13161
-0.89799 2.13177
-0.89789 2.13193
-0.89780 2.13210
-0.89771 2.13226
-0.89761 2.13242
-0.89752 2.13258
-0.89743 2.13275
-0.89733 2.13291
-0.89724 2.13307
-0.89715 2.13323
-0.89705 2.13340
-0.89696 2.13356
-0.89687 2.13372
-0.89677 2.13388
-0.89668 2.13405
-0.89659 2.13421
-0.89649 2.13437
-0.89640 2.13453
-0.89630 2.13470
-0.89621 2.13486
-0.89611 2.13502
-0.89602 2.13518
-0.89593 2.13535
-0.89583 2.13551
-0.89574 2.13567
-0.89564 2.13583
-0.89555 2.13599
-0.89545 2.13616
-0.89536 2.13632
-0.89526 2.13648
-0.89517 2.13664
-0.89507 2.13680
-0.89498 2.13697
-0.89489 2.13713
-0.89479 2.13729
-0.89469 2.13745
-0.89460 2.13761
-0.89450 2.13777
-0.89441 2.13794
-0.89431 2.13808
-0.89416 2.13807
-0.89402 2.13807
-0.89387 2.13807
-0.89373 2.13807
-0.89359 2.13807
-0.89344 2.13807
-0.89330 2.13806
-0.89315 2.13806
-0.89301 2.13806
-0.89286 2.13806
-0.89272 2.13806
-0.89258 2.13805
-0.89243 2.13805
-0.89229 2.13805
-0.89214 2.13805
-0.89200 2.13805
-0.89185 2.13804
-0.89171 2.13804
-0.89157 2.13804
-0.89142 2.13804
-0.89128 2.13804
-0.89113 2.13803
-0.89099 2.13803
-0.89084 2.13803
-0.89070 2.13803
-0.89055 2.13802
-0.89041 2.13802
-0.89027 2.13802
-0.89012 2.13802
-0.88998 2.13801
-0.88983 2.13801
-0.88969 2.13801
-0.88954 2.13801
-0.88940 2.13800
-0.88925 2.13800
-0.88911 2.13800
-0.88896 2.13800
-0.88882 2.13799
-0.88868 2.13799
-0.88853 2.13799
-0.88839 2.13799
-0.88824 2.13798
-0.88810 2.13798
-0.88795 2.13798
-0.88781 2.13798
-0.88766 2.13797
-0.88752 2.13797
-0.88737 2.13797
-0.88723 2.13796
-0.88709 2.13796
-0.88694 2.13796
-0.88680 2.13796
-0.88665 2.13795
-0.88651 2.13795
-0.88636 2.13795
-0.88622 2.13794
-0.88607 2.13794
-0.88593 2.13794
-0.88578 2.13793
-0.88564 2.13793
-0.88549 2.13793
-0.88535 2.13792
-0.88521 2.13792
-0.88506 2.13792
-0.88492 2.13792
-0.88477 2.13791
-0.88463 2.13791
-0.88448 2.13791
-0.88434 2.13790
-0.88419 2.13790
-0.88405 2.13790
-0.88390 2.13789
-0.88376 2.13789
-0.88361 2.13789
-0.88347 2.13788
-0.88332 2.13788
-0.88318 2.13787
-0.88303 2.13787
-0.88289 2.13787
-0.88274 2.13786
-0.88260 2.13786
-0.88245 2.13786
-0.88231 2.13785
-0.88217 2.13785
-0.88202 2.13785
-0.88188 2.13784
-0.88173 2.13784
-0.88159 2.13783
-0.88144 2.13783
-0.88130 2.13783
-0.88115 2.13782
-0.88101 2.13782
-0.88086 2.13782
-0.88072 2.13781
-0.88057 2.13781
-0.88043 2.13780
-0.88028 2.13780
-0.88014 2.13780
-0.87999 2.13779
-0.87985 2.13779
-0.87970 2.13778
-0.87956 2.13778
-0.87941 2.13778
-0.87927 2.13777
-0.87912 2.13777
-0.87898 2.13776
-0.87883 2.13776
-0.87869 2.13775
-0.87854 2.13775
-0.87840 2.13775
-0.87825 2.13774
-0.87811 2.13774
-0.87796 2.13773
-0.87782 2.13773
-0.87767 2.13772
-0.87753 2.13772
-0.87738 2.13771
-0.87724 2.13771
-0.87709 2.13771
-0.87695 2.13770
-0.87680 2.13770
-0.87666 2.13769
-0.87651 2.13769
-0.87637 2.13768
-0.87622 2.13768
-0.87608 2.13767
-0.87593 2.13767
-0.87579 2.13766
-0.87564 2.13766
-0.87550 2.13765
-0.87535 2.13765
-0.87521 2.13765
-0.87506 2.13764
-0.87492 2.13764
-0.87477 2.13763
-0.87463 2.13763
-0.87448 2.13762
-0.87434 2.13762
-0.87419 2.13761
-0.87405 2.13761
-0.87390 2.13760
-0.87376 2.13760
-0.87361 2.13759
-0.87346 2.13759
-0.87332 2.13758
-0.87317 2.13758
-0.87303 2.13757
-0.87288 2.13757
-0.87274 2.13756
-0.87259 2.13755
-0.87245 2.13755
-0.87230 2.13754
-0.87216 2.13754
-0.87201 2.13753
-0.87187 2.13753
-0.87172 2.13752
-0.87158 2.13752
-0.87143 2.13751
-0.87129 2.13751
-0.87114 2.13750
-0.87100 2.13750
-0.87085 2.13749
-0.87070 2.13748
-0.87056 2.13748
-0.87041 2.13747
-0.87027 2.13747
-0.87012 2.13746
-0.86998 2.13746
-0.86983 2.13745
-0.86969 2.13745
-0.86954 2.13744
-0.86940 2.13743
-0.86925 2.13743
-0.86911 2.13742
-0.86896 2.13742
-0.86882 2.13741
-0.86867 2.13740
-0.86852 2.13740
-0.86838 2.13739
-0.86823 2.13739
-0.86809 2.13738
-0.86794 2.13738
-0.86780 2.13737
-0.86765 2.13736
-0.86751 2.13736
-0.86736 2.13735
-0.86722 2.13734
-0.86707 2.13734
-0.86693 2.13733
-0.86678 2.13733
-0.86663 2.13732
-0.86649 2.13731
-0.86634 2.13731
-0.86620 2.13730
-0.86605 2.13730
-0.86591 2.13729
-0.86576 2.13728
-0.86562 2.13728
-0.86547 2.13727
-0.86532 2.13726
-0.86518 2.13726
-0.86503 2.13725
-0.86489 2.13724
-0.86474 2.13724
-0.86460 2.13723
-0.86445 2.13722
-0.86431 2.13722
-0.86416 2.13721
-0.86401 2.13720
-0.86387 2.13720
-0.86372 2.13719
-0.86358 2.13718
-0.86343 2.13718
-0.86329 2.13717
-0.86314 2.13716
-0.86300 2.13716
-0.86285 2.13715
-0.86270 2.13714
-0.86256 2.13714
-0.86241 2.13713
-0.86227 2.13712
-0.86212 2.13712
-0.86198 2.13711
-0.86183 2.13710
-0.86168 2.13710
-0.86154 2.13709
-0.86139 2.13708
-0.86125 2.13707
-0.86110 2.13707
-0.86096 2.13706
-0.86081 2.13705
-0.86067 2.13705
-0.86052 2.13704
-0.86037 2.13703
-0.86023 2.13702
-0.86008 2.13702
-0.85994 2.13701
-0.85979 2.13700
-0.85965 2.13700
-0.85950 2.13699
-0.85935 2.13698
-0.85921 2.13697
-0.85906 2.13697
-0.85892 2.13696
-0.85877 2.13695
-0.85862 2.13694
-0.85848 2.13694
-0.85833 2.13693
-0.85819 2.13692
-0.85804 2.13691
-0.85790 2.13691
-0.85775 2.13690
-0.85760 2.13689
-0.85746 2.13688
-0.85731 2.13688
-0.85717 2.13687
-0.85702 2.13686
-0.85688 2.13685
-0.85673 2.13684
-0.85658 2.13684
-0.85644 2.13683
-0.85629 2.13682
-0.85615 2.13681
-0.85600 2.13681
-0.85585 2.13680
-0.85571 2.13679
-0.85556 2.13678
-0.85542 2.13677
-0.85527 2.13677
-0.85512 2.13676
-0.85498 2.13675
-0.85483 2.13674
-0.85469 2.13673
-0.85454 2.13672
-0.85440 2.13672
-0.85425 2.13671
-0.85410 2.13670
-0.85396 2.13669
-0.85381 2.13668
-0.85367 2.13668
-0.85352 2.13667
-0.85337 2.13666
-0.85323 2.13665
-0.85308 2.13664
-0.85294 2.13663
-0.85279 2.13663
-0.85264 2.13662
-0.85250 2.13661
-0.85235 2.13660
-0.85221 2.13659
-0.85206 2.13658
-0.85192 2.13659
-0.85179 2.13663
-0.85165 2.13668
-0.85152 2.13673
-0.85139 2.13677
-0.85126 2.13682
-0.85113 2.13686
-0.85100 2.13691
-0.85086 2.13696
-0.85073 2.13700
-0.85060 2.13705
-0.85047 2.13709
-0.85034 2.13714
-0.85020 2.13718
-0.85007 2.13723
-0.84994 2.13727
-0.84981 2.13732
-0.84968 2.13736
-0.84954 2.13741
-0.84941 2.13746
-0.84928 2.13750
-0.84915 2.13755
-0.84902 2.13759
-0.84888 2.13764
-0.84875 2.13768
-0.84862 2.13773
-0.84849 2.13777
-0.84835 2.13782
-0.84822 2.13786
-0.84809 2.13791
-0.84796 2.13795
-0.84783 2.13800
-0.84769 2.13804
-0.84756 2.13809
-0.84743 2.13813
-0.84730 2.13818
-0.84716 2.13822
-0.84703 2.13827
-0.84690 2.13831
-0.84677 2.13836
-0.84663 2.13840
-0.84650 2.13845
-0.84637 2.13849
-0.84624 2.13854
-0.84610 2.13858
-0.84597 2.13863
-0.84584 2.13867
-0.84571 2.13872
-0.84557 2.13876
-0.84544 2.13881
-0.84531 2.13885
-0.84518 2.13889
-0.84504 2.13894
-0.84491 2.13898
-0.84478 2.13903
-0.84464 2.13907
-0.84451 2.13912
-0.84438 2.13916
-0.84425 2.13921
-0.84411 2.13925
-0.84398 2.13930
-0.84385 2.13934
-0.84371 2.13938
-0.84358 2.13943
-0.84345 2.13947
-0.84332 2.13952
-0.84318 2.13956
-0.84305 2.13960
-0.84292 2.13965
-0.84278 2.13969
-0.84265 2.13974
-0.84252 2.13978
-0.84238 2.13983
-0.84225 2.13987
-0.84212 2.13991
-0.84198 2.13996
-0.84185 2.14000
-0.84172 2.14005
-0.84158 2.14009
-0.84145 2.14013
-0.84132 2.14018
-0.84118 2.14022
-0.84105 2.14026
-0.84092 2.14031
-0.84078 2.14035
-0.84065 2.14040
-0.84052 2.14044
-0.84038 2.14048
-0.84025 2.14053
-0.84012 2.14057
-0.83998 2.14061
-0.83985 2.14066
-0.83972 2.14070
-0.83958 2.14075
-0.83945 2.14079
-0.83932 2.14083
-0.83918 2.14088
-0.83905 2.14092
-0.83892 2.14096
-0.83878 2.14101
-0.83865 2.14105
-0.83851 2.14109
-0.83838 2.14114
-0.83825 2.14118
-0.83811 2.14122
-0.83798 2.14127
-0.83785 2.14131
-0.83771 2.14135
-0.83758 2.14140
-0.83744 2.14144
-0.83731 2.14148
-0.83718 2.14152
-0.83704 2.14157
-0.83691 2.14161
-0.83678 2.14165
-0.83664 2.14170
-0.83651 2.14174
-0.83637 2.14178
-0.83624 2.14183
-0.83611 2.14187
-0.83597 2.14191
-0.83584 2.14195
-0.83570 2.14200
-0.83557 2.14204
-0.83543 2.14208
-0.83530 2.14213
-0.83517 2.14217
-0.83503 2.14221
-0.83490 2.14225
-0.83476 2.14230
-0.83463 2.14234
-0.83450 2.14238
-0.83436 2.14242
-0.83423 2.14247
-0.83409 2.14251
-0.83396 2.14255
-0.83382 2.14259
-0.83369 2.14264
-0.83355 2.14268
-0.83342 2.14272
-0.83329 2.14276
-0.83315 2.14281
-0.83302 2.14285
-0.83288 2.14289
-0.83275 2.14293
-0.83261 2.14298
-0.83248 2.14302
-0.83234 2.14306
-0.83221 2.14310
-0.83207 2.14314
-0.83194 2.14319
-0.83181 2.14323
-0.83167 2.14327
-0.83154 2.14331
-0.83140 2.14335
-0.83127 2.14340
-0.83113 2.14344
-0.83100 2.14348
-0.83086 2.14352
-0.83073 2.14356
-0.83059 2.14361
-0.83046 2.14365
-0.83032 2.14369
-0.83019 2.14373
-0.83005 2.14377
-0.82992 2.14382
-0.82978 2.14386
-0.82965 2.14390
-0.82951 2.14394
-0.82938 2.14398
-0.82924 2.14402
-0.82911 2.14406
-0.82897 2.14411
-0.82884 2.14415
-0.82870 2.14419
-0.82857 2.14423
-0.82843 2.14427
-0.82830 2.14431
-0.82816 2.14436
-0.82803 2.14440
-0.82789 2.14444
-0.82776 2.14448
-0.82762 2.14452
-0.82749 2.14456
-0.82735 2.14460
-0.82722 2.14464
-0.82708 2.14469
-0.82695 2.14473
-0.82681 2.14477
-0.82667 2.14481
-0.82654 2.14485
-0.82640 2.14489
-0.82627 2.14493
-0.82613 2.14497
-0.82600 2.14501
-0.82586 2.14506
-0.82573 2.14510
-0.82559 2.14514
-0.82545 2.14518
-0.82532 2.14522
-0.82518 2.14526
-0.82505 2.14530
-0.82491 2.14534
-0.82478 2.14538
-0.82464 2.14542
-0.82451 2.14546
-0.82437 2.14551
-0.82423 2.14555
-0.82410 2.14559
-0.82396 2.14563
-0.82383 2.14567
-0.82369 2.14571
-0.82356 2.14575
-0.82342 2.14579
-0.82328 2.14583
-0.82315 2.14587
-0.82301 2.14591
-0.82288 2.14595
-0.82274 2.14599
-0.82260 2.14601
-0.82245 2.14600
-0.82230 2.14598
-0.82215 2.14597
-0.82201 2.14596
-0.82186 2.14594
-0.82171 2.14593
-0.82156 2.14592
-0.82141 2.14590
-0.82126 2.14589
-0.82111 2.14587
-0.82097 2.14586
-0.82082 2.14585
-0.82067 2.14583
-0.82052 2.14582
-0.82037 2.14580
-0.82022 2.14579
-0.82007 2.14577
-0.81993 2.14576
-0.81978 2.14575
-0.81963 2.14573
-0.81948 2.14572
-0.81933 2.14570
-0.81918 2.14569
-0.81904 2.14567
-0.81889 2.14566
-0.81874 2.14565
-0.81859 2.14563
-0.81844 2.14562
-0.81829 2.14560
-0.81814 2.14559
-0.81800 2.14557
-0.81785 2.14556
-0.81770 2.14554
-0.81755 2.14553
-0.81740 2.14552
-0.81725 2.14550
-0.81710 2.14549
-0.81695 2.14547
-0.81681 2.14546
-0.81666 2.14544
-0.81651 2.14543
-0.81636 2.14541
-0.81621 2.14540
-0.81606 2.14538
-0.81591 2.14537
-0.81577 2.14535
-0.81562 2.14534
-0.81547 2.14532
-0.81532 2.14531
-0.81517 2.14529
-0.81502 2.14528
-0.81487 2.14526
-0.81473 2.14525
-0.81458 2.14523
-0.81443 2.14522
-0.81428 2.14520
-0.81413 2.14519
-0.81398 2.14517
-0.81383 2.14516
-0.81368 2.14514
-0.81354 2.14513
-0.81339 2.14511
-0.81324 2.14510
-0.81309 2.14508
-0.81294 2.14507
-0.81279 2.14505
-0.81264 2.14504
-0.81250 2.14502
-0.81235 2.14500
-0.81220 2.14499
-0.81205 2.14497
-0.81190 2.14496
-0.81176 2.14496
-0.81162 2.14500
-0.81148 2.14504
-0.81135 2.14508
-0.81121 2.14512
-0.81107 2.14516
-0.81094 2.14520
-0.81080 2.14523
-0.81066 2.14527
-0.81053 2.14531
-0.81039 2.14535
-0.81025 2.14539
-0.81011 2.14543
-0.80998 2.14546
-0.80984 2.14550
-0.80970 2.14554
-0.80957 2.14558
-0.80943 2.14562
-0.80929 2.14566
-0.80916 2.14569
-0.80902 2.14573
-0.80888 2.14577
-0.80874 2.14581
-0.80861 2.14585
-0.80847 2.14588
-0.80833 2.14592
-0.80820 2.14596
-0.80806 2.14600
-0.80792 2.14604
-0.80778 2.14607
-0.80765 2.14611
-0.80751 2.14615
-0.80737 2.14619
-0.80723 2.14623
-0.80710 2.14626
-0.80696 2.14630
-0.80682 2.14634
-0.80669 2.14638
-0.80655 2.14641
-0.80641 2.14645
-0.80627 2.14649
-0.80614 2.14653
-0.80600 2.14656
-0.80586 2.14660
-0.80572 2.14664
-0.80559 2.14668
-0.80545 2.14671
-0.80531 2.14675
-0.80517 2.14679
-0.80504 2.14683
-0.80490 2.14686
-0.80476 2.14690
-0.80462 2.14694
-0.80448 2.14698
-0.80435 2.14701
-0.80421 2.14705
-0.80407 2.14709
-0.80393 2.14713
-0.80380 2.14716
-0.80366 2.14720
-0.80352 2.14724
-0.80338 2.14727
-0.80325 2.14731
-0.80311 2.14735
-0.80297 2.14739
-0.80283 2.14742
-0.80269 2.14746
-0.80256 2.14750
-0.80242 2.14753
-0.80228 2.14757
-0.80214 2.14761
-0.80200 2.14764
-0.80187 2.14768
-0.80173 2.14772
-0.80159 2.14775
-0.80145 2.14779
-0.80131 2.14783
-0.80118 2.14786
-0.80104 2.14790
-0.80090 2.14794
-0.80076 2.14797
-0.80062 2.14801
-0.80048 2.14805
-0.80035 2.14808
-0.80021 2.14812
-0.80007 2.14816
-0.79993 2.14819
-0.79979 2.14823
-0.79965 2.14827
-0.79952 2.14830
-0.79938 2.14834
-0.79924 2.14837
-0.79910 2.14841
-0.79896 2.14845
-0.79882 2.14848
-0.79869 2.14852
-0.79855 2.14856
-0.79841 2.14859
-0.79827 2.14863
-0.79813 2.14866
-0.79799 2.14870
-0.79786 2.14874
-0.79772 2.14877
-0.79758 2.14881
-0.79744 2.14885
-0.79730 2.14888
-0.79716 2.14892
-0.79702 2.14895
-0.79688 2.14899
-0.79675 2.14902
-0.79661 2.14906
-0.79647 2.14910
-0.79633 2.14913
-0.79619 2.14917
-0.79605 2.14920
-0.79591 2.14924
-0.79578 2.14928
-0.79564 2.14931
-0.79550 2.14935
-0.79536 2.14938
-0.79522 2.14942
-0.79508 2.14945
-0.79494 2.14949
-0.79480 2.14952
-0.79466 2.14956
-0.79452 2.14960
-0.79439 2.14963
-0.79425 2.14967
-0.79411 2.14970
-0.79397 2.14974
-0.79383 2.14977
-0.79369 2.14981
-0.79355 2.14984
-0.79341 2.14988
-0.79327 2.14991
-0.79313 2.14995
-0.79300 2.14998
-0.79286 2.15002
-0.79272 2.15005
-0.79258 2.15009
-0.79244 2.15012
-0.79230 2.15016
-0.79216 2.15019
-0.79202 2.15023
-0.79188 2.15026
-0.79174 2.15030
-0.79160 2.15033
-0.79146 2.15037
-0.79132 2.15040
-0.79118 2.15044
-0.79105 2.15047
-0.79091 2.15051
-0.79077 2.15054
-0.79063 2.15058
-0.79049 2.15061
-0.79035 2.15065
-0.79021 2.15068
-0.79007 2.15072
-0.78993 2.15075
-0.78979 2.15079
-0.78965 2.15082
-0.78951 2.15086
-0.78937 2.15089
-0.78923 2.15092
-0.78909 2.15096
-0.78895 2.15099
-0.78881 2.15103
-0.78867 2.15106
-0.78853 2.15110
-0.78839 2.15113
-0.78825 2.15116
-0.78811 2.15120
-0.78797 2.15123
-0.78783 2.15127
-0.78769 2.15130
-0.78755 2.15134
-0.78741 2.15137
-0.78727 2.15140
-0.78713 2.15144
-0.78699 2.15147
-0.78685 2.15151
-0.78671 2.15154
-0.78657 2.15157
-0.78644 2.15161
-0.78630 2.15164
-0.78615 2.15168
-0.78601 2.15171
-0.78587 2.15174
-0.78573 2.15178
-0.78559 2.15181
-0.78545 2.15185
-0.78531 2.15188
-0.78517 2.15191
-0.78503 2.15195
-0.78489 2.15198
-0.78475 2.15201
-0.78461 2.15205
-0.78447 2.15208
-0.78433 2.15212
-0.78419 2.15215
-0.78405 2.15218
-0.78391 2.15222
-0.78377 2.15225
-0.78363 2.15228
-0.78349 2.15232
-0.78335 2.15235
-0.78321 2.15238
-0.78307 2.15242
-0.78293 2.15245
-0.78279 2.15248
-0.78265 2.15252
-0.78251 2.15255
-0.78237 2.15258
-0.78223 2.15262
-0.78209 2.15265
-0.78195 2.15268
-0.78181 2.15272
-0.78167 2.15275
-0.78152 2.15278
-0.78138 2.15279
-0.78123 2.15277
-0.78108 2.15275
-0.78093 2.15273
-0.78078 2.15271
-0.78063 2.15268
-0.78047 2.15266
-0.78032 2.15264
-0.78017 2.15262
-0.78002 2.15260
-0.77987 2.15258
-0.77972 2.15256
-0.77957 2.15254
-0.77942 2.15252
-0.77927 2.15250
-0.77912 2.15247
-0.77897 2.15245
-0.77882 2.15243
-0.77867 2.15241
-0.77851 2.15239
-0.77836 2.15237
-0.77821 2.15235
-0.77806 2.15233
-0.77791 2.15230
-0.77776 2.15228
-0.77761 2.15226
-0.77746 2.15224
-0.77731 2.15222
-0.77716 2.15220
-0.77701 2.15218
-0.77686 2.15215
-0.77670 2.15213
-0.77655 2.15211
-0.77640 2.15209
-0.77625 2.15207
-0.77610 2.15205
-0.77595 2.15203
-0.77580 2.15200
-0.77565 2.15198
-0.77550 2.15196
-0.77535 2.15194
-0.77520 2.15192
-0.77505 2.15190
-0.77489 2.15187
-0.77474 2.15185
-0.77459 2.15183
-0.77444 2.15181
-0.77429 2.15179
-0.77414 2.15176
-0.77399 2.15174
-0.77384 2.15172
-0.77369 2.15170
-0.77354 2.15168
-0.77339 2.15165
-0.77324 2.15163
-0.77308 2.15161
-0.77293 2.15159
-0.77278 2.15157
-0.77263 2.15154
-0.77248 2.15152
-0.77233 2.15150
-0.77218 2.15148
-0.77203 2.15146
-0.77188 2.15143
-0.77173 2.15141
-0.77158 2.15139
-0.77143 2.15137
-0.77127 2.15134
-0.77112 2.15132
-0.77097 2.15130
-0.77082 2.15128
-0.77067 2.15125
-0.77052 2.15123
-0.77037 2.15121
-0.77022 2.15119
-0.77007 2.15116
-0.76992 2.15114
-0.76977 2.15112
-0.76961 2.15110
-0.76946 2.15107
-0.76931 2.15105
-0.76916 2.15103
-0.76901 2.15101
-0.76886 2.15098
-0.76871 2.15096
-0.76856 2.15094
-0.76841 2.15092
-0.76826 2.15089
-0.76811 2.15087
-0.76795 2.15085
-0.76780 2.15082
-0.76765 2.15080
-0.76750 2.15078
-0.76735 2.15076
-0.76720 2.15073
-0.76705 2.15071
-0.76690 2.15069
-0.76675 2.15066
-0.76660 2.15064
-0.76645 2.15062
-0.76629 2.15059
-0.76614 2.15057
-0.76599 2.15055
-0.76584 2.15052
-0.76569 2.15050
-0.76554 2.15048
-0.76539 2.15045
-0.76524 2.15043
-0.76509 2.15041
-0.76494 2.15039
-0.76479 2.15036
-0.76463 2.15034
-0.76448 2.15031
-0.76433 2.15029
-0.76418 2.15027
-0.76403 2.15024
-0.76388 2.15022
-0.76373 2.15020
-0.76358 2.15017
-0.76343 2.15015
-0.76328 2.15013
-0.76313 2.15010
-0.76297 2.15008
-0.76282 2.15006
-0.76267 2.15003
-0.76252 2.15001
-0.76237 2.14999
-0.76222 2.14996
-0.76207 2.14994
-0.76192 2.14991
-0.76177 2.14989
-0.76162 2.14987
-0.76146 2.14984
-0.76131 2.14982
-0.76116 2.14979
-0.76101 2.14977
-0.76086 2.14975
-0.76071 2.14972
-0.76056 2.14970
-0.76041 2.14967
-0.76026 2.14965
-0.76011 2.14963
-0.75996 2.14960
-0.75980 2.14958
-0.75965 2.14955
-0.75950 2.14953
-0.75935 2.14951
-0.75920 2.14948
-0.75905 2.14946
-0.75890 2.14943
-0.75875 2.14941
-0.75860 2.14938
-0.75845 2.14936
-0.75829 2.14934
-0.75814 2.14931
-0.75799 2.14929
-0.75784 2.14926
-0.75769 2.14924
-0.75754 2.14921
-0.75739 2.14919
-0.75724 2.14917
-0.75709 2.14914
-0.75694 2.14912
-0.75678 2.14909
-0.75663 2.14907
-0.75648 2.14904
-0.75633 2.14902
-0.75618 2.14899
-0.75603 2.14897
-0.75588 2.14894
-0.75573 2.14892
-0.75558 2.14889
-0.75543 2.14887
-0.75527 2.14884
-0.75512 2.14882
-0.75497 2.14879
-0.75482 2.14877
-0.75467 2.14875
-0.75452 2.14872
-0.75437 2.14870
-0.75422 2.14867
-0.75407 2.14865
-0.75392 2.14862
-0.75376 2.14860
-0.75361 2.14857
-0.75346 2.14855
-0.75331 2.14852
-0.75316 2.14849
-0.75301 2.14847
-0.75286 2.14844
-0.75271 2.14842
-0.75256 2.14839
-0.75241 2.14837
-0.75225 2.14834
-0.75210 2.14832
-0.75195 2.14829
-0.75180 2.14827
-0.75165 2.14824
-0.75150 2.14822
-0.75135 2.14819
-0.75120 2.14817
-0.75105 2.14814
-0.75089 2.14812
-0.75074 2.14809
-0.75059 2.14806
-0.75044 2.14804
-0.75029 2.14801
-0.75014 2.14799
-0.74999 2.14796
-0.74984 2.14794
-0.74969 2.14791
-0.74954 2.14788
-0.74938 2.14786
-0.74923 2.14783
-0.74908 2.14781
-0.74893 2.14778
-0.74878 2.14776
-0.74863 2.14773
-0.74848 2.14770
-0.74833 2.14768
-0.74818 2.14765
-0.74803 2.14763
-0.74787 2.14760
-0.74772 2.14757
-0.74757 2.14755
-0.74742 2.14752
-0.74727 2.14750
-0.74712 2.14747
-0.74697 2.14744
-0.74682 2.14742
-0.74667 2.14739
-0.74651 2.14737
-0.74636 2.14734
-0.74621 2.14731
-0.74606 2.14729
-0.74591 2.14726
-0.74576 2.14724
-0.74561 2.14721
-0.74546 2.14718
-0.74531 2.14716
-0.74516 2.14713
-0.74500 2.14710
-0.74485 2.14708
-0.74470 2.14705
-0.74455 2.14702
-0.74440 2.14700
-0.74425 2.14697
-0.74410 2.14694
-0.74395 2.14692
-0.74380 2.14689
-0.74364 2.14687
-0.74349 2.14684
-0.74334 2.14681
-0.74319 2.14679
-0.74304 2.14676
-0.74289 2.14673
-0.74274 2.14671
-0.74259 2.14668
-0.74244 2.14665
-0.74229 2.14662
-0.74213 2.14660
-0.74198 2.14657
-0.74183 2.14654
-0.74168 2.14652
-0.74153 2.14649
-0.74138 2.14646
-0.74123 2.14644
-0.74108 2.14641
-0.74093 2.14638
-0.74077 2.14636
-0.74062 2.14633
-0.74047 2.14630
-0.74032 2.14627
-0.74017 2.14625
-0.74002 2.14622
-0.73987 2.14619
-0.73972 2.14617
-0.73957 2.14614
-0.73941 2.14611
-0.73926 2.14608
-0.73911 2.14606
-0.73896 2.14603
-0.73881 2.14600
-0.73866 2.14597
-0.73851 2.14595
-0.73836 2.14592
-0.73821 2.14589
-0.73805 2.14587
-0.73790 2.14584
-0.73775 2.14581
-0.73760 2.14578
-0.73745 2.14576
-0.73730 2.14573
-0.73715 2.14570
-0.73700 2.14567
-0.73685 2.14564
-0.73670 2.14562
-0.73654 2.14559
-0.73639 2.14556
-0.73624 2.14553
-0.73609 2.14551
-0.73594 2.14548
-0.73579 2.14545
-0.73564 2.14542
-0.73549 2.14539
-0.73534 2.14537
-0.73518 2.14534
-0.73503 2.14531
-0.73488 2.14528
-0.73473 2.14526
-0.73458 2.14523
-0.73443 2.14520
-0.73428 2.14517
-0.73413 2.14514
-0.73398 2.14512
-0.73382 2.14509
-0.73367 2.14506
-0.73352 2.14503
-0.73337 2.14500
-0.73322 2.14497
-0.73307 2.14495
-0.73292 2.14492
-0.73277 2.14489
-0.73262 2.14486
-0.73246 2.14483
-0.73231 2.14481
-0.73216 2.14478
-0.73201 2.14475
-0.73186 2.14472
-0.73171 2.14469
-0.73156 2.14466
-0.73141 2.14463
-0.73126 2.14461
-0.73110 2.14458
-0.73095 2.14455
-0.73080 2.14452
-0.73065 2.14449
-0.73050 2.14446
-0.73035 2.14443
-0.73020 2.14441
-0.73005 2.14438
-0.72990 2.14435
-0.72975 2.14432
-0.72959 2.14429
-0.72944 2.14426
-0.72929 2.14423
-0.72914 2.14420
-0.72899 2.14418
-0.72884 2.14415
-0.72869 2.14412
-0.72854 2.14409
-0.72839 2.14406
-0.72823 2.14403
-0.72808 2.14400
-0.72793 2.14397
-0.72778 2.14394
-0.72763 2.14392
-0.72748 2.14389
-0.72733 2.14386
-0.72718 2.14383
-0.72703 2.14380
-0.72687 2.14377
-0.72672 2.14374
-0.72657 2.14371
-0.72642 2.14368
-0.72628 2.14369
-0.72613 2.14371
-0.72599 2.14374
-0.72585 2.14376
-0.72570 2.14379
-0.72556 2.14381
-0.72541 2.14383
-0.72527 2.14386
-0.72513 2.14388
-0.72498 2.14391
-0.72484 2.14393
-0.72470 2.14395
-0.72455 2.14398
-0.72441 2.14400
-0.72427 2.14403
-0.72412 2.14405
-0.72398 2.14407
-0.72384 2.14410
-0.72369 2.14412
-0.72355 2.14415
-0.72341 2.14417
-0.72326 2.14419
-0.72312 2.14422
-0.72298 2.14424
-0.72283 2.14426
-0.72269 2.14429
-0.72254 2.14431
-0.72240 2.14433
-0.72226 2.14436
-0.72211 2.14438
-0.72197 2.14440
-0.72183 2.14443
-0.72168 2.14445
-0.72154 2.14448
-0.72139 2.14450
-0.72125 2.14452
-0.72111 2.14455
-0.72096 2.14457
-0.72082 2.14459
-0.72067 2.14462
-0.72053 2.14464
-0.72039 2.14466
-0.72024 2.14468
-0.72010 2.14471
-0.71996 2.14473
-0.71981 2.14475
-0.71967 2.14478
-0.71952 2.14480
-0.71938 2.14482
-0.71924 2.14485
-0.71909 2.14487
-0.71895 2.14489
-0.71880 2.14492
-0.71866 2.14494
-0.71852 2.14496
-0.71837 2.14498
-0.71823 2.14501
-0.71808 2.14503
-0.71794 2.14505
-0.71779 2.14507
-0.71765 2.14510
-0.71751 2.14512
-0.71736 2.14514
-0.71722 2.14517
-0.71707 2.14519
-0.71693 2.14521
-0.71678 2.14523
-0.71664 2.14526
-0.71650 2.14528
-0.71635 2.14530
-0.71621 2.14532
-0.71606 2.14535
-0.71592 2.14537
-0.71577 2.14539
-0.71563 2.14541
-0.71549 2.14544
-0.71534 2.14546
-0.71520 2.14548
-0.71505 2.14550
-0.71491 2.14552
-0.71476 2.14555
-0.71462 2.14557
-0.71447 2.14559
-0.71433 2.14561
-0.71419 2.14564
-0.71404 2.14566
-0.71390 2.14568
-0.71375 2.14570
-0.71361 2.14572
-0.71346 2.14575
-0.71332 2.14577
-0.71317 2.14579
-0.71303 2.14581
-0.71288 2.14583
-0.71274 2.14585
-0.71260 2.14588
-0.71245 2.14590
-0.71231 2.14592
-0.71216 2.14594
-0.71202 2.14596
-0.71187 2.14599
-0.71173 2.14601
-0.71158 2.14603
-0.71144 2.14605
-0.71129 2.14607
-0.71115 2.14609
-0.71100 2.14611
-0.71086 2.14614
-0.71071 2.14616
-0.71057 2.14618
-0.71042 2.14620
-0.71028 2.14622
-0.71013 2.14624
-0.70999 2.14626
-0.70984 2.14629
-0.70970 2.14631
-0.70955 2.14633
-0.70941 2.14635
-0.70926 2.14637
-0.70912 2.14639
-0.70897 2.14641
-0.70883 2.14643
-0.70868 2.14646
-0.70854 2.14648
-0.70839 2.14650
-0.70825 2.14652
-0.70810 2.14654
-0.70796 2.14656
-0.70781 2.14658
-0.70767 2.14660
-0.70752 2.14662
-0.70738 2.14664
-0.70723 2.14667
-0.70709 2.14669
-0.70694 2.14671
-0.70680 2.14673
-0.70665 2.14675
-0.70651 2.14677
-0.70636 2.14679
-0.70622 2.14681
-0.70607 2.14683
-0.70593 2.14685
-0.70578 2.14687
-0.70564 2.14689
-0.70549 2.14691
-0.70534 2.14693
-0.70520 2.14695
-0.70505 2.14697
-0.70491 2.14700
-0.70476 2.14702
-0.70462 2.14704
-0.70447 2.14706
-0.70433 2.14708
-0.70418 2.14710
-0.70404 2.14712
-0.70389 2.14714
-0.70374 2.14716
-0.70360 2.14718
-0.70345 2.14720
-0.70331 2.14722
-0.70316 2.14724
-0.70302 2.14726
-0.70287 2.14728
-0.70273 2.14730
-0.70258 2.14732
-0.70243 2.14734
-0.70229 2.14736
-0.70214 2.14738
-0.70200 2.14740
-0.70185 2.14742
-0.70171 2.14744
-0.70156 2.14746
-0.70141 2.14748
-0.70127 2.14750
-0.70112 2.14752
-0.70098 2.14754
-0.70083 2.14756
-0.70069 2.14758
-0.70054 2.14760
-0.70039 2.14762
-0.70025 2.14764
-0.70010 2.14765
-0.69996 2.14767
-0.69981 2.14769
-0.69967 2.14771
-0.69952 2.14773
-0.69937 2.14775
-0.69923 2.14777
-0.69908 2.14779
-0.69894 2.14781
-0.69879 2.14783
-0.69864 2.14785
-0.69850 2.14787
-0.69835 2.14789
-0.69821 2.14791
-0.69806 2.14793
-0.69791 2.14795
-0.69777 2.14796
-0.69762 2.14798
-0.69748 2.14800
-0.69733 2.14802
-0.69718 2.14804
-0.69704 2.14806
-0.69689 2.14808
-0.69674 2.14810
-0.69660 2.14812
-0.69645 2.14814
-0.69631 2.14815
-0.69616 2.14817
-0.69601 2.14819
-0.69587 2.14821
-0.69572 2.14823
-0.69558 2.14825
-0.69543 2.14827
-0.69528 2.14829
-0.69514 2.14831
-0.69499 2.14832
-0.69484 2.14834
-0.69470 2.14836
-0.69455 2.14834
-0.69439 2.14830
-0.69424 2.14827
-0.69409 2.14824
-0.69394 2.14820
-0.69379 2.14817
-0.69363 2.14813
-0.69348 2.14810
-0.69333 2.14806
-0.69318 2.14803
-0.69302 2.14799
-0.69287 2.14796
-0.69272 2.14792
-0.69257 2.14789
-0.69241 2.14785
-0.69226 2.14782
-0.69211 2.14778
-0.69196 2.14775
-0.69181 2.14771
-0.69165 2.14768
-0.69150 2.14764
-0.69135 2.14761
-0.69120 2.14757
-0.69104 2.14754
-0.69089 2.14750
-0.69074 2.14747
-0.69059 2.14743
-0.69043 2.14740
-0.69028 2.14736
-0.69013 2.14733
-0.68998 2.14729
-0.68983 2.14726
-0.68967 2.14722
-0.68952 2.14719
-0.68937 2.14715
-0.68922 2.14712
-0.68906 2.14708
-0.68891 2.14705
-0.68876 2.14701
-0.68861 2.14698
-0.68846 2.14694
-0.68830 2.14690
-0.68815 2.14687
-0.68800 2.14683
-0.68785 2.14680
-0.68769 2.14676
-0.68754 2.14673
-0.68739 2.14669
-0.68724 2.14666
-0.68709 2.14662
-0.68693 2.14658
-0.68678 2.14655
-0.68663 2.14651
-0.68648 2.14648
-0.68632 2.14644
-0.68617 2.14641
-0.68602 2.14637
-0.68587 2.14633
-0.68572 2.14630
-0.68556 2.14626
-0.68541 2.14623
-0.68526 2.14619
-0.68511 2.14615
-0.68495 2.14612
-0.68480 2.14608
-0.68465 2.14605
-0.68450 2.14601
-0.68435 2.14597
-0.68419 2.14594
-0.68404 2.14590
-0.68389 2.14587
-0.68374 2.14583
-0.68358 2.14579
-0.68343 2.14576
-0.68328 2.14572
-0.68313 2.14569
-0.68298 2.14565
-0.68282 2.14561
-0.68267 2.14558
-0.68252 2.14554
-0.68237 2.14550
-0.68221 2.14547
-0.68206 2.14543
-0.68191 2.14539
-0.68176 2.14536
-0.68161 2.14532
-0.68145 2.14529
-0.68130 2.14525
-0.68115 2.14521
-0.68100 2.14518
-0.68084 2.14514
-0.68069 2.14510
-0.68054 2.14507
-0.68039 2.14503
-0.68024 2.14499
-0.68008 2.14496
-0.67993 2.14492
-0.67978 2.14488
-0.67963 2.14485
-0.67948 2.14481
-0.67932 2.14477
-0.67917 2.14474
-0.67902 2.14470
-0.67887 2.14466
-0.67871 2.14463
-0.67856 2.14459
-0.67841 2.14455
-0.67826 2.14451
-0.67811 2.14448
-0.67795 2.14444
-0.67780 2.14440
-0.67765 2.14437
-0.67750 2.14433
-0.67735 2.14429
-0.67719 2.14426
-0.67704 2.14422
-0.67689 2.14418
-0.67674 2.14414
-0.67658 2.14411
-0.67643 2.14407
-0.67628 2.14403
-0.67613 2.14399
-0.67598 2.14396
-0.67582 2.14392
-0.67567 2.14388
-0.67552 2.14385
-0.67537 2.14381
-0.67522 2.14377
-0.67506 2.14373
-0.67491 2.14370
-0.67476 2.14366
-0.67461 2.14362
-0.67446 2.14358
-0.67430 2.14355
-0.67415 2.14351
-0.67400 2.14347
-0.67385 2.14343
-0.67369 2.14340
-0.67354 2.14336
-0.67339 2.14332
-0.67324 2.14328
-0.67309 2.14324
-0.67293 2.14321
-0.67278 2.14317
-0.67263 2.14313
-0.67248 2.14309
-0.67233 2.14306
-0.67217 2.14302
-0.67202 2.14298
-0.67187 2.14294
-0.67172 2.14290
-0.67157 2.14287
-0.67141 2.14283
-0.67126 2.14279
-0.67111 2.14275
-0.67096 2.14271
-0.67081 2.14268
-0.67065 2.14264
-0.67050 2.14260
-0.67035 2.14256
-0.67020 2.14252
-0.67005 2.14249
-0.66989 2.14245
-0.66974 2.14241
-0.66959 2.14237
-0.66944 2.14233
-0.66929 2.14229
-0.66913 2.14226
-0.66898 2.14222
-0.66883 2.14218
-0.66868 2.14214
-0.66852 2.14210
-0.66837 2.14206
-0.66822 2.14203
-0.66807 2.14199
-0.66792 2.14195
-0.66776 2.14191
-0.66761 2.14187
-0.66746 2.14183
-0.66731 2.14179
-0.66716 2.14176
-0.66700 2.14172
-0.66685 2.14168
-0.66670 2.14164
-0.66655 2.14160
-0.66640 2.14156
-0.66624 2.14152
-0.66609 2.14148
-0.66594 2.14145
-0.66579 2.14141
-0.66564 2.14137
-0.66549 2.14133
-0.66533 2.14129
-0.66518 2.14125
-0.66503 2.14121
-0.66488 2.14117
-0.66473 2.14114
-0.66457 2.14110
-0.66442 2.14106
-0.66427 2.14102
-0.66412 2.14098
-0.66397 2.14094
-0.66381 2.14090
-0.66366 2.14086
-0.66351 2.14082
-0.66336 2.14078
-0.66321 2.14074
-0.66305 2.14070
-0.66290 2.14067
-0.66275 2.14063
-0.66260 2.14059
-0.66245 2.14055
-0.66229 2.14051
-0.66214 2.14047
-0.66199 2.14043
-0.66184 2.14039
-0.66169 2.14035
-0.66153 2.14031
-0.66138 2.14027
-0.66123 2.14023
-0.66108 2.14019
-0.66093 2.14015
-0.66077 2.14011
-0.66062 2.14007
-0.66047 2.14003
-0.66032 2.14000
-0.66017 2.13996
-0.66002 2.13992
-0.65986 2.13988
-0.65971 2.13984
-0.65956 2.13980
-0.65941 2.13976
-0.65926 2.13972
-0.65910 2.13968
-0.65895 2.13964
-0.65880 2.13960
-0.65865 2.13956
-0.65850 2.13952
-0.65834 2.13948
-0.65819 2.13944
-0.65804 2.13940
-0.65789 2.13936
-0.65774 2.13932
-0.65759 2.13928
-0.65743 2.13924
-0.65728 2.13920
-0.65713 2.13916
-0.65698 2.13912
-0.65683 2.13908
-0.65667 2.13904
-0.65652 2.13900
-0.65637 2.13896
-0.65622 2.13892
-0.65607 2.13888
-0.65592 2.13884
-0.65576 2.13880
-0.65561 2.13876
-0.65546 2.13872
-0.65531 2.13868
-0.65516 2.13863
-0.65500 2.13859
-0.65485 2.13855
-0.65470 2.13851
-0.65455 2.13847
-0.65440 2.13843
-0.65425 2.13839
-0.65409 2.13835
-0.65394 2.13831
-0.65379 2.13827
-0.65364 2.13823
-0.65349 2.13819
-0.65333 2.13815
-0.65318 2.13811
-0.65303 2.13807
-0.65288 2.13803
-0.65273 2.13799
-0.65258 2.13794
-0.65242 2.13790
-0.65227 2.13786
-0.65212 2.13782
-0.65197 2.13778
-0.65182 2.13774
-0.65166 2.13770
-0.65151 2.13766
-0.65136 2.13762
-0.65121 2.13758
-0.65106 2.13754
-0.65091 2.13750
-0.65075 2.13745
-0.65060 2.13741
-0.65045 2.13737
-0.65030 2.13733
-0.65015 2.13729
-0.65000 2.13725
-0.64984 2.13721
-0.64969 2.13717
-0.64954 2.13712
-0.64939 2.13708
-0.64924 2.13704
-0.64909 2.13700
-0.64893 2.13696
-0.64878 2.13692
-0.64863 2.13688
-0.64848 2.13684
-0.64833 2.13679
-0.64817 2.13675
-0.64802 2.13671
-0.64787 2.13667
-0.64772 2.13663
-0.64757 2.13659
-0.64742 2.13655
-0.64726 2.13650
-0.64711 2.13646
-0.64696 2.13642
-0.64681 2.13638
-0.64666 2.13634
-0.64651 2.13630
-0.64635 2.13625
-0.64620 2.13621
-0.64605 2.13617
-0.64590 2.13613
-0.64575 2.13609
-0.64560 2.13605
-0.64544 2.13600
-0.64529 2.13596
-0.64514 2.13592
-0.64499 2.13588
-0.64484 2.13584
-0.64469 2.13579
-0.64453 2.13575
-0.64438 2.13571
-0.64423 2.13567
-0.64408 2.13563
-0.64393 2.13558
-0.64378 2.13554
-0.64362 2.13550
-0.64347 2.13546
-0.64332 2.13542
-0.64317 2.13537
-0.64302 2.13533
-0.64287 2.13529
-0.64272 2.13525
-0.64256 2.13520
-0.64241 2.13516
-0.64226 2.13512
-0.64211 2.13508
-0.64196 2.13504
-0.64181 2.13499
-0.64165 2.13495
-0.64150 2.13491
-0.64135 2.13487
-0.64120 2.13482
-0.64105 2.13478
-0.64090 2.13474
-0.64074 2.13470
-0.64059 2.13465
-0.64044 2.13461
-0.64029 2.13457
-0.64014 2.13453
-0.63999 2.13448
-0.63984 2.13444
-0.63968 2.13440
-0.63953 2.13436
-0.63938 2.13431
-0.63923 2.13427
-0.63907 2.13415
-0.63891 2.13403
-0.63876 2.13391
-0.63860 2.13379
-0.63844 2.13367
-0.63829 2.13354
-0.63813 2.13342
-0.63797 2.13330
-0.63781 2.13318
-0.63766 2.13306
-0.63750 2.13294
-0.63734 2.13281
-0.63719 2.13269
-0.63703 2.13257
-0.63687 2.13245
-0.63671 2.13233
-0.63656 2.13220
-0.63640 2.13208
-0.63624 2.13196
-0.63609 2.13184
-0.63593 2.13172
-0.63577 2.13159
-0.63562 2.13147
-0.63546 2.13135
-0.63530 2.13123
-0.63514 2.13110
-0.63499 2.13098
-0.63483 2.13086
-0.63467 2.13074
-0.63452 2.13062
-0.63436 2.13049
-0.63420 2.13037
-0.63405 2.13025
-0.63389 2.13013
-0.63373 2.13000
-0.63358 2.12988
-0.63342 2.12976
-0.63326 2.12964
-0.63311 2.12951
-0.63295 2.12939
-0.63279 2.12927
-0.63264 2.12915
-0.63248 2.12902
-0.63232 2.12890
-0.63217 2.12878
-0.63201 2.12866
-0.63185 2.12853
-0.63170 2.12841
-0.63154 2.12829
-0.63138 2.12817
-0.63123 2.12804
-0.63107 2.12792
-0.63091 2.12780
-0.63076 2.12768
-0.63060 2.12755
-0.63044 2.12743
-0.63029 2.12731
-0.63013 2.12718
-0.62997 2.12706
-0.62982 2.12694
-0.62966 2.12682
-0.62950 2.12669
-0.62935 2.12657
-0.62919 2.12645
-0.62904 2.12632
-0.62888 2.12620
-0.62872 2.12608
-0.62857 2.12596
-0.62841 2.12583
-0.62825 2.12571
-0.62810 2.12559
-0.62794 2.12546
-0.62778 2.12534
-0.62763 2.12522
-0.62747 2.12509
-0.62732 2.12497
-0.62716 2.12485
-0.62700 2.12472
-0.62685 2.12460
-0.62669 2.12448
-0.62654 2.12435
-0.62638 2.12423
-0.62622 2.12411
-0.62607 2.12398
-0.62591 2.12386
-0.62575 2.12374
-0.62560 2.12361
-0.62544 2.12349
-0.62529 2.12337
-0.62513 2.12324
-0.62497 2.12312
-0.62482 2.12300
-0.62466 2.12287
-0.62451 2.12275
-0.62435 2.12263
-0.62419 2.12250
-0.62404 2.12238
-0.62388 2.12226
-0.62373 2.12213
-0.62357 2.12201
-0.62342 2.12188
-0.62326 2.12176
-0.62310 2.12164
-0.62295 2.12151
-0.62279 2.12139
-0.62264 2.12127
-0.62248 2.12114
-0.62232 2.12102
-0.62217 2.12089
-0.62201 2.12077
-0.62186 2.12065
-0.62170 2.12052
-0.62155 2.12040
-0.62139 2.12028
-0.62123 2.12015
-0.62108 2.12003
-0.62092 2.11990
-0.62077 2.11978
-0.62061 2.11966
-0.62046 2.11953
-0.62030 2.11941
-0.62015 2.11928
-0.61999 2.11916
-0.61983 2.11904
-0.61968 2.11891
-0.61952 2.11879
-0.61937 2.11866
-0.61921 2.11854
-0.61906 2.11841
-0.61890 2.11829
-0.61875 2.11817
-0.61859 2.11804
-0.61843 2.11792
-0.61828 2.11779
-0.61812 2.11767
-0.61797 2.11754
-0.61781 2.11742
-0.61766 2.11730
-0.61750 2.11717
-0.61735 2.11705
-0.61719 2.11692
-0.61704 2.11680
-0.61688 2.11667
-0.61673 2.11655
-0.61657 2.11642
-0.61642 2.11630
