-0.94020 2.03855
-0.94015 2.03842
-0.94010 2.03830
-0.94005 2.03817
-0.94000 2.03804
-0.93995 2.03792
-0.93990 2.03779
-0.93985 2.03766
-0.93980 2.03753
-0.93975 2.03741
-0.93970 2.03728
-0.93965 2.03715
-0.93960 2.03703
-0.93955 2.03690
-0.93950 2.03677
-0.93945 2.03664
-0.93940 2.03652
-0.93935 2.03639
-0.93930 2.03626
-0.93925 2.03614
-0.93920 2.03601
-0.93915 2.03588
-0.93910 2.03575
-0.93905 2.03563
-0.93900 2.03550
-0.93895 2.03537
-0.93890 2.03525
-0.93885 2.03512
-0.93880 2.03499
-0.93875 2.03486
-0.93870 2.03474
-0.93865 2.03461
-0.93860 2.03448
-0.93855 2.03436
-0.93850 2.03423
-0.93845 2.03410
-0.93840 2.03397
-0.93835 2.03385
-0.93830 2.03372
-0.93825 2.03359
-0.93820 2.03347
-0.93815 2.03334
-0.93810 2.03321
-0.93805 2.03308
-0.93801 2.03296
-0.93796 2.03283
-0.93791 2.03270
-0.93786 2.03257
-0.93781 2.03245
-0.93776 2.03232
-0.93771 2.03219
-0.93766 2.03207
-0.93761 2.03194
-0.93756 2.03181
-0.93751 2.03168
-0.93746 2.03156
-0.93741 2.03143
-0.93736 2.03130
-0.93731 2.03117
-0.93726 2.03105
-0.93721 2.03092
-0.93716 2.03079
-0.93711 2.03066
-0.93706 2.03054
-0.93701 2.03041
-0.93696 2.03028
-0.93691 2.03016
-0.93686 2.03003
-0.93681 2.02990
-0.93676 2.02977
-0.93671 2.02965
-0.93666 2.02952
-0.93661 2.02939
-0.93656 2.02926
-0.93651 2.02914
-0.93646 2.02901
-0.93641 2.02888
-0.93636 2.02875
-0.93631 2.02863
-0.93626 2.02850
-0.93621 2.02837
-0.93616 2.02824
-0.93610 2.02812
-0.93605 2.02799
-0.93600 2.02786
-0.93595 2.02773
-0.93590 2.02761
-0.93585 2.02748
-0.93580 2.02735
-0.93575 2.02722
-0.93570 2.02710
-0.93565 2.02697
-0.93560 2.02684
-0.93555 2.02671
-0.93550 2.02659
-0.93545 2.02646
-0.93540 2.02633
-0.93535 2.02620
-0.93530 2.02608
-0.93525 2.02595
-0.93520 2.02582
-0.93515 2.02569
-0.93510 2.02557
-0.93505 2.02544
-0.93500 2.02531
-0.93495 2.02518
-0.93490 2.02506
-0.93485 2.02493
-0.93480 2.02480
-0.93475 2.02467
-0.93470 2.02455
-0.93465 2.02442
-0.93460 2.02429
-0.93455 2.02416
-0.93450 2.02404
-0.93445 2.02391
-0.93440 2.02378
-0.93435 2.02365
-0.93430 2.02353
-0.93425 2.02340
-0.93420 2.02327
-0.93415 2.02314
-0.93410 2.02302
-0.93405 2.02289
-0.93400 2.02276
-0.93395 2.02263
-0.93390 2.02251
-0.93385 2.02238
-0.93380 2.02225
-0.93375 2.02212
-0.93370 2.02199
-0.93365 2.02187
-0.93360 2.02174
-0.93354 2.02161
-0.93349 2.02148
-0.93344 2.02136
-0.93339 2.02123
-0.93334 2.02110
-0.93329 2.02097
-0.93324 2.02085
-0.93319 2.02072
-0.93314 2.02059
-0.93309 2.02046
-0.93304 2.02033
-0.93299 2.02021
-0.93294 2.02008
-0.93289 2.01995
-0.93284 2.01982
-0.93279 2.01970
-0.93274 2.01957
-0.93269 2.01944
-0.93264 2.01931
-0.93259 2.01918
-0.93254 2.01906
-0.93249 2.01893
-0.93244 2.01880
-0.93239 2.01867
-0.93234 2.01855
-0.93229 2.01842
-0.93224 2.01829
-0.93219 2.01816
-0.93213 2.01803
-0.93208 2.01791
-0.93203 2.01778
-0.93198 2.01765
-0.93193 2.01752
-0.93188 2.01740
-0.93183 2.01727
-0.93178 2.01714
-0.93173 2.01701
-0.93168 2.01688
-0.93163 2.01676
-0.93158 2.01663
-0.93153 2.01650
-0.93148 2.01637
-0.93143 2.01624
-0.93138 2.01612
-0.93133 2.01599
-0.93128 2.01586
-0.93123 2.01573
-0.93118 2.01561
-0.93113 2.01548
-0.93107 2.01535
-0.93102 2.01522
-0.93097 2.01509
-0.93092 2.01497
-0.93087 2.01484
-0.93082 2.01471
-0.93077 2.01458
-0.93072 2.01445
-0.93067 2.01433
-0.93062 2.01420
-0.93064 2.01406
-0.93069 2.01393
-0.93073 2.01379
-0.93078 2.01365
-0.93082 2.01352
-0.93087 2.01338
-0.93091 2.01324
-0.93096 2.01311
-0.93100 2.01297
-0.93105 2.01283
-0.93109 2.01270
-0.93114 2.01256
-0.93118 2.01242
-0.93122 2.01229
-0.93127 2.01215
-0.93131 2.01201
-0.93136 2.01188
-0.93140 2.01174
-0.93145 2.01160
-0.93149 2.01147
-0.93153 2.01133
-0.93158 2.01119
-0.93162 2.01106
-0.93167 2.01092
-0.93171 2.01078
-0.93176 2.01065
-0.93180 2.01051
-0.93184 2.01037
-0.93189 2.01024
-0.93193 2.01010
-0.93198 2.00996
-0.93202 2.00982
-0.93206 2.00969
-0.93211 2.00955
-0.93215 2.00941
-0.93220 2.00928
-0.93224 2.00914
-0.93228 2.00900
-0.93233 2.00887
-0.93237 2.00873
-0.93241 2.00859
-0.93246 2.00845
-0.93250 2.00832
-0.93254 2.00818
-0.93259 2.00804
-0.93263 2.00791
-0.93268 2.00777
-0.93272 2.00763
-0.93276 2.00749
-0.93281 2.00736
-0.93285 2.00722
-0.93289 2.00708
-0.93294 2.00694
-0.93298 2.00681
-0.93302 2.00667
-0.93307 2.00653
-0.93311 2.00639
-0.93315 2.00626
-0.93320 2.00612
-0.93324 2.00598
-0.93328 2.00585
-0.93332 2.00571
-0.93337 2.00557
-0.93341 2.00543
-0.93345 2.00530
-0.93350 2.00516
-0.93354 2.00502
-0.93358 2.00488
-0.93363 2.00474
-0.93367 2.00461
-0.93371 2.00447
-0.93375 2.00433
-0.93380 2.00419
-0.93384 2.00406
-0.93388 2.00392
-0.93392 2.00378
-0.93397 2.00364
-0.93401 2.00351
-0.93405 2.00337
-0.93409 2.00323
-0.93414 2.00309
-0.93418 2.00295
-0.93422 2.00282
-0.93426 2.00268
-0.93431 2.00254
-0.93435 2.00240
-0.93439 2.00227
-0.93443 2.00213
-0.93448 2.00199
-0.93452 2.00185
-0.93456 2.00171
-0.93460 2.00158
-0.93465 2.00144
-0.93469 2.00130
-0.93473 2.00116
-0.93477 2.00102
-0.93479 2.00089
-0.93480 2.00075
-0.93481 2.00062
-0.93482 2.00048
-0.93484 2.00035
-0.93485 2.00021
-0.93486 2.00008
-0.93487 1.99994
-0.93488 1.99981
-0.93489 1.99967
-0.93490 1.99954
-0.93491 1.99940
-0.93492 1.99927
-0.93493 1.99913
-0.93494 1.99900
-0.93495 1.99886
-0.93496 1.99873
-0.93497 1.99859
-0.93498 1.99846
-0.93499 1.99832
-0.93500 1.99819
-0.93501 1.99805
-0.93502 1.99792
-0.93503 1.99778
-0.93504 1.99765
-0.93505 1.99751
-0.93507 1.99738
-0.93508 1.99724
-0.93509 1.99711
-0.93510 1.99697
-0.93511 1.99684
-0.93512 1.99670
-0.93513 1.99657
-0.93514 1.99643
-0.93515 1.99630
-0.93516 1.99616
-0.93517 1.99603
-0.93518 1.99589
-0.93519 1.99576
-0.93520 1.99562
-0.93521 1.99549
-0.93522 1.99535
-0.93523 1.99522
-0.93524 1.99508
-0.93525 1.99495
-0.93526 1.99481
-0.93527 1.99468
-0.93528 1.99454
-0.93529 1.99440
-0.93530 1.99427
-0.93531 1.99413
-0.93531 1.99400
-0.93532 1.99386
-0.93533 1.99373
-0.93534 1.99359
-0.93535 1.99346
-0.93536 1.99332
-0.93537 1.99319
-0.93538 1.99305
-0.93539 1.99292
-0.93540 1.99278
-0.93541 1.99265
-0.93542 1.99251
-0.93543 1.99237
-0.93544 1.99224
-0.93545 1.99210
-0.93546 1.99197
-0.93547 1.99183
-0.93548 1.99170
-0.93549 1.99156
-0.93550 1.99143
-0.93551 1.99129
-0.93552 1.99115
-0.93552 1.99102
-0.93553 1.99088
-0.93554 1.99075
-0.93555 1.99061
-0.93556 1.99048
-0.93557 1.99034
-0.93558 1.99021
-0.93559 1.99007
-0.93560 1.98993
-0.93561 1.98980
-0.93562 1.98966
-0.93563 1.98953
-0.93564 1.98939
-0.93564 1.98926
-0.93565 1.98912
-0.93566 1.98898
-0.93567 1.98885
-0.93568 1.98871
-0.93569 1.98858
-0.93570 1.98844
-0.93571 1.98831
-0.93572 1.98817
-0.93573 1.98803
-0.93573 1.98790
-0.93574 1.98776
-0.93575 1.98763
-0.93576 1.98749
-0.93577 1.98736
-0.93578 1.98722
-0.93579 1.98708
-0.93580 1.98695
-0.93580 1.98681
-0.93581 1.98668
-0.93582 1.98654
-0.93583 1.98641
-0.93584 1.98627
-0.93585 1.98613
-0.93586 1.98600
-0.93587 1.98586
-0.93587 1.98573
-0.93588 1.98559
-0.93589 1.98545
-0.93590 1.98532
-0.93591 1.98518
-0.93592 1.98505
-0.93593 1.98491
-0.93593 1.98477
-0.93594 1.98464
-0.93595 1.98450
-0.93596 1.98437
-0.93597 1.98423
-0.93598 1.98409
-0.93598 1.98396
-0.93599 1.98382
-0.93600 1.98369
-0.93601 1.98355
-0.93602 1.98341
-0.93603 1.98328
-0.93603 1.98314
-0.93604 1.98300
-0.93605 1.98287
-0.93606 1.98273
-0.93607 1.98260
-0.93607 1.98246
-0.93608 1.98232
-0.93609 1.98219
-0.93610 1.98205
-0.93611 1.98192
-0.93611 1.98178
-0.93612 1.98164
-0.93613 1.98151
-0.93614 1.98137
-0.93615 1.98123
-0.93615 1.98110
-0.93616 1.98096
-0.93617 1.98083
-0.93618 1.98069
-0.93619 1.98055
-0.93619 1.98042
-0.93620 1.98028
-0.93621 1.98014
-0.93622 1.98001
-0.93623 1.97987
-0.93623 1.97973
-0.93624 1.97960
-0.93625 1.97946
-0.93626 1.97933
-0.93626 1.97919
-0.93627 1.97905
-0.93628 1.97892
-0.93629 1.97878
-0.93629 1.97864
-0.93630 1.97851
-0.93631 1.97837
-0.93632 1.97823
-0.93632 1.97810
-0.93633 1.97796
-0.93634 1.97782
-0.93635 1.97769
-0.93635 1.97755
-0.93636 1.97742
-0.93637 1.97728
-0.93638 1.97714
-0.93638 1.97701
-0.93639 1.97687
-0.93640 1.97673
-0.93641 1.97660
-0.93641 1.97646
-0.93642 1.97632
-0.93643 1.97619
-0.93644 1.97605
-0.93644 1.97591
-0.93645 1.97578
-0.93646 1.97564
-0.93646 1.97550
-0.93647 1.97537
-0.93648 1.97523
-0.93649 1.97509
-0.93649 1.97496
-0.93650 1.97482
-0.93651 1.97468
-0.93651 1.97455
-0.93652 1.97441
-0.93653 1.97427
-0.93654 1.97414
-0.93654 1.97400
-0.93655 1.97386
-0.93656 1.97373
-0.93656 1.97359
-0.93657 1.97345
-0.93658 1.97331
-0.93658 1.97318
-0.93659 1.97304
-0.93660 1.97290
-0.93660 1.97277
-0.93661 1.97263
-0.93662 1.97249
-0.93662 1.97236
-0.93663 1.97222
-0.93664 1.97208
-0.93664 1.97195
-0.93665 1.97181
-0.93666 1.97167
-0.93666 1.97154
-0.93667 1.97140
-0.93668 1.97126
-0.93668 1.97112
-0.93669 1.97099
-0.93670 1.97085
-0.93670 1.97071
-0.93671 1.97058
-0.93672 1.97044
-0.93672 1.97030
-0.93673 1.97016
-0.93674 1.97003
-0.93674 1.96989
-0.93675 1.96975
-0.93676 1.96962
-0.93676 1.96948
-0.93677 1.96934
-0.93677 1.96921
-0.93678 1.96907
-0.93679 1.96893
-0.93679 1.96879
-0.93680 1.96866
-0.93681 1.96852
-0.93681 1.96838
-0.93682 1.96825
-0.93682 1.96811
-0.93683 1.96797
-0.93684 1.96783
-0.93684 1.96770
-0.93685 1.96756
-0.93686 1.96742
-0.93686 1.96728
-0.93687 1.96715
-0.93687 1.96701
-0.93688 1.96687
-0.93689 1.96674
-0.93689 1.96660
-0.93690 1.96646
-0.93690 1.96632
-0.93691 1.96619
-0.93691 1.96605
-0.93692 1.96591
-0.93693 1.96577
-0.93693 1.96564
-0.93694 1.96550
-0.93694 1.96536
-0.93695 1.96522
-0.93696 1.96509
-0.93696 1.96495
-0.93697 1.96481
-0.93697 1.96467
-0.93698 1.96454
-0.93698 1.96440
-0.93699 1.96426
-0.93700 1.96412
-0.93700 1.96399
-0.93701 1.96385
-0.93701 1.96371
-0.93702 1.96357
-0.93702 1.96344
-0.93703 1.96330
-0.93703 1.96316
-0.93704 1.96302
-0.93705 1.96289
-0.93705 1.96275
-0.93706 1.96261
-0.93706 1.96247
-0.93707 1.96234
-0.93707 1.96220
-0.93708 1.96206
-0.93708 1.96192
-0.93709 1.96179
-0.93707 1.96165
-0.93702 1.96152
-0.93696 1.96139
-0.93691 1.96126
-0.93685 1.96113
-0.93680 1.96100
-0.93674 1.96087
-0.93669 1.96074
-0.93664 1.96061
-0.93658 1.96048
-0.93653 1.96035
-0.93647 1.96022
-0.93642 1.96009
-0.93636 1.95996
-0.93631 1.95983
-0.93625 1.95970
-0.93620 1.95957
-0.93614 1.95944
-0.93609 1.95931
-0.93603 1.95918
-0.93598 1.95905
-0.93592 1.95892
-0.93587 1.95879
-0.93581 1.95866
-0.93576 1.95853
-0.93570 1.95840
-0.93565 1.95827
-0.93559 1.95814
-0.93554 1.95801
-0.93548 1.95788
-0.93543 1.95775
-0.93537 1.95762
-0.93532 1.95750
-0.93526 1.95737
-0.93521 1.95724
-0.93515 1.95711
-0.93510 1.95698
-0.93504 1.95685
-0.93499 1.95672
-0.93493 1.95659
-0.93488 1.95646
-0.93482 1.95633
-0.93477 1.95620
-0.93471 1.95607
-0.93466 1.95594
-0.93460 1.95581
-0.93455 1.95568
-0.93449 1.95555
-0.93444 1.95542
-0.93438 1.95529
-0.93433 1.95516
-0.93427 1.95503
-0.93422 1.95490
-0.93416 1.95477
-0.93411 1.95463
-0.93405 1.95450
-0.93400 1.95437
-0.93394 1.95424
-0.93389 1.95411
-0.93383 1.95398
-0.93378 1.95385
-0.93372 1.95372
-0.93367 1.95359
-0.93361 1.95346
-0.93356 1.95333
-0.93350 1.95320
-0.93345 1.95307
-0.93339 1.95294
-0.93334 1.95281
-0.93328 1.95268
-0.93323 1.95255
-0.93317 1.95242
-0.93312 1.95229
-0.93306 1.95216
-0.93301 1.95203
-0.93295 1.95190
-0.93290 1.95177
-0.93284 1.95164
-0.93279 1.95151
-0.93273 1.95138
-0.93268 1.95125
-0.93262 1.95112
-0.93257 1.95099
-0.93251 1.95086
-0.93246 1.95073
-0.93240 1.95060
-0.93235 1.95047
-0.93229 1.95034
-0.93224 1.95021
-0.93218 1.95008
-0.93213 1.94995
-0.93207 1.94982
-0.93202 1.94969
-0.93196 1.94956
-0.93191 1.94943
-0.93185 1.94930
-0.93181 1.94917
-0.93181 1.94903
-0.93182 1.94889
-0.93182 1.94875
-0.93183 1.94861
-0.93183 1.94847
-0.93183 1.94834
-0.93184 1.94820
-0.93184 1.94806
-0.93185 1.94792
-0.93185 1.94778
-0.93185 1.94765
-0.93186 1.94751
-0.93186 1.94737
-0.93187 1.94723
-0.93187 1.94709
-0.93188 1.94695
-0.93188 1.94682
-0.93188 1.94668
-0.93189 1.94654
-0.93189 1.94640
-0.93190 1.94626
-0.93190 1.94612
-0.93190 1.94599
-0.93191 1.94585
-0.93191 1.94571
-0.93192 1.94557
-0.93192 1.94543
-0.93192 1.94529
-0.93193 1.94515
-0.93193 1.94502
-0.93193 1.94488
-0.93194 1.94474
-0.93194 1.94460
-0.93195 1.94446
-0.93195 1.94432
-0.93195 1.94419
-0.93196 1.94405
-0.93196 1.94391
-0.93196 1.94377
-0.93197 1.94363
-0.93197 1.94349
-0.93198 1.94335
-0.93198 1.94322
-0.93198 1.94308
-0.93199 1.94294
-0.93199 1.94280
-0.93199 1.94266
-0.93200 1.94252
-0.93200 1.94238
-0.93200 1.94224
-0.93201 1.94211
-0.93201 1.94197
-0.93201 1.94183
-0.93202 1.94169
-0.93202 1.94155
-0.93202 1.94141
-0.93203 1.94127
-0.93203 1.94113
-0.93203 1.94100
-0.93204 1.94086
-0.93204 1.94072
-0.93204 1.94058
-0.93205 1.94044
-0.93205 1.94030
-0.93205 1.94016
-0.93206 1.94002
-0.93206 1.93989
-0.93206 1.93975
-0.93207 1.93961
-0.93207 1.93947
-0.93207 1.93933
-0.93207 1.93919
-0.93208 1.93905
-0.93208 1.93891
-0.93208 1.93877
-0.93209 1.93864
-0.93209 1.93850
-0.93209 1.93836
-0.93210 1.93822
-0.93210 1.93808
-0.93210 1.93794
-0.93210 1.93780
-0.93211 1.93766
-0.93211 1.93752
-0.93211 1.93738
-0.93212 1.93725
-0.93212 1.93711
-0.93212 1.93697
-0.93212 1.93683
-0.93213 1.93669
-0.93213 1.93655
-0.93213 1.93641
-0.93214 1.93627
-0.93214 1.93613
-0.93214 1.93599
-0.93214 1.93585
-0.93215 1.93572
-0.93215 1.93558
-0.93215 1.93544
-0.93215 1.93530
-0.93216 1.93516
-0.93216 1.93502
-0.93216 1.93488
-0.93216 1.93474
-0.93217 1.93460
-0.93217 1.93446
-0.93217 1.93432
-0.93217 1.93418
-0.93218 1.93404
-0.93218 1.93391
-0.93218 1.93377
-0.93218 1.93363
-0.93219 1.93349
-0.93219 1.93335
-0.93219 1.93321
-0.93219 1.93307
-0.93219 1.93293
-0.93220 1.93279
-0.93220 1.93265
-0.93220 1.93251
-0.93220 1.93237
-0.93221 1.93223
-0.93221 1.93209
-0.93221 1.93195
-0.93221 1.93182
-0.93221 1.93168
-0.93222 1.93154
-0.93222 1.93140
-0.93222 1.93126
-0.93222 1.93112
-0.93222 1.93098
-0.93223 1.93084
-0.93223 1.93070
-0.93223 1.93056
-0.93223 1.93042
-0.93223 1.93028
-0.93224 1.93014
-0.93224 1.93000
-0.93224 1.92986
-0.93224 1.92972
-0.93224 1.92958
-0.93224 1.92944
-0.93225 1.92930
-0.93225 1.92916
-0.93225 1.92902
-0.93225 1.92888
-0.93225 1.92874
-0.93226 1.92861
-0.93226 1.92847
-0.93226 1.92833
-0.93226 1.92819
-0.93226 1.92805
-0.93226 1.92791
-0.93227 1.92777
-0.93227 1.92763
-0.93227 1.92749
-0.93227 1.92735
-0.93227 1.92721
-0.93227 1.92707
-0.93227 1.92693
-0.93228 1.92679
-0.93228 1.92665
-0.93228 1.92651
-0.93228 1.92637
-0.93228 1.92623
-0.93228 1.92609
-0.93228 1.92595
-0.93229 1.92581
-0.93229 1.92567
-0.93229 1.92553
-0.93229 1.92539
-0.93229 1.92525
-0.93229 1.92511
-0.93229 1.92497
-0.93229 1.92483
-0.93230 1.92469
-0.93230 1.92455
-0.93230 1.92441
-0.93230 1.92427
-0.93230 1.92413
-0.93230 1.92399
-0.93230 1.92385
-0.93230 1.92371
-0.93231 1.92357
-0.93231 1.92343
-0.93231 1.92329
-0.93231 1.92315
-0.93231 1.92301
-0.93231 1.92287
-0.93231 1.92273
-0.93231 1.92259
-0.93231 1.92245
-0.93231 1.92231
-0.93231 1.92217
-0.93232 1.92203
-0.93232 1.92189
-0.93232 1.92175
-0.93232 1.92161
-0.93232 1.92147
-0.93232 1.92133
-0.93232 1.92119
-0.93232 1.92105
-0.93232 1.92091
-0.93232 1.92077
-0.93232 1.92063
-0.93232 1.92049
-0.93232 1.92035
-0.93233 1.92021
-0.93233 1.92007
-0.93233 1.91992
-0.93233 1.91978
-0.93233 1.91964
-0.93233 1.91950
-0.93233 1.91936
-0.93233 1.91922
-0.93233 1.91908
-0.93233 1.91894
-0.93233 1.91880
-0.93233 1.91866
-0.93233 1.91852
-0.93233 1.91838
-0.93233 1.91824
-0.93233 1.91810
-0.93233 1.91796
-0.93233 1.91782
-0.93233 1.91768
-0.93233 1.91754
-0.93233 1.91740
-0.93233 1.91726
-0.93234 1.91712
-0.93234 1.91698
-0.93234 1.91684
-0.93234 1.91669
-0.93234 1.91655
-0.93234 1.91641
-0.93234 1.91627
-0.93234 1.91613
-0.93234 1.91599
-0.93234 1.91585
-0.93234 1.91571
-0.93234 1.91557
-0.93234 1.91543
-0.93234 1.91529
-0.93234 1.91515
-0.93234 1.91501
-0.93234 1.91487
-0.93234 1.91473
-0.93234 1.91459
-0.93234 1.91444
-0.93234 1.91430
-0.93234 1.91416
-0.93234 1.91402
-0.93234 1.91388
-0.93234 1.91374
-0.93234 1.91360
-0.93234 1.91346
-0.93234 1.91332
-0.93234 1.91318
-0.93233 1.91304
-0.93233 1.91290
-0.93233 1.91275
-0.93233 1.91261
-0.93233 1.91247
-0.93233 1.91233
-0.93233 1.91219
-0.93233 1.91205
-0.93233 1.91191
-0.93233 1.91177
-0.93233 1.91163
-0.93233 1.91149
-0.93233 1.91135
-0.93233 1.91120
-0.93233 1.91106
-0.93233 1.91092
-0.93233 1.91078
-0.93233 1.91064
-0.93233 1.91050
-0.93233 1.91036
-0.93233 1.91022
-0.93233 1.91008
-0.93232 1.90994
-0.93232 1.90979
-0.93232 1.90965
-0.93232 1.90951
-0.93232 1.90937
-0.93232 1.90923
-0.93232 1.90909
-0.93232 1.90895
-0.93234 1.90880
-0.93237 1.90866
-0.93240 1.90851
-0.93243 1.90837
-0.93246 1.90822
-0.93248 1.90807
-0.93251 1.90793
-0.93254 1.90778
-0.93257 1.90764
-0.93259 1.90749
-0.93262 1.90734
-0.93265 1.90720
-0.93268 1.90705
-0.93270 1.90691
-0.93273 1.90676
-0.93276 1.90661
-0.93279 1.90647
-0.93281 1.90632
-0.93284 1.90618
-0.93287 1.90603
-0.93289 1.90588
-0.93292 1.90574
-0.93295 1.90559
-0.93298 1.90544
-0.93300 1.90530
-0.93303 1.90515
-0.93306 1.90501
-0.93308 1.90486
-0.93311 1.90471
-0.93314 1.90457
-0.93317 1.90442
-0.93319 1.90427
-0.93322 1.90413
-0.93325 1.90398
-0.93327 1.90384
-0.93330 1.90369
-0.93333 1.90354
-0.93335 1.90340
-0.93338 1.90325
-0.93341 1.90310
-0.93343 1.90296
-0.93346 1.90281
-0.93349 1.90266
-0.93351 1.90252
-0.93354 1.90237
-0.93357 1.90222
-0.93359 1.90208
-0.93362 1.90193
-0.93365 1.90178
-0.93367 1.90164
-0.93370 1.90149
-0.93373 1.90134
-0.93375 1.90120
-0.93378 1.90105
-0.93381 1.90090
-0.93383 1.90076
-0.93386 1.90061
-0.93388 1.90046
-0.93391 1.90032
-0.93394 1.90017
-0.93396 1.90002
-0.93399 1.89988
-0.93402 1.89973
-0.93404 1.89958
-0.93407 1.89944
-0.93409 1.89929
-0.93412 1.89914
-0.93415 1.89900
-0.93417 1.89885
-0.93420 1.89870
-0.93422 1.89856
-0.93425 1.89841
-0.93428 1.89826
-0.93430 1.89811
-0.93433 1.89797
-0.93435 1.89782
-0.93438 1.89767
-0.93440 1.89753
-0.93443 1.89738
-0.93446 1.89723
-0.93448 1.89708
-0.93451 1.89694
-0.93453 1.89679
-0.93456 1.89664
-0.93458 1.89650
-0.93461 1.89635
-0.93464 1.89620
-0.93466 1.89605
-0.93469 1.89591
-0.93471 1.89576
-0.93474 1.89561
-0.93476 1.89546
-0.93479 1.89532
-0.93481 1.89517
-0.93484 1.89502
-0.93486 1.89488
-0.93486 1.89473
-0.93484 1.89459
-0.93482 1.89445
-0.93481 1.89431
-0.93479 1.89417
-0.93477 1.89403
-0.93476 1.89389
-0.93474 1.89375
-0.93472 1.89361
-0.93470 1.89347
-0.93469 1.89333
-0.93467 1.89319
-0.93465 1.89305
-0.93464 1.89291
-0.93462 1.89277
-0.93460 1.89263
-0.93458 1.89249
-0.93457 1.89235
-0.93455 1.89221
-0.93453 1.89207
-0.93452 1.89193
-0.93450 1.89179
-0.93448 1.89165
-0.93446 1.89151
-0.93445 1.89137
-0.93443 1.89123
-0.93441 1.89109
-0.93440 1.89095
-0.93438 1.89081
-0.93436 1.89067
-0.93434 1.89053
-0.93433 1.89039
-0.93431 1.89025
-0.93429 1.89011
-0.93428 1.88997
-0.93426 1.88983
-0.93424 1.88969
-0.93422 1.88955
-0.93421 1.88941
-0.93419 1.88927
-0.93417 1.88913
-0.93415 1.88899
-0.93414 1.88885
-0.93412 1.88871
-0.93410 1.88857
-0.93408 1.88843
-0.93407 1.88829
-0.93405 1.88815
-0.93403 1.88801
-0.93401 1.88787
-0.93400 1.88773
-0.93398 1.88759
-0.93396 1.88745
-0.93394 1.88731
-0.93393 1.88717
-0.93391 1.88703
-0.93389 1.88689
-0.93387 1.88675
-0.93386 1.88661
-0.93384 1.88647
-0.93382 1.88633
-0.93380 1.88619
-0.93378 1.88604
-0.93377 1.88590
-0.93375 1.88576
-0.93373 1.88562
-0.93371 1.88548
-0.93370 1.88534
-0.93368 1.88520
-0.93366 1.88506
-0.93364 1.88492
-0.93362 1.88478
-0.93361 1.88464
-0.93359 1.88450
-0.93357 1.88436
-0.93355 1.88422
-0.93354 1.88408
-0.93352 1.88394
-0.93350 1.88380
-0.93348 1.88366
-0.93346 1.88352
-0.93345 1.88338
-0.93343 1.88323
-0.93341 1.88309
-0.93339 1.88295
-0.93337 1.88281
-0.93336 1.88267
-0.93334 1.88253
-0.93332 1.88239
-0.93330 1.88225
-0.93328 1.88211
-0.93327 1.88197
-0.93325 1.88183
-0.93323 1.88169
-0.93321 1.88155
-0.93319 1.88141
-0.93318 1.88127
-0.93316 1.88112
-0.93314 1.88098
-0.93312 1.88084
-0.93310 1.88070
-0.93308 1.88056
-0.93307 1.88042
-0.93305 1.88028
-0.93303 1.88014
-0.93301 1.88000
-0.93299 1.87986
-0.93298 1.87972
-0.93296 1.87958
-0.93294 1.87944
-0.93292 1.87929
-0.93290 1.87915
-0.93288 1.87901
-0.93287 1.87887
-0.93285 1.87873
-0.93283 1.87859
-0.93281 1.87845
-0.93279 1.87831
-0.93277 1.87817
-0.93275 1.87803
-0.93274 1.87789
-0.93272 1.87775
-0.93270 1.87760
-0.93268 1.87746
-0.93266 1.87732
-0.93264 1.87718
-0.93263 1.87704
-0.93261 1.87690
-0.93259 1.87676
-0.93257 1.87662
-0.93255 1.87648
-0.93253 1.87634
-0.93251 1.87619
-0.93250 1.87605
-0.93248 1.87591
-0.93246 1.87577
-0.93244 1.87563
-0.93242 1.87549
-0.93240 1.87535
-0.93238 1.87521
-0.93236 1.87507
-0.93235 1.87493
-0.93233 1.87478
-0.93231 1.87464
-0.93229 1.87450
-0.93227 1.87436
-0.93225 1.87422
-0.93223 1.87408
-0.93221 1.87394
-0.93220 1.87380
-0.93218 1.87365
-0.93216 1.87351
-0.93214 1.87337
-0.93212 1.87323
-0.93210 1.87309
-0.93208 1.87295
-0.93206 1.87281
-0.93204 1.87267
-0.93203 1.87253
-0.93201 1.87238
-0.93199 1.87224
-0.93197 1.87210
-0.93195 1.87196
-0.93193 1.87182
-0.93191 1.87168
-0.93189 1.87154
-0.93187 1.87139
-0.93185 1.87125
-0.93184 1.87111
-0.93182 1.87097
-0.93180 1.87083
-0.93178 1.87069
-0.93176 1.87055
-0.93174 1.87041
-0.93172 1.87026
-0.93170 1.87012
-0.93168 1.86998
-0.93166 1.86984
-0.93164 1.86970
-0.93163 1.86956
-0.93161 1.86942
-0.93159 1.86927
-0.93157 1.86913
-0.93155 1.86899
-0.93153 1.86885
-0.93151 1.86871
-0.93149 1.86857
-0.93147 1.86843
-0.93145 1.86828
-0.93143 1.86814
-0.93141 1.86800
-0.93139 1.86786
-0.93140 1.86771
-0.93142 1.86756
-0.93144 1.86741
-0.93146 1.86726
-0.93148 1.86711
-0.93151 1.86697
-0.93153 1.86682
-0.93155 1.86667
-0.93157 1.86652
-0.93159 1.86637
-0.93161 1.86622
-0.93163 1.86607
-0.93166 1.86592
-0.93168 1.86577
-0.93170 1.86562
-0.93172 1.86547
-0.93174 1.86532
-0.93176 1.86517
-0.93178 1.86502
-0.93180 1.86487
-0.93183 1.86472
-0.93185 1.86457
-0.93187 1.86442
-0.93189 1.86427
-0.93191 1.86412
-0.93193 1.86397
-0.93195 1.86382
-0.93197 1.86367
-0.93199 1.86352
-0.93202 1.86337
-0.93204 1.86322
-0.93206 1.86307
-0.93208 1.86292
-0.93210 1.86277
-0.93212 1.86262
-0.93214 1.86247
-0.93216 1.86232
-0.93218 1.86217
-0.93220 1.86202
-0.93222 1.86187
-0.93224 1.86172
-0.93226 1.86157
-0.93229 1.86142
-0.93231 1.86127
-0.93233 1.86112
-0.93235 1.86096
-0.93237 1.86081
-0.93239 1.86066
-0.93241 1.86051
-0.93243 1.86036
-0.93245 1.86021
-0.93247 1.86006
-0.93249 1.85991
-0.93251 1.85976
-0.93253 1.85961
-0.93255 1.85946
-0.93257 1.85931
-0.93259 1.85916
-0.93261 1.85901
-0.93263 1.85886
-0.93265 1.85871
-0.93267 1.85856
-0.93269 1.85841
-0.93271 1.85826
-0.93273 1.85811
-0.93275 1.85795
-0.93277 1.85780
-0.93279 1.85765
-0.93281 1.85750
-0.93283 1.85735
-0.93285 1.85720
-0.93287 1.85705
-0.93289 1.85690
-0.93291 1.85675
-0.93293 1.85660
-0.93295 1.85645
-0.93297 1.85630
-0.93299 1.85615
-0.93301 1.85599
-0.93303 1.85584
-0.93305 1.85569
-0.93307 1.85554
-0.93309 1.85539
-0.93311 1.85524
-0.93313 1.85509
-0.93315 1.85494
-0.93317 1.85479
-0.93319 1.85464
-0.93321 1.85448
-0.93323 1.85433
-0.93325 1.85418
-0.93327 1.85403
-0.93329 1.85388
-0.93330 1.85373
-0.93332 1.85358
-0.93334 1.85343
-0.93334 1.85328
-0.93332 1.85314
-0.93330 1.85299
-0.93328 1.85285
-0.93326 1.85271
-0.93324 1.85257
-0.93322 1.85242
-0.93320 1.85228
-0.93317 1.85214
-0.93315 1.85199
-0.93313 1.85185
-0.93311 1.85171
-0.93309 1.85157
-0.93307 1.85142
-0.93305 1.85128
-0.93303 1.85114
-0.93300 1.85100
-0.93298 1.85085
-0.93296 1.85071
-0.93294 1.85057
-0.93292 1.85042
-0.93290 1.85028
-0.93288 1.85014
-0.93285 1.85000
-0.93283 1.84985
-0.93281 1.84971
-0.93279 1.84957
-0.93277 1.84942
-0.93275 1.84928
-0.93273 1.84914
-0.93270 1.84900
-0.93268 1.84885
-0.93266 1.84871
-0.93264 1.84857
-0.93262 1.84842
-0.93260 1.84828
-0.93258 1.84814
-0.93255 1.84799
-0.93253 1.84785
-0.93251 1.84771
-0.93249 1.84757
-0.93247 1.84742
-0.93245 1.84728
-0.93242 1.84714
-0.93240 1.84699
-0.93238 1.84685
-0.93236 1.84671
-0.93234 1.84656
-0.93232 1.84642
-0.93229 1.84628
-0.93227 1.84614
-0.93225 1.84599
-0.93223 1.84585
-0.93221 1.84571
-0.93218 1.84556
-0.93216 1.84542
-0.93214 1.84528
-0.93212 1.84513
-0.93210 1.84499
-0.93208 1.84485
-0.93205 1.84470
-0.93203 1.84456
-0.93201 1.84442
-0.93199 1.84427
-0.93197 1.84413
-0.93194 1.84399
-0.93192 1.84384
-0.93190 1.84370
-0.93188 1.84356
-0.93186 1.84341
-0.93183 1.84327
-0.93181 1.84313
-0.93179 1.84298
-0.93177 1.84284
-0.93175 1.84270
-0.93172 1.84255
-0.93170 1.84241
-0.93168 1.84227
-0.93166 1.84212
-0.93164 1.84198
-0.93161 1.84184
-0.93159 1.84169
-0.93157 1.84155
-0.93155 1.84141
-0.93152 1.84126
-0.93150 1.84112
-0.93148 1.84098
-0.93146 1.84083
-0.93144 1.84069
-0.93141 1.84055
-0.93139 1.84040
-0.93137 1.84026
-0.93135 1.84012
-0.93132 1.83997
-0.93130 1.83983
-0.93128 1.83969
-0.93126 1.83954
-0.93123 1.83940
-0.93121 1.83926
-0.93119 1.83911
-0.93117 1.83897
-0.93115 1.83883
-0.93112 1.83868
-0.93110 1.83854
-0.93108 1.83839
-0.93106 1.83825
-0.93103 1.83811
-0.93101 1.83796
-0.93099 1.83782
-0.93097 1.83768
-0.93094 1.83753
-0.93092 1.83739
-0.93090 1.83725
-0.93088 1.83710
-0.93085 1.83696
-0.93083 1.83681
-0.93081 1.83667
-0.93079 1.83653
-0.93076 1.83638
-0.93074 1.83624
-0.93072 1.83610
-0.93069 1.83595
-0.93067 1.83581
-0.93065 1.83566
-0.93063 1.83552
-0.93060 1.83538
-0.93058 1.83523
-0.93056 1.83509
-0.93054 1.83495
-0.93051 1.83480
-0.93049 1.83466
-0.93047 1.83451
-0.93044 1.83437
-0.93042 1.83423
-0.93040 1.83408
-0.93038 1.83394
-0.93035 1.83380
-0.93033 1.83365
-0.93031 1.83351
-0.93028 1.83336
-0.93026 1.83322
-0.93024 1.83308
-0.93022 1.83293
-0.93019 1.83279
-0.93017 1.83264
-0.93015 1.83250
-0.93012 1.83236
-0.93010 1.83221
-0.93008 1.83207
-0.93006 1.83192
-0.93003 1.83178
-0.93001 1.83164
-0.92999 1.83149
-0.92996 1.83135
-0.92994 1.83120
-0.92992 1.83106
-0.92989 1.83092
-0.92987 1.83077
-0.92985 1.83063
-0.92982 1.83048
-0.92980 1.83034
-0.92978 1.83020
-0.92976 1.83005
-0.92973 1.82991
-0.92971 1.82976
-0.92969 1.82962
-0.92966 1.82947
-0.92964 1.82933
-0.92962 1.82919
-0.92959 1.82904
-0.92957 1.82890
-0.92955 1.82875
-0.92952 1.82861
-0.92950 1.82847
-0.92948 1.82832
-0.92945 1.82818
-0.92943 1.82803
-0.92941 1.82789
-0.92938 1.82774
-0.92936 1.82760
-0.92934 1.82746
-0.92931 1.82731
-0.92929 1.82717
-0.92927 1.82702
-0.92924 1.82688
-0.92922 1.82673
-0.92920 1.82659
-0.92917 1.82645
-0.92915 1.82630
-0.92912 1.82616
-0.92910 1.82601
-0.92908 1.82587
-0.92906 1.82572
-0.92908 1.82557
-0.92909 1.82541
-0.92911 1.82526
-0.92913 1.82511
-0.92914 1.82495
-0.92916 1.82480
-0.92917 1.82465
-0.92919 1.82449
-0.92920 1.82434
-0.92922 1.82419
-0.92924 1.82403
-0.92925 1.82388
-0.92927 1.82372
-0.92928 1.82357
-0.92930 1.82342
-0.92931 1.82326
-0.92933 1.82311
-0.92934 1.82296
-0.92936 1.82280
-0.92937 1.82265
-0.92939 1.82249
-0.92941 1.82234
-0.92942 1.82219
-0.92944 1.82203
-0.92945 1.82188
-0.92947 1.82172
-0.92948 1.82157
-0.92950 1.82142
-0.92951 1.82126
-0.92953 1.82111
-0.92954 1.82096
-0.92956 1.82080
-0.92957 1.82065
-0.92959 1.82049
-0.92960 1.82034
-0.92962 1.82018
-0.92963 1.82003
-0.92965 1.81988
-0.92966 1.81972
-0.92968 1.81957
-0.92969 1.81941
-0.92971 1.81926
-0.92972 1.81911
-0.92974 1.81895
-0.92975 1.81880
-0.92977 1.81864
-0.92978 1.81849
-0.92979 1.81833
-0.92981 1.81818
-0.92982 1.81803
-0.92984 1.81787
-0.92985 1.81772
-0.92987 1.81756
-0.92988 1.81741
-0.92990 1.81725
-0.92991 1.81710
-0.92993 1.81694
-0.92994 1.81679
-0.92995 1.81664
-0.92997 1.81648
-0.92998 1.81633
-0.93000 1.81617
-0.93001 1.81602
-0.93003 1.81586
-0.93004 1.81571
-0.93005 1.81555
-0.93007 1.81540
-0.93008 1.81524
-0.93010 1.81509
-0.93011 1.81494
-0.93012 1.81478
-0.93014 1.81463
-0.93015 1.81447
-0.93017 1.81432
-0.93018 1.81416
-0.93019 1.81401
-0.93021 1.81385
-0.93022 1.81370
-0.93024 1.81354
-0.93025 1.81339
-0.93026 1.81323
-0.93028 1.81308
-0.93029 1.81292
-0.93031 1.81277
-0.93032 1.81261
-0.93033 1.81246
-0.93035 1.81230
-0.93036 1.81215
-0.93037 1.81199
-0.93039 1.81184
-0.93040 1.81168
-0.93042 1.81153
-0.93043 1.81137
-0.93044 1.81122
-0.93046 1.81106
-0.93047 1.81091
-0.93045 1.81076
-0.93044 1.81061
-0.93043 1.81046
-0.93042 1.81031
-0.93040 1.81016
-0.93039 1.81001
-0.93038 1.80987
-0.93037 1.80972
-0.93035 1.80957
-0.93034 1.80942
-0.93033 1.80927
-0.93032 1.80912
-0.93030 1.80897
-0.93029 1.80882
-0.93028 1.80868
-0.93027 1.80853
-0.93025 1.80838
-0.93024 1.80823
-0.93023 1.80808
-0.93022 1.80793
-0.93020 1.80778
-0.93019 1.80763
-0.93018 1.80748
-0.93017 1.80733
-0.93015 1.80719
-0.93014 1.80704
-0.93013 1.80689
-0.93012 1.80674
-0.93010 1.80659
-0.93009 1.80644
-0.93008 1.80629
-0.93006 1.80614
-0.93005 1.80599
-0.93004 1.80584
-0.93003 1.80569
-0.93001 1.80554
-0.93000 1.80540
-0.92999 1.80525
-0.92997 1.80510
-0.92996 1.80495
-0.92995 1.80480
-0.92993 1.80465
-0.92992 1.80450
-0.92991 1.80435
-0.92990 1.80420
-0.92988 1.80405
-0.92987 1.80390
-0.92986 1.80375
-0.92984 1.80360
-0.92983 1.80346
-0.92982 1.80331
-0.92980 1.80316
-0.92979 1.80301
-0.92978 1.80286
-0.92976 1.80271
-0.92975 1.80256
-0.92974 1.80241
-0.92972 1.80226
-0.92971 1.80211
-0.92970 1.80196
-0.92968 1.80181
-0.92967 1.80166
-0.92966 1.80151
-0.92964 1.80136
-0.92963 1.80121
-0.92962 1.80106
-0.92960 1.80091
-0.92959 1.80077
-0.92958 1.80062
-0.92956 1.80047
-0.92955 1.80032
-0.92954 1.80017
-0.92952 1.80002
-0.92951 1.79987
-0.92950 1.79972
-0.92948 1.79957
-0.92947 1.79942
-0.92946 1.79927
-0.92944 1.79912
-0.92943 1.79897
-0.92942 1.79882
-0.92940 1.79867
-0.92939 1.79852
-0.92937 1.79837
-0.92936 1.79822
-0.92935 1.79807
-0.92933 1.79792
-0.92932 1.79777
-0.92931 1.79762
-0.92929 1.79747
-0.92928 1.79732
-0.92926 1.79717
-0.92925 1.79702
-0.92924 1.79687
-0.92922 1.79672
-0.92921 1.79657
-0.92920 1.79642
-0.92918 1.79627
-0.92917 1.79612
-0.92915 1.79597
-0.92914 1.79582
-0.92913 1.79567
-0.92911 1.79552
-0.92910 1.79537
-0.92908 1.79522
-0.92907 1.79507
-0.92906 1.79492
-0.92904 1.79477
-0.92903 1.79462
-0.92901 1.79447
-0.92900 1.79432
-0.92899 1.79417
-0.92897 1.79402
-0.92896 1.79387
-0.92894 1.79372
-0.92893 1.79357
-0.92892 1.79342
-0.92890 1.79327
-0.92889 1.79312
-0.92887 1.79297
-0.92886 1.79282
-0.92884 1.79267
-0.92883 1.79252
-0.92882 1.79237
-0.92880 1.79222
-0.92879 1.79207
-0.92877 1.79192
-0.92876 1.79177
-0.92874 1.79162
-0.92873 1.79147
-0.92871 1.79132
-0.92870 1.79117
-0.92869 1.79102
-0.92867 1.79087
-0.92866 1.79072
-0.92864 1.79057
-0.92863 1.79042
-0.92861 1.79027
-0.92860 1.79012
-0.92858 1.78997
-0.92857 1.78982
-0.92856 1.78967
-0.92854 1.78952
-0.92853 1.78937
-0.92851 1.78922
-0.92850 1.78907
-0.92848 1.78891
-0.92847 1.78876
-0.92845 1.78861
-0.92844 1.78846
-0.92842 1.78831
-0.92841 1.78816
-0.92839 1.78801
-0.92838 1.78786
-0.92836 1.78771
-0.92835 1.78756
-0.92834 1.78741
-0.92832 1.78726
-0.92831 1.78711
-0.92829 1.78696
-0.92828 1.78681
-0.92826 1.78666
-0.92825 1.78651
-0.92823 1.78635
-0.92822 1.78620
-0.92820 1.78605
-0.92819 1.78590
-0.92817 1.78575
-0.92816 1.78560
-0.92814 1.78545
-0.92813 1.78530
-0.92811 1.78515
-0.92810 1.78500
-0.92808 1.78485
-0.92807 1.78470
-0.92805 1.78455
-0.92804 1.78439
-0.92802 1.78424
-0.92801 1.78409
-0.92799 1.78394
-0.92798 1.78379
-0.92796 1.78364
-0.92794 1.78349
-0.92793 1.78334
-0.92791 1.78319
-0.92790 1.78304
-0.92788 1.78289
-0.92787 1.78274
-0.92785 1.78258
-0.92784 1.78243
-0.92782 1.78228
-0.92781 1.78213
-0.92779 1.78198
-0.92778 1.78183
-0.92776 1.78168
-0.92775 1.78153
-0.92773 1.78138
-0.92771 1.78122
-0.92770 1.78107
-0.92768 1.78092
-0.92767 1.78077
-0.92765 1.78062
-0.92764 1.78047
-0.92762 1.78032
-0.92761 1.78017
-0.92759 1.78002
-0.92757 1.77986
-0.92756 1.77971
-0.92754 1.77956
-0.92753 1.77941
-0.92751 1.77926
-0.92750 1.77911
-0.92748 1.77896
-0.92747 1.77881
-0.92745 1.77865
-0.92743 1.77850
-0.92742 1.77835
-0.92740 1.77820
-0.92739 1.77805
-0.92737 1.77790
-0.92736 1.77775
-0.92734 1.77760
-0.92732 1.77744
-0.92731 1.77729
-0.92729 1.77714
-0.92728 1.77699
-0.92726 1.77684
-0.92724 1.77669
-0.92723 1.77654
-0.92721 1.77638
-0.92720 1.77623
-0.92718 1.77608
-0.92716 1.77593
-0.92715 1.77578
-0.92713 1.77563
-0.92712 1.77547
-0.92710 1.77532
-0.92708 1.77517
-0.92707 1.77502
-0.92705 1.77487
-0.92704 1.77472
-0.92702 1.77457
-0.92700 1.77441
-0.92699 1.77426
-0.92697 1.77411
-0.92695 1.77396
-0.92694 1.77381
-0.92692 1.77366
-0.92691 1.77350
-0.92689 1.77335
-0.92687 1.77320
-0.92686 1.77305
-0.92684 1.77290
-0.92682 1.77275
-0.92681 1.77259
-0.92679 1.77244
-0.92678 1.77229
-0.92676 1.77214
-0.92674 1.77199
-0.92673 1.77183
-0.92671 1.77168
-0.92669 1.77153
-0.92668 1.77138
-0.92666 1.77123
-0.92664 1.77107
-0.92663 1.77092
-0.92661 1.77077
-0.92659 1.77062
-0.92658 1.77047
-0.92656 1.77032
-0.92654 1.77016
-0.92653 1.77001
-0.92651 1.76986
-0.92650 1.76971
-0.92648 1.76956
-0.92646 1.76940
-0.92645 1.76925
-0.92643 1.76910
-0.92641 1.76895
-0.92639 1.76880
-0.92638 1.76864
-0.92636 1.76849
-0.92634 1.76834
-0.92633 1.76819
-0.92631 1.76803
-0.92629 1.76788
-0.92628 1.76773
-0.92626 1.76758
-0.92626 1.76742
-0.92627 1.76726
-0.92628 1.76710
-0.92629 1.76694
-0.92629 1.76678
-0.92630 1.76662
-0.92631 1.76646
-0.92632 1.76631
-0.92632 1.76615
-0.92633 1.76599
-0.92634 1.76583
-0.92635 1.76567
-0.92636 1.76551
-0.92636 1.76535
-0.92637 1.76519
-0.92638 1.76503
-0.92639 1.76487
-0.92639 1.76471
-0.92640 1.76455
-0.92641 1.76439
-0.92641 1.76423
-0.92642 1.76407
-0.92643 1.76391
-0.92644 1.76375
-0.92644 1.76359
-0.92645 1.76343
-0.92646 1.76327
-0.92647 1.76311
-0.92647 1.76295
-0.92648 1.76279
-0.92649 1.76263
-0.92649 1.76247
-0.92650 1.76231
-0.92651 1.76215
-0.92652 1.76199
-0.92652 1.76183
-0.92653 1.76167
-0.92654 1.76151
-0.92654 1.76135
-0.92655 1.76119
-0.92656 1.76103
-0.92656 1.76087
-0.92657 1.76071
-0.92658 1.76055
-0.92658 1.76039
-0.92659 1.76023
-0.92660 1.76007
-0.92661 1.75991
-0.92661 1.75975
-0.92662 1.75959
-0.92663 1.75943
-0.92663 1.75927
-0.92664 1.75911
-0.92665 1.75895
-0.92665 1.75879
-0.92666 1.75863
-0.92666 1.75847
-0.92667 1.75831
-0.92668 1.75815
-0.92668 1.75799
-0.92669 1.75783
-0.92670 1.75767
-0.92670 1.75751
-0.92671 1.75735
-0.92672 1.75719
-0.92672 1.75703
-0.92673 1.75687
-0.92674 1.75671
-0.92674 1.75655
-0.92675 1.75639
-0.92675 1.75623
-0.92676 1.75607
-0.92677 1.75591
-0.92677 1.75574
-0.92678 1.75558
-0.92678 1.75542
-0.92679 1.75526
-0.92680 1.75510
-0.92680 1.75494
-0.92681 1.75478
-0.92681 1.75462
-0.92682 1.75446
-0.92683 1.75430
-0.92683 1.75414
-0.92684 1.75398
-0.92684 1.75382
-0.92685 1.75365
-0.92686 1.75349
-0.92686 1.75333
-0.92687 1.75317
-0.92687 1.75301
-0.92688 1.75285
-0.92688 1.75269
-0.92689 1.75253
-0.92690 1.75237
-0.92690 1.75221
-0.92691 1.75205
-0.92691 1.75188
-0.92692 1.75172
-0.92692 1.75156
-0.92693 1.75140
-0.92693 1.75124
-0.92694 1.75108
-0.92694 1.75092
-0.92695 1.75076
-0.92696 1.75060
-0.92696 1.75043
-0.92697 1.75027
-0.92697 1.75011
-0.92698 1.74995
-0.92698 1.74979
-0.92699 1.74963
-0.92699 1.74947
-0.92700 1.74931
-0.92700 1.74914
-0.92701 1.74898
-0.92701 1.74882
-0.92702 1.74866
-0.92702 1.74850
-0.92703 1.74834
-0.92703 1.74818
-0.92704 1.74801
-0.92704 1.74785
-0.92705 1.74769
-0.92705 1.74753
-0.92706 1.74737
-0.92706 1.74721
-0.92707 1.74704
-0.92707 1.74688
-0.92708 1.74672
-0.92708 1.74656
-0.92709 1.74640
-0.92709 1.74624
-0.92710 1.74607
-0.92710 1.74591
-0.92711 1.74575
-0.92711 1.74559
-0.92712 1.74543
-0.92712 1.74527
-0.92712 1.74510
-0.92713 1.74494
-0.92713 1.74478
-0.92714 1.74462
-0.92714 1.74446
-0.92715 1.74429
-0.92715 1.74413
-0.92716 1.74397
-0.92716 1.74381
-0.92716 1.74365
-0.92717 1.74348
-0.92717 1.74332
-0.92718 1.74316
-0.92718 1.74300
-0.92719 1.74284
-0.92719 1.74267
-0.92719 1.74251
-0.92720 1.74235
-0.92720 1.74219
-0.92721 1.74203
-0.92721 1.74186
-0.92722 1.74170
-0.92722 1.74154
-0.92722 1.74138
-0.92723 1.74121
-0.92723 1.74105
-0.92724 1.74089
-0.92724 1.74073
-0.92724 1.74056
-0.92725 1.74040
-0.92725 1.74024
-0.92725 1.74008
-0.92726 1.73992
-0.92726 1.73975
-0.92727 1.73959
-0.92727 1.73943
-0.92727 1.73927
-0.92728 1.73910
-0.92728 1.73894
-0.92728 1.73878
-0.92729 1.73862
-0.92729 1.73845
-0.92730 1.73829
-0.92730 1.73813
-0.92730 1.73796
-0.92731 1.73780
-0.92731 1.73764
-0.92731 1.73748
-0.92732 1.73731
-0.92732 1.73715
-0.92732 1.73699
-0.92733 1.73683
-0.92733 1.73666
-0.92733 1.73650
-0.92734 1.73634
-0.92734 1.73617
-0.92734 1.73601
-0.92735 1.73585
-0.92735 1.73569
-0.92735 1.73552
-0.92736 1.73536
-0.92736 1.73520
-0.92736 1.73503
-0.92737 1.73487
-0.92737 1.73471
-0.92737 1.73454
-0.92737 1.73438
-0.92738 1.73422
-0.92738 1.73406
-0.92738 1.73389
-0.92739 1.73373
-0.92739 1.73357
-0.92739 1.73340
-0.92740 1.73324
-0.92740 1.73308
-0.92740 1.73291
-0.92740 1.73275
-0.92741 1.73259
-0.92741 1.73242
-0.92741 1.73226
-0.92741 1.73210
-0.92742 1.73193
-0.92742 1.73177
-0.92742 1.73161
-0.92743 1.73144
-0.92743 1.73128
-0.92743 1.73112
-0.92743 1.73095
-0.92744 1.73079
-0.92744 1.73063
-0.92744 1.73046
-0.92744 1.73030
-0.92745 1.73014
-0.92745 1.72997
-0.92745 1.72981
-0.92745 1.72965
-0.92745 1.72948
-0.92746 1.72932
-0.92746 1.72915
-0.92746 1.72899
-0.92746 1.72883
-0.92747 1.72866
-0.92747 1.72850
-0.92747 1.72834
-0.92747 1.72817
-0.92747 1.72801
-0.92748 1.72784
-0.92748 1.72768
-0.92748 1.72752
-0.92748 1.72735
-0.92749 1.72719
-0.92749 1.72702
-0.92749 1.72686
-0.92749 1.72670
-0.92749 1.72653
-0.92749 1.72637
-0.92750 1.72621
-0.92750 1.72604
-0.92750 1.72588
-0.92750 1.72571
-0.92750 1.72555
-0.92751 1.72538
-0.92751 1.72522
-0.92751 1.72506
-0.92751 1.72489
-0.92751 1.72473
-0.92751 1.72456
-0.92752 1.72440
-0.92752 1.72424
-0.92752 1.72407
-0.92752 1.72391
-0.92752 1.72374
-0.92752 1.72358
-0.92752 1.72341
-0.92753 1.72325
-0.92753 1.72309
-0.92753 1.72292
-0.92753 1.72276
-0.92753 1.72259
-0.92753 1.72243
-0.92753 1.72226
-0.92754 1.72210
-0.92754 1.72193
-0.92754 1.72177
-0.92754 1.72161
-0.92754 1.72144
-0.92754 1.72128
-0.92754 1.72111
-0.92754 1.72095
-0.92751 1.72079
-0.92744 1.72065
-0.92738 1.72051
-0.92731 1.72037
-0.92724 1.72023
-0.92717 1.72009
-0.92710 1.71995
-0.92703 1.71981
-0.92696 1.71967
-0.92689 1.71953
-0.92682 1.71939
-0.92675 1.71925
-0.92668 1.71911
-0.92661 1.71897
-0.92654 1.71883
-0.92648 1.71869
-0.92641 1.71855
-0.92634 1.71841
-0.92627 1.71827
-0.92620 1.71813
-0.92613 1.71799
-0.92606 1.71785
-0.92599 1.71771
-0.92592 1.71757
-0.92585 1.71743
-0.92578 1.71729
-0.92571 1.71714
-0.92564 1.71700
-0.92557 1.71686
-0.92551 1.71672
-0.92544 1.71658
-0.92537 1.71644
-0.92530 1.71630
-0.92523 1.71616
-0.92516 1.71602
-0.92509 1.71588
-0.92502 1.71574
-0.92495 1.71560
-0.92488 1.71546
-0.92481 1.71532
-0.92474 1.71518
-0.92467 1.71504
-0.92460 1.71490
-0.92453 1.71476
-0.92447 1.71462
-0.92440 1.71447
-0.92433 1.71433
-0.92426 1.71419
-0.92419 1.71405
-0.92412 1.71391
-0.92405 1.71377
-0.92398 1.71363
-0.92391 1.71349
-0.92384 1.71335
-0.92377 1.71321
-0.92370 1.71307
-0.92363 1.71293
-0.92356 1.71279
-0.92349 1.71265
-0.92342 1.71251
-0.92336 1.71236
-0.92329 1.71222
-0.92322 1.71208
-0.92315 1.71194
-0.92308 1.71180
-0.92301 1.71166
-0.92294 1.71152
-0.92287 1.71138
-0.92280 1.71124
-0.92273 1.71110
-0.92266 1.71096
-0.92259 1.71082
-0.92252 1.71068
-0.92245 1.71053
-0.92238 1.71039
-0.92231 1.71025
-0.92224 1.71011
-0.92217 1.70997
-0.92211 1.70983
-0.92204 1.70969
-0.92197 1.70955
-0.92190 1.70941
-0.92183 1.70927
-0.92176 1.70913
-0.92169 1.70898
-0.92162 1.70884
-0.92155 1.70870
-0.92148 1.70856
-0.92141 1.70842
-0.92134 1.70828
-0.92127 1.70814
-0.92120 1.70800
-0.92113 1.70786
-0.92106 1.70772
-0.92099 1.70758
-0.92092 1.70743
-0.92088 1.70728
-0.92088 1.70712
-0.92088 1.70695
-0.92088 1.70679
-0.92088 1.70662
-0.92088 1.70646
-0.92088 1.70629
-0.92088 1.70613
-0.92088 1.70596
-0.92088 1.70580
-0.92088 1.70563
-0.92088 1.70546
-0.92088 1.70530
-0.92088 1.70513
-0.92088 1.70497
-0.92088 1.70480
-0.92088 1.70464
-0.92088 1.70447
-0.92088 1.70430
-0.92088 1.70414
-0.92088 1.70397
-0.92088 1.70381
-0.92087 1.70364
-0.92087 1.70348
-0.92087 1.70331
-0.92087 1.70314
-0.92087 1.70298
-0.92087 1.70281
-0.92087 1.70265
-0.92087 1.70248
-0.92087 1.70231
-0.92087 1.70215
-0.92087 1.70198
-0.92087 1.70182
-0.92087 1.70165
-0.92087 1.70148
-0.92087 1.70132
-0.92087 1.70115
-0.92087 1.70099
-0.92087 1.70082
-0.92086 1.70065
-0.92086 1.70049
-0.92086 1.70032
-0.92086 1.70015
-0.92086 1.69999
-0.92086 1.69982
-0.92086 1.69966
-0.92086 1.69949
-0.92086 1.69932
-0.92086 1.69916
-0.92086 1.69899
-0.92085 1.69882
-0.92085 1.69866
-0.92085 1.69849
-0.92085 1.69832
-0.92085 1.69816
-0.92085 1.69799
-0.92085 1.69782
-0.92085 1.69766
-0.92085 1.69749
-0.92084 1.69732
-0.92084 1.69716
-0.92084 1.69699
-0.92084 1.69683
-0.92084 1.69666
-0.92084 1.69649
-0.92084 1.69633
-0.92083 1.69616
-0.92083 1.69599
-0.92083 1.69582
-0.92083 1.69566
-0.92083 1.69549
-0.92083 1.69532
-0.92083 1.69516
-0.92082 1.69499
-0.92082 1.69482
-0.92082 1.69466
-0.92082 1.69449
-0.92082 1.69432
-0.92082 1.69416
-0.92081 1.69399
-0.92081 1.69382
-0.92081 1.69366
-0.92081 1.69349
-0.92081 1.69332
-0.92081 1.69315
-0.92080 1.69299
-0.92080 1.69282
-0.92080 1.69265
-0.92080 1.69249
-0.92080 1.69232
-0.92079 1.69215
-0.92079 1.69198
-0.92079 1.69182
-0.92079 1.69165
-0.92079 1.69148
-0.92078 1.69132
-0.92078 1.69115
-0.92078 1.69098
-0.92078 1.69081
-0.92078 1.69065
-0.92077 1.69048
-0.92077 1.69031
-0.92077 1.69014
-0.92077 1.68998
-0.92077 1.68981
-0.92076 1.68964
-0.92076 1.68947
-0.92076 1.68931
-0.92076 1.68914
-0.92075 1.68897
-0.92075 1.68880
-0.92075 1.68864
-0.92075 1.68847
-0.92074 1.68830
-0.92074 1.68813
-0.92074 1.68797
-0.92074 1.68780
-0.92073 1.68763
-0.92073 1.68746
-0.92073 1.68729
-0.92073 1.68713
-0.92072 1.68696
-0.92072 1.68679
-0.92072 1.68662
-0.92072 1.68646
-0.92071 1.68629
-0.92071 1.68612
-0.92071 1.68595
-0.92070 1.68578
-0.92070 1.68562
-0.92070 1.68545
-0.92070 1.68528
-0.92069 1.68511
-0.92069 1.68494
-0.92069 1.68478
-0.92068 1.68461
-0.92068 1.68444
-0.92068 1.68427
-0.92067 1.68410
-0.92067 1.68394
-0.92067 1.68377
-0.92067 1.68360
-0.92066 1.68343
-0.92066 1.68326
-0.92066 1.68309
-0.92065 1.68293
-0.92065 1.68276
-0.92065 1.68259
-0.92064 1.68242
-0.92064 1.68225
-0.92064 1.68208
-0.92063 1.68192
-0.92063 1.68175
-0.92063 1.68158
-0.92062 1.68141
-0.92062 1.68124
-0.92062 1.68107
-0.92061 1.68091
-0.92061 1.68074
-0.92061 1.68057
-0.92060 1.68040
-0.92060 1.68023
-0.92059 1.68006
-0.92059 1.67989
-0.92059 1.67973
-0.92058 1.67956
-0.92058 1.67939
-0.92058 1.67922
-0.92057 1.67905
-0.92057 1.67888
-0.92057 1.67871
-0.92056 1.67854
-0.92056 1.67838
-0.92055 1.67821
-0.92055 1.67804
-0.92055 1.67787
-0.92054 1.67770
-0.92054 1.67753
-0.92053 1.67736
-0.92053 1.67719
-0.92053 1.67702
-0.92052 1.67686
-0.92052 1.67669
-0.92051 1.67652
-0.92051 1.67635
-0.92051 1.67618
-0.92050 1.67601
-0.92050 1.67584
-0.92049 1.67567
-0.92049 1.67550
-0.92049 1.67533
-0.92048 1.67516
-0.92048 1.67500
-0.92047 1.67483
-0.92047 1.67466
-0.92046 1.67449
-0.92046 1.67432
-0.92045 1.67415
-0.92045 1.67398
-0.92045 1.67381
-0.92044 1.67364
-0.92044 1.67347
-0.92043 1.67330
-0.92043 1.67313
-0.92042 1.67296
-0.92042 1.67279
-0.92041 1.67262
-0.92041 1.67246
-0.92041 1.67229
-0.92040 1.67212
-0.92040 1.67195
-0.92039 1.67178
-0.92039 1.67161
-0.92038 1.67144
-0.92038 1.67127
-0.92037 1.67110
-0.92037 1.67093
-0.92036 1.67076
-0.92036 1.67059
-0.92035 1.67042
-0.92035 1.67025
-0.92034 1.67008
-0.92034 1.66991
-0.92033 1.66974
-0.92033 1.66957
-0.92032 1.66940
-0.92032 1.66923
-0.92031 1.66906
-0.92031 1.66889
-0.92030 1.66872
-0.92030 1.66855
-0.92029 1.66838
-0.92029 1.66821
-0.92028 1.66804
-0.92028 1.66787
-0.92027 1.66770
-0.92027 1.66753
-0.92026 1.66736
-0.92026 1.66719
-0.92025 1.66702
-0.92024 1.66685
-0.92024 1.66668
-0.92023 1.66651
-0.92023 1.66634
-0.92022 1.66617
-0.92022 1.66600
-0.92021 1.66583
-0.92021 1.66566
-0.92020 1.66549
-0.92020 1.66532
-0.92019 1.66515
-0.92018 1.66498
-0.92018 1.66481
-0.92017 1.66464
-0.92017 1.66447
-0.92016 1.66430
-0.92016 1.66413
-0.92015 1.66396
-0.92014 1.66378
-0.92014 1.66361
-0.92013 1.66344
-0.92013 1.66327
-0.92012 1.66310
-0.92012 1.66293
-0.92011 1.66276
-0.92010 1.66259
-0.92010 1.66242
-0.92009 1.66225
-0.92009 1.66208
-0.92008 1.66191
-0.92007 1.66174
-0.92007 1.66157
-0.92006 1.66140
-0.92006 1.66122
-0.92005 1.66105
-0.92004 1.66088
-0.92004 1.66071
-0.92003 1.66054
-0.92002 1.66037
-0.92002 1.66020
-0.92001 1.66003
-0.92001 1.65986
-0.92000 1.65969
-0.91999 1.65951
-0.91999 1.65934
-0.91998 1.65917
-0.91997 1.65900
-0.91997 1.65883
-0.91996 1.65866
-0.91995 1.65849
-0.91995 1.65832
-0.91994 1.65815
-0.91993 1.65797
-0.91993 1.65780
-0.91992 1.65763
-0.91991 1.65746
-0.91991 1.65729
-0.91990 1.65712
-0.91989 1.65695
-0.91989 1.65678
-0.91988 1.65660
-0.91987 1.65643
-0.91987 1.65626
-0.91986 1.65609
-0.91985 1.65592
-0.91985 1.65575
-0.91984 1.65558
-0.91983 1.65540
-0.91983 1.65523
-0.91982 1.65506
-0.91981 1.65489
-0.91981 1.65472
-0.91980 1.65455
-0.91979 1.65437
-0.91979 1.65420
-0.91978 1.65403
-0.91977 1.65386
-0.91976 1.65369
-0.91976 1.65352
-0.91975 1.65334
-0.91974 1.65317
-0.91974 1.65300
-0.91973 1.65283
-0.91972 1.65266
-0.91971 1.65249
-0.91971 1.65231
-0.91970 1.65214
-0.91969 1.65197
-0.91968 1.65180
-0.91968 1.65163
-0.91967 1.65145
-0.91966 1.65128
-0.91965 1.65111
-0.91965 1.65094
-0.91964 1.65077
-0.91963 1.65059
-0.91962 1.65042
-0.91962 1.65025
-0.91961 1.65008
-0.91960 1.64990
-0.91959 1.64973
-0.91959 1.64956
-0.91958 1.64939
-0.91957 1.64922
-0.91956 1.64904
-0.91956 1.64887
-0.91955 1.64870
-0.91954 1.64853
-0.91953 1.64835
-0.91952 1.64818
-0.91952 1.64801
-0.91951 1.64784
-0.91950 1.64766
-0.91949 1.64749
-0.91948 1.64732
-0.91948 1.64715
-0.91947 1.64697
-0.91946 1.64680
-0.91945 1.64663
-0.91944 1.64646
-0.91944 1.64628
-0.91943 1.64611
-0.91942 1.64594
-0.91941 1.64577
-0.91940 1.64559
-0.91940 1.64542
-0.91939 1.64525
-0.91938 1.64508
-0.91937 1.64490
-0.91936 1.64473
-0.91935 1.64456
-0.91935 1.64438
-0.91934 1.64421
-0.91933 1.64404
-0.91932 1.64387
-0.91931 1.64369
-0.91930 1.64352
-0.91930 1.64335
-0.91929 1.64317
-0.91928 1.64300
-0.91927 1.64283
-0.91926 1.64265
-0.91925 1.64248
-0.91924 1.64231
-0.91924 1.64214
-0.91923 1.64196
-0.91922 1.64179
-0.91921 1.64162
-0.91920 1.64144
-0.91919 1.64127
-0.91918 1.64110
-0.91917 1.64092
-0.91917 1.64075
-0.91916 1.64058
-0.91915 1.64040
-0.91914 1.64023
-0.91913 1.64006
-0.91912 1.63988
-0.91911 1.63971
-0.91910 1.63954
-0.91909 1.63936
-0.91909 1.63919
-0.91908 1.63902
-0.91907 1.63884
-0.91906 1.63867
-0.91905 1.63850
-0.91904 1.63832
-0.91903 1.63815
-0.91902 1.63797
-0.91901 1.63780
-0.91900 1.63763
-0.91899 1.63745
-0.91899 1.63728
-0.91898 1.63711
-0.91897 1.63693
-0.91896 1.63676
-0.91895 1.63659
-0.91894 1.63641
-0.91893 1.63624
-0.91892 1.63606
-0.91891 1.63589
-0.91890 1.63572
-0.91889 1.63554
-0.91888 1.63537
-0.91887 1.63519
-0.91886 1.63502
-0.91885 1.63485
-0.91884 1.63467
-0.91883 1.63450
-0.91882 1.63432
-0.91881 1.63415
-0.91880 1.63398
-0.91880 1.63380
-0.91879 1.63363
-0.91878 1.63345
-0.91877 1.63328
-0.91876 1.63311
-0.91875 1.63293
-0.91874 1.63276
-0.91873 1.63258
-0.91872 1.63241
-0.91871 1.63223
-0.91870 1.63206
-0.91869 1.63189
-0.91868 1.63171
-0.91867 1.63154
-0.91866 1.63136
-0.91865 1.63119
-0.91864 1.63101
-0.91863 1.63084
-0.91862 1.63066
-0.91861 1.63049
-0.91860 1.63032
-0.91859 1.63014
-0.91858 1.62997
-0.91857 1.62979
-0.91856 1.62962
-0.91855 1.62944
-0.91853 1.62927
-0.91852 1.62909
-0.91851 1.62892
-0.91850 1.62874
-0.91849 1.62857
-0.91848 1.62839
-0.91847 1.62822
-0.91846 1.62805
-0.91845 1.62787
-0.91844 1.62770
-0.91843 1.62752
-0.91842 1.62735
-0.91841 1.62717
-0.91840 1.62700
-0.91839 1.62682
-0.91838 1.62665
-0.91837 1.62647
-0.91836 1.62630
-0.91835 1.62612
-0.91833 1.62595
-0.91832 1.62577
-0.91831 1.62560
-0.91830 1.62542
-0.91829 1.62525
-0.91828 1.62507
-0.91827 1.62490
-0.91826 1.62472
-0.91825 1.62454
-0.91824 1.62437
-0.91823 1.62419
-0.91822 1.62402
-0.91820 1.62384
-0.91819 1.62367
-0.91818 1.62349
-0.91817 1.62332
-0.91816 1.62314
-0.91815 1.62297
-0.91814 1.62279
-0.91813 1.62262
-0.91812 1.62244
-0.91810 1.62226
-0.91809 1.62209
-0.91808 1.62191
-0.91807 1.62174
-0.91806 1.62156
-0.91805 1.62139
-0.91804 1.62121
-0.91803 1.62104
-0.91801 1.62086
-0.91800 1.62068
-0.91799 1.62051
-0.91798 1.62033
-0.91797 1.62016
-0.91796 1.61998
-0.91795 1.61981
-0.91793 1.61963
-0.91792 1.61945
-0.91791 1.61928
-0.91790 1.61910
-0.91789 1.61893
-0.91788 1.61875
-0.91786 1.61857
-0.91785 1.61840
-0.91784 1.61822
-0.91783 1.61805
-0.91782 1.61787
-0.91781 1.61769
-0.91779 1.61752
-0.91778 1.61734
-0.91777 1.61717
-0.91776 1.61699
-0.91775 1.61681
-0.91773 1.61664
-0.91772 1.61646
-0.91771 1.61629
-0.91770 1.61611
-0.91769 1.61593
-0.91767 1.61576
-0.91766 1.61558
-0.91765 1.61540
-0.91764 1.61523
-0.91763 1.61505
-0.91761 1.61487
-0.91760 1.61470
-0.91759 1.61452
-0.91758 1.61435
-0.91756 1.61417
-0.91755 1.61399
-0.91754 1.61382
-0.91753 1.61364
-0.91752 1.61346
-0.91750 1.61329
-0.91749 1.61311
-0.91748 1.61293
-0.91747 1.61276
-0.91745 1.61258
-0.91744 1.61240
-0.91743 1.61223
-0.91742 1.61205
-0.91740 1.61187
-0.91739 1.61170
-0.91738 1.61152
-0.91737 1.61134
-0.91735 1.61117
-0.91734 1.61099
-0.91733 1.61081
-0.91732 1.61063
-0.91730 1.61046
-0.91729 1.61028
-0.91728 1.61010
-0.91726 1.60993
-0.91725 1.60975
-0.91724 1.60957
-0.91723 1.60940
-0.91721 1.60922
-0.91720 1.60904
-0.91719 1.60886
-0.91717 1.60869
-0.91716 1.60851
-0.91715 1.60833
-0.91714 1.60816
-0.91712 1.60798
-0.91711 1.60780
-0.91710 1.60762
-0.91708 1.60745
-0.91707 1.60727
-0.91706 1.60709
-0.91704 1.60691
-0.91703 1.60674
-0.91702 1.60656
-0.91700 1.60638
-0.91699 1.60620
-0.91698 1.60603
-0.91696 1.60585
-0.91695 1.60567
-0.91694 1.60549
-0.91692 1.60532
-0.91691 1.60514
-0.91690 1.60496
-0.91688 1.60478
-0.91687 1.60461
-0.91686 1.60443
-0.91684 1.60425
-0.91683 1.60407
-0.91682 1.60390
-0.91680 1.60372
-0.91679 1.60354
-0.91678 1.60336
-0.91676 1.60318
-0.91675 1.60301
-0.91674 1.60283
-0.91672 1.60265
-0.91671 1.60247
-0.91669 1.60230
-0.91668 1.60212
-0.91667 1.60194
-0.91665 1.60176
-0.91664 1.60158
-0.91663 1.60141
-0.91661 1.60123
-0.91660 1.60105
-0.91658 1.60087
-0.91657 1.60069
-0.91656 1.60051
-0.91654 1.60034
-0.91653 1.60016
-0.91651 1.59998
-0.91650 1.59980
-0.91649 1.59962
-0.91647 1.59945
-0.91646 1.59927
-0.91644 1.59909
-0.91643 1.59891
-0.91641 1.59873
-0.91640 1.59855
-0.91639 1.59838
-0.91637 1.59820
-0.91636 1.59802
-0.91634 1.59784
-0.91633 1.59766
-0.91631 1.59748
-0.91630 1.59730
-0.91629 1.59713
-0.91627 1.59695
-0.91626 1.59677
-0.91624 1.59659
-0.91623 1.59641
-0.91621 1.59623
-0.91620 1.59605
-0.91618 1.59588
-0.91617 1.59570
-0.91616 1.59552
-0.91614 1.59534
-0.91613 1.59516
-0.91611 1.59498
-0.91610 1.59480
-0.91608 1.59462
-0.91607 1.59444
-0.91605 1.59427
-0.91604 1.59409
-0.91602 1.59391
-0.91601 1.59373
-0.91599 1.59355
-0.91598 1.59337
-0.91596 1.59319
-0.91595 1.59301
-0.91593 1.59283
-0.91592 1.59265
-0.91590 1.59248
-0.91589 1.59230
-0.91587 1.59212
-0.91586 1.59194
-0.91584 1.59176
-0.91583 1.59158
-0.91581 1.59140
-0.91580 1.59122
-0.91578 1.59104
-0.91577 1.59086
-0.91575 1.59068
-0.91574 1.59050
-0.91572 1.59032
-0.91571 1.59014
-0.91569 1.58997
-0.91568 1.58979
-0.91566 1.58961
-0.91565 1.58943
-0.91563 1.58925
-0.91562 1.58907
-0.91560 1.58889
-0.91558 1.58871
-0.91557 1.58853
-0.91555 1.58835
-0.91554 1.58817
-0.91552 1.58799
-0.91551 1.58781
-0.91549 1.58763
-0.91548 1.58745
-0.91546 1.58727
-0.91544 1.58709
-0.91543 1.58691
-0.91541 1.58673
-0.91540 1.58655
-0.91538 1.58637
-0.91537 1.58619
-0.91535 1.58601
-0.91533 1.58583
-0.91532 1.58565
-0.91530 1.58547
-0.91529 1.58529
-0.91527 1.58511
-0.91525 1.58493
-0.91524 1.58475
-0.91522 1.58457
-0.91521 1.58439
-0.91519 1.58421
-0.91517 1.58403
-0.91516 1.58385
-0.91514 1.58367
-0.91513 1.58349
-0.91511 1.58331
-0.91509 1.58313
-0.91508 1.58295
-0.91506 1.58277
-0.91505 1.58259
-0.91503 1.58241
-0.91501 1.58223
-0.91500 1.58205
-0.91498 1.58187
-0.91496 1.58169
-0.91495 1.58151
-0.91493 1.58133
-0.91492 1.58114
-0.91490 1.58096
-0.91488 1.58078
-0.91487 1.58060
-0.91485 1.58042
-0.91483 1.58024
-0.91482 1.58006
-0.91480 1.57988
-0.91478 1.57970
-0.91477 1.57952
-0.91475 1.57934
-0.91473 1.57916
-0.91472 1.57898
-0.91470 1.57880
-0.91468 1.57861
-0.91467 1.57843
-0.91465 1.57825
-0.91463 1.57807
-0.91462 1.57789
-0.91460 1.57771
-0.91458 1.57753
-0.91457 1.57735
-0.91455 1.57717
-0.91453 1.57699
-0.91452 1.57680
-0.91450 1.57662
-0.91448 1.57644
-0.91446 1.57626
-0.91445 1.57608
-0.91443 1.57590
-0.91441 1.57572
-0.91440 1.57554
-0.91438 1.57536
-0.91436 1.57517
-0.91434 1.57499
-0.91433 1.57481
-0.91431 1.57463
-0.91429 1.57445
-0.91428 1.57427
-0.91426 1.57409
-0.91424 1.57390
-0.91422 1.57372
-0.91421 1.57354
-0.91419 1.57336
-0.91417 1.57318
-0.91415 1.57300
-0.91414 1.57281
-0.91412 1.57263
-0.91410 1.57245
-0.91408 1.57227
-0.91407 1.57209
-0.91405 1.57191
-0.91403 1.57172
-0.91401 1.57154
-0.91400 1.57136
-0.91398 1.57118
-0.91396 1.57100
-0.91394 1.57082
-0.91393 1.57063
-0.91391 1.57045
-0.91389 1.57027
-0.91387 1.57009
-0.91386 1.56991
-0.91384 1.56972
-0.91382 1.56954
-0.91380 1.56936
-0.91378 1.56918
-0.91377 1.56900
-0.91375 1.56881
-0.91373 1.56863
-0.91371 1.56845
-0.91369 1.56827
-0.91368 1.56809
-0.91366 1.56790
-0.91364 1.56772
-0.91362 1.56754
-0.91360 1.56736
-0.91359 1.56717
-0.91357 1.56699
-0.91355 1.56681
-0.91353 1.56663
-0.91351 1.56644
-0.91349 1.56626
-0.91348 1.56608
-0.91346 1.56590
-0.91344 1.56572
-0.91342 1.56553
-0.91340 1.56535
-0.91338 1.56517
-0.91337 1.56498
-0.91335 1.56480
-0.91333 1.56462
-0.91331 1.56444
-0.91329 1.56425
-0.91327 1.56407
-0.91326 1.56389
-0.91324 1.56371
-0.91322 1.56352
-0.91320 1.56334
-0.91318 1.56316
-0.91316 1.56298
-0.91314 1.56279
-0.91313 1.56261
-0.91311 1.56243
-0.91309 1.56224
-0.91307 1.56206
-0.91305 1.56188
-0.91303 1.56169
-0.91301 1.56151
-0.91299 1.56133
-0.91298 1.56115
-0.91296 1.56096
-0.91294 1.56078
-0.91292 1.56060
-0.91290 1.56041
-0.91288 1.56023
-0.91286 1.56005
-0.91284 1.55986
-0.91282 1.55968
-0.91280 1.55950
-0.91279 1.55931
-0.91277 1.55913
-0.91275 1.55895
-0.91273 1.55876
-0.91271 1.55858
-0.91269 1.55840
-0.91267 1.55821
-0.91265 1.55803
-0.91263 1.55785
-0.91261 1.55766
-0.91259 1.55748
-0.91257 1.55730
-0.91255 1.55711
-0.91254 1.55693
-0.91252 1.55675
-0.91250 1.55656
-0.91248 1.55638
-0.91246 1.55619
-0.91244 1.55601
-0.91242 1.55583
-0.91240 1.55564
-0.91238 1.55546
-0.91236 1.55528
-0.91234 1.55509
-0.91232 1.55491
-0.91230 1.55472
-0.91228 1.55454
-0.91226 1.55436
-0.91224 1.55417
-0.91222 1.55399
-0.91220 1.55380
-0.91218 1.55362
-0.91216 1.55344
-0.91214 1.55325
-0.91212 1.55307
-0.91210 1.55288
-0.91208 1.55270
-0.91206 1.55252
-0.91204 1.55233
-0.91202 1.55215
-0.91200 1.55196
-0.91198 1.55178
-0.91196 1.55159
-0.91194 1.55141
-0.91192 1.55123
-0.91190 1.55104
-0.91188 1.55086
-0.91186 1.55067
-0.91184 1.55049
-0.91182 1.55030
-0.91180 1.55012
-0.91178 1.54993
-0.91176 1.54975
-0.91174 1.54957
-0.91172 1.54938
-0.91170 1.54920
-0.91168 1.54901
-0.91166 1.54883
-0.91164 1.54864
-0.91162 1.54846
-0.91160 1.54827
-0.91158 1.54809
-0.91156 1.54790
-0.91154 1.54772
-0.91152 1.54753
-0.91150 1.54735
-0.91148 1.54716
-0.91146 1.54698
-0.91143 1.54680
-0.91141 1.54661
-0.91139 1.54643
-0.91137 1.54624
-0.91135 1.54606
-0.91133 1.54587
-0.91131 1.54569
-0.91129 1.54550
-0.91127 1.54532
-0.91125 1.54513
-0.91123 1.54494
-0.91121 1.54476
-0.91119 1.54457
-0.91116 1.54439
-0.91114 1.54420
-0.91112 1.54402
-0.91110 1.54383
-0.91108 1.54365
-0.91106 1.54346
-0.91104 1.54328
-0.91102 1.54309
-0.91100 1.54291
-0.91098 1.54272
-0.91095 1.54254
-0.91093 1.54235
-0.91091 1.54217
-0.91089 1.54198
-0.91087 1.54179
-0.91085 1.54161
-0.91083 1.54142
-0.91081 1.54124
-0.91078 1.54105
-0.91076 1.54087
-0.91074 1.54068
-0.91072 1.54049
-0.91070 1.54031
-0.91068 1.54012
-0.91066 1.53994
-0.91063 1.53975
-0.91061 1.53957
-0.91059 1.53938
-0.91057 1.53919
-0.91055 1.53901
-0.91053 1.53882
-0.91051 1.53864
-0.91048 1.53845
-0.91046 1.53826
-0.91044 1.53808
-0.91042 1.53789
-0.91040 1.53771
-0.91038 1.53752
-0.91035 1.53733
-0.91033 1.53715
-0.91031 1.53696
-0.91029 1.53678
-0.91027 1.53659
-0.91024 1.53640
-0.91022 1.53622
-0.91020 1.53603
-0.91018 1.53584
-0.91016 1.53566
-0.91013 1.53547
-0.91011 1.53529
-0.91009 1.53510
-0.91007 1.53491
-0.91005 1.53473
-0.91002 1.53454
-0.91000 1.53435
-0.90998 1.53417
-0.90996 1.53398
-0.90994 1.53379
-0.90991 1.53361
-0.90989 1.53342
-0.90987 1.53323
-0.90985 1.53305
-0.90982 1.53286
-0.90980 1.53267
-0.90978 1.53249
-0.90976 1.53230
-0.90974 1.53211
-0.90971 1.53193
-0.90969 1.53174
-0.90967 1.53155
-0.90965 1.53137
-0.90962 1.53118
-0.90960 1.53099
-0.90958 1.53081
-0.90956 1.53062
-0.90953 1.53043
-0.90951 1.53024
-0.90949 1.53006
-0.90946 1.52987
-0.90944 1.52968
-0.90942 1.52950
-0.90940 1.52931
-0.90937 1.52912
-0.90935 1.52893
-0.90933 1.52875
-0.90931 1.52856
-0.90928 1.52837
-0.90926 1.52819
-0.90924 1.52800
-0.90921 1.52781
-0.90919 1.52762
-0.90917 1.52744
-0.90914 1.52725
-0.90912 1.52706
-0.90910 1.52687
-0.90908 1.52669
-0.90905 1.52650
-0.90903 1.52631
-0.90901 1.52612
-0.90898 1.52594
-0.90896 1.52575
-0.90894 1.52556
-0.90891 1.52537
-0.90889 1.52519
-0.90887 1.52500
-0.90884 1.52481
-0.90882 1.52462
-0.90880 1.52444
-0.90877 1.52425
-0.90875 1.52406
-0.90873 1.52387
-0.90870 1.52368
-0.90868 1.52350
-0.90866 1.52331
-0.90863 1.52312
-0.90861 1.52293
-0.90859 1.52274
-0.90856 1.52256
-0.90854 1.52237
-0.90852 1.52218
-0.90849 1.52199
-0.90847 1.52180
-0.90845 1.52162
-0.90842 1.52143
-0.90840 1.52124
-0.90837 1.52105
-0.90835 1.52086
-0.90833 1.52067
-0.90830 1.52049
-0.90828 1.52030
-0.90825 1.52011
-0.90823 1.51992
-0.90821 1.51973
-0.90818 1.51954
-0.90816 1.51936
-0.90814 1.51917
-0.90811 1.51898
-0.90809 1.51879
-0.90806 1.51860
-0.90804 1.51841
-0.90802 1.51822
-0.90799 1.51804
-0.90797 1.51785
-0.90794 1.51766
-0.90792 1.51747
-0.90789 1.51728
-0.90787 1.51709
-0.90785 1.51690
-0.90782 1.51672
-0.90780 1.51653
-0.90777 1.51634
-0.90775 1.51615
-0.90772 1.51596
-0.90770 1.51577
-0.90768 1.51558
-0.90765 1.51539
-0.90763 1.51520
-0.90760 1.51502
-0.90758 1.51483
-0.90755 1.51464
-0.90753 1.51445
-0.90750 1.51426
-0.90748 1.51407
-0.90746 1.51388
-0.90743 1.51369
-0.90741 1.51350
-0.90738 1.51331
-0.90736 1.51312
-0.90733 1.51293
-0.90731 1.51275
-0.90728 1.51256
-0.90726 1.51237
-0.90723 1.51218
-0.90721 1.51199
-0.90718 1.51180
-0.90716 1.51161
-0.90713 1.51142
-0.90711 1.51123
-0.90708 1.51104
-0.90706 1.51085
-0.90703 1.51066
-0.90701 1.51047
-0.90698 1.51028
-0.90696 1.51009
-0.90693 1.50990
-0.90691 1.50971
-0.90688 1.50952
-0.90686 1.50933
-0.90683 1.50914
-0.90681 1.50895
-0.90678 1.50876
-0.90676 1.50857
-0.90673 1.50838
-0.90671 1.50819
-0.90668 1.50800
-0.90666 1.50781
-0.90663 1.50762
-0.90661 1.50743
-0.90658 1.50724
-0.90656 1.50705
-0.90653 1.50686
-0.90650 1.50667
-0.90648 1.50648
-0.90645 1.50629
-0.90643 1.50610
-0.90640 1.50591
-0.90638 1.50572
-0.90635 1.50553
-0.90633 1.50534
-0.90630 1.50515
-0.90627 1.50496
-0.90625 1.50477
-0.90622 1.50458
-0.90620 1.50439
-0.90617 1.50420
-0.90615 1.50401
-0.90612 1.50382
-0.90609 1.50363
-0.90607 1.50344
-0.90604 1.50325
-0.90602 1.50306
-0.90599 1.50287
-0.90596 1.50268
-0.90599 1.50245
-0.90602 1.50222
-0.90605 1.50199
-0.90608 1.50176
-0.90611 1.50153
-0.90614 1.50131
-0.90617 1.50108
-0.90620 1.50085
-0.90622 1.50062
-0.90625 1.50039
-0.90628 1.50016
-0.90631 1.49993
-0.90634 1.49971
-0.90637 1.49948
-0.90639 1.49925
-0.90642 1.49902
-0.90645 1.49879
-0.90648 1.49856
-0.90651 1.49833
-0.90653 1.49810
-0.90656 1.49787
-0.90659 1.49764
-0.90662 1.49741
-0.90665 1.49719
-0.90667 1.49696
-0.90670 1.49673
-0.90673 1.49650
-0.90676 1.49627
-0.90678 1.49604
-0.90681 1.49581
-0.90684 1.49558
-0.90686 1.49535
-0.90689 1.49512
-0.90692 1.49489
-0.90695 1.49466
-0.90697 1.49443
-0.90700 1.49420
-0.90703 1.49397
-0.90705 1.49374
-0.90708 1.49351
-0.90711 1.49327
-0.90713 1.49304
-0.90716 1.49281
-0.90719 1.49258
-0.90721 1.49235
-0.90724 1.49212
-0.90727 1.49189
-0.90729 1.49166
-0.90732 1.49143
-0.90735 1.49120
-0.90737 1.49097
-0.90740 1.49073
-0.90742 1.49050
-0.90745 1.49027
-0.90748 1.49004
-0.90750 1.48981
-0.90753 1.48958
-0.90755 1.48935
-0.90758 1.48911
-0.90761 1.48888
-0.90763 1.48865
-0.90766 1.48842
-0.90768 1.48819
-0.90771 1.48796
-0.90773 1.48772
-0.90776 1.48749
-0.90778 1.48726
-0.90781 1.48703
-0.90783 1.48680
-0.90786 1.48656
-0.90788 1.48633
-0.90791 1.48610
-0.90793 1.48587
-0.90796 1.48563
-0.90798 1.48540
-0.90801 1.48517
-0.90803 1.48493
-0.90806 1.48470
-0.90808 1.48447
-0.90811 1.48424
-0.90813 1.48400
-0.90816 1.48377
-0.90818 1.48354
-0.90821 1.48330
-0.90823 1.48307
-0.90825 1.48284
-0.90828 1.48260
-0.90830 1.48237
-0.90833 1.48214
-0.90835 1.48190
-0.90838 1.48167
-0.90840 1.48144
-0.90842 1.48120
-0.90845 1.48097
-0.90847 1.48073
-0.90849 1.48050
-0.90847 1.48030
-0.90844 1.48011
-0.90841 1.47991
-0.90838 1.47972
-0.90835 1.47952
-0.90832 1.47933
-0.90829 1.47914
-0.90826 1.47894
-0.90824 1.47875
-0.90821 1.47855
-0.90818 1.47836
-0.90815 1.47816
-0.90812 1.47797
-0.90809 1.47777
-0.90806 1.47758
-0.90803 1.47738
-0.90800 1.47719
-0.90797 1.47700
-0.90794 1.47680
-0.90791 1.47661
-0.90788 1.47641
-0.90785 1.47622
-0.90782 1.47602
-0.90779 1.47583
-0.90776 1.47563
-0.90773 1.47544
-0.90770 1.47524
-0.90767 1.47505
-0.90764 1.47485
-0.90761 1.47466
-0.90758 1.47446
-0.90755 1.47427
-0.90752 1.47407
-0.90749 1.47388
-0.90746 1.47368
-0.90743 1.47348
-0.90740 1.47329
-0.90737 1.47309
-0.90734 1.47290
-0.90731 1.47270
-0.90728 1.47251
-0.90725 1.47231
-0.90722 1.47212
-0.90719 1.47192
-0.90716 1.47173
-0.90713 1.47153
-0.90710 1.47134
-0.90707 1.47114
-0.90704 1.47094
-0.90700 1.47075
-0.90697 1.47055
-0.90694 1.47036
-0.90691 1.47016
-0.90688 1.46997
-0.90685 1.46977
-0.90682 1.46957
-0.90679 1.46938
-0.90676 1.46918
-0.90673 1.46899
-0.90670 1.46879
-0.90667 1.46860
-0.90664 1.46840
-0.90661 1.46820
-0.90658 1.46801
-0.90655 1.46781
-0.90651 1.46762
-0.90648 1.46742
-0.90645 1.46722
-0.90642 1.46703
-0.90639 1.46683
-0.90636 1.46664
-0.90633 1.46644
-0.90630 1.46624
-0.90627 1.46605
-0.90624 1.46585
-0.90620 1.46565
-0.90617 1.46546
-0.90614 1.46526
-0.90611 1.46506
-0.90608 1.46487
-0.90605 1.46467
-0.90602 1.46448
-0.90599 1.46428
-0.90596 1.46408
-0.90592 1.46389
-0.90589 1.46369
-0.90586 1.46349
-0.90583 1.46330
-0.90580 1.46310
-0.90577 1.46290
-0.90574 1.46271
-0.90570 1.46251
-0.90567 1.46231
-0.90564 1.46212
-0.90561 1.46192
-0.90558 1.46172
-0.90555 1.46153
-0.90552 1.46133
-0.90548 1.46113
-0.90545 1.46093
-0.90542 1.46074
-0.90539 1.46054
-0.90536 1.46034
-0.90533 1.46015
-0.90529 1.45995
-0.90526 1.45975
-0.90523 1.45955
-0.90520 1.45936
-0.90517 1.45916
-0.90513 1.45896
-0.90510 1.45877
-0.90507 1.45857
-0.90504 1.45837
-0.90501 1.45817
-0.90498 1.45798
-0.90494 1.45778
-0.90491 1.45758
-0.90488 1.45738
-0.90485 1.45719
-0.90481 1.45699
-0.90478 1.45679
-0.90475 1.45659
-0.90472 1.45640
-0.90469 1.45620
-0.90465 1.45600
-0.90462 1.45580
-0.90459 1.45561
-0.90456 1.45541
-0.90453 1.45521
-0.90449 1.45501
-0.90446 1.45482
-0.90443 1.45462
-0.90440 1.45442
-0.90436 1.45422
-0.90433 1.45402
-0.90430 1.45383
-0.90427 1.45363
-0.90423 1.45343
-0.90420 1.45323
-0.90417 1.45303
-0.90414 1.45284
-0.90410 1.45264
-0.90407 1.45244
-0.90404 1.45224
-0.90401 1.45204
-0.90397 1.45184
-0.90394 1.45165
-0.90391 1.45145
-0.90387 1.45125
-0.90384 1.45105
-0.90381 1.45085
-0.90378 1.45065
-0.90374 1.45046
-0.90371 1.45026
-0.90368 1.45006
-0.90364 1.44986
-0.90361 1.44966
-0.90358 1.44946
-0.90355 1.44927
-0.90351 1.44907
-0.90348 1.44887
-0.90345 1.44867
-0.90341 1.44847
-0.90338 1.44827
-0.90335 1.44807
-0.90331 1.44787
-0.90328 1.44768
-0.90325 1.44748
-0.90321 1.44728
-0.90318 1.44708
-0.90315 1.44688
-0.90312 1.44668
-0.90308 1.44648
-0.90305 1.44628
-0.90302 1.44608
-0.90298 1.44589
-0.90295 1.44569
-0.90291 1.44549
-0.90288 1.44529
-0.90285 1.44509
-0.90281 1.44489
-0.90278 1.44469
-0.90275 1.44449
-0.90271 1.44429
-0.90268 1.44409
-0.90265 1.44389
-0.90261 1.44369
-0.90258 1.44349
-0.90255 1.44329
-0.90251 1.44310
-0.90248 1.44290
-0.90244 1.44270
-0.90241 1.44250
-0.90238 1.44230
-0.90234 1.44210
-0.90231 1.44190
-0.90228 1.44170
-0.90224 1.44150
-0.90221 1.44130
-0.90217 1.44110
-0.90214 1.44090
-0.90211 1.44070
-0.90207 1.44050
-0.90204 1.44030
-0.90200 1.44010
-0.90197 1.43990
-0.90194 1.43970
-0.90190 1.43950
-0.90187 1.43930
-0.90183 1.43910
-0.90180 1.43890
-0.90176 1.43870
-0.90173 1.43850
-0.90170 1.43830
-0.90166 1.43810
-0.90163 1.43790
-0.90159 1.43770
-0.90156 1.43750
-0.90152 1.43730
-0.90149 1.43710
-0.90146 1.43690
-0.90142 1.43670
-0.90139 1.43650
-0.90135 1.43630
-0.90132 1.43610
-0.90128 1.43590
-0.90125 1.43570
-0.90121 1.43550
-0.90118 1.43529
-0.90115 1.43509
-0.90111 1.43489
-0.90108 1.43469
-0.90104 1.43449
-0.90101 1.43429
-0.90097 1.43409
-0.90094 1.43389
-0.90090 1.43369
-0.90087 1.43349
-0.90083 1.43329
-0.90080 1.43309
-0.90076 1.43289
-0.90073 1.43269
-0.90069 1.43248
-0.90066 1.43228
-0.90062 1.43208
-0.90059 1.43188
-0.90055 1.43168
-0.90052 1.43148
-0.90048 1.43128
-0.90045 1.43108
-0.90041 1.43088
-0.90038 1.43067
-0.90034 1.43047
-0.90031 1.43027
-0.90027 1.43007
-0.90024 1.42987
-0.90020 1.42967
-0.90017 1.42947
-0.90013 1.42927
-0.90010 1.42906
-0.90006 1.42886
-0.90002 1.42866
-0.89999 1.42846
-0.89995 1.42826
-0.89992 1.42806
-0.89988 1.42785
-0.89985 1.42765
-0.89981 1.42745
-0.89978 1.42725
-0.89974 1.42705
-0.89971 1.42685
-0.89967 1.42664
-0.89963 1.42644
-0.89960 1.42624
-0.89956 1.42604
-0.89953 1.42584
-0.89949 1.42563
-0.89946 1.42543
-0.89942 1.42523
-0.89938 1.42503
-0.89935 1.42483
-0.89931 1.42462
-0.89928 1.42442
-0.89924 1.42422
-0.89920 1.42402
-0.89917 1.42382
-0.89913 1.42361
-0.89910 1.42341
-0.89906 1.42321
-0.89902 1.42301
-0.89899 1.42280
-0.89895 1.42260
-0.89892 1.42240
-0.89888 1.42220
-0.89884 1.42199
-0.89881 1.42179
-0.89877 1.42159
-0.89874 1.42139
-0.89870 1.42118
-0.89866 1.42098
-0.89863 1.42078
-0.89859 1.42058
-0.89855 1.42037
-0.89852 1.42017
-0.89848 1.41997
-0.89844 1.41977
-0.89841 1.41956
-0.89837 1.41936
-0.89834 1.41916
-0.89830 1.41895
-0.89826 1.41875
-0.89823 1.41855
-0.89819 1.41835
-0.89815 1.41814
-0.89812 1.41794
-0.89808 1.41774
-0.89804 1.41753
-0.89801 1.41733
-0.89797 1.41713
-0.89793 1.41692
-0.89790 1.41672
-0.89786 1.41652
-0.89782 1.41631
-0.89779 1.41611
-0.89775 1.41591
-0.89771 1.41570
-0.89767 1.41550
-0.89764 1.41530
-0.89760 1.41509
-0.89756 1.41489
-0.89753 1.41469
-0.89749 1.41448
-0.89745 1.41428
-0.89742 1.41408
-0.89738 1.41387
-0.89734 1.41367
-0.89730 1.41347
-0.89727 1.41326
-0.89723 1.41306
-0.89719 1.41285
-0.89716 1.41265
-0.89712 1.41245
-0.89708 1.41224
-0.89704 1.41204
-0.89701 1.41183
-0.89697 1.41163
-0.89693 1.41143
-0.89689 1.41122
-0.89686 1.41102
-0.89682 1.41081
-0.89678 1.41061
-0.89674 1.41041
-0.89671 1.41020
-0.89667 1.41000
-0.89663 1.40979
-0.89659 1.40959
-0.89656 1.40938
-0.89652 1.40918
-0.89648 1.40898
-0.89644 1.40877
-0.89641 1.40857
-0.89637 1.40836
-0.89633 1.40816
-0.89629 1.40795
-0.89625 1.40775
-0.89622 1.40754
-0.89618 1.40734
-0.89614 1.40714
-0.89610 1.40693
-0.89607 1.40673
-0.89603 1.40652
-0.89599 1.40632
-0.89595 1.40611
-0.89591 1.40591
-0.89588 1.40570
-0.89584 1.40550
-0.89580 1.40529
-0.89576 1.40509
-0.89572 1.40488
-0.89568 1.40468
-0.89565 1.40447
-0.89561 1.40427
-0.89557 1.40406
-0.89553 1.40386
-0.89552 1.40363
-0.89553 1.40338
-0.89553 1.40313
-0.89554 1.40288
-0.89555 1.40263
-0.89556 1.40238
-0.89557 1.40213
-0.89558 1.40188
-0.89559 1.40163
-0.89560 1.40138
-0.89561 1.40113
-0.89562 1.40088
-0.89563 1.40063
-0.89564 1.40038
-0.89565 1.40013
-0.89566 1.39988
-0.89567 1.39963
-0.89567 1.39938
-0.89568 1.39913
-0.89569 1.39888
-0.89570 1.39863
-0.89571 1.39837
-0.89572 1.39812
-0.89573 1.39787
-0.89573 1.39762
-0.89574 1.39737
-0.89575 1.39712
-0.89576 1.39687
-0.89577 1.39661
-0.89578 1.39636
-0.89578 1.39611
-0.89579 1.39586
-0.89580 1.39561
-0.89581 1.39536
-0.89582 1.39510
-0.89582 1.39485
-0.89583 1.39460
-0.89584 1.39435
-0.89585 1.39410
-0.89586 1.39384
-0.89586 1.39359
-0.89587 1.39334
-0.89588 1.39309
-0.89589 1.39283
-0.89589 1.39258
-0.89590 1.39233
-0.89591 1.39207
-0.89591 1.39182
-0.89592 1.39157
-0.89593 1.39132
-0.89594 1.39106
-0.89594 1.39081
-0.89595 1.39056
-0.89596 1.39030
-0.89596 1.39005
-0.89597 1.38980
-0.89598 1.38954
-0.89598 1.38929
-0.89599 1.38904
-0.89600 1.38878
-0.89600 1.38853
-0.89601 1.38827
-0.89602 1.38802
-0.89602 1.38777
-0.89603 1.38751
-0.89603 1.38726
-0.89604 1.38700
-0.89605 1.38675
-0.89605 1.38650
-0.89606 1.38624
-0.89606 1.38599
-0.89607 1.38573
-0.89608 1.38548
-0.89608 1.38522
-0.89609 1.38497
-0.89609 1.38471
-0.89610 1.38446
-0.89610 1.38420
-0.89611 1.38395
-0.89611 1.38369
-0.89612 1.38344
-0.89612 1.38318
-0.89613 1.38293
-0.89613 1.38267
-0.89614 1.38242
-0.89614 1.38216
-0.89615 1.38190
-0.89615 1.38165
-0.89616 1.38139
-0.89616 1.38114
-0.89617 1.38088
-0.89617 1.38063
-0.89618 1.38037
-0.89618 1.38011
-0.89619 1.37986
-0.89619 1.37960
-0.89618 1.37936
-0.89614 1.37915
-0.89610 1.37894
-0.89605 1.37873
-0.89601 1.37852
-0.89597 1.37831
-0.89593 1.37810
-0.89589 1.37789
-0.89585 1.37768
-0.89580 1.37747
-0.89576 1.37726
-0.89572 1.37705
-0.89568 1.37684
-0.89563 1.37664
-0.89559 1.37643
-0.89555 1.37622
-0.89551 1.37601
-0.89547 1.37580
-0.89542 1.37559
-0.89538 1.37538
-0.89534 1.37517
-0.89530 1.37496
-0.89525 1.37475
-0.89521 1.37454
-0.89517 1.37433
-0.89513 1.37412
-0.89508 1.37390
-0.89504 1.37369
-0.89500 1.37348
-0.89496 1.37327
-0.89491 1.37306
-0.89487 1.37285
-0.89483 1.37264
-0.89479 1.37243
-0.89474 1.37222
-0.89470 1.37201
-0.89466 1.37180
-0.89462 1.37159
-0.89457 1.37138
-0.89453 1.37117
-0.89449 1.37096
-0.89445 1.37075
-0.89440 1.37054
-0.89436 1.37033
-0.89432 1.37012
-0.89427 1.36990
-0.89423 1.36969
-0.89419 1.36948
-0.89414 1.36927
-0.89410 1.36906
-0.89406 1.36885
-0.89402 1.36864
-0.89397 1.36843
-0.89393 1.36822
-0.89389 1.36801
-0.89384 1.36779
-0.89380 1.36758
-0.89376 1.36737
-0.89371 1.36716
-0.89367 1.36695
-0.89363 1.36674
-0.89358 1.36653
-0.89354 1.36632
-0.89350 1.36610
-0.89345 1.36589
-0.89341 1.36568
-0.89337 1.36547
-0.89332 1.36526
-0.89328 1.36505
-0.89324 1.36483
-0.89319 1.36462
-0.89315 1.36441
-0.89311 1.36420
-0.89306 1.36399
-0.89302 1.36378
-0.89298 1.36356
-0.89293 1.36335
-0.89289 1.36314
-0.89284 1.36293
-0.89280 1.36272
-0.89276 1.36250
-0.89271 1.36229
-0.89267 1.36208
-0.89263 1.36187
-0.89258 1.36166
-0.89254 1.36144
-0.89249 1.36123
-0.89245 1.36102
-0.89241 1.36081
-0.89236 1.36060
-0.89232 1.36038
-0.89227 1.36017
-0.89223 1.35996
-0.89219 1.35975
-0.89214 1.35953
-0.89210 1.35932
-0.89205 1.35911
-0.89201 1.35890
-0.89197 1.35868
-0.89192 1.35847
-0.89188 1.35826
-0.89183 1.35805
-0.89179 1.35783
-0.89174 1.35762
-0.89170 1.35741
-0.89165 1.35719
-0.89161 1.35698
-0.89157 1.35677
-0.89152 1.35656
-0.89148 1.35634
-0.89143 1.35613
-0.89139 1.35592
-0.89134 1.35570
-0.89130 1.35549
-0.89125 1.35528
-0.89121 1.35507
-0.89117 1.35485
-0.89112 1.35464
-0.89108 1.35443
-0.89103 1.35421
-0.89099 1.35400
-0.89094 1.35379
-0.89090 1.35357
-0.89085 1.35336
-0.89081 1.35315
-0.89076 1.35293
-0.89072 1.35272
-0.89067 1.35250
-0.89063 1.35229
-0.89058 1.35208
-0.89054 1.35186
-0.89049 1.35165
-0.89045 1.35144
-0.89040 1.35122
-0.89036 1.35101
-0.89031 1.35080
-0.89027 1.35058
-0.89022 1.35037
-0.89018 1.35015
-0.89013 1.34994
-0.89009 1.34973
-0.89004 1.34951
-0.89000 1.34930
-0.88995 1.34908
-0.88991 1.34887
-0.88986 1.34866
-0.88981 1.34844
-0.88977 1.34823
-0.88972 1.34801
-0.88968 1.34780
-0.88963 1.34758
-0.88959 1.34737
-0.88954 1.34716
-0.88950 1.34694
-0.88945 1.34673
-0.88940 1.34651
-0.88936 1.34630
-0.88931 1.34608
-0.88927 1.34587
-0.88922 1.34565
-0.88918 1.34544
-0.88913 1.34522
-0.88908 1.34501
-0.88904 1.34480
-0.88899 1.34458
-0.88895 1.34437
-0.88890 1.34415
-0.88886 1.34394
-0.88881 1.34372
-0.88876 1.34351
-0.88872 1.34329
-0.88867 1.34308
-0.88863 1.34286
-0.88858 1.34265
-0.88853 1.34243
-0.88849 1.34222
-0.88844 1.34200
-0.88840 1.34179
-0.88835 1.34157
-0.88830 1.34135
-0.88826 1.34114
-0.88821 1.34092
-0.88816 1.34071
-0.88812 1.34049
-0.88807 1.34028
-0.88803 1.34006
-0.88798 1.33985
-0.88793 1.33963
-0.88789 1.33942
-0.88784 1.33920
-0.88779 1.33898
-0.88775 1.33877
-0.88770 1.33855
-0.88765 1.33834
-0.88761 1.33812
-0.88756 1.33791
-0.88751 1.33769
-0.88747 1.33747
-0.88742 1.33726
-0.88737 1.33704
-0.88733 1.33683
-0.88728 1.33661
-0.88723 1.33639
-0.88719 1.33618
-0.88714 1.33596
-0.88709 1.33575
-0.88705 1.33553
-0.88700 1.33531
-0.88695 1.33510
-0.88691 1.33488
-0.88686 1.33466
-0.88681 1.33445
-0.88676 1.33423
-0.88672 1.33401
-0.88667 1.33380
-0.88662 1.33358
-0.88658 1.33336
-0.88653 1.33315
-0.88648 1.33293
-0.88643 1.33271
-0.88639 1.33250
-0.88634 1.33228
-0.88629 1.33206
-0.88625 1.33185
-0.88620 1.33163
-0.88615 1.33141
-0.88610 1.33120
-0.88606 1.33098
-0.88601 1.33076
-0.88596 1.33055
-0.88591 1.33033
-0.88587 1.33011
-0.88582 1.32989
-0.88577 1.32968
-0.88572 1.32946
-0.88568 1.32924
-0.88563 1.32903
-0.88558 1.32881
-0.88553 1.32859
-0.88548 1.32837
-0.88544 1.32816
-0.88539 1.32794
-0.88534 1.32772
-0.88529 1.32750
-0.88525 1.32729
-0.88520 1.32707
-0.88515 1.32685
-0.88510 1.32663
-0.88505 1.32642
-0.88501 1.32620
-0.88496 1.32598
-0.88491 1.32576
-0.88486 1.32554
-0.88481 1.32533
-0.88477 1.32511
-0.88472 1.32489
-0.88467 1.32467
-0.88462 1.32446
-0.88457 1.32424
-0.88453 1.32402
-0.88448 1.32380
-0.88443 1.32358
-0.88438 1.32336
-0.88433 1.32315
-0.88428 1.32293
-0.88424 1.32271
-0.88419 1.32249
-0.88414 1.32227
-0.88409 1.32205
-0.88404 1.32184
-0.88399 1.32162
-0.88394 1.32140
-0.88390 1.32118
-0.88385 1.32096
-0.88380 1.32074
-0.88375 1.32052
-0.88370 1.32031
-0.88365 1.32009
-0.88360 1.31987
-0.88356 1.31965
-0.88351 1.31943
-0.88346 1.31921
-0.88341 1.31899
-0.88336 1.31877
-0.88331 1.31856
-0.88326 1.31834
-0.88321 1.31812
-0.88316 1.31790
-0.88716 1.31272
