torque_1 torque_2
1.57651 -0.40723
1.57336 -0.39793
1.57021 -0.38863
1.54055 -0.375841
1.52751 -0.363352
1.49654 -0.344458
1.47696 -0.329052
1.47317 -0.314519
1.47874 -0.30173
1.46469 -0.288369
1.46787 -0.273836
1.44684 -0.260174
1.42793 -0.246513
1.42348 -0.226174
1.39555 -0.216002
1.39226 -0.200597
1.38411 -0.185191
1.36933 -0.169786
1.3635 -0.154099
1.35773 -0.142763
1.35264 -0.123869
1.33989 -0.112824
1.33377 -0.102652
1.33382 -0.09278
1.31142 -0.0799911
1.30566 -0.0698189
1.30056 -0.0619726
1.29232 -0.0491837
1.29653 -0.0425096
1.28547 -0.0241967
1.27374 -0.0166411
1.26515 -0.00298
1.26389 0.0106811
1.24934 0.02317
1.23762 0.0368311
1.24051 0.04962
1.24012 0.0615367
1.23953 0.0743256
1.22019 0.0859422
1.22808 0.0987311
1.22153 0.110648
1.19672 0.122564
1.21328 0.133609
1.19844 0.144353
1.2094 0.154526
1.20488 0.164698
1.18873 0.17487
1.19619 0.185042
1.19167 0.195214
1.18751 0.205087
1.18401 0.214387
1.18086 0.223687
1.17771 0.232987
1.17456 0.242287
1.17141 0.251587
1.16826 0.260587
1.16511 0.269887
1.16231 0.279187
1.15916 0.288487
1.15601 0.297787
1.15286 0.307087
1.14971 0.316387
1.14656 0.329166
1.14341 0.333814
1.14026 0.343114
1.13746 0.351251
1.13431 0.35997
1.13116 0.369851
1.12801 0.377698
1.12486 0.387279
1.12171 0.395126
1.11856 0.403553
1.11541 0.412853
1.11226 0.424189
1.10911 0.430581
1.10596 0.444533
1.10281 0.448309
1.09966 0.456437
1.09686 0.465737
1.09371 0.474164
1.09056 0.483464
1.08741 0.491892
1.08426 0.501192
1.08111 0.50962
1.07796 0.523281
1.07481 0.526176
1.07166 0.534603
1.06851 0.546811
1.06536 0.556111
1.06221 0.559887
1.05906 0.568314
1.05591 0.576742
1.05276 0.58517
1.04961 0.595051
1.04646 0.602026
1.02333 0.614805
1.03879 0.623233
1.03564 0.629335
1.03249 0.635437
1.02934 0.642992
1.02517 0.656072
1.02202 0.659848
1.01887 0.672927
1.0147 0.677285
1.01155 0.687166
0.995757 0.697039
1.00322 0.699942
1.00007 0.709824
0.971129 0.715635
0.969288 0.729587
0.986199 0.737433
0.983049 0.74557
0.955767 0.750218
0.9516 0.7601
0.969529 0.769109
0.964343 0.775211
0.948196 0.782476
0.945337 0.790031
0.925383 0.795542
0.94462 0.803098
0.921845 0.809781
0.91666 0.818209
0.927756 0.825764
0.923879 0.831576
0.909391 0.836805
0.898391 0.848431
0.896985 0.855987
0.879007 0.862089
0.873822 0.872842
0.866602 0.88127
0.859091 0.887953
0.848381 0.897253
0.845667 0.904809
0.839465 0.909748
0.839077 0.917885
0.842178 0.92514
0.838446 0.930661
0.815962 0.937344
0.799438 0.941992
0.802539 0.945187
0.790521 0.949253
0.787807 0.953029
0.794397 0.956224
0.767406 0.957674
0.767164 0.959124
0.75093 0.962027
0.74371 0.962605
0.731983 0.964055
0.726216 0.966959
0.722485 0.966664
0.708723 0.969568
0.689814 0.966948
0.672563 0.967526
0.661272 0.969848
0.643149 0.968681
0.621537 0.972457
0.610537 0.974779
0.588925 0.978555
0.584903 0.976516
0.556749 0.97942
0.545894 0.978835
0.525386 0.975633
0.499994 0.978537
0.483616 0.973881
0.461422 0.967481
0.435013 0.965442
0.411802 0.965729
0.398853 0.95962
0.373606 0.956709
0.344144 0.959613
0.303779 0.951177
0.275771 0.958442
0.246454 0.960183
0.219114 0.964831
0.190088 0.966572
0.16426 0.970348
0.152533 0.974414
0.121036 0.975574
0.0951489 0.977896
0.0706294 0.979927
0.0378239 0.980505
0.0201369 0.980792
-0.0012437 0.978463
-0.037102 0.975842
-0.0544391 0.966826
-0.082302 0.961298
-0.0951326 0.954607
-0.118634 0.940357
-0.140333 0.933085
-0.175319 0.923777
-0.189371 0.913307
-0.214995 0.900801
-0.233699 0.892657
-0.260195 0.883059
-0.289657 0.870844
-0.318683 0.861537
-0.346196 0.858626
-0.370715 0.856005
-0.38942 0.857455
-0.422893 0.854253
-0.433602 0.856003
-0.448904 0.854837
-0.4506 0.854833
-0.477009 0.85105
-0.486642 0.855116
-0.494734 0.852205
-0.511113 0.850748
-0.517838 0.844348
-0.516918 0.842018
-0.529226 0.827187
-0.526271 0.821077
-0.534885 0.811189
-0.545159 0.800427
-0.544965 0.784142
-0.560848 0.775707
-0.559783 0.761466
-0.565549 0.746344
-0.571316 0.737327
-0.586182 0.726857
-0.582935 0.718131
-0.604984 0.71144
-0.603918 0.706203
-0.605991 0.705037
-0.619026 0.701835
-0.615925 0.702413
-0.632449 0.703281
-0.63147 0.704731
-0.614559 0.706481
-0.617709 0.704442
-0.620859 0.704148
-0.624009 0.705307
-0.626809 0.703559
-0.629959 0.702392
-0.633109 0.70297
-0.609801 0.701222
-0.633012 0.699474
-0.607524 0.700924
-0.61076 0.69715
-0.606351 0.700926
-0.60892 0.704411
-0.609017 0.706442
-0.605625 0.713126
-0.618515 0.719809
-0.609309 0.726492
-0.622866 0.734048
-0.610171 0.740731
-0.633672 0.746842
-0.628972 0.754398
-0.61148 0.761953
-0.620881 0.768637
-0.638132 0.777064
-0.640264 0.785492
-0.643414 0.794792
-0.634875 0.802348
-0.647329 0.811948
-0.649461 0.820376
-0.652611 0.829676
-0.655761 0.838976
-0.658911 0.848276
-0.662061 0.857576
-0.665211 0.866876
-0.668361 0.876176
-0.671511 0.885776
-0.674661 0.895076
-0.677811 0.904376
-0.680611 0.913676
-0.683761 0.922976
-0.686561 0.932276
-0.689711 0.941876
-0.692511 0.951176
-0.695661 0.960476
-0.698461 0.968903
-0.701611 0.978203
-0.704761 0.987503
-0.707561 0.996803
-0.710711 1.0064
-0.713511 1.0157
-0.716661 1.025
-0.719461 1.03256
-0.722611 1.04186
-0.725761 1.05349
-0.728561 1.06367
-0.731711 1.07209
-0.734511 1.08198
-0.737661 1.08982
-0.740811 1.09651
-0.743611 1.10058
-0.746761 1.11192
-0.749911 1.12093
-0.752711 1.12383
-0.755861 1.13197
-0.759011 1.14302
-0.761811 1.14825
-0.764961 1.15406
-0.768111 1.16307
-0.770911 1.16394
-0.774061 1.17325
-0.777211 1.18168
-0.780011 1.18429
-0.783161 1.18836
-0.786311 1.19736
-0.789111 1.20348
-0.792261 1.20667
-0.795411 1.21161
-0.798561 1.21975
-0.801361 1.22294
-0.804511 1.22643
-0.807661 1.2305
-0.810461 1.2337
-0.813611 1.23863
-0.816761 1.24126
-0.819911 1.24416
-0.822711 1.24736
-0.825861 1.24939
-0.829011 1.24909
-0.832161 1.24997
-0.835311 1.25287
-0.838111 1.24735
-0.841261 1.24938
-0.844411 1.24589
-0.847561 1.24211
-0.850711 1.23891
-0.853511 1.23425
-0.856661 1.22903
-0.859811 1.22146
-0.862961 1.21739
-0.866111 1.20953
-0.869261 1.20197
-0.872061 1.19384
-0.875211 1.18482
-0.878361 1.17668
-0.881511 1.1665
-0.884661 1.15342
-0.887811 1.14324
-0.890961 1.13161
-0.893761 1.11998
-0.896911 1.10224
-0.900061 1.0909
-0.903211 1.07171
-0.906361 1.04787
-0.909511 1.02257
-0.912661 0.998439
-0.915811 0.971977
-0.918961 0.948724
-0.922111 0.926624
-0.924911 0.903651
-0.928061 0.880679
-0.931211 0.85917
-0.934361 0.839687
-0.937511 0.812063
-0.940661 0.79317
-0.943811 0.77892
-0.946961 0.762926
-0.938772 0.743442
-0.929216 0.726585
-0.918992 0.704194
-0.913215 0.680931
-0.917237 0.651572
-0.904483 0.633542
-0.895712 0.609407
-0.881068 0.578303
-0.882909 0.550098
-0.875447 0.521892
-0.866763 0.490489
-0.854795 0.463455
-0.851925 0.434668
-0.844899 0.404427
-0.83607 0.382337
-0.836021 0.359946
-0.823035 0.342789
-0.820166 0.330001
-0.810669 0.318077
-0.799804 0.310224
-0.792778 0.304414
-0.779937 0.299759
-0.768055 0.295394
-0.753179 0.290166
-0.731616 0.284929
-0.721187 0.279692
-0.706747 0.276209
-0.682859 0.273298
-0.669377 0.268642
-0.650285 0.265159
-0.635119 0.258759
-0.614805 0.248579
-0.605453 0.24277
-0.580983 0.243639
-0.566484 0.240727
-0.557132 0.232592
-0.539639 0.230553
-0.527466 0.227942
-0.513317 0.225322
-0.503674 0.226772
-0.497521 0.226777
-0.477061 0.226774
-0.484718 0.231713
-0.469115 0.234335
-0.457669 0.237529
-0.452387 0.242468
-0.451321 0.250033
-0.453599 0.256716
-0.449712 0.2637
-0.449519 0.270383
-0.451506 0.281718
-0.450004 0.289283
-0.451846 0.289279
-0.44854 0.299742
-0.462884 0.304981
-0.468796 0.311664
-0.46206 0.317776
-0.46899 0.325331
-0.476733 0.332887
-0.475376 0.341614
-0.497134 0.350914
-0.480659 0.359642
-0.502416 0.36807
-0.505566 0.37737
-0.509384 0.38697
-0.512534 0.39627
-0.516701 0.40587
-0.520869 0.416042
-0.531869 0.42825
-0.530221 0.435814
-0.534389 0.445114
-0.563646 0.455587
-0.555021 0.464887
-0.547559 0.474187
-0.557542 0.482914
-0.554877 0.492214
-0.558027 0.501814
-0.561177 0.511114
-0.564327 0.520414
-0.567477 0.530014
-0.570627 0.539314
-0.573777 0.548914
-0.576577 0.558214
-0.579727 0.567814
-0.582877 0.577114
-0.585009 0.585542
-0.588159 0.595142
-0.591309 0.604442
-0.594459 0.614042
-0.597609 0.624796
-0.600759 0.63207
-0.603909 0.640498
-0.607059 0.649226
-0.610209 0.656781
-0.613359 0.666663
-0.616509 0.673937
-0.619309 0.686144
-0.623477 0.69022
-0.626627 0.704172
-0.629427 0.712027
-0.632577 0.715803
-0.635377 0.724531
-0.638527 0.732959
-0.641677 0.742559
-0.644477 0.754766
-0.647627 0.760587
-0.650427 0.769887
-0.653577 0.78472
-0.656727 0.787042
-0.659527 0.796642
-0.662677 0.80507
-0.665827 0.812926
-0.668627 0.823389
-0.671777 0.835314
-0.674927 0.83502
-0.677727 0.845483
-0.680877 0.855664
-0.684027 0.858277
-0.686827 0.866133
-0.689977 0.874561
-0.693127 0.882998
-0.695927 0.886483
-0.699077 0.892013
-0.702227 0.905392
-0.705377 0.911494
-0.708177 0.918477
-0.711327 0.926614
-0.714477 0.927492
-0.717277 0.940572
-0.720427 0.943485
-0.723577 0.953366
-0.726727 0.959477
-0.729877 0.964416
-0.732677 0.973726
-0.735827 0.978664
-0.738977 0.985066
-0.742127 0.991459
-0.744927 0.996989
-0.748077 1.00338
-0.751227 1.00891
-0.754377 1.01705
-0.757527 1.02316
-0.760327 1.0284
-0.763477 1.03101
-0.766627 1.03858
-0.769777 1.04351
-0.772927 1.04875
-0.776077 1.05544
-0.778877 1.06068
-0.782027 1.06474
-0.785177 1.06998
-0.788327 1.07318
-0.791477 1.08103
-0.794627 1.08627
-0.797777 1.09034
-0.800577 1.09616
-0.803727 1.09877
-0.806877 1.10459
-0.810027 1.1104
-0.813177 1.11244
-0.815309 1.11477
-0.818459 1.11884
-0.821609 1.12233
-0.824759 1.12553
-0.827909 1.12902
-0.830709 1.13309
-0.833859 1.13484
-0.837009 1.13921
-0.840159 1.14473
-0.843309 1.1459
-0.846459 1.14909
-0.849609 1.15229
-0.852759 1.15666
-0.855909 1.15724
-0.859059 1.16219
-0.862209 1.16364
-0.865359 1.16539
-0.868509 1.16452
-0.871659 1.1651
-0.874809 1.16568
-0.876942 1.16306
-0.880092 1.16394
-0.883242 1.16366
-0.886392 1.16162
-0.889542 1.15988
-0.892692 1.15901
-0.895842 1.15785
-0.898992 1.15494
-0.901792 1.14942
-0.904942 1.14971
-0.908092 1.14623
-0.910892 1.1407
-0.914042 1.13082
-0.916842 1.12298
-0.919992 1.1128
-0.922792 1.09885
-0.942078 1.08926
-0.929759 1.08024
-0.932909 1.07065
-0.936059 1.06019
-0.938859 1.05234
-0.942009 1.03577
-0.944809 1.02676
-0.947959 1.01222
-0.951109 0.997111
-0.953909 0.977055
-0.957059 0.959316
-0.959859 0.942459
-0.963009 0.916589
-0.966159 0.901466
-0.968959 0.880248
-0.972109 0.857866
-0.975259 0.841
-0.978059 0.822107
-0.981209 0.804959
-0.971712 0.789837
-0.986142 0.774433
-0.988274 0.759611
-0.990407 0.742163
-0.988846 0.729957
-0.992286 0.71717
-0.979736 0.703501
-0.972506 0.689551
-0.968096 0.673857
-0.961361 0.65729
-0.958056 0.63519
-0.952629 0.618624
-0.95418 0.601185
-0.948753 0.583446
-0.936144 0.562809
-0.936677 0.547987
-0.936047 0.526477
-0.94007 0.508739
-0.943596 0.495079
-0.932355 0.484037
-0.931434 0.473857
-0.930514 0.468048
-0.942036 0.466309
-0.935301 0.461372
-0.948191 0.459042
-0.930989 0.462246
-0.923091 0.463996
-0.942609 0.465164
-0.932384 0.468359
-0.931464 0.469237
-0.923566 0.470405
-0.918139 0.474481
-0.923846 0.475931
-0.913913 0.475355
-0.912993 0.48292
-0.907711 0.485833
-0.911588 0.484376
-0.899329 0.488742
-0.906345 0.493981
-0.897574 0.498348
-0.897962 0.504159
-0.896024 0.51027
-0.894086 0.516381
-0.888805 0.52162
-0.879889 0.525105
-0.888272 0.535287
-0.883659 0.535292
-0.894513 0.544601
-0.895919 0.555364
-0.890201 0.558268
-0.889281 0.565251
-0.893884 0.57805
-0.898779 0.586487
-0.894079 0.594342
-0.910312 0.601898
-0.898634 0.609753
-0.911234 0.618481
-0.900864 0.625464
-0.925093 0.633892
-0.928243 0.643492
-0.918746 0.651348
-0.920528 0.659203
-0.935308 0.668803
-0.915344 0.680439
-0.94059 0.685668
-0.933419 0.693524
-0.945522 0.700798
-0.922883 0.714177
-0.950455 0.720289
-0.952237 0.728144
-0.955037 0.734246
-0.95682 0.74152
-0.95997 0.750248
-0.942127 0.758103
-0.963534 0.767703
-0.966684 0.777303
-0.968467 0.785731
-0.971267 0.795331
-0.973049 0.804059
-0.963552 0.811914
-0.977982 0.821514
-0.980782 0.831114
-0.983932 0.840714
-0.986732 0.850014
-0.986188 0.858742
-0.991664 0.86747
-0.994464 0.87707
-0.997264 0.89045
-1.00041 0.893653
-1.00321 0.906742
-1.00636 0.913144
-1.00916 0.9207
-1.01196 0.929137
-1.01511 0.935248
-1.01791 0.941359
-1.02106 0.946598
-1.02386 0.950383
-1.02666 0.957948
-1.02981 0.964059
-1.03261 0.966681
-1.03475 0.968722
-1.03755 0.977731
-1.0407 0.982679
-1.0435 0.986464
-1.0463 0.991703
-1.04945 0.99607
-1.05225 1.00102
-1.0554 1.0048
-1.0582 1.00975
-1.06135 1.01412
-1.06415 1.01674
-1.06628 1.01994
-1.06908 1.02169
-1.04911 1.02314
-1.07299 1.02402
-1.07614 1.02577
-1.06862 1.02752
-1.07904 1.02753
-1.08184 1.03189
-1.08397 1.03103
-1.08576 1.03191
-1.08687 1.03278
-1.07353 1.03221
-1.07567 1.03396
-1.0685 1.03571
-1.09368 1.03658
-1.07968 1.03833
-1.07695 1.03921
-1.07225 1.04096
-1.07535 1.04446
-1.07995 1.04621
-1.07758 1.04883
-1.07732 1.05115
-1.0937 1.05058
-1.08066 1.05465
-1.07625 1.05582
-1.07983 1.05844
-1.06577 1.05699
-1.08113 1.06223
-1.06495 1.06486
-1.06368 1.06922
-1.06174 1.07272
-1.06219 1.07708
-1.06374 1.0768
-1.06113 1.08233
-1.04989 1.08291
-1.0531 1.08786
-1.05049 1.09078
-1.04507 1.09514
-1.04595 1.09951
-1.03506 1.10475
-1.0369 1.10824
-1.02848 1.11261
-1.02486 1.1161
-1.01739 1.1196
-1.00345 1.12222
-1.01611 1.12571
-0.999342 1.12921
-0.994701 1.13183
-0.982065 1.13358
-0.977074 1.1362
-0.967927 1.13795
-0.965758 1.1397
-0.963238 1.14145
-0.949584 1.14233
-0.943926 1.14408
-0.932103 1.14583
-0.924409 1.14584
-0.921513 1.14497
-0.912511 1.14585
-0.894001 1.14585
-0.893285 1.14586
-0.878614 1.14586
-0.878566 1.14674
-0.870872 1.14675
-0.849369 1.14588
-0.840658 1.14501
-0.821566 1.14066
-0.81082 1.13835
-0.801091 1.13661
-0.788019 1.134
-0.772766 1.13051
-0.766176 1.12878
-0.750923 1.12529
-0.743666 1.12268
-0.727396 1.11833
-0.716649 1.11571
-0.703082 1.11398
-0.709634 1.11224
-0.689584 1.10963
-0.684653 1.10701
-0.664603 1.1044
-0.66281 1.10179
-0.65061 1.10093
-0.644371 1.09949
-0.631153 1.09775
-0.621424 1.09601
-0.620709 1.09514
-0.61848 1.09515
-0.60846 1.10039
-0.603093 1.09341
-0.600923 1.09487
-0.601225 1.09343
-0.603853 1.09634
-0.597177 1.09723
-0.588697 1.09258
-0.596849 1.09753
-0.593226 1.09811
-0.603413 1.09608
-0.598336 1.09783
-0.596748 1.10336
-0.607953 1.10686
-0.598079 1.10774
-0.603033 1.1124
-0.630083 1.11677
-0.627041 1.12114
-0.634988 1.12463
-0.637471 1.12813
-0.640971 1.13336
-0.644471 1.13918
-0.647971 1.1453
-0.651471 1.14822
-0.654971 1.15258
-0.659488 1.15957
-0.664006 1.16393
-0.691637 1.16743
-0.690195 1.17238
-0.693259 1.17704
-0.712604 1.18054
-0.700549 1.18316
-0.699252 1.18317
-0.705805 1.18492
-0.723987 1.18928
-0.729522 1.19016
-0.72241 1.19105
-0.727946 1.19018
-0.739296 1.19368
-0.737998 1.19455
-0.742516 1.19543
-0.747034 1.19748
-0.750534 1.19661
-0.755051 1.19807
-0.758551 1.19808
-0.762051 1.19721
-0.765551 1.19752
-0.769051 1.19229
-0.772551 1.19375
-0.776051 1.18939
-0.779551 1.18649
-0.783051 1.18476
-0.786901 1.18012
-0.790401 1.17285
-0.793901 1.16646
-0.797401 1.15251
-0.800901 1.13915
-0.804401 1.12578
-0.807901 1.10776
-0.811401 1.0944
-0.814901 1.07638
-0.818401 1.06098
-0.822251 1.04616
-0.825751 1.02785
-0.829251 1.01128
-0.836095 0.997631
-0.837269 0.984553
-0.840769 0.967987
-0.844269 0.953455
-0.847769 0.938642
-0.851619 0.925855
-0.855119 0.910161
-0.858619 0.896501
-0.862119 0.883724
-0.840179 0.87239
-0.859234 0.854951
-0.854216 0.842455
-0.851174 0.828805
-0.838829 0.812239
-0.852069 0.797126
-0.858331 0.779114
-0.844009 0.760222
-0.858558 0.740748
-0.862494 0.723309
-0.845642 0.7021
-0.84856 0.685533
-0.87 0.668966
-0.861144 0.652118
-0.853305 0.635551
-0.873377 0.623346
-0.876209 0.607942
-0.879709 0.599526
-0.883209 0.584122
-0.886709 0.576277
-0.890559 0.566407
-0.894059 0.562924
-0.897559 0.553626
-0.901059 0.548989
-0.904909 0.545505
-0.908409 0.540568
-0.911909 0.538548
-0.915409 0.536809
-0.919259 0.536814
-0.922759 0.537983
-0.926259 0.540033
-0.929092 0.538003
-0.932592 0.54237
-0.924753 0.547909
-0.936889 0.55024
-0.91524 0.55607
-0.923683 0.563926
-0.940266 0.572653
-0.918676 0.581681
-0.938748 0.588083
-0.923932 0.599137
-0.932724 0.608164
-0.943493 0.615439
-0.948796 0.62184
-0.930491 0.633776
-0.931956 0.642503
-0.933771 0.651231
-0.956314 0.658514
-0.938154 0.66637
-0.939969 0.674526
-0.949429 0.684998
-0.943916 0.692272
-0.955034 0.702753
-0.965803 0.710609
-0.957006 0.719637
-0.971118 0.728364
-0.974618 0.737964
-0.978468 0.747864
-0.98095 0.756592
-0.9848 0.766192
-0.9883 0.77522
-0.9918 0.783948
-0.99565 0.795301
-0.99915 0.802576
-1.003 0.812476
-1.0065 0.821203
-0.994214 0.829931
-1.01283 0.839831
-1.01668 0.849431
-1.01917 0.858459
-1.02267 0.868059
-1.02652 0.877959
-1.01969 0.886687
-1.03285 0.896287
-1.03635 0.906187
-1.03918 0.914914
-1.04268 0.924814
-1.04653 0.934414
-1.05003 0.944314
-1.05388 0.953914
-1.05636 0.96207
-1.0544 0.97167
-1.06371 0.98127
-1.06756 0.990298
-1.07106 0.999026
-1.07491 1.01183
-1.07841 1.01591
-1.08226 1.02959
-1.08576 1.03192
-1.08961 1.04618
-1.09346 1.05171
-1.09493 1.05725
-1.09878 1.06598
-1.10126 1.07559
-1.10511 1.07617
-1.09596 1.08491
-1.11144 1.08782
-1.09183 1.09511
-1.11777 1.10296
-1.12162 1.11432
-1.12411 1.11723
-1.12796 1.12538
-1.13044 1.13062
-1.13429 1.1382
-1.13814 1.14896
-1.14097 1.15712
-1.14482 1.16236
-1.148 1.16644
-1.1522 1.17488
-1.15504 1.18361
-1.15822 1.18798
-1.16003 1.19265
-1.16423 1.19876
-1.16707 1.20343
-1.17025 1.20692
-1.15447 1.21246
-1.17626 1.21741
-1.16398 1.218
-1.18228 1.2215
-1.16685 1.22936
-1.17317 1.23518
-1.18944 1.23316
-1.17366 1.23608
-1.19444 1.23871
-1.17799 1.24366
-1.17734 1.24047
-1.18997 1.24398
-1.1883 1.24224
-1.20558 1.24167
-1.20193 1.2408
-1.20723 1.24082
-1.21172 1.23908
-1.20772 1.2359
-1.20306 1.23446
-1.19141 1.22748
-1.20602 1.22663
-1.20469 1.22285
-1.22096 1.21444
-1.21013 1.20864
-1.19848 1.2005
-1.19928 1.19528
-1.20624 1.18482
-1.20157 1.17524
-1.19539 1.16333
-1.21631 1.15288
-1.19667 1.13835
-1.21273 1.1276
-1.21737 1.11017
-1.21299 1.09157
-1.19649 1.07676
-1.19909 1.05322
-1.20169 1.03055
-1.20147 1.00818
-1.20989 0.987259
-1.19272 0.965459
-1.19183 0.939598
-1.1871 0.916926
-1.18621 0.886994
-1.1923 0.86782
-1.18074 0.841368
-1.17884 0.82074
-1.17693 0.797787
-1.16668 0.776277
-1.17074 0.755068
-1.15051 0.736185
-1.15239 0.719327
-1.13778 0.69899
-1.1225 0.678653
-1.11201 0.65947
-1.0867 0.637098
-1.08183 0.619959
-1.06597 0.599031
-1.05142 0.574914
-1.03309 0.555159
-1.01266 0.531905
-0.990256 0.507789
-0.981663 0.487451
-0.960569 0.464198
-0.945084 0.442116
-0.926111 0.422651
-0.904145 0.398816
-0.876595 0.379351
-0.855732 0.363666
-0.836177 0.347981
-0.814151 0.338392
-0.799394 0.325324
-0.773443 0.315453
-0.744294 0.300631
-0.726543 0.288726
-0.700446 0.277692
-0.677839 0.265205
-0.661046 0.254744
-0.649487 0.248072
-0.629496 0.24169
-0.614884 0.230076
-0.590737 0.228337
-0.580486 0.221664
-0.560641 0.2179
-0.547483 0.215589
-0.545809 0.215594
-0.531051 0.216772
-0.517952 0.216496
-0.518313 0.22029
-0.504864 0.223494
-0.506243 0.225835
-0.498172 0.229629
-0.4858 0.235168
-0.469444 0.242451
-0.461519 0.246237
-0.464933 0.25352
-0.453083 0.262548
-0.454375 0.271576
-0.447032 0.280894
-0.446666 0.291366
-0.439322 0.305337
-0.436109 0.313492
-0.434289 0.326009
-0.418659 0.335909
-0.41684 0.348707
-0.421185 0.358026
-0.416895 0.370251
-0.408097 0.381024
-0.409767 0.390924
-0.408152 0.400524
-0.402844 0.411005
-0.392738 0.420324
-0.40124 0.429351
-0.390321 0.440705
-0.386031 0.449733
-0.382758 0.458461
-0.376491 0.466616
-0.379033 0.474772
-0.379248 0.4838
-0.382808 0.491955
-0.376105 0.503309
-0.373849 0.511464
-0.385404 0.521064
-0.377538 0.527766
-0.385313 0.54319
-0.384075 0.554253
-0.394526 0.563281
-0.402301 0.570564
-0.397138 0.57872
-0.402792 0.586876
-0.405624 0.595603
-0.399153 0.604631
-0.426758 0.613659
-0.430608 0.623559
-0.434458 0.633459
-0.438658 0.643359
-0.442508 0.653259
-0.446708 0.663159
-0.450558 0.672187
-0.457751 0.684413
-0.459625 0.695766
-0.4831 0.706239
-0.468343 0.715266
-0.497983 0.719642
-0.47741 0.729542
-0.48161 0.744094
-0.48546 0.74847
-0.48931 0.75837
-0.49351 0.76827
-0.49736 0.77817
-0.50121 0.78807
-0.50506 0.79797
-0.50891 0.80787
-0.51276 0.81777
-0.51661 0.82767
-0.52046 0.836698
-0.52431 0.846598
-0.527143 0.855626
-0.530993 0.865526
-0.534843 0.875426
-0.538693 0.885326
-0.542543 0.896679
-0.546393 0.903953
-0.550243 0.915307
-0.554093 0.921137
-0.557943 0.931037
-0.561793 0.945589
-0.565643 0.949964
-0.569493 0.9619
-0.573343 0.972672
-0.577193 0.977348
-0.581043 0.986376
-0.584893 0.995403
-0.588743 1.00443
-0.592593 1.01578
-0.596443 1.02714
-0.600293 1.02977
-0.604143 1.03793
-0.607993 1.04521
-0.611843 1.05482
-0.615693 1.06472
-0.619543 1.07607
-0.623393 1.07958
-0.627243 1.08773
-0.631093 1.09676
-0.634943 1.10811
-0.638793 1.11859
-0.642643 1.12297
-0.646493 1.13578
-0.650343 1.14161
-0.653175 1.15122
-0.657025 1.15995
-0.660875 1.16841
-0.664725 1.17104
-0.668925 1.18298
-0.672775 1.18706
-0.676625 1.19696
-0.680475 1.20308
-0.684325 1.21036
-0.688175 1.21678
-0.692025 1.22406
-0.695875 1.22466
-0.699725 1.23601
-0.703925 1.23923
-0.707775 1.24651
-0.711625 1.25205
-0.715475 1.2573
-0.719325 1.26139
-0.723175 1.26751
-0.727025 1.2713
-0.731225 1.27568
-0.735075 1.27803
-0.738925 1.28008
-0.742775 1.28445
-0.746625 1.28738
-0.750475 1.28826
-0.738189 1.2877
-0.757508 1.28713
-0.761358 1.28744
-0.765208 1.28484
-0.769058 1.28253
-0.772908 1.27673
-0.777108 1.27326
-0.780958 1.26804
-0.784808 1.25992
-0.788658 1.25325
-0.792508 1.24541
-0.796358 1.23991
-0.800208 1.228
-0.803708 1.21493
-0.807558 1.20245
-0.811408 1.18822
-0.815258 1.16759
-0.819108 1.15365
-0.822958 1.13041
-0.826808 1.11183
-0.830308 1.0912
-0.834158 1.06563
-0.838008 1.04849
-0.841858 1.02438
-0.845708 1.01277
-0.849558 0.995627
-0.853408 0.976744
-0.85624 0.954372
-0.852908 0.936661
-0.861555 0.924174
-0.862352 0.89715
-0.85152 0.878848
-0.836035 0.857357
-0.831309 0.83324
-0.844898 0.812903
-0.837846 0.784726
-0.826141 0.754503
-0.827374 0.72399
-0.820321 0.695513
-0.817048 0.662974
-0.811304 0.625192
-0.803174 0.591772
-0.805861 0.558933
-0.793139 0.530464
-0.786522 0.499661
-0.792553 0.475544
-0.785791 0.446494
-0.789496 0.427029
-0.774738 0.406401
-0.768121 0.385783
-0.766157 0.370679
-0.758522 0.356157
-0.747254 0.341926
-0.746888 0.326831
-0.724281 0.311437
-0.726241 0.29895
-0.707122 0.284146
-0.697744 0.269624
-0.684585 0.257427
-0.676224 0.246694
-0.664374 0.238568
-0.651507 0.230733
-0.64111 0.223198
-0.635221 0.221759
-0.626278 0.218866
-0.606433 0.216274
-0.596036 0.217451
-0.581193 0.219801
-0.569779 0.217781
-0.565197 0.218959
-0.552475 0.222181
-0.5524 0.225976
-0.5327 0.227153
-0.539458 0.231539
-0.521793 0.235624
-0.517938 0.244951
-0.512048 0.249037
-0.507031 0.258937
-0.510154 0.269137
-0.501707 0.279037
-0.500178 0.290981
-0.507662 0.304079
-0.486218 0.313979
-0.490213 0.323307
-0.482434 0.333789
-0.490935 0.345733
-0.48083 0.353889
-0.491367 0.36437
-0.489752 0.371953
-0.478193 0.384179
-0.486259 0.394379
-0.492666 0.400209
-0.489974 0.41099
-0.504582 0.423798
-0.523986 0.431381
-0.506844 0.439537
-0.522469 0.448564
-0.511491 0.45702
-0.533598 0.46692
-0.515352 0.476248
-0.541298 0.485276
-0.544798 0.495476
-0.548648 0.508283
-0.552498 0.519937
-0.556348 0.527511
-0.559848 0.53364
-0.563698 0.540342
-0.569584 0.55752
-0.576777 0.564222
-0.578969 0.576748
-0.582819 0.580251
-0.587686 0.58987
-0.591536 0.59977
-0.595036 0.610551
-0.599904 0.61987
-0.603754 0.63007
-0.607604 0.63997
-0.611454 0.65017
-0.614954 0.66007
-0.618804 0.67027
-0.622654 0.681924
-0.626504 0.689498
-0.630354 0.699698
-0.633854 0.713377
-0.637704 0.721833
-0.641554 0.729989
-0.645404 0.735537
-0.649254 0.747472
-0.652754 0.752148
-0.656604 0.766127
-0.660454 0.771666
-0.664304 0.778087
-0.668154 0.790894
-0.672004 0.79557
-0.675854 0.802853
-0.679354 0.815961
-0.683204 0.820637
-0.687054 0.829374
-0.690904 0.840446
-0.694754 0.849183
-0.698604 0.858511
-0.702454 0.86842
-0.706304 0.87425
-0.709804 0.881833
-0.713654 0.89087
-0.717504 0.899898
-0.721354 0.906609
-0.725204 0.909822
-0.729054 0.917987
-0.732904 0.923826
-0.736754 0.931981
-0.740604 0.936948
-0.744454 0.943368
-0.748304 0.945709
-0.752154 0.95242
-0.756004 0.959713
-0.759854 0.963507
-0.763354 0.967601
-0.767204 0.97344
-0.771054 0.977235
-0.774904 0.980457
-0.778754 0.98775
-0.782604 0.99009
-0.786454 0.994185
-0.790304 0.997407
-0.794154 1.00295
-0.798004 1.00791
-0.801504 1.00794
-0.805354 1.01348
-0.809204 1.02135
-0.813054 1.02399
-0.816904 1.0275
-0.795314 1.03275
-0.823586 1.03772
-0.827436 1.04268
-0.830269 1.04561
-0.834119 1.04912
-0.836951 1.05467
-0.840451 1.05876
-0.824676 1.06168
-0.847134 1.06578
-0.848948 1.06987
-0.852798 1.07397
-0.856648 1.07602
-0.844362 1.08098
-0.863331 1.08421
-0.867181 1.08743
-0.871031 1.08861
-0.874881 1.0959
-0.871898 1.09738
-0.881563 1.09973
-0.885413 1.10382
-0.889263 1.10587
-0.893113 1.10968
-0.896963 1.1129
-0.900813 1.11263
-0.904663 1.11555
-0.908513 1.11587
-0.912363 1.11386
-0.916213 1.11504
-0.920063 1.11216
-0.923913 1.1113
-0.927763 1.10668
-0.931613 1.10292
-0.935463 1.10062
-0.939313 1.09599
-0.943163 1.09107
-0.947013 1.08585
-0.950863 1.07832
-0.954713 1.06497
-0.958563 1.05598
-0.962413 1.04583
-0.966613 1.03509
-0.970463 1.0232
-0.974313 1.01042
-0.978163 0.995616
-0.982013 0.982557
-0.985863 0.971824
-0.989713 0.959346
-0.993563 0.948031
-0.997413 0.939624
-1.00025 0.926564
-1.00445 0.916113
-1.00728 0.902763
-0.994992 0.892901
-1.01193 0.880424
-0.995133 0.86969
-1.00291 0.856922
-0.986406 0.840374
-0.987203 0.82935
-0.993147 0.812511
-1.00092 0.798289
-0.980932 0.782022
-0.982165 0.76402
-0.977438 0.747181
-0.973874 0.726563
-0.977784 0.709724
-0.970731 0.694048
-0.961497 0.678081
-0.954735 0.66415
-0.959458 0.650218
-0.948189 0.638613
-0.94259 0.622937
-0.955453 0.61482
-0.932555 0.603505
-0.935096 0.596261
-0.930806 0.5864
-0.910379 0.577411
-0.907046 0.564933
-0.909734 0.555944
-0.89643 0.546083
-0.8808 0.53535
-0.888284 0.524907
-0.864659 0.514174
-0.870109 0.501114
-0.847646 0.491253
-0.836814 0.479066
-0.841913 0.471822
-0.820759 0.463705
-0.816905 0.455879
-0.801566 0.449507
-0.795676 0.443426
-0.786297 0.434727
-0.764126 0.433589
-0.760562 0.428379
-0.745369 0.424042
-0.741805 0.422903
-0.725594 0.420892
-0.715197 0.418881
-0.710616 0.41687
-0.690916 0.414859
-0.670198 0.411976
-0.675066 0.409392
-0.661181 0.407381
-0.640463 0.404498
-0.635882 0.402487
-0.628974 0.400476
-0.621049 0.397592
-0.604693 0.396453
-0.601274 0.394442
-0.601199 0.390396
-0.588332 0.393909
-0.577935 0.391898
-0.578878 0.389896
-0.568191 0.394281
-0.561865 0.395759
-0.553504 0.395492
-0.552993 0.397842
-0.543178 0.39932
-0.554151 0.40167
-0.545354 0.40402
-0.548041 0.407542
-0.547239 0.410764
-0.542948 0.413987
-0.539675 0.418081
-0.538728 0.422176
-0.553771 0.428014
-0.548027 0.433281
-0.547807 0.43912
-0.550058 0.444959
-0.54917 0.450798
-0.54546 0.457509
-0.55905 0.465092
-0.565808 0.472103
-0.558319 0.479687
-0.578741 0.488142
-0.580556 0.496598
-0.562746 0.504181
-0.59 0.513809
-0.574575 0.523137
-0.597033 0.533337
-0.590561 0.542664
-0.603715 0.552864
-0.607565 0.563364
-0.611765 0.573564
-0.615615 0.583764
-0.619465 0.597744
-0.623665 0.603592
-0.628533 0.6167
-0.632733 0.62312
-0.636583 0.632448
-0.660058 0.642948
-0.64565 0.653148
-0.6495 0.667127
-0.6537 0.672385
-0.677175 0.682303
-0.662768 0.691631
-0.666618 0.701831
-0.670468 0.71174
-0.674668 0.72224
-0.678518 0.733894
-0.682718 0.741477
-0.686568 0.747607
-0.690768 0.756363
-0.694618 0.768598
-0.698818 0.776181
-0.702668 0.782611
-0.706868 0.790776
-0.710718 0.797487
-0.714918 0.804498
-0.718768 0.809755
-0.722968 0.820537
-0.726818 0.821442
-0.731018 0.836003
-0.734868 0.842133
-0.739068 0.844492
-0.742918 0.859053
-0.747118 0.865764
-0.750968 0.872194
-0.755168 0.882103
-0.759018 0.887942
-0.763218 0.894953
-0.767068 0.900792
-0.771268 0.905759
-0.775118 0.912479
-0.779318 0.918318
-0.783518 0.92184
-0.787368 0.926807
-0.791568 0.930029
-0.795418 0.934424
-0.799618 0.9391
-0.803468 0.940868
-0.807668 0.945844
-0.811868 0.949357
-0.815718 0.952879
-0.819918 0.956683
-0.82275 0.959333
-0.82695 0.962555
-0.83115 0.964905
-0.835 0.972498
-0.8392 0.97165
-0.84305 0.975753
-0.831114 0.974905
-0.850433 0.977555
-0.854283 0.978161
-0.858483 0.980511
-0.862683 0.983161
-0.866533 0.985511
-0.867389 0.987289
-0.873915 0.989929
-0.877765 0.992579
-0.881965 1.00016
-0.886165 1.00281
-0.866901 1.00691
-0.893197 1.01392
-0.871958 1.01569
-0.90023 1.02241
-0.897597 1.02563
-0.907612 1.0309
-0.909427 1.03412
-0.912609 1.03938
-0.914774 1.04086
-0.918624 1.047
-0.920789 1.0479
-0.923971 1.05491
-0.924828 1.05668
-0.911379 1.06601
-0.910055 1.07011
-0.935334 1.07363
-0.938516 1.07714
-0.915909 1.08648
-0.942496 1.09058
-0.945678 1.09264
-0.935196 1.09936
-0.949658 1.1052
-0.929726 1.11134
-0.953987 1.11515
-0.937545 1.1178
-0.933545 1.11927
-0.953299 1.11931
-0.939183 1.11992
-0.94033 1.1214
-0.945984 1.12201
-0.957102 1.12175
-0.968571 1.12265
-0.959106 1.12094
-0.943971 1.11893
-0.946136 1.11867
-0.958272 1.11666
-0.960437 1.11641
-0.978884 1.11469
-0.968256 1.11181
-0.978707 1.10574
-0.962264 1.10199
-0.959572 1.09795
-0.972059 1.09187
-0.992831 1.08726
-0.984674 1.07885
-0.987857 1.06929
-0.976211 1.05682
-0.978026 1.04434
-0.977865 1.0342
-0.979012 1.01766
-0.991498 1.00082
-0.985668 0.984281
-1.01095 0.968614
-0.988689 0.94945
-0.99318 0.931166
-1.00712 0.909685
-0.997159 0.897498
-1.0018 0.882703
-0.998146 0.874596
-1.00264 0.86299
-1.00378 0.852557
-1.01293 0.839507
-1.02919 0.828201
-0.998939 0.813979
-0.999069 0.801801
-1.00719 0.787879
-1.00965 0.775411
-1.00978 0.759735
-1.0006 0.745813
-0.993902 0.732763
-0.99534 0.715642
-1.00143 0.700548
-0.993214 0.685753
-0.999304 0.672994
-0.989112 0.659944
-0.987207 0.646885
-0.981812 0.635579
-0.986739 0.623692
-0.984834 0.616166
-0.980602 0.606896
-0.977679 0.598779
-0.978099 0.591544
-0.970379 0.585763
-0.964984 0.584924
-0.962061 0.583213
-0.969459 0.581201
-0.953744 0.581235
-0.951171 0.580396
-0.948247 0.578685
-0.952302 0.577846
-0.94589 0.577879
-0.93846 0.57674
-0.935537 0.573576
-0.91546 0.572737
-0.917334 0.573642
-0.913394 0.574839
-0.916431 0.575744
-0.91249 0.575487
-0.910875 0.578709
-0.902137 0.583976
-0.89965 0.585753
-0.888732 0.589276
-0.884791 0.59367
-0.883671 0.59632
-0.885546 0.600714
-0.87579 0.605109
-0.875338 0.607177
-0.871397 0.613026
-0.866439 0.616248
-0.863807 0.618898
-0.846056 0.621548
-0.849093 0.623907
-0.854806 0.630337
-0.840544 0.632987
-0.827299 0.636509
-0.838477 0.640031
-0.825087 0.637448
-0.818008 0.64097
-0.818864 0.64362
-0.813906 0.64627
-0.805518 0.650664
-0.804048 0.653314
-0.801125 0.656837
-0.79166 0.658614
-0.793884 0.662137
-0.783111 0.664787
-0.782659 0.668309
-0.778719 0.670959
-0.771639 0.674481
-0.767698 0.678003
-0.763758 0.681526
-0.761184 0.68592
-0.757244 0.689442
-0.759118 0.692964
-0.746223 0.696487
-0.745771 0.700009
-0.741831 0.703531
-0.744055 0.707053
-0.740114 0.710576
-0.733847 0.714098
-0.723279 0.71762
-0.731113 0.72027
-0.721358 0.723792
-0.723582 0.727314
-0.721676 0.732581
-0.718753 0.736976
-0.720686 0.742242
-0.717763 0.746637
-0.719696 0.751903
-0.720117 0.75717
-0.718211 0.762437
-0.724651 0.768876
-0.715768 0.774142
-0.718369 0.780281
-0.715359 0.78642
-0.714471 0.792559
-0.7244 0.797826
-0.717552 0.803964
-0.722538 0.811848
-0.731971 0.817696
-0.728612 0.827333
-0.727784 0.833472
-0.725442 0.836703
-0.749035 0.846622
-0.7512 0.855377
-0.757204 0.856864
-0.761695 0.869109
-0.740455 0.876711
-0.758088 0.881105
-0.771592 0.888989
-0.775124 0.897453
-0.779324 0.902139
-0.783874 0.911194
-0.788074 0.918787
-0.792624 0.928996
-0.796824 0.933681
-0.801374 0.938948
-0.805574 0.943342
-0.810124 0.952107
-0.814324 0.957374
-0.818874 0.961768
-0.823074 0.966744
-0.827624 0.970566
-0.831824 0.974089
-0.836374 0.979064
-0.841592 0.981714
-0.846142 0.982339
-0.850342 0.987314
-0.854892 0.98822
-0.859092 0.987963
-0.863642 0.988296
-0.868192 0.989201
-0.872392 0.988944
-0.876942 0.986361
-0.881142 0.985822
-0.885692 0.978877
-0.889892 0.97862
-0.893424 0.974292
-0.879017 0.970264
-0.902174 0.966809
-0.906724 0.962481
-0.900603 0.959326
-0.914457 0.956161
-0.918657 0.950089
-0.923207 0.950422
-0.925721 0.946676
-0.929921 0.944092
-0.934471 0.942681
-0.938671 0.9369
-0.943221 0.934607
-0.947771 0.933196
-0.951971 0.933229
-0.956521 0.933844
-0.961071 0.931851
-0.964254 0.931013
-0.968804 0.92872
-0.963033 0.929926
-0.976536 0.931413
-0.980069 0.927676
-0.983601 0.930326
-0.964687 0.930359
-0.975197 0.929239
-0.984545 0.931598
-0.974934 0.932222
-0.978467 0.934872
-0.980982 0.934324
-1.00626 0.936692
-1.00878 0.941959
-1.01333 0.94927
-1.01316 0.952792
-1.00042 0.955451
-0.997115 0.964789
-1.02507 0.971509
-1.02142 0.985216
-1.03077 0.98932
-1.0122 0.998376
-1.01341 1.008
-1.04 1.01619
-1.02739 1.02494
-1.04604 1.034
-1.03446 1.04653
-1.02964 1.05094
-1.05193 1.05882
-1.05677 1.07253
-1.05449 1.07663
-1.04037 1.08569
-1.066 1.09909
-1.05689 1.1035
-1.07103 1.11225
-1.05247 1.12218
-1.0744 1.13094
-1.06863 1.14086
-1.06417 1.14962
-1.07017 1.15868
-1.08984 1.17063
-1.0686 1.17823
-1.07111 1.18641
-1.09805 1.19662
-1.07716 1.20393
-1.10512 1.2156
-1.09318 1.22058
-1.11183 1.22934
-1.10955 1.2381
-1.0968 1.24222
-1.10382 1.24981
-1.11913 1.25189
-1.12266 1.25803
-1.13268 1.26592
-1.13621 1.26887
-1.12462 1.27384
-1.14327 1.27592
-1.1468 1.27828
-1.15034 1.27949
-1.15489 1.28127
-1.15842 1.28189
-1.13951 1.27961
-1.16615 1.27965
-1.16736 1.27358
-1.17423 1.27158
-1.17878 1.26814
-1.16618 1.25916
-1.18585 1.24961
-1.17077 1.23598
-1.19393 1.22526
-1.19848 1.21251
-1.17759 1.20005
-1.20656 1.18438
-1.21111 1.16146
-1.20499 1.14086
-1.21885 1.11968
-1.20726 1.10633
-1.22693 1.08341
-1.23046 1.06804
-1.23501 1.05616
-1.23622 1.03148
-1.24208 1.01147
-1.22947 0.98825
-1.22399 0.964733
-1.2486 0.943842
-1.23847 0.917718
-1.2202 0.888396
-1.23798 0.861972
-1.23598 0.838464
-1.23298 0.811177
-1.24392 0.785344
-1.22914 0.760383
-1.23825 0.729307
-1.22594 0.701439
-1.22191 0.675896
-1.22835 0.651807
-1.22185 0.625092
-1.22966 0.596061
-1.22462 0.576624
-1.2251 0.55457
-1.23052 0.535133
-1.21754 0.518313
-1.21598 0.50032
-1.21777 0.487861
-1.21389 0.473366
-1.21501 0.462651
-1.20313 0.448157
-1.19707 0.43657
-1.19799 0.426427
-1.19576 0.416585
-1.18636 0.409068
-1.17477 0.398353
-1.16703 0.392872
-1.16591 0.384774
-1.15679 0.381037
-1.15117 0.379044
-1.14255 0.374726
-1.13692 0.376503
-1.11981 0.377127
-1.11352 0.37717
-1.10106 0.38012
-1.08991 0.384524
-1.08856 0.389218
-1.07741 0.390133
-1.06073 0.393374
-1.04208 0.398068
-1.03835 0.401309
-1.02967 0.410655
-1.00884 0.418257
-0.996088 0.42644
-0.981013 0.438985
-0.966579 0.447168
-0.951795 0.457968
-0.938319 0.464979
-0.922576 0.476651
-0.907792 0.483963
-0.885944 0.493018
-0.872177 0.501783
-0.856084 0.508222
-0.846011 0.516114
-0.829919 0.519937
-0.819846 0.526385
-0.803026 0.529044
-0.78766 0.529959
-0.780204 0.527676
-0.762948 0.529463
-0.758399 0.528924
-0.754663 0.533037
-0.743282 0.526974
-0.727044 0.527598
-0.718801 0.519209
-0.714252 0.523031
-0.708045 0.52162
-0.70117 0.519337
-0.69598 0.518798
-0.690995 0.522039
-0.692346 0.524116
-0.680093 0.52067
-0.676938 0.527409
-0.675819 0.526289
-0.674032 0.528948
-0.670732 0.526955
-0.67098 0.529905
-0.666371 0.530239
-0.673452 0.529118
-0.664046 0.533522
-0.663277 0.534737
-0.66899 0.535942
-0.663278 0.537439
-0.6687 0.538935
-0.667495 0.540431
-0.675243 0.545126
-0.669095 0.552446
-0.672396 0.558303
-0.681161 0.564742
-0.672687 0.572053
-0.685959 0.579364
-0.677485 0.586676
-0.68 0.596031
-0.709759 0.604214
-0.700644 0.61327
-0.696531 0.622326
-0.709367 0.632553
-0.722553 0.642481
-0.724109 0.652409
-0.729968 0.662337
-0.734868 0.673137
-0.739418 0.684237
-0.744318 0.695037
-0.749218 0.705837
-0.753768 0.716637
-0.758668 0.727737
-0.763568 0.742316
-0.768118 0.753698
-0.773018 0.756948
-0.777918 0.766876
-0.782468 0.781455
-0.787368 0.784987
-0.792268 0.794924
-0.797835 0.805724
-0.802735 0.817977
-0.807635 0.824716
-0.812185 0.836098
-0.817085 0.843409
-0.821985 0.847822
-0.826885 0.860948
-0.831435 0.868259
-0.836335 0.874416
-0.841235 0.8826
-0.846135 0.889039
-0.850685 0.90072
-0.855585 0.908322
-0.860485 0.912435
-0.865385 0.922372
-0.869935 0.9323
-0.874835 0.939911
-0.879735 0.945477
-0.884635 0.955405
-0.889185 0.966214
-0.894085 0.971781
-0.898985 0.979392
-0.903885 0.982633
-0.908435 0.995187
-0.913335 1.0025
-0.918235 1.00894
-0.923135 1.0148
-0.928035 1.0195
-0.932585 1.02798
-0.937485 1.03355
-0.942385 1.03854
-0.947285 1.04585
-0.952185 1.0523
-0.957085 1.05787
-0.961635 1.06141
-0.966535 1.07105
-0.971435 1.07574
-0.975318 1.08073
-0.980218 1.08805
-0.985118 1.09159
-0.989668 1.09658
-0.99355 1.1036
-0.99845 1.10947
-0.9955 1.11096
-1.00622 1.11858
-0.988001 1.12414
-1.00235 1.13088
-1.01888 1.13732
-1.00032 1.14144
-1.02731 1.1505
-1.03119 1.15636
-1.03508 1.16106
-1.03794 1.16431
-1.04182 1.17279
-1.04571 1.17836
-1.02996 1.18248
-1.02454 1.19066
-1.05532 1.19391
-1.04024 1.20007
-1.06172 1.20796
-1.04016 1.21151
-1.05334 1.2194
-1.06798 1.22294
-1.06155 1.23026
-1.07604 1.23437
-1.0789 1.24256
-1.08177 1.25018
-1.0605 1.24935
-1.06104 1.25492
-1.0594 1.26166
-1.07506 1.2713
-1.08519 1.27135
-1.07773 1.27867
-1.0854 1.28424
-1.08041 1.28661
-1.0733 1.28899
-1.06265 1.29281
-1.07395 1.29519
-1.08341 1.29728
-1.07043 1.29646
-1.0653 1.29854
-1.06793 1.30121
-1.07807 1.30213
-1.06174 1.3013
-1.06772 1.30193
-1.06172 1.30082
-1.06284 1.29942
-1.06649 1.29714
-1.06528 1.29254
-1.06443 1.28852
-1.05043 1.2813
-1.0517 1.27727
-1.05665 1.27151
-1.04862 1.26575
-1.04674 1.25679
-1.04205 1.2487
-1.0468 1.23769
-1.03345 1.22815
-1.0382 1.21744
-1.02833 1.20209
-1.02378 1.19022
-1.0174 1.17311
-1.01867 1.15862
-1.02124 1.13978
-1.01486 1.12006
-1.01162 1.09452
-0.998411 1.06957
-1.00593 1.04142
-0.992716 1.01733
-0.991946 0.992381
-0.960418 0.964813
-0.982762 0.948001
-0.96737 0.926829
-0.9666 0.906529
-0.955509 0.886229
-0.944042 0.861568
-0.930771 0.84184
-0.923809 0.818924
-0.91519 0.798624
-0.915061 0.779777
-0.8999 0.750755
-0.885961 0.728711
-0.874144 0.704631
-0.868636 0.6759
-0.85964 0.65182
-0.844479 0.623089
-0.8365 0.601044
-0.827154 0.577546
-0.823972 0.552303
-0.805322 0.53055
-0.796326 0.51054
-0.790469 0.490531
-0.76868 0.474301
-0.760642 0.459235
-0.750628 0.443877
-0.741632 0.434044
-0.733739 0.422466
-0.723725 0.412924
-0.729207 0.40687
-0.712942 0.404014
-0.701996 0.393018
-0.681952 0.380277
-0.682259 0.377131
-0.674367 0.367007
-0.662318 0.364733
-0.65646 0.35897
-0.649499 0.359603
-0.645009 0.359364
-0.627232 0.357672
-0.634081 0.362676
-0.624444 0.363309
-0.628821 0.365977
-0.620407 0.367774
-0.61862 0.371024
-0.625033 0.380379
-0.617635 0.387118
-0.616866 0.388914
-0.620953 0.399151
-0.622423 0.407053
-0.630667 0.416409
-0.633155 0.425764
-0.639277 0.436864
-0.645921 0.447092
-0.643758 0.459937
-0.637959 0.472209
-0.648093 0.482437
-0.663083 0.496735
-0.651179 0.507835
-0.660876 0.519516
-0.658276 0.527718
-0.686931 0.542598
-0.691831 0.553698
-0.697081 0.564798
-0.702331 0.575898
-0.707581 0.587298
-0.712831 0.598398
-0.718081 0.609498
-0.723331 0.619726
-0.729598 0.634905
-0.735866 0.641063
-0.742134 0.657105
-0.748401 0.661809
-0.756995 0.677861
-0.780561 0.684309
-0.767204 0.699189
-0.776815 0.706518
-0.779739 0.716746
-0.786007 0.727264
-0.791257 0.739818
-0.797524 0.751218
-0.802774 0.75912
-0.808024 0.773127
-0.813274 0.785981
-0.818524 0.791557
-0.824124 0.798587
-0.829374 0.814348
-0.834624 0.819924
-0.839874 0.829279
-0.845124 0.838353
-0.850374 0.853233
-0.855624 0.863761
-0.860874 0.869046
-0.866124 0.883926
-0.871374 0.891255
-0.876624 0.902064
-0.881874 0.909094
-0.887474 0.916424
-0.867284 0.925489
-0.896957 0.932527
-0.902207 0.944209
-0.907457 0.951248
-0.912707 0.957987
-0.917957 0.963853
-0.923207 0.972346
-0.928457 0.976468
-0.934057 0.981472
-0.939307 0.984722
-0.944557 0.990016
-0.949807 0.993848
-0.955057 0.996526
-0.960307 0.998031
-0.965557 1.00216
-0.971157 1.00018
-0.976407 1.00286
-0.981657 1.00233
-0.986907 1.00064
-0.992157 1.00099
-0.997757 1.00018
-1.00301 0.997029
-1.00826 0.993601
-1.01249 0.988139
-1.01774 0.982666
-1.0072 0.973714
-1.02757 0.966498
-1.01669 0.957255
-1.03705 0.949166
-1.04129 0.941668
-1.04689 0.935333
-1.04182 0.927535
-1.05535 0.92149
-1.05958 0.915146
-1.06483 0.910846
-1.05677 0.904801
-1.07263 0.897876
-1.07686 0.896774
-1.06947 0.89102
-1.08466 0.885548
-1.06578 0.878631
-1.09211 0.875785
-1.07358 0.870313
-1.09656 0.86514
-1.08001 0.858805
-1.08089 0.850716
-1.08679 0.842346
-1.09945 0.835429
-1.10499 0.829085
-1.09823 0.818098
-1.10392 0.8106
-1.10161 0.806581
-1.10032 0.797629
-1.10984 0.798272
-1.11553 0.794553
-1.10145 0.79257
-1.10298 0.788561
-1.10866 0.790948
-1.10533 0.790137
-1.11617 0.79077
-1.11153 0.786761
-1.11271 0.787694
-1.11555 0.786592
-1.11025 0.786653
-1.12073 0.783798
-1.10365 0.782987
-1.11245 0.779559
-1.10229 0.776131
-1.10513 0.774157
-1.10128 0.767231
-1.10275 0.764385
-1.09992 0.757759
-1.09142 0.75375
-1.08707 0.751776
-1.087 0.746894
-1.08548 0.742294
-1.08294 0.740029
-1.07758 0.737764
-1.07504 0.738407
-1.07017 0.734398
-1.06728 0.737076
-1.05674 0.736264
-1.04635 0.735453
-1.0428 0.732316
-1.0402 0.734403
-1.0298 0.733592
-1.02523 0.729583
-1.02167 0.734587
-1.01674 0.73145
-1.00417 0.729185
-1.00309 0.735061
-0.994004 0.73047
-0.981578 0.730531
-0.981449 0.732337
-0.965534 0.73327
-0.965901 0.734203
-0.949259 0.73252
-0.941281 0.733453
-0.928128 0.73177
-0.919191 0.732703
-0.918395 0.733637
-0.907277 0.733698
-0.907294 0.735503
-0.896176 0.735564
-0.893054 0.735916
-0.882954 0.738303
-0.878814 0.738364
-0.872203 0.73639
-0.868731 0.741103
-0.864446 0.742037
-0.856526 0.743842
-0.85573 0.744776
-0.842577 0.743392
-0.832622 0.743453
-0.82732 0.743514
-0.820359 0.744448
-0.827267 0.747998
-0.814696 0.749803
-0.826401 0.752481
-0.826332 0.756031
-0.823791 0.760753
-0.810784 0.765176
-0.815221 0.769598
-0.816836 0.774892
-0.823599 0.779314
-0.823094 0.784318
-0.822588 0.790203
-0.822083 0.79637
-0.821577 0.802537
-0.825578 0.809576
-0.836411 0.817487
-0.837941 0.824826
-0.847757 0.831864
-0.836494 0.839776
-0.846309 0.846814
-0.847198 0.85647
-0.87315 0.864681
-0.8709 0.874337
-0.88028 0.883992
-0.883845 0.893648
-0.866331 0.904476
-0.887195 0.915003
-0.890759 0.924659
-0.902174 0.936359
-0.906757 0.946887
-0.912357 0.958287
-0.917957 0.973466
-0.923557 0.979642
-0.929157 0.99017
-0.934757 1.0007
-0.940357 1.01153
-0.945957 1.02671
-0.952574 1.03781
-0.958174 1.04777
-0.963774 1.05336
-0.982021 1.06186
-0.975992 1.07297
-0.981592 1.08408
-0.987192 1.09141
-0.992792 1.09671
-0.998742 1.10434
-1.00434 1.11283
-1.01029 1.11842
-1.01589 1.12866
-1.02149 1.13425
-1.02744 1.14391
-1.03304 1.14921
-1.03899 1.1545
-1.04357 1.15922
-1.04952 1.16452
-1.05411 1.17157
-1.06006 1.17453
-1.05301 1.18158
-1.06957 1.18513
-1.07415 1.18956
-1.0801 1.1905
-1.06957 1.1958
-1.07799 1.19354
-1.0942 1.19215
-1.10015 1.19454
-1.0931 1.1949
-1.10967 1.19496
-1.08916 1.19271
-1.09607 1.19364
-1.11728 1.19226
-1.12768 1.19145
-1.13261 1.19006
-1.13138 1.191
-1.1177 1.19194
-1.14569 1.18997
-1.15062 1.18887
-1.14291 1.18807
-1.13949 1.1861
-1.15722 1.18122
-1.1666 1.17315
-1.15888 1.16827
-1.15896 1.16078
-1.17698 1.15212
-1.15778 1.14114
-1.16134 1.13511
-1.16526 1.12645
-1.1851 1.11489
-1.17419 1.10391
-1.17025 1.09263
-1.16582 1.08514
-1.16421 1.07678
-1.19968 1.06551
-1.18943 1.0554
-1.18331 1.045
-1.1815 1.03199
-1.18338 1.02042
-1.17378 1.00508
-1.17429 0.985092
-1.17413 0.969172
-1.17499 0.944811
-1.17449 0.921622
-1.1675 0.897561
-1.17418 0.878733
-1.16786 0.856116
-1.16567 0.8338
-1.16202 0.806831
-1.15265 0.785387
-1.15627 0.763361
-1.14827 0.744233
-1.1391 0.726277
-1.13554 0.705996
-1.14265 0.687459
-1.12563 0.668922
-1.12658 0.652711
-1.11102 0.634455
-1.1161 0.618535
-1.10155 0.602324
-1.08694 0.580298
-1.09217 0.568157
-1.07791 0.552818
-1.07333 0.540387
-1.05879 0.52592
-1.05834 0.51407
-1.04975 0.499594
-1.04212 0.488035
-1.03586 0.47822
-1.02161 0.465789
-1.01084 0.460335
-1.00603 0.452264
-0.992587 0.443903
-0.985599 0.44252
-0.960149 0.440264
-0.953829 0.436846
-0.941839 0.440987
-0.939358 0.440476
-0.913412 0.438511
-0.914215 0.436546
-0.905192 0.435744
-0.900034 0.433779
-0.866239 0.437339
-0.871839 0.436246
-0.857437 0.430792
-0.835271 0.431153
-0.831568 0.432687
-0.818851 0.432176
-0.800524 0.434281
-0.799292 0.434061
-0.7748 0.437039
-0.762434 0.4374
-0.746228 0.44125
-0.746304 0.442483
-0.739461 0.446924
-0.718313 0.452518
-0.725367 0.456368
-0.702243 0.459637
-0.694033 0.466685
-0.68088 0.474024
-0.674037 0.48079
-0.660303 0.485803
-0.664449 0.494014
-0.657461 0.501935
-0.649833 0.509564
-0.634704 0.51982
-0.63885 0.528031
-0.62875 0.538859
-0.629758 0.548814
-0.632159 0.561687
-0.629037 0.574259
-0.627137 0.585959
-0.624596 0.599985
-0.619062 0.612857
-0.629314 0.626883
-0.627123 0.635966
-0.627926 0.649411
-0.626403 0.661992
-0.621886 0.671076
-0.623707 0.681903
-0.636344 0.693031
-0.633512 0.705603
-0.6367 0.714687
-0.651022 0.73192
-0.650226 0.737224
-0.657921 0.749514
-0.663957 0.758598
-0.658568 0.768553
-0.664459 0.778809
-0.668373 0.788764
-0.685748 0.799592
-0.701002 0.81072
-0.706602 0.821548
-0.712552 0.834129
-0.718152 0.849609
-0.724102 0.857539
-0.729702 0.864587
-0.73667 0.878622
-0.758406 0.887996
-0.761884 0.898242
-0.75789 0.90937
-0.764858 0.925722
-0.783105 0.935105
-0.77946 0.943898
-0.787096 0.958224
-0.809182 0.967598
-0.825453 0.983377
-0.806631 0.992461
-0.828717 1.00301
-0.819198 1.01646
-0.825148 1.02351
-0.830748 1.03551
-0.836698 1.04546
-0.842648 1.05659
-0.848248 1.06626
-0.854198 1.07593
-0.859798 1.08997
-0.865748 1.09847
-0.871348 1.10698
-0.877298 1.12101
-0.869584 1.12545
-0.886813 1.13483
-0.891746 1.14798
-0.881559 1.15475
-0.902978 1.16733
-0.90791 1.17147
-0.912843 1.18318
-0.906146 1.19111
-0.923058 1.19903
-0.929008 1.21016
-0.911844 1.21286
-0.94024 1.22426
-0.926565 1.23336
-0.950105 1.23867
-0.956405 1.24746
-0.962355 1.25248
-0.96627 1.25925
-0.97257 1.26427
-0.962384 1.27132
-0.983452 1.2746
-0.988734 1.27962
-0.994684 1.28028
-0.999967 1.28559
-1.0049 1.28799
-1.00983 1.29098
-1.01613 1.29164
-1.00943 1.29026
-1.00739 1.29063
-1.00686 1.291
-1.03418 1.28788
-1.03015 1.28273
-1.04439 1.27786
-1.04002 1.27532
-1.05359 1.26667
-1.04486 1.26326
-1.03531 1.25433
-1.03574 1.24423
-1.04582 1.23327
-1.03941 1.21532
-1.05059 1.19796
-1.06082 1.17796
-1.04642 1.15595
-1.05795 1.13568
-1.0575 1.11279
-1.05871 1.09339
-1.05958 1.07311
-1.05134 1.04906
-1.04537 1.03024
-1.04658 1.01172
-1.04991 0.989409
-1.05244 0.971753
-1.05228 0.955551
-1.03634 0.93557
-1.03749 0.915298
-1.04612 0.893281
-1.03215 0.878533
-1.02929 0.847794
-1.0226 0.82287
-1.02323 0.797074
-1.00853 0.769533
-1.00568 0.739666
-0.994617 0.707474
-0.987252 0.680224
-0.979973 0.644551
-0.968247 0.604509
-0.963295 0.572316
-0.954331 0.531111
-0.937167 0.489324
-0.923696 0.455387
-0.913279 0.431916
-0.906 0.40612
-0.899071 0.386439
-0.888449 0.369946
-0.882479 0.349964
-0.869821 0.330564
-0.858472 0.312327
-0.839709 0.299624
-0.841212 0.284876
-0.829427 0.276814
-0.821131 0.265555
-0.815306 0.254005
-0.803521 0.245953
-0.798713 0.238183
-0.797249 0.2371
-0.784156 0.233118
-0.768214 0.231453
-0.767913 0.232114
-0.759617 0.232776
-0.759171 0.234609
-0.754363 0.232363
-0.751591 0.23942
-0.74568 0.239218
-0.742762 0.243659
-0.750021 0.251589
-0.748121 0.258655
-0.748401 0.269783
-0.748682 0.278013
-0.73652 0.28914
-0.736655 0.302885
-0.733446 0.311987
-0.734745 0.327185
-0.736043 0.340939
-0.73522 0.353811
-0.736518 0.364066
-0.741159 0.377239
-0.730683 0.390692
-0.738146 0.400376
-0.741479 0.410631
-0.741323 0.421187
-0.744657 0.432314
-0.741362 0.444324
-0.751528 0.455742
-0.753408 0.464553
-0.758776 0.473064
-0.766821 0.481876
-0.781202 0.492131
-0.777121 0.501814
-0.781386 0.51207
-0.801583 0.522626
-0.786745 0.534053
-0.813773 0.544309
-0.820073 0.556609
-0.826023 0.571516
-0.808859 0.578292
-0.837256 0.58972
-0.843206 0.60172
-0.849156 0.612276
-0.855456 0.623403
-0.861406 0.634831
-0.868373 0.647131
-0.874673 0.662039
-0.906063 0.669396
-0.887591 0.680242
-0.894909 0.693114
-0.900859 0.704542
-0.907159 0.718877
-0.913109 0.727398
-0.919059 0.739398
-0.925359 0.754605
-0.931309 0.766905
-0.937259 0.773963
-0.943559 0.783937
-0.949509 0.794492
-0.955809 0.811444
-0.961759 0.822872
-0.968059 0.829057
-0.974009 0.844555
-0.979959 0.855111
-0.986259 0.861014
-0.992209 0.876222
-0.997491 0.884733
-1.00344 0.896161
-1.00939 0.902064
-1.01534 0.917272
-1.02129 0.924339
-1.02759 0.937511
-1.02424 0.946322
-1.01405 0.953389
-1.04442 0.960446
-1.05037 0.972455
-1.05632 0.985337
-1.06227 0.993276
-1.06822 1.00383
-1.07452 1.01264
-1.08047 1.01971
-1.08642 1.02997
-1.09237 1.03704
-1.09832 1.0444
-1.10427 1.05146
-1.11022 1.05911
-1.11652 1.06705
-1.11564 1.06976
-1.11476 1.0745
-1.13234 1.08215
-1.13727 1.0866
-1.12743 1.09105
-1.12888 1.09986
-1.128 1.10373
-1.15154 1.10993
-1.14615 1.11351
-1.16655 1.12116
-1.17046 1.12648
-1.15679 1.13035
-1.16768 1.1348
-1.16148 1.13692
-1.16641 1.14574
-1.17977 1.14874
-1.18471 1.15726
-1.18548 1.16171
-1.18838 1.16528
-1.1795 1.17003
-1.19868 1.17623
-1.18565 1.18155
-1.21413 1.186
-1.19827 1.18987
-1.19571 1.19607
-1.2114 1.19994
-1.21429 1.20526
-1.20475 1.21204
-1.21244 1.21446
-1.20851 1.2163
-1.21722 1.22424
-1.21014 1.22724
-1.22482 1.23256
-1.21986 1.23382
-1.22791 1.24146
-1.23226 1.2436
-1.2137 1.24805
-1.22154 1.25018
-1.22139 1.25347
-1.21911 1.25705
-1.21648 1.26151
-1.214 1.25927
-1.21652 1.26081
-1.21302 1.26033
-1.20624 1.26274
-1.20506 1.26226
-1.2004 1.25711
-1.20307 1.25663
-1.19841 1.25236
-1.19555 1.24664
-1.19103 1.24208
-1.18535 1.23693
-1.187 1.23209
-1.17681 1.22491
-1.16677 1.21832
-1.16357 1.21144
-1.14852 1.20019
-1.15375 1.19099
-1.14705 1.18206
-1.13483 1.17024
-1.13272 1.15813
-1.13097 1.14571
-1.11875 1.1304
-1.10981 1.11014
-1.09555 1.09105
-1.08827 1.07109
-1.07716 1.0517
-1.06755 1.02185
-1.05373 0.994326
-1.04093 0.967666
-1.03475 0.941889
-1.02297 0.91989
-1.00682 0.894976
-0.996491 0.872977
-0.974325 0.850107
-0.973443 0.82869
-0.959622 0.811044
-0.951762 0.788755
-0.935557 0.769374
-0.920719 0.748829
-0.902828 0.723924
-0.892933 0.705696
-0.874751 0.686314
-0.863052 0.66984
-0.852721 0.655692
-0.848204 0.637183
-0.84485 0.622744
-0.827977 0.602772
-0.821134 0.588624
-0.816268 0.574476
-0.78762 0.560618
-0.786737 0.549087
-0.776406 0.545114
-0.773343 0.535909
-0.768826 0.535426
-0.758495 0.536687
-0.750866 0.535613
-0.751583 0.540363
-0.75259 0.541624
-0.747346 0.548118
-0.742539 0.550251
-0.74311 0.555292
-0.744409 0.566148
-0.744689 0.574677
-0.743516 0.584661
-0.750629 0.599005
-0.752945 0.611605
-0.75526 0.622461
-0.757081 0.637687
-0.75111 0.650287
-0.751972 0.665213
-0.758649 0.676359
-0.777828 0.692739
-0.776219 0.700396
-0.768795 0.71445
-0.797277 0.729376
-0.789853 0.736451
-0.783446 0.750214
-0.806986 0.763114
-0.798109 0.77397
-0.822666 0.78657
-0.827598 0.798298
-0.833548 0.810898
-0.839498 0.823798
-0.845448 0.836107
-0.851398 0.848126
-0.857348 0.859853
-0.863648 0.870709
-0.875413 0.883609
-0.876566 0.895337
-0.883534 0.907937
-0.899805 0.920837
-0.897469 0.938089
-0.904436 0.944292
-0.912421 0.957764
-0.919389 0.975316
-0.926357 0.982392
-0.932307 0.999644
-0.939624 1.00993
-0.946592 1.01962
-0.952542 1.03135
-0.958492 1.04338
-0.964442 1.05598
-0.970742 1.06771
-0.976692 1.08177
-0.982642 1.09349
-0.988592 1.10494
-0.994892 1.11347
-1.00084 1.1255
-1.00679 1.14246
-1.01274 1.14838
-1.01323 1.15982
-1.02499 1.17097
-1.00681 1.18474
-1.03419 1.19357
-1.04014 1.20355
-1.04609 1.21063
-1.03241 1.22149
-1.05732 1.23177
-1.06225 1.24059
-1.0682 1.25262
-1.06767 1.26319
-1.07944 1.27114
-1.08539 1.28288
-1.09169 1.29257
-1.09764 1.29791
-1.10359 1.3079
-1.10989 1.31615
-1.11584 1.32468
-1.12179 1.32943
-1.12809 1.33943
-1.13302 1.34186
-1.13932 1.34719
-1.14425 1.34701
-1.1502 1.35351
-1.15548 1.35478
-1.16143 1.35488
-1.16672 1.35092
-1.16961 1.34434
-1.16908 1.33805
-1.16369 1.3271
-1.16063 1.31965
-1.16257 1.30813
-1.17477 1.2998
-1.17903 1.28711
-1.18193 1.27849
-1.16788 1.26581
-1.18604 1.24876
-1.19278 1.23288
-1.17837 1.21234
-1.18206 1.18657
-1.17594 1.15876
-1.17265 1.13154
-1.16319 1.10257
-1.17167 1.07971
-1.16919 1.05074
-1.16139 1.02439
-1.1592 0.994264
-1.15387 0.967333
-1.14935 0.940111
-1.143 0.919866
-1.14081 0.899622
-1.13098 0.878505
-1.13858 0.855644
-1.12738 0.831039
-1.11769 0.804398
-1.10096 0.773396
-1.09403 0.743266
-1.09678 0.714881
-1.0839 0.682426
-1.07668 0.653168
-1.06591 0.618677
-1.05302 0.583024
-1.04609 0.548533
-1.03233 0.511435
-1.0302 0.479561
-1.01993 0.446233
-1.00509 0.417848
-0.986821 0.395568
-0.97335 0.375033
-0.970201 0.360313
-0.94481 0.340077
-0.940789 0.328846
-0.918015 0.321685
-0.917337 0.31307
-0.910845 0.307944
-0.901881 0.305444
-0.892917 0.299446
-0.889768 0.29839
-0.876007 0.297626
-0.866752 0.292509
-0.84485 0.28622
-0.834869 0.286037
-0.834627 0.278303
-0.815633 0.277829
-0.818444 0.281135
-0.804392 0.279507
-0.805459 0.285429
-0.794459 0.287281
-0.790874 0.291468
-0.775659 0.300298
-0.78007 0.310881
-0.771833 0.3232
-0.766939 0.335227
-0.758557 0.351044
-0.757443 0.363072
-0.746067 0.3754
-0.737684 0.389753
-0.748055 0.403826
-0.733858 0.414981
-0.724458 0.426437
-0.725379 0.44079
-0.721503 0.450792
-0.721116 0.464855
-0.726544 0.476311
-0.721709 0.488048
-0.724666 0.498631
-0.729803 0.507751
-0.726945 0.514846
-0.726121 0.528337
-0.724281 0.534259
-0.729622 0.541353
-0.729817 0.54902
-0.736989 0.556987
-0.740527 0.565826
-0.741739 0.574364
-0.743301 0.583203
-0.748002 0.592042
-0.750232 0.601453
-0.768743 0.611164
-0.75818 0.620876
-0.766284 0.632331
-0.788138 0.641742
-0.775104 0.652326
-0.773554 0.663781
-0.807097 0.675237
-0.793772 0.691916
-0.817662 0.69872
-0.823962 0.711048
-0.830612 0.722503
-0.836912 0.734831
-0.843212 0.74774
-0.849862 0.76064
-0.856162 0.76977
-0.862462 0.789076
-0.869112 0.793553
-0.875412 0.807916
-0.891016 0.819663
-0.88938 0.830246
-0.89568 0.84112
-0.908812 0.854901
-0.909647 0.866648
-0.915947 0.882755
-0.922247 0.894211
-0.928897 0.905666
-0.935197 0.915087
-0.941847 0.932066
-0.948147 0.937998
-0.954447 0.954977
-0.961097 0.96149
-0.967397 0.973818
-0.974047 0.989926
-0.980347 0.997311
-0.986997 1.00557
-0.99228 1.01993
-0.99893 1.03081
-0.985605 1.03703
-1.01086 1.0511
-1.01417 1.06169
-1.01146 1.07053
-1.0043 1.08024
-1.01307 1.08356
-1.02568 1.09559
-1.04294 1.10414
-1.04822 1.11328
-1.05487 1.11979
-1.03841 1.1327
-1.06346 1.1398
-1.0704 1.14458
-1.07467 1.15312
-1.05588 1.15935
-1.08593 1.16731
-1.0902 1.17471
-1.07373 1.18064
-1.09812 1.18512
-1.08296 1.18989
-1.107 1.19437
-1.09882 1.2006
-1.10343 1.20276
-1.09738 1.20694
-1.11711 1.20939
-1.1242 1.21445
-1.13463 1.21749
-1.12523 1.21673
-1.11254 1.21598
-1.11512 1.21814
-1.13151 1.22145
-1.13476 1.22041
-1.12106 1.2214
-1.13541 1.2192
-1.13319 1.21845
-1.12641 1.21886
-1.12899 1.21811
-1.12474 1.21911
-1.1356 1.21778
-1.13019 1.21761
-1.13524 1.21192
-1.13645 1.20913
-1.13249 1.20169
-1.13303 1.19629
-1.12427 1.19263
-1.1318 1.18694
-1.12086 1.17951
-1.12003 1.1709
-1.11854 1.1626
-1.12505 1.15662
-1.12007 1.14714
-1.11276 1.13767
-1.10676 1.12442
-1.10324 1.11408
-1.09622 1.09705
-1.08238 1.08263
-1.08467 1.06968
-1.07329 1.05614
-1.06142 1.04114
-1.05251 1.02469
-1.04695 1.00824
-1.03936 0.988018
-1.01998 0.960814
-1.01341 0.9371
-1.00377 0.906989
-0.986147 0.876877
-0.971719 0.850827
-0.965431 0.819553
-0.951438 0.790314
-0.939335 0.768053
-0.933193 0.741722
-0.914548 0.712774
-0.889508 0.682663
-0.873334 0.654877
-0.869954 0.631744
-0.845931 0.606285
-0.848424 0.588385
-0.830943 0.569031
-0.830615 0.554911
-0.810662 0.5405
-0.800013 0.527251
-0.791399 0.516629
-0.781768 0.505998
-0.783911 0.493331
-0.77463 0.4827
-0.772848 0.476139
-0.774556 0.468124
-0.771466 0.465051
-0.768726 0.4585
-0.772469 0.459789
-0.767925 0.459914
-0.765853 0.462366
-0.770963 0.46569
-0.76264 0.476001
-0.769435 0.48107
-0.769748 0.494279
-0.771601 0.505453
-0.767784 0.514311
-0.772109 0.526066
-0.766171 0.538985
-0.77849 0.555111
-0.775896 0.571227
-0.778911 0.582983
-0.766954 0.595039
-0.767848 0.608539
-0.767375 0.62292
-0.76007 0.63235
-0.765761 0.646431
-0.767759 0.656161
-0.767636 0.670242
-0.766146 0.684042
-0.768144 0.696379
-0.772527 0.706109
-0.765076 0.717864
-0.776292 0.735153
-0.784832 0.744292
-0.784272 0.754603
-0.791359 0.765487
-0.793938 0.775798
-0.807189 0.786681
-0.805989 0.798737
-0.825055 0.80992
-0.810045 0.820803
-0.820824 0.832859
-0.828928 0.844614
-0.853518 0.857542
-0.858133 0.869598
-0.864115 0.882226
-0.867421 0.895153
-0.876747 0.915059
-0.88238 0.921009
-0.888362 0.933346
-0.895362 0.949472
-0.902012 0.961527
-0.909012 0.971548
-0.915662 0.983303
-0.922662 0.995359
-0.929312 1.01207
-0.936312 1.02558
-0.943312 1.03443
-0.949962 1.04416
-0.969609 1.05766
-0.96498 1.0735
-0.97163 1.0841
-0.97863 1.09208
-0.98528 1.10792
-0.99228 1.11591
-0.99928 1.13029
-1.00593 1.14089
-1.01293 1.1544
-1.01993 1.16093
-1.02556 1.17502
-1.03256 1.18708
-1.03854 1.19651
-1.04554 1.20624
-1.02908 1.21481
-1.03855 1.22599
-1.05151 1.23863
-1.06877 1.24574
-1.07374 1.25576
-1.0601 1.26288
-1.08367 1.27407
-1.06139 1.28176
-1.07217 1.28946
-1.0969 1.29628
-1.08559 1.3063
-1.08474 1.31138
-1.09101 1.31763
-1.09461 1.32242
-1.09957 1.32837
-1.10119 1.33141
-1.12375 1.33504
-1.12086 1.33547
-1.10751 1.33764
-1.11975 1.33429
-1.12166 1.33152
-1.11877 1.32933
-1.1092 1.32163
-1.11111 1.31943
-1.10968 1.31114
-1.11639 1.30431
-1.11728 1.29426
-1.10437 1.28597
-1.10526 1.2739
-1.10165 1.26473
-1.09121 1.2515
-1.10039 1.23303
-1.08893 1.21864
-1.08226 1.199
-1.07676 1.17298
-1.07257 1.14637
-1.06139 1.1186
-1.06002 1.08298
-1.03649 1.05783
-1.03274 1.02686
-1.0172 0.999376
-1.01098 0.975098
-0.994716 0.952264
-0.988487 0.928859
-0.988509 0.899639
-0.970274 0.875061
-0.956486 0.852237
-0.948222 0.828831
-0.94243 0.801064
-0.927334 0.777068
-0.914563 0.747266
-0.921913 0.716883
-0.908125 0.681266
-0.901315 0.654653
-0.889562 0.626887
-0.881298 0.59505
-0.868442 0.573679
-0.868173 0.545331
-0.874737 0.525987
-0.859205 0.498801
-0.849256 0.473651
-0.845353 0.455189
-0.842613 0.438179
-0.825046 0.418844
-0.825999 0.409685
-0.818753 0.397037
-0.822991 0.390494
-0.817112 0.383951
-0.804923 0.380607
-0.815994 0.377263
-0.805172 0.374209
-0.806939 0.374935
-0.796785 0.372753
-0.810241 0.372026
-0.807065 0.373914
-0.811884 0.37435
-0.81342 0.376239
-0.810971 0.379881
-0.814627 0.386131
-0.81936 0.394998
-0.821709 0.402992
-0.822953 0.411859
-0.834169 0.421898
-0.835063 0.430764
-0.837325 0.436724
-0.840255 0.452859
-0.843534 0.46347
-0.851611 0.474381
-0.852215 0.484992
-0.861309 0.496476
-0.84694 0.50099
-0.85022 0.517126
-0.856988 0.527737
-0.866896 0.538648
-0.883985 0.550131
-0.870984 0.561042
-0.871442 0.572526
-0.875739 0.584009
-0.882508 0.59492
-0.886455 0.606403
-0.890752 0.618187
-0.901882 0.630542
-0.926617 0.642326
-0.922628 0.654681
-0.917476 0.666464
-0.92628 0.67882
-0.928773 0.697581
-0.957202 0.709064
-0.960191 0.71387
-0.968849 0.731759
-0.974832 0.743242
-0.978838 0.755026
-0.988514 0.763611
-0.994846 0.774513
-1.00118 0.788622
-1.00818 0.801277
-0.992415 0.814214
-1.02186 0.823672
-1.02587 0.832257
-1.03554 0.848692
-1.04289 0.857268
-1.03992 0.871377
-1.05623 0.884614
-1.06256 0.891746
-1.05726 0.904111
-1.07522 0.918792
-1.08156 0.928831
-1.08789 0.939451
-1.09422 0.947164
-1.07846 0.958076
-1.08377 0.964626
-1.10537 0.972048
-1.10205 0.982668
-1.10983 0.989218
-1.12678 0.998385
-1.11348 1.00581
-1.11197 1.00974
-1.13138 1.01542
-1.12638 1.02022
-1.12035 1.02503
-1.12014 1.03042
-1.12691 1.03377
-1.12816 1.03654
-1.13725 1.04077
-1.12672 1.04296
-1.13843 1.04515
-1.13407 1.04734
-1.12949 1.04807
-1.12623 1.04969
-1.11948 1.04984
-1.11971 1.05203
-1.12241 1.05015
-1.12365 1.05497
-1.11705 1.05541
-1.11422 1.05266
-1.1161 1.05397
-1.11197 1.05065
-1.10769 1.05371
-1.10522 1.05416
-1.0989 1.05228
-1.09709 1.05592
-1.08328 1.05231
-1.07594 1.05217
-1.07594 1.0535
-1.07689 1.05249
-1.06825 1.05236
-1.03859 1.05019
-1.05336 1.0518
-1.04129 1.04556
-1.04093 1.04863
-1.02473 1.0482
-1.01121 1.04808
-1.00882 1.04678
-1.00125 1.04025
-0.991886 1.04419
-0.987811 1.04609
-0.976409 1.04538
-0.968554 1.04526
-0.951627 1.04308
-0.936213 1.03801
-0.929608 1.04166
-0.925969 1.03369
-0.907734 1.03704
-0.895082 1.03022
-0.895454 1.02864
-0.881348 1.02764
-0.877359 1.02955
-0.866307 1.02709
-0.846386 1.02521
-0.834402 1.02334
-0.827129 1.02321
-0.821686 1.02396
-0.8211 1.02558
-0.814554 1.02806
-0.80068 1.03055
-0.802129 1.03391
-0.801397 1.0364
-0.799008 1.03976
-0.794496 1.044
-0.7958 1.04823
-0.790939 1.05246
-0.795441 1.05844
-0.788459 1.06355
-0.785633 1.06953
-0.785628 1.07463
-0.787659 1.08148
-0.7862 1.08863
-0.792678 1.09461
-0.787731 1.10146
-0.791796 1.11005
-0.798188 1.11865
-0.799783 1.12841
-0.800359 1.13701
-0.814746 1.14648
-0.80602 1.15537
-0.817935 1.16571
-0.823019 1.1743
-0.819816 1.18407
-0.822428 1.19441
-0.82504 1.20213
-0.850766 1.21742
-0.846109 1.22369
-0.86006 1.23433
-0.861569 1.24787
-0.876537 1.25413
-0.888162 1.26797
-0.893827 1.27889
-0.884228 1.28866
-0.9085 1.29813
-0.915183 1.30702
-0.910235 1.3165
-0.90994 1.32596
-0.936597 1.3366
-0.930633 1.34316
-0.949962 1.35264
-0.957662 1.35833
-0.965362 1.36257
-0.973412 1.3703
-0.981112 1.37367
-0.987795 1.3782
-0.995495 1.38243
-1.00319 1.38755
-0.985805 1.38511
-1.01793 1.3908
-1.01298 1.3901
-1.03266 1.38794
-1.03353 1.3852
-1.04501 1.38101
-1.02959 1.37973
-1.0577 1.36828
-1.04723 1.36002
-1.0529 1.341
-1.0499 1.32663
-1.04626 1.31169
-1.06268 1.28511
-1.06666 1.26086
-1.05546 1.24097
-1.05808 1.21963
-1.05072 1.19713
-1.0606 1.1752
-1.04873 1.15531
-1.04349 1.12874
-1.04573 1.10391
-1.04331 1.08839
-1.04185 1.06152
-1.04075 1.04076
-1.03019 1.01447
-1.03751 0.98877
-1.03975 0.967146
-1.03 0.939116
-1.03238 0.909633
-1.03127 0.875498
-1.02566 0.846024
-1.02208 0.809563
-1.01792 0.773683
-1.003 0.738685
-1.01134 0.703096
-1.00471 0.661992
-1.0002 0.621751
-0.990076 0.589942
-0.9801 0.559596
-0.971433 0.52895
-0.966254 0.502964
-0.955551 0.477551
-0.950372 0.455637
-0.942868 0.435457
-0.944958 0.421392
-0.944285 0.410816
-0.936635 0.39994
-0.931457 0.390237
-0.934128 0.386348
-0.934473 0.381577
-0.934819 0.37827
-0.932693 0.379614
-0.927078 0.381822
-0.934606 0.384911
-0.940475 0.389453
-0.941402 0.398648
-0.951633 0.407542
-0.960846 0.415283
-0.956975 0.423024
-0.95892 0.439487
-0.971185 0.446646
-0.971009 0.464853
