angle_1 angle_2
-0.900453 1.99131
-0.900453 1.99131
-0.900453 1.99134
-0.900512 1.99149
-0.90057 1.99166
-0.900657 1.99187
-0.900773 1.99204
-0.90089 1.99224
-0.900977 1.99236
-0.901093 1.99248
-0.901151 1.99256
-0.90118 1.99259
-0.901209 1.99262
-0.901268 1.99268
-0.901355 1.99274
-0.901442 1.99282
-0.901587 1.99297
-0.901675 1.99303
-0.901762 1.99312
-0.901849 1.99317
-0.901936 1.99326
-0.902023 1.99332
-0.90214 1.99341
-0.902227 1.99344
-0.902343 1.99352
-0.90243 1.99355
-0.902576 1.99367
-0.902692 1.99376
-0.902779 1.99381
-0.902867 1.99384
-0.902983 1.99393
-0.903099 1.99402
-0.903186 1.99408
-0.903274 1.99416
-0.90339 1.99425
-0.903506 1.99434
-0.903593 1.99439
-0.903681 1.99445
-0.903768 1.99451
-0.903884 1.99463
-0.904 1.99471
-0.904088 1.99477
-0.904175 1.99486
-0.904262 1.99492
-0.904378 1.99501
-0.904495 1.99509
-0.904582 1.99515
-0.904669 1.99521
-0.904756 1.99527
-0.904844 1.9953
-0.90496 1.99535
-0.905047 1.99538
-0.905105 1.99541
-0.905193 1.99544
-0.905309 1.99553
-0.905396 1.99556
-0.905483 1.99559
-0.90557 1.99562
-0.905658 1.99565
-0.905716 1.99565
-0.905803 1.99567
-0.90589 1.9957
-0.905978 1.9957
-0.906036 1.99567
-0.906123 1.9957
-0.906181 1.99567
-0.906268 1.99567
-0.906326 1.99567
-0.906385 1.99567
-0.906443 1.99567
-0.906501 1.99562
-0.906588 1.99565
-0.906646 1.99565
-0.906704 1.99565
-0.906763 1.99562
-0.906821 1.99562
-0.906908 1.99562
-0.906966 1.99559
-0.907024 1.99556
-0.907111 1.99559
-0.90717 1.99559
-0.907286 1.99562
-0.907315 1.99559
-0.907402 1.99559
-0.90746 1.99556
-0.907548 1.99559
-0.907635 1.99562
-0.907722 1.99562
-0.90778 1.99559
-0.907867 1.99559
-0.907955 1.99559
-0.908042 1.99559
-0.9081 1.99556
-0.908216 1.99559
-0.908274 1.99559
-0.908362 1.99556
-0.90842 1.99556
-0.908507 1.99556
-0.908594 1.99556
-0.908681 1.99556
-0.90874 1.99556
-0.908856 1.99559
-0.908914 1.99553
-0.909001 1.99553
-0.909088 1.99553
-0.909176 1.99553
-0.909234 1.99547
-0.909321 1.99547
-0.909408 1.99547
-0.909495 1.99547
-0.909583 1.99544
-0.90967 1.99544
-0.909728 1.99541
-0.909844 1.99541
-0.909903 1.99538
-0.910019 1.99538
-0.910077 1.99535
-0.910193 1.99535
-0.910251 1.99533
-0.910339 1.99533
-0.910426 1.9953
-0.910513 1.9953
-0.9106 1.9953
-0.910688 1.99527
-0.910775 1.99527
-0.910862 1.99524
-0.910949 1.99524
-0.911036 1.99521
-0.911124 1.99521
-0.911211 1.99518
-0.911298 1.99518
-0.911356 1.99512
-0.911473 1.99512
-0.911531 1.99509
-0.911647 1.99512
-0.911705 1.99509
-0.911821 1.99509
-0.91188 1.99506
-0.911967 1.99503
-0.912025 1.99501
-0.912112 1.99498
-0.912199 1.99498
-0.912287 1.99495
-0.912374 1.99492
-0.912461 1.99492
-0.912548 1.99489
-0.912635 1.99486
-0.912694 1.99483
-0.91281 1.99483
-0.912897 1.99477
-0.912955 1.99474
-0.913072 1.99474
-0.91313 1.99466
-0.913246 1.99469
-0.913333 1.99463
-0.91342 1.9946
-0.913508 1.99454
-0.913595 1.99451
-0.913711 1.99445
-0.913798 1.99439
-0.913915 1.99439
-0.914031 1.99434
-0.914118 1.99428
-0.914235 1.99422
-0.914351 1.99416
-0.914438 1.99405
-0.914583 1.99402
-0.9147 1.99393
-0.914816 1.99381
-0.914961 1.99373
-0.915107 1.99358
-0.915223 1.99341
-0.915368 1.99326
-0.915514 1.99303
-0.915659 1.99277
-0.915775 1.99242
-0.915921 1.9921
-0.916066 1.99175
-0.916212 1.99134
-0.916386 1.99096
-0.916531 1.99053
-0.916706 1.99012
-0.91688 1.98974
-0.917055 1.98937
-0.917287 1.98905
-0.917462 1.98875
-0.917665 1.98852
-0.917869 1.98835
-0.91813 1.98826
-0.918363 1.9882
-0.918654 1.98823
-0.918915 1.98829
-0.919177 1.98835
-0.919468 1.98843
-0.91973 1.98849
-0.919991 1.98852
-0.920282 1.98861
-0.920544 1.98864
-0.920834 1.9887
-0.921096 1.98873
-0.921358 1.98873
-0.921619 1.98875
-0.921881 1.98878
-0.922143 1.98881
-0.922375 1.98881
-0.922637 1.98884
-0.92287 1.98884
-0.923102 1.98887
-0.923335 1.98884
-0.923538 1.98884
-0.923742 1.98884
-0.923945 1.98881
-0.924149 1.98881
-0.924323 1.98875
-0.924498 1.98873
-0.924672 1.9887
-0.924847 1.98867
-0.924992 1.98864
-0.925166 1.98864
-0.925312 1.98858
-0.925486 1.98858
-0.925632 1.98858
-0.925777 1.98855
-0.925922 1.98852
-0.926068 1.98846
-0.926213 1.98843
-0.926358 1.98838
-0.926504 1.98835
-0.92662 1.98829
-0.926765 1.98823
-0.926882 1.98817
-0.927027 1.98814
-0.927143 1.98806
-0.92726 1.988
-0.927405 1.98797
-0.927521 1.98788
-0.927638 1.98782
-0.927754 1.98777
-0.92787 1.98771
-0.927987 1.98765
-0.928132 1.98762
-0.928219 1.98756
-0.928365 1.98753
-0.928481 1.98748
-0.928568 1.98739
-0.928684 1.98733
-0.928801 1.98724
-0.928917 1.98716
-0.929033 1.98707
-0.92915 1.98698
-0.929266 1.98686
-0.929382 1.98675
-0.929498 1.98663
-0.929615 1.98649
-0.929731 1.98634
-0.929847 1.98614
-0.929964 1.98593
-0.930109 1.98576
-0.930254 1.98556
-0.930371 1.98529
-0.930516 1.98509
-0.930632 1.9848
-0.930807 1.98457
-0.930952 1.98428
-0.931127 1.98402
-0.931272 1.98375
-0.931446 1.98349
-0.93165 1.98323
-0.931853 1.983
-0.932028 1.98271
-0.932231 1.98239
-0.932435 1.98207
-0.932609 1.98163
-0.932842 1.98125
-0.933075 1.98079
-0.933307 1.98029
-0.93354 1.97974
-0.933772 1.97916
-0.934005 1.97855
-0.934267 1.97794
-0.934528 1.97733
-0.934819 1.97678
-0.935081 1.97617
-0.935342 1.97555
-0.935662 1.97503
-0.935953 1.97448
-0.936273 1.97396
-0.936563 1.97346
-0.936883 1.973
-0.937232 1.97259
-0.937523 1.97212
-0.937872 1.97172
-0.938192 1.97131
-0.938511 1.97087
-0.938831 1.97041
-0.939151 1.96991
-0.939471 1.96936
-0.939762 1.96878
-0.940081 1.96817
-0.940372 1.96753
-0.940692 1.96686
-0.940983 1.96613
-0.941273 1.96541
-0.941564 1.96462
-0.941826 1.96384
-0.942117 1.96311
-0.942436 1.96244
-0.942727 1.9618
-0.943018 1.96122
-0.94328 1.96067
-0.943599 1.96026
-0.94389 1.95991
-0.944181 1.95959
-0.944472 1.95933
-0.944733 1.95907
-0.944995 1.95884
-0.945257 1.9586
-0.945489 1.95831
-0.945693 1.95802
-0.945925 1.95773
-0.9461 1.95738
-0.946274 1.95706
-0.94642 1.95671
-0.946536 1.95634
-0.946681 1.95605
-0.946798 1.95573
-0.946856 1.95538
-0.946943 1.95512
-0.946972 1.9548
-0.947001 1.95453
-0.947059 1.95436
-0.947088 1.95421
-0.947088 1.9541
-0.947088 1.95401
-0.947088 1.95398
-0.947088 1.95398
-0.947088 1.95401
-0.947088 1.95404
-0.947059 1.95404
-0.94703 1.95401
-0.947001 1.95401
-0.946972 1.95398
-0.946914 1.95395
-0.946856 1.95392
-0.946798 1.95387
-0.946768 1.95389
-0.946768 1.95389
-0.946739 1.95389
-0.946739 1.95389
-0.94671 1.95387
-0.94671 1.95387
-0.946681 1.95384
-0.946681 1.95384
-0.946681 1.95384
-0.946681 1.95384
-0.946681 1.95384
-0.946681 1.95384
-0.946681 1.95384
-0.946681 1.95384
-0.946681 1.95381
-0.946681 1.95381
-0.946681 1.95381
-0.946681 1.95378
-0.946681 1.95378
-0.946681 1.95375
-0.946681 1.95375
-0.946681 1.95375
-0.946681 1.95375
-0.946681 1.95375
-0.946681 1.95372
-0.946681 1.95372
-0.946681 1.95372
-0.946681 1.95372
-0.946681 1.95372
-0.946681 1.95372
-0.946681 1.95372
-0.946681 1.95372
-0.946681 1.95372
-0.946681 1.95372
-0.946681 1.95372
-0.946681 1.95369
-0.946681 1.95369
-0.946681 1.95366
-0.946681 1.95363
-0.946681 1.9536
-0.946681 1.95357
-0.946681 1.95355
-0.946681 1.95349
-0.946681 1.95343
-0.946681 1.95337
-0.946681 1.95326
-0.946681 1.95317
-0.946681 1.95308
-0.946681 1.95294
-0.946681 1.95285
-0.946681 1.95273
-0.946681 1.95259
-0.946681 1.95247
-0.946681 1.9523
-0.946681 1.95218
-0.946681 1.95203
-0.946681 1.95189
-0.946681 1.95171
-0.946681 1.95154
-0.946681 1.95137
-0.946681 1.95116
-0.946681 1.95096
-0.946681 1.95073
-0.946681 1.95046
-0.946681 1.95014
-0.946681 1.94982
-0.946681 1.94945
-0.946681 1.94907
-0.946681 1.94866
-0.946681 1.94823
-0.946681 1.94776
-0.946681 1.94732
-0.946681 1.94686
-0.946681 1.94636
-0.946681 1.9459
-0.946681 1.94538
-0.946681 1.94482
-0.946681 1.94427
-0.946681 1.94363
-0.946681 1.9429
-0.946681 1.94215
-0.946681 1.94133
-0.946681 1.9404
-0.946681 1.9395
-0.946681 1.93854
-0.946681 1.93764
-0.946681 1.93671
-0.946681 1.93584
-0.946681 1.93494
-0.946681 1.9341
-0.946681 1.93328
-0.946681 1.93247
-0.946681 1.93165
-0.946681 1.93087
-0.946681 1.93011
-0.946681 1.92939
-0.946681 1.92863
-0.946681 1.92793
-0.946681 1.9272
-0.946681 1.92648
-0.946681 1.92575
-0.946681 1.92497
-0.946681 1.92421
-0.946681 1.92343
-0.946681 1.92258
-0.946652 1.92174
-0.946623 1.9209
-0.946594 1.92008
-0.946536 1.91924
-0.946536 1.91848
-0.946507 1.91773
-0.946507 1.91703
-0.946507 1.91642
-0.946507 1.91584
-0.946507 1.91531
-0.946507 1.91482
-0.946507 1.91438
-0.946507 1.91401
-0.946507 1.91366
-0.946507 1.91331
-0.946536 1.91305
-0.946536 1.91275
-0.946536 1.91249
-0.946565 1.91229
-0.946565 1.91203
-0.946565 1.91182
-0.946565 1.91162
-0.946565 1.91145
-0.946565 1.91127
-0.946565 1.91116
-0.946565 1.9111
-0.946565 1.91104
-0.946565 1.91101
-0.946565 1.91101
-0.946536 1.91098
-0.946536 1.91098
-0.946536 1.91098
-0.946507 1.91095
-0.946507 1.91095
-0.946507 1.91098
-0.946507 1.91098
-0.946507 1.91098
-0.946478 1.91095
-0.946478 1.91095
-0.946478 1.91095
-0.946478 1.91095
-0.946478 1.91095
-0.946478 1.91095
-0.946478 1.91095
-0.946478 1.91095
-0.946478 1.91095
-0.946478 1.91095
-0.946478 1.91095
-0.946478 1.91095
-0.946478 1.91095
-0.946478 1.91095
-0.946478 1.91095
-0.946478 1.91095
-0.946478 1.91092
-0.946478 1.91092
-0.946478 1.91092
-0.946478 1.91089
-0.946478 1.91087
-0.946478 1.91084
-0.946478 1.91081
-0.946478 1.91081
-0.946478 1.91078
-0.946478 1.91078
-0.946478 1.91078
-0.946478 1.91075
-0.946478 1.91075
-0.946478 1.91075
-0.946478 1.91075
-0.946478 1.91075
-0.946478 1.91075
-0.946478 1.91075
-0.946478 1.91075
-0.946478 1.91075
-0.946478 1.91075
-0.946478 1.91075
-0.946478 1.91075
-0.946478 1.91075
-0.946478 1.91072
-0.946478 1.91072
-0.946478 1.91069
-0.946478 1.9106
-0.946478 1.91057
-0.946478 1.91049
-0.946478 1.9104
-0.946478 1.91028
-0.946478 1.9102
-0.946478 1.91011
-0.946478 1.90999
-0.946507 1.90993
-0.946507 1.90985
-0.946507 1.90976
-0.946507 1.90967
-0.946507 1.90961
-0.946507 1.90953
-0.946507 1.9095
-0.946507 1.90944
-0.946507 1.90935
-0.946507 1.9093
-0.946507 1.90924
-0.946507 1.90915
-0.946507 1.90906
-0.946507 1.90898
-0.946507 1.90889
-0.946507 1.90877
-0.946507 1.90868
-0.946507 1.90854
-0.946507 1.90842
-0.946507 1.90831
-0.946507 1.90816
-0.946507 1.90802
-0.946507 1.90787
-0.946507 1.90773
-0.946507 1.90758
-0.946507 1.90741
-0.946507 1.90726
-0.946507 1.90709
-0.946507 1.90694
-0.946507 1.90677
-0.946507 1.90656
-0.946507 1.90639
-0.946507 1.90621
-0.946507 1.90601
-0.946507 1.90581
-0.946507 1.9056
-0.946507 1.90543
-0.946507 1.9052
-0.946507 1.90496
-0.946507 1.90476
-0.946507 1.90453
-0.946507 1.90432
-0.946507 1.90409
-0.946507 1.90386
-0.946507 1.90363
-0.946507 1.90336
-0.946507 1.9031
-0.946507 1.90284
-0.946507 1.90255
-0.946507 1.90223
-0.946507 1.90191
-0.946507 1.90159
-0.946507 1.90124
-0.946507 1.90089
-0.946507 1.90054
-0.946507 1.90019
-0.946507 1.89979
-0.946507 1.89944
-0.946507 1.89906
-0.946507 1.89862
-0.946507 1.89825
-0.946507 1.89778
-0.946507 1.89735
-0.946507 1.89688
-0.946507 1.89639
-0.946507 1.89589
-0.946507 1.89534
-0.946507 1.89479
-0.946507 1.89421
-0.946507 1.89362
-0.946507 1.89301
-0.946507 1.89237
-0.946507 1.89171
-0.946507 1.89101
-0.946507 1.89022
-0.946507 1.88944
-0.946507 1.88857
-0.946507 1.88772
-0.946507 1.88682
-0.946507 1.88589
-0.946507 1.88499
-0.946507 1.88406
-0.946507 1.88313
-0.946507 1.88217
-0.946507 1.88124
-0.946507 1.88034
-0.946507 1.87949
-0.946507 1.87868
-0.946507 1.87787
-0.946507 1.87708
-0.946507 1.87633
-0.946507 1.87563
-0.946507 1.87493
-0.946507 1.87423
-0.946507 1.87356
-0.946507 1.87287
-0.946507 1.87211
-0.946507 1.87135
-0.946478 1.87054
-0.946478 1.86973
-0.946478 1.86888
-0.946449 1.86801
-0.946449 1.86722
-0.94642 1.86638
-0.94642 1.86563
-0.94639 1.86487
-0.94639 1.86417
-0.94639 1.86353
-0.94639 1.86292
-0.94639 1.8624
-0.94639 1.86193
-0.94639 1.86153
-0.94639 1.86115
-0.94639 1.86083
-0.94639 1.86057
-0.94639 1.86031
-0.94639 1.86007
-0.94639 1.85987
-0.94642 1.85969
-0.94642 1.85952
-0.94642 1.85932
-0.94642 1.85914
-0.94642 1.859
-0.94642 1.85885
-0.94642 1.85874
-0.94642 1.85865
-0.94642 1.85859
-0.94642 1.85859
-0.94639 1.85856
-0.94639 1.85856
-0.946361 1.85853
-0.946361 1.85853
-0.946332 1.8585
-0.946303 1.85847
-0.946303 1.85847
-0.946274 1.85844
-0.946274 1.85847
-0.946216 1.85842
-0.946216 1.85842
-0.946187 1.85839
-0.946158 1.85836
-0.946158 1.85842
-0.946129 1.85839
-0.9461 1.85836
-0.9461 1.85836
-0.946071 1.85833
-0.946071 1.85833
-0.946042 1.8583
-0.946042 1.8583
-0.946042 1.8583
-0.946013 1.85827
-0.946013 1.85827
-0.946013 1.85827
-0.946013 1.85827
-0.946013 1.85824
-0.946013 1.85824
-0.946013 1.85821
-0.946013 1.85821
-0.946013 1.85818
-0.946013 1.85815
-0.946013 1.85815
-0.946013 1.85815
-0.946013 1.85812
-0.946013 1.85812
-0.946013 1.85812
-0.946013 1.85812
-0.946013 1.85812
-0.946013 1.85812
-0.946013 1.85812
-0.946013 1.85812
-0.946013 1.85812
-0.946013 1.85812
-0.946013 1.85812
-0.946013 1.85812
-0.946013 1.85812
-0.946013 1.85812
-0.946013 1.8581
-0.946013 1.8581
-0.946013 1.85804
-0.946013 1.85798
-0.946013 1.85795
-0.946013 1.85789
-0.946013 1.8578
-0.946013 1.85772
-0.946013 1.85763
-0.946013 1.85754
-0.946013 1.85746
-0.946013 1.85734
-0.946013 1.85722
-0.946013 1.85711
-0.946042 1.85702
-0.946042 1.8569
-0.946042 1.85676
-0.946042 1.85664
-0.946042 1.85655
-0.946042 1.85641
-0.946042 1.85629
-0.946042 1.85618
-0.946042 1.85606
-0.946042 1.85592
-0.946042 1.85577
-0.946042 1.85562
-0.946042 1.85545
-0.946042 1.85528
-0.946042 1.8551
-0.946042 1.8549
-0.946042 1.85466
-0.946042 1.85446
-0.946042 1.85423
-0.946042 1.85397
-0.946042 1.85373
-0.946042 1.85347
-0.946042 1.85321
-0.946042 1.85295
-0.946042 1.85269
-0.946042 1.85246
-0.946042 1.85219
-0.946042 1.85196
-0.946042 1.85173
-0.946042 1.85147
-0.946042 1.85121
-0.946042 1.851
-0.946042 1.85074
-0.946042 1.85051
-0.946042 1.85025
-0.946042 1.84995
-0.946042 1.84966
-0.946042 1.84937
-0.946042 1.84905
-0.946042 1.84873
-0.946042 1.84841
-0.946042 1.84809
-0.946042 1.84775
-0.946042 1.84743
-0.946042 1.84708
-0.946042 1.84673
-0.946042 1.84641
-0.946042 1.84606
-0.946042 1.84571
-0.946042 1.84539
-0.946042 1.84504
-0.946042 1.84469
-0.946042 1.84431
-0.946042 1.84394
-0.946042 1.84347
-0.946042 1.84306
-0.946042 1.84263
-0.946042 1.84219
-0.946042 1.84179
-0.946042 1.84129
-0.946042 1.84083
-0.946042 1.84036
-0.946042 1.83987
-0.946042 1.83928
-0.946042 1.83876
-0.946042 1.83815
-0.946042 1.83754
-0.946042 1.8369
-0.946042 1.83614
-0.946042 1.83542
-0.946042 1.83466
-0.946042 1.83394
-0.946042 1.83312
-0.946042 1.83237
-0.946042 1.83161
-0.946042 1.83085
-0.946042 1.83013
-0.946042 1.82931
-0.946042 1.82859
-0.946042 1.82789
-0.946042 1.82716
-0.946042 1.82638
-0.946042 1.82568
-0.946042 1.82495
-0.946042 1.82422
-0.946042 1.82353
-0.946042 1.82286
-0.946042 1.82222
-0.946042 1.82161
-0.946042 1.821
-0.946042 1.82044
-0.946042 1.81986
-0.946042 1.81934
-0.946042 1.81879
-0.946013 1.81826
-0.946013 1.81774
-0.946013 1.81725
-0.946013 1.81675
-0.946013 1.81632
-0.946013 1.81588
-0.946013 1.8155
-0.946013 1.81515
-0.946013 1.8148
-0.946013 1.81454
-0.946013 1.81425
-0.946013 1.81402
-0.946013 1.81382
-0.946013 1.81361
-0.946013 1.81347
-0.946013 1.81329
-0.946013 1.81318
-0.946013 1.81306
-0.946013 1.81297
-0.946013 1.81291
-0.946013 1.81286
-0.946013 1.8128
-0.946013 1.81277
-0.946013 1.81271
-0.946013 1.81268
-0.946013 1.81265
-0.946013 1.81262
-0.946013 1.81262
-0.946013 1.81262
-0.946013 1.81259
-0.946013 1.81259
-0.946013 1.81259
-0.946013 1.81259
-0.946013 1.81259
-0.946013 1.81259
-0.946013 1.81259
-0.946013 1.81257
-0.946013 1.81257
-0.946013 1.81254
-0.946013 1.81254
-0.946013 1.81251
-0.946013 1.81248
-0.946013 1.81245
-0.946013 1.81242
-0.946013 1.81236
-0.946013 1.81233
-0.946013 1.81227
-0.946013 1.81219
-0.946013 1.81213
-0.946013 1.81201
-0.946013 1.8119
-0.946013 1.81178
-0.946013 1.81164
-0.946013 1.81149
-0.946013 1.81132
-0.946013 1.81114
-0.946013 1.81094
-0.946013 1.81073
-0.946013 1.8105
-0.946013 1.8103
-0.946013 1.81004
-0.946013 1.8098
-0.946013 1.80954
-0.946013 1.80925
-0.946013 1.80899
-0.946013 1.80867
-0.946013 1.80835
-0.946013 1.80803
-0.946013 1.80768
-0.946013 1.80733
-0.946013 1.80695
-0.946013 1.80661
-0.946013 1.8062
-0.946013 1.80585
-0.946013 1.80544
-0.946013 1.80506
-0.946013 1.80466
-0.946013 1.80428
-0.946013 1.80387
-0.946013 1.80347
-0.946013 1.80306
-0.946013 1.80265
-0.946013 1.80224
-0.946013 1.80184
-0.946013 1.80143
-0.946013 1.80102
-0.946013 1.80067
-0.946013 1.80035
-0.946013 1.80001
-0.946013 1.79971
-0.946013 1.79942
-0.946013 1.79916
-0.946013 1.7989
-0.946013 1.79867
-0.946013 1.79841
-0.946013 1.79817
-0.946013 1.79794
-0.946013 1.79771
-0.946013 1.79748
-0.946013 1.79724
-0.946013 1.79704
-0.946013 1.79681
-0.946013 1.7966
-0.946013 1.79643
-0.946013 1.79623
-0.946013 1.79608
-0.946013 1.79596
-0.946013 1.79588
-0.946013 1.79579
-0.946013 1.79573
-0.946013 1.7957
-0.946013 1.79567
-0.946013 1.79562
-0.946013 1.79559
-0.946013 1.79553
-0.946013 1.7955
-0.946013 1.79547
-0.946013 1.79541
-0.946013 1.79538
-0.946013 1.79532
-0.946013 1.7953
-0.946013 1.79521
-0.946013 1.79518
-0.946013 1.79512
-0.946013 1.79506
-0.946013 1.795
-0.946013 1.79498
-0.946013 1.79492
-0.946013 1.79486
-0.946013 1.79483
-0.946013 1.79477
-0.946013 1.79474
-0.946013 1.79469
-0.946013 1.79466
-0.946013 1.79457
-0.946013 1.79451
-0.946013 1.79442
-0.946013 1.79437
-0.946013 1.79425
-0.946013 1.79416
-0.946013 1.79405
-0.946013 1.7939
-0.946013 1.79378
-0.946013 1.79364
-0.946013 1.79346
-0.946013 1.79329
-0.946013 1.79312
-0.946013 1.79291
-0.946013 1.79274
-0.946013 1.7925
-0.946013 1.79227
-0.946013 1.79201
-0.946013 1.79175
-0.946013 1.79146
-0.946013 1.79117
-0.946013 1.79082
-0.946013 1.7905
-0.946013 1.79012
-0.946013 1.78971
-0.946013 1.78934
-0.946013 1.7889
-0.946013 1.78846
-0.946013 1.788
-0.946013 1.7875
-0.946013 1.78695
-0.946013 1.78637
-0.946013 1.78576
-0.946013 1.78509
-0.946013 1.78436
-0.946013 1.78355
-0.946013 1.78274
-0.946013 1.78186
-0.946013 1.78096
-0.946013 1.78006
-0.946013 1.77913
-0.946013 1.77823
-0.946013 1.7773
-0.946013 1.7764
-0.946013 1.77547
-0.946013 1.77457
-0.946013 1.77366
-0.946013 1.77279
-0.946013 1.77189
-0.946013 1.77105
-0.946013 1.77026
-0.946013 1.76945
-0.946013 1.76866
-0.946013 1.76782
-0.946013 1.76695
-0.945983 1.76599
-0.945983 1.76497
-0.945954 1.76392
-0.945925 1.76285
-0.945925 1.76174
-0.945867 1.76064
-0.945838 1.75951
-0.945809 1.75837
-0.94578 1.75727
-0.945751 1.75616
-0.945751 1.75517
-0.945722 1.75418
-0.945693 1.75328
-0.945664 1.75244
-0.945635 1.75174
-0.945605 1.7511
-0.945605 1.75055
-0.945547 1.75003
-0.945547 1.74959
-0.945518 1.74916
-0.945518 1.74872
-0.945518 1.74837
-0.945489 1.74796
-0.945489 1.74761
-0.94546 1.74727
-0.945431 1.74692
-0.945402 1.74663
-0.945402 1.74636
-0.945373 1.7461
-0.945344 1.74587
-0.945315 1.7457
-0.945286 1.74555
-0.945228 1.74543
-0.945198 1.74538
-0.945169 1.74532
-0.94514 1.74529
-0.945082 1.74523
-0.945053 1.7452
-0.945024 1.74517
-0.944966 1.74517
-0.944908 1.74514
-0.94485 1.74511
-0.944762 1.74506
-0.944675 1.74503
-0.944588 1.745
-0.944472 1.74494
-0.944384 1.74491
-0.944268 1.74485
-0.944152 1.74482
-0.944035 1.74476
-0.94389 1.74468
-0.943774 1.74468
-0.943687 1.74465
-0.943541 1.74456
-0.943454 1.7445
-0.943338 1.74442
-0.94325 1.74433
-0.943134 1.74421
-0.943076 1.74415
-0.942989 1.74407
-0.942931 1.74401
-0.942873 1.74395
-0.942814 1.74389
-0.942785 1.74386
-0.942727 1.74381
-0.942727 1.74381
-0.942698 1.74378
-0.942698 1.74378
-0.942698 1.74378
-0.942698 1.74378
-0.942698 1.74378
-0.942698 1.74378
-0.942698 1.74378
-0.942698 1.74378
-0.942698 1.74378
-0.942698 1.74375
-0.942698 1.74375
-0.942698 1.74375
-0.942698 1.74372
-0.942698 1.74372
-0.942698 1.74372
-0.942698 1.74369
-0.942698 1.74369
-0.942698 1.74369
-0.942698 1.74366
-0.942698 1.74363
-0.942698 1.74363
-0.942698 1.7436
-0.942698 1.74357
-0.942698 1.74354
-0.942698 1.74354
-0.942698 1.74351
-0.942698 1.74349
-0.942698 1.74346
-0.942698 1.74346
-0.942698 1.74343
-0.942698 1.74343
-0.942698 1.7434
-0.942698 1.7434
-0.942698 1.74337
-0.942698 1.74337
-0.942698 1.74331
-0.942698 1.74328
-0.942698 1.74328
-0.942698 1.74322
-0.942698 1.74319
-0.942698 1.74317
-0.942698 1.74314
-0.942698 1.74311
-0.942698 1.74305
-0.942698 1.74299
-0.942698 1.74293
-0.942698 1.74288
-0.942698 1.74285
-0.942698 1.74279
-0.942698 1.74267
-0.942698 1.74261
-0.942698 1.7425
-0.942698 1.74241
-0.942698 1.74229
-0.942698 1.74218
-0.942698 1.74203
-0.942698 1.74186
-0.942698 1.74171
-0.942698 1.74154
-0.942698 1.74136
-0.942698 1.74116
-0.942698 1.74096
-0.942698 1.74072
-0.942698 1.74049
-0.942698 1.74026
-0.942698 1.74
-0.942698 1.73971
-0.942698 1.73942
-0.942698 1.7391
-0.942698 1.73878
-0.942698 1.73843
-0.942698 1.73802
-0.942698 1.73761
-0.942698 1.73718
-0.942698 1.73671
-0.942698 1.73619
-0.942698 1.73561
-0.942698 1.735
-0.942698 1.73433
-0.942698 1.7336
-0.942698 1.73287
-0.942698 1.73209
-0.942698 1.73133
-0.942698 1.73052
-0.942698 1.72968
-0.942698 1.7288
-0.942698 1.72787
-0.942698 1.72688
-0.942698 1.7259
-0.942698 1.72482
-0.942698 1.72377
-0.942698 1.7227
-0.942698 1.72162
-0.942698 1.72055
-0.942698 1.71947
-0.942698 1.71842
-0.942698 1.71738
-0.942698 1.71636
-0.942698 1.7154
-0.942698 1.71444
-0.942698 1.71351
-0.942698 1.71261
-0.942698 1.71171
-0.942698 1.71078
-0.942698 1.70982
-0.942698 1.7088
-0.942698 1.70778
-0.942698 1.70674
-0.942698 1.70563
-0.942698 1.70444
-0.942698 1.70316
-0.942698 1.70194
-0.942698 1.70066
-0.942698 1.6995
-0.942698 1.69842
-0.942698 1.69743
-0.942698 1.69659
-0.942698 1.69586
-0.942698 1.69525
-0.942698 1.69473
-0.942698 1.69432
-0.942698 1.694
-0.942698 1.69371
-0.942698 1.69345
-0.942698 1.69322
-0.942698 1.69301
-0.942698 1.69281
-0.942698 1.69264
-0.942698 1.69252
-0.942698 1.69243
-0.942698 1.69234
-0.942698 1.69229
-0.942698 1.69226
-0.942698 1.69226
-0.942698 1.69226
-0.942698 1.69226
-0.942698 1.69226
-0.94264 1.6922
-0.94264 1.6922
-0.942611 1.69217
-0.942582 1.69214
-0.942524 1.69208
-0.942465 1.69202
-0.942378 1.69194
-0.942262 1.69185
-0.942146 1.69173
-0.942029 1.69165
-0.941884 1.69156
-0.941739 1.69141
-0.941564 1.6913
-0.941419 1.69118
-0.941244 1.69107
-0.94107 1.69098
-0.940925 1.69092
-0.940779 1.69086
-0.940634 1.6908
-0.940488 1.69072
-0.940343 1.6906
-0.940227 1.69048
-0.94014 1.6904
-0.940052 1.69031
-0.939994 1.69025
-0.939936 1.69019
-0.939878 1.69013
-0.939849 1.69011
-0.93982 1.69008
-0.939791 1.69005
-0.939791 1.69005
-0.939791 1.69005
-0.939791 1.69005
-0.939791 1.69005
-0.939791 1.69005
-0.939791 1.69005
-0.939791 1.69005
-0.939791 1.69002
-0.939791 1.69002
-0.939791 1.68999
-0.939791 1.68999
-0.939791 1.68999
-0.939791 1.68996
-0.939791 1.68996
-0.939791 1.68996
-0.939791 1.68996
-0.939791 1.68996
-0.939791 1.68996
-0.939791 1.68993
-0.939791 1.6899
-0.939791 1.6899
-0.939791 1.6899
-0.939791 1.6899
-0.939791 1.68987
-0.939791 1.68987
-0.939791 1.68984
-0.939791 1.68984
-0.939791 1.68984
-0.939791 1.68981
-0.939791 1.68981
-0.939791 1.68981
-0.939791 1.68979
-0.939791 1.68979
-0.939791 1.68979
-0.939791 1.68976
-0.939791 1.68973
-0.939791 1.6897
-0.939791 1.68967
-0.939791 1.68964
-0.939791 1.68958
-0.939791 1.68952
-0.939791 1.68947
-0.939791 1.68941
-0.939791 1.68935
-0.939791 1.68929
-0.939791 1.6892
-0.939791 1.68915
-0.939791 1.68906
-0.939791 1.68897
-0.939791 1.68886
-0.939791 1.68877
-0.939791 1.68868
-0.939791 1.68856
-0.939791 1.68848
-0.939791 1.68839
-0.939791 1.68827
-0.939791 1.68819
-0.939791 1.68807
-0.939791 1.68795
-0.939791 1.68787
-0.939791 1.68775
-0.939791 1.68761
-0.939791 1.68746
-0.939791 1.68731
-0.939791 1.68714
-0.939791 1.68697
-0.939791 1.68679
-0.939791 1.68659
-0.939791 1.68633
-0.939791 1.68609
-0.939791 1.68583
-0.939791 1.68557
-0.939791 1.68528
-0.939791 1.68496
-0.939791 1.68464
-0.939791 1.68432
-0.939791 1.68397
-0.939791 1.68362
-0.939791 1.68324
-0.939791 1.68287
-0.939791 1.68246
-0.939791 1.68202
-0.939791 1.68156
-0.939791 1.68106
-0.939791 1.68054
-0.939791 1.67999
-0.939791 1.67941
-0.939791 1.6788
-0.939791 1.67816
-0.939791 1.67752
-0.939791 1.67685
-0.939791 1.67618
-0.939791 1.67545
-0.939791 1.67467
-0.939791 1.67382
-0.939791 1.67292
-0.939791 1.67193
-0.939791 1.67092
-0.939791 1.66987
-0.939791 1.66879
-0.939791 1.66778
-0.939791 1.66664
-0.939791 1.6656
-0.939791 1.66452
-0.939791 1.6635
-0.939791 1.66246
-0.939791 1.6615
-0.939791 1.66057
-0.939791 1.65969
-0.939791 1.65885
-0.939791 1.65801
-0.939791 1.65719
-0.939791 1.65632
-0.939791 1.65545
-0.939791 1.65452
-0.939791 1.65356
-0.939791 1.65254
-0.939791 1.6515
-0.939791 1.65042
-0.939791 1.64931
-0.939791 1.64818
-0.939791 1.64708
-0.939791 1.64597
-0.939791 1.64492
-0.939791 1.64394
-0.939791 1.64303
-0.939791 1.64219
-0.939791 1.64146
-0.939791 1.64088
-0.939791 1.64042
-0.939791 1.64004
-0.939791 1.63972
-0.939791 1.63946
-0.939791 1.63923
-0.939791 1.63899
-0.939791 1.63879
-0.939791 1.63859
-0.939791 1.63835
-0.939791 1.63818
-0.939791 1.63803
-0.939791 1.63786
-0.939791 1.63774
-0.939791 1.63769
-0.939791 1.63763
-0.939791 1.6376
-0.939791 1.6376
-0.939791 1.6376
-0.939791 1.6376
-0.939791 1.6376
-0.939791 1.6376
-0.939791 1.6376
-0.939791 1.6376
-0.939733 1.63754
-0.939703 1.63757
-0.939616 1.63751
-0.939529 1.63745
-0.939413 1.63737
-0.939296 1.63728
-0.93918 1.63722
-0.939064 1.63713
-0.938977 1.6371
-0.93886 1.63705
-0.938773 1.63702
-0.938686 1.63696
-0.938599 1.6369
-0.938511 1.63684
-0.938482 1.63681
-0.938395 1.63673
-0.938366 1.6367
-0.938308 1.63664
-0.938279 1.63661
-0.938279 1.63661
-0.938279 1.63661
-0.938279 1.63658
-0.938279 1.63658
-0.938279 1.63658
-0.938279 1.63655
-0.938279 1.63655
-0.938279 1.63652
-0.938279 1.63652
-0.938279 1.63649
-0.938279 1.63649
-0.938279 1.63646
-0.938279 1.63646
-0.938279 1.63646
-0.938279 1.63646
-0.938279 1.63646
-0.938279 1.63646
-0.938279 1.63646
-0.938279 1.63646
-0.938279 1.63646
-0.938279 1.63646
-0.938279 1.63643
-0.938279 1.63643
-0.938279 1.63641
-0.938279 1.63638
-0.938279 1.63638
-0.938279 1.63635
-0.938279 1.63632
-0.938279 1.63629
-0.938279 1.63629
-0.938279 1.63623
-0.938279 1.6362
-0.938279 1.6362
-0.938279 1.63617
-0.938279 1.63614
-0.938279 1.63614
-0.938279 1.63612
-0.938279 1.63609
-0.938279 1.63603
-0.938279 1.63597
-0.938279 1.63591
-0.938279 1.63582
-0.938279 1.63577
-0.938279 1.63568
-0.938279 1.63556
-0.938279 1.63548
-0.938279 1.63536
-0.938279 1.63524
-0.938279 1.63516
-0.938279 1.63507
-0.938279 1.63498
-0.938279 1.63489
-0.938279 1.63478
-0.938279 1.63469
-0.938279 1.63457
-0.938279 1.63446
-0.938279 1.63434
-0.938279 1.63423
-0.938279 1.63408
-0.938279 1.63393
-0.938279 1.63376
-0.938279 1.63359
-0.938279 1.63341
-0.938279 1.63318
-0.938279 1.63298
-0.938279 1.63274
-0.938279 1.63248
-0.938279 1.63222
-0.938279 1.63193
-0.938279 1.63164
-0.938279 1.63132
-0.938279 1.63097
-0.938279 1.63062
-0.938279 1.63024
-0.938279 1.62986
-0.938279 1.62946
-0.938279 1.62905
-0.938279 1.62858
-0.938279 1.62812
-0.938279 1.62763
-0.938279 1.6271
-0.938279 1.62652
-0.938279 1.62594
-0.938279 1.62533
-0.938279 1.62469
-0.938279 1.62402
-0.938279 1.62335
-0.938279 1.62262
-0.938279 1.6219
-0.938279 1.62111
-0.938279 1.62027
-0.938279 1.61934
-0.938279 1.61835
-0.938279 1.61736
-0.938279 1.61632
-0.938279 1.61527
-0.938279 1.61419
-0.938279 1.61309
-0.938279 1.61201
-0.938279 1.61091
-0.938279 1.60983
-0.938279 1.60881
-0.938279 1.6078
-0.938279 1.60684
-0.938279 1.60591
-0.938279 1.60501
-0.938279 1.60413
-0.938279 1.60326
-0.938279 1.60233
-0.938279 1.6014
-0.938279 1.60041
-0.938279 1.59934
-0.938279 1.59826
-0.938279 1.59716
-0.938279 1.59599
-0.938279 1.5948
-0.938279 1.59364
-0.938279 1.59242
-0.938279 1.59122
-0.938279 1.59009
-0.938279 1.58904
-0.938279 1.58811
-0.938279 1.5873
-0.938279 1.58663
-0.938279 1.58602
-0.938279 1.5855
-0.938279 1.58503
-0.938279 1.5846
-0.938279 1.58419
-0.938279 1.58381
-0.938279 1.58343
-0.938279 1.58305
-0.938279 1.58271
-0.938279 1.58236
-0.938279 1.58201
-0.938279 1.58169
-0.938279 1.58143
-0.938279 1.58117
-0.938279 1.58096
-0.938279 1.58082
-0.938279 1.5807
-0.938279 1.58067
-0.938279 1.58067
-0.938279 1.58067
-0.938279 1.58067
-0.938279 1.58067
-0.938279 1.58067
-0.938279 1.58067
-0.938279 1.5807
-0.938279 1.58076
-0.938279 1.58079
-0.93825 1.58076
-0.938192 1.58073
-0.938104 1.58067
-0.938017 1.58064
-0.937901 1.58055
-0.937843 1.58053
-0.937755 1.5805
-0.937697 1.58047
-0.93761 1.58041
-0.937552 1.58038
-0.937494 1.58032
-0.937436 1.58026
-0.937407 1.58023
-0.937378 1.58021
-0.937378 1.58021
-0.937348 1.58018
-0.937348 1.58018
-0.937348 1.58018
-0.937348 1.58018
-0.937348 1.58015
-0.937348 1.58015
-0.937348 1.58015
-0.937348 1.58012
-0.937348 1.58009
-0.937348 1.58009
-0.937348 1.58006
-0.937348 1.58006
-0.937348 1.58006
-0.937348 1.58006
-0.937348 1.58003
-0.937348 1.58003
-0.937348 1.58003
-0.937348 1.58003
-0.937348 1.58003
-0.937348 1.58003
-0.937348 1.58003
-0.937348 1.58003
-0.937348 1.58
-0.937348 1.57994
-0.937348 1.57994
-0.937348 1.57991
-0.937348 1.57989
-0.937348 1.57989
-0.937348 1.57986
-0.937348 1.57983
-0.937348 1.5798
-0.937348 1.57977
-0.937348 1.57974
-0.937348 1.57971
-0.937348 1.57965
-0.937348 1.5796
-0.937348 1.57957
-0.937348 1.57951
-0.937348 1.57942
-0.937348 1.57933
-0.937348 1.57925
-0.937348 1.57916
-0.937348 1.57904
-0.937348 1.57893
-0.937348 1.57881
-0.937348 1.57869
-0.937348 1.57858
-0.937348 1.57843
-0.937348 1.57829
-0.937348 1.57814
-0.937348 1.578
-0.937348 1.57782
-0.937348 1.57768
-0.937348 1.5775
-0.937348 1.57733
-0.937348 1.57712
-0.937348 1.57692
-0.937348 1.57669
-0.937348 1.57646
-0.937348 1.57619
-0.937348 1.57593
-0.937348 1.57564
-0.937348 1.57532
-0.937348 1.57497
-0.937348 1.57459
-0.937348 1.57422
-0.937348 1.57378
-0.937348 1.57334
-0.937348 1.57288
-0.937348 1.57238
-0.937348 1.57186
-0.937348 1.57134
-0.937348 1.57079
-0.937348 1.5702
-0.937348 1.56962
-0.937348 1.56901
-0.937348 1.56837
-0.937348 1.56767
-0.937348 1.56692
-0.937348 1.56608
-0.937348 1.5652
-0.937348 1.56427
-0.937348 1.56328
-0.937348 1.56227
-0.937348 1.56128
-0.937348 1.56023
-0.937348 1.55921
-0.937348 1.5582
-0.937348 1.55721
-0.937348 1.55622
-0.937348 1.55529
-0.937348 1.5543
-0.937348 1.55337
-0.937348 1.55247
-0.937348 1.55157
-0.937348 1.5507
-0.937348 1.54985
-0.937348 1.54892
-0.937348 1.54799
-0.937348 1.547
-0.937348 1.54601
-0.937348 1.54497
-0.937348 1.54389
-0.937348 1.54279
-0.937348 1.5416
-0.937348 1.54043
-0.937348 1.5393
-0.937348 1.53819
-0.937348 1.53712
-0.937348 1.53604
-0.937348 1.53514
-0.937348 1.53436
-0.937348 1.53366
-0.937348 1.53308
-0.937348 1.5325
-0.937348 1.53203
-0.937348 1.53159
-0.937348 1.53116
-0.937348 1.53078
-0.937319 1.53037
-0.937319 1.53002
-0.937319 1.52967
-0.937319 1.52936
-0.937319 1.52904
-0.937319 1.52872
-0.937319 1.52842
-0.937319 1.52819
-0.937319 1.52799
-0.937319 1.52779
-0.937319 1.52767
-0.937319 1.52758
-0.937319 1.52755
-0.937319 1.52752
-0.937319 1.52752
-0.937319 1.52752
-0.937319 1.52752
-0.937319 1.52752
-0.937319 1.52755
-0.937319 1.52758
-0.93729 1.52755
-0.937232 1.52752
-0.937145 1.52749
-0.937058 1.52741
-0.93697 1.52735
-0.936912 1.52732
-0.936825 1.52723
-0.936767 1.52717
-0.936709 1.52712
-0.936651 1.52706
-0.936563 1.52697
-0.936505 1.52691
-0.936447 1.52685
-0.936418 1.52683
-0.936389 1.5268
-0.93636 1.52677
-0.936331 1.52674
-0.936302 1.52671
-0.936302 1.52668
-0.936273 1.52665
-0.936273 1.52665
-0.936273 1.52665
-0.936273 1.52665
-0.936273 1.52662
-0.936273 1.52662
-0.936273 1.52662
-0.936273 1.52662
-0.936273 1.52659
-0.936273 1.52659
-0.936273 1.52659
-0.936273 1.52659
-0.936273 1.52659
-0.936273 1.52656
-0.936273 1.52656
-0.936273 1.52656
-0.936273 1.52656
-0.936273 1.52653
-0.936273 1.52651
-0.936273 1.52648
-0.936273 1.52639
-0.936273 1.52636
-0.936273 1.52627
-0.936273 1.52619
-0.936273 1.52607
-0.936273 1.52598
-0.936273 1.52587
-0.936273 1.52572
-0.936273 1.52558
-0.936273 1.52543
-0.936273 1.52528
-0.936273 1.52511
-0.936273 1.52494
-0.936273 1.52473
-0.936273 1.52456
-0.936273 1.52435
-0.936273 1.52412
-0.936273 1.52389
-0.936273 1.52366
-0.936273 1.52339
-0.936273 1.52313
-0.936273 1.52284
-0.936273 1.52258
-0.936244 1.52223
-0.936244 1.52188
-0.936244 1.52151
-0.936215 1.5211
-0.936215 1.52066
-0.936156 1.52017
-0.936156 1.5197
-0.936156 1.51921
-0.936127 1.51863
-0.936127 1.51807
-0.936127 1.51749
-0.936098 1.51688
-0.936098 1.51624
-0.936098 1.5156
-0.936069 1.51485
-0.93604 1.51409
-0.936011 1.51325
-0.936011 1.51238
-0.935982 1.51142
-0.935982 1.51043
-0.935953 1.50938
-0.935924 1.50833
-0.935895 1.50729
-0.935866 1.50627
-0.935837 1.50531
-0.935778 1.50426
-0.935749 1.50328
-0.93572 1.50229
-0.935691 1.50133
-0.935633 1.50037
-0.935604 1.49947
-0.935546 1.49859
-0.935488 1.49772
-0.935459 1.49691
-0.9354 1.49601
-0.935371 1.49513
-0.935342 1.4942
-0.935313 1.49316
-0.935284 1.49211
-0.935255 1.49104
-0.935226 1.48996
-0.935197 1.48885
-0.935168 1.48772
-0.935139 1.48665
-0.93511 1.48554
-0.93511 1.48455
-0.935081 1.48356
-0.935052 1.48266
-0.935023 1.48182
-0.934993 1.48109
-0.934964 1.48048
-0.934877 1.47987
-0.934848 1.47943
-0.934819 1.47903
-0.93479 1.47868
-0.934732 1.4783
-0.934703 1.47798
-0.934674 1.47763
-0.934645 1.47731
-0.934615 1.47699
-0.934615 1.4767
-0.934557 1.47635
-0.934557 1.47609
-0.934528 1.47583
-0.934528 1.47566
-0.934528 1.47548
-0.934499 1.47536
-0.934499 1.47531
-0.934499 1.47531
-0.934499 1.47531
-0.93447 1.47531
-0.93447 1.47531
-0.934441 1.47528
-0.934412 1.47525
-0.934383 1.47525
-0.934325 1.47519
-0.934238 1.47513
-0.934179 1.4751
-0.934121 1.47507
-0.934034 1.47502
-0.933947 1.47496
-0.93383 1.47484
-0.933743 1.47475
-0.933656 1.47467
-0.93354 1.47455
-0.933453 1.47446
-0.933336 1.47435
-0.933249 1.47426
-0.933162 1.47417
-0.933075 1.47409
-0.932987 1.474
-0.9329 1.47391
-0.932842 1.47385
-0.932755 1.47377
-0.932668 1.47368
-0.932609 1.47362
-0.932551 1.47356
-0.932522 1.47353
-0.932464 1.47347
-0.932406 1.47342
-0.932348 1.47336
-0.93229 1.4733
-0.93226 1.47327
-0.932231 1.47324
-0.932202 1.47321
-0.932173 1.47318
-0.932144 1.47315
-0.932115 1.47313
-0.932086 1.4731
-0.932057 1.47304
-0.932028 1.47301
-0.93197 1.47295
-0.93197 1.47295
-0.931941 1.47292
-0.931912 1.47286
-0.931883 1.47284
-0.931883 1.47278
-0.931883 1.47275
-0.931853 1.47269
-0.931853 1.47263
-0.931853 1.47257
-0.931853 1.47252
-0.931853 1.47243
-0.931853 1.47234
-0.931853 1.47225
-0.931853 1.47211
-0.931853 1.47202
-0.931853 1.4719
-0.931853 1.47179
-0.931853 1.47167
-0.931853 1.47153
-0.931853 1.47141
-0.931853 1.47127
-0.931853 1.47112
-0.931853 1.47097
-0.931853 1.47086
-0.931824 1.47068
-0.931824 1.47051
-0.931824 1.47036
-0.931824 1.47016
-0.931824 1.46996
-0.931795 1.46975
-0.931795 1.46952
-0.931766 1.46926
-0.931737 1.46897
-0.931737 1.46862
-0.931708 1.4683
-0.931679 1.46795
-0.931679 1.46763
-0.931621 1.46722
-0.931592 1.46682
-0.931563 1.46641
-0.931534 1.46597
-0.931505 1.46554
-0.931446 1.46501
-0.931417 1.46452
-0.931359 1.46394
-0.931301 1.46327
-0.931243 1.4626
-0.931185 1.46185
-0.931127 1.46106
-0.931068 1.46025
-0.930981 1.45934
-0.930923 1.45847
-0.930836 1.45748
-0.930778 1.45652
-0.93069 1.45551
-0.930603 1.45443
-0.930487 1.4533
-0.9304 1.45211
-0.930283 1.45088
-0.930167 1.44963
-0.930022 1.44838
-0.929935 1.44713
-0.929789 1.44585
-0.929673 1.4446
-0.929528 1.4433
-0.929382 1.44205
-0.929208 1.44077
-0.929062 1.43955
-0.928888 1.43835
-0.928713 1.43713
-0.928539 1.43591
-0.928394 1.43469
-0.92819 1.43318
-0.928016 1.43181
-0.927841 1.43036
-0.927667 1.42888
-0.927492 1.42733
-0.927289 1.42571
-0.927114 1.42414
-0.92694 1.4226
-0.926736 1.42105
-0.926533 1.41963
-0.926329 1.41829
-0.926097 1.41707
-0.925893 1.41602
-0.925632 1.41504
-0.925399 1.41419
-0.925137 1.41341
-0.924905 1.41274
-0.924643 1.41207
-0.924381 1.41143
-0.92412 1.41085
-0.923858 1.4103
-0.923625 1.4098
-0.923364 1.40934
-0.923102 1.40887
-0.92284 1.40844
-0.922579 1.40803
-0.922346 1.40765
-0.922085 1.40727
-0.921852 1.40695
-0.92159 1.40669
-0.921358 1.40646
-0.921125 1.40626
-0.920893 1.40605
-0.92066 1.40588
-0.920398 1.40564
-0.920137 1.40541
-0.919875 1.40521
-0.919613 1.40506
-0.919352 1.40492
-0.919061 1.40474
-0.91877 1.40463
-0.91845 1.40451
-0.91816 1.40442
-0.91784 1.40434
-0.91752 1.40431
-0.917171 1.40425
-0.916793 1.40425
-0.916473 1.40422
-0.916153 1.40422
-0.915805 1.40419
-0.915514 1.40419
-0.915194 1.4041
-0.914874 1.40405
-0.914583 1.40396
-0.914293 1.40381
-0.914002 1.40367
-0.91374 1.40346
-0.913479 1.40329
-0.913246 1.40309
-0.913013 1.40288
-0.912781 1.40265
-0.912577 1.40248
-0.912374 1.40227
-0.91217 1.40207
-0.911996 1.40195
-0.911821 1.40178
-0.911676 1.40163
-0.911531 1.40149
-0.911443 1.4014
-0.911327 1.40128
-0.911211 1.40117
-0.911124 1.40108
-0.911036 1.40099
-0.911007 1.40093
-0.910978 1.40091
-0.91092 1.40082
-0.91092 1.40082
-0.91092 1.40079
-0.91092 1.40076
-0.91092 1.40073
-0.91092 1.4007
-0.91092 1.40067
-0.91092 1.40062
-0.910949 1.40062
-0.910978 1.40059
-0.911007 1.40059
-0.911065 1.40059
-0.911095 1.40059
-0.911124 1.40059
-0.911153 1.40053
-0.911153 1.40053
-0.911182 1.40053
-0.911182 1.4005
-0.911182 1.4005
-0.911182 1.40047
-0.911182 1.40044
-0.911182 1.40041
-0.911182 1.40038
-0.911182 1.40032
-0.911182 1.40027
-0.911182 1.40021
-0.911182 1.40018
-0.911182 1.40015
-0.911182 1.40009
-0.911182 1.40003
-0.911182 1.39998
-0.911182 1.39992
-0.911182 1.39986
-0.911182 1.3998
-0.911182 1.39971
-0.911182 1.39963
-0.911182 1.39957
-0.911182 1.39948
-0.911182 1.39939
-0.911182 1.39928
-0.911182 1.39916
-0.911182 1.39905
-0.911182 1.3989
-0.911182 1.39875
-0.911182 1.39858
-0.911182 1.39843
-0.911182 1.39823
-0.911182 1.39803
-0.911182 1.39782
-0.911182 1.39759
-0.911182 1.39736
-0.911182 1.3971
-0.911182 1.39684
-0.911182 1.39654
-0.911182 1.39622
-0.911182 1.39588
-0.911182 1.39553
-0.911182 1.39512
-0.911182 1.39468
-0.911182 1.39425
-0.911182 1.39375
-0.911153 1.3932
-0.911153 1.39262
-0.911153 1.39207
-0.911153 1.39143
-0.911153 1.39079
-0.911153 1.39012
-0.911153 1.38939
-0.911153 1.38864
-0.911153 1.38788
-0.911153 1.3871
-0.911153 1.38631
-0.911124 1.38547
-0.911124 1.3846
-0.911124 1.38361
-0.911124 1.38253
-0.911124 1.38137
-0.911124 1.38018
-0.911124 1.37895
-0.911124 1.3777
-0.911124 1.37648
-0.911124 1.37526
-0.911095 1.37401
-0.911095 1.37279
-0.911095 1.3716
-0.911065 1.37041
-0.911065 1.3693
-0.911065 1.36823
-0.911065 1.36718
-0.911036 1.36608
-0.911036 1.36494
-0.911036 1.36381
-0.911036 1.36256
-0.911036 1.36131
-0.911036 1.35994
-0.911036 1.35852
-0.911036 1.35703
-0.911036 1.35552
-0.911036 1.35392
-0.911036 1.35235
-0.911036 1.35061
-0.911036 1.34921
-0.911036 1.34793
-0.911036 1.34683
-0.911036 1.34581
-0.911036 1.34494
-0.911036 1.34418
-0.911036 1.34348
-0.911036 1.34284
-0.911036 1.34223
-0.911036 1.34162
-0.911007 1.34098
-0.911007 1.34037
-0.911007 1.33979
-0.911007 1.33918
-0.911007 1.33857
-0.911007 1.33799
-0.911007 1.33741
-0.911007 1.33686
-0.911007 1.33627
-0.911036 1.33578
