torque_1 torque_2
1.28648 -0.857308
1.28648 -0.849808
1.28613 -0.841136
1.27246 -0.833926
1.26659 -0.822347
1.26668 -0.808741
1.25912 -0.797452
1.23493 -0.781521
1.24816 -0.768787
1.24722 -0.753719
1.25996 -0.743602
1.25894 -0.73493
1.24594 -0.726558
1.24391 -0.717013
1.23353 -0.707769
1.22082 -0.697352
1.22504 -0.685491
1.22163 -0.675947
1.20893 -0.66583
1.22216 -0.656286
1.20596 -0.646169
1.19558 -0.636624
1.19151 -0.625054
1.20439 -0.617836
1.18717 -0.607719
1.18726 -0.599047
1.18799 -0.588058
1.18706 -0.573861
1.17668 -0.568397
1.18607 -0.559724
1.15408 -0.5467
1.16827 -0.537737
1.16487 -0.529947
1.1653 -0.51953
1.16088 -0.508832
1.14367 -0.498997
1.14027 -0.489752
1.14268 -0.479626
1.13381 -0.470963
1.1259 -0.459674
1.13079 -0.444034
1.12506 -0.440013
1.14608 -0.429897
1.12093 -0.417445
1.11418 -0.407328
1.10278 -0.399819
1.11217 -0.389693
1.10296 -0.380449
1.11851 -0.366834
1.10232 -0.362532
1.0979 -0.352987
1.10728 -0.339091
1.08862 -0.334199
1.09801 -0.322328
1.07882 -0.317736
1.07193 -0.302958
1.07434 -0.300691
1.07826 -0.287367
1.06556 -0.276369
1.06899 -0.269741
1.06559 -0.26165
1.06602 -0.253278
1.04983 -0.244897
1.05674 -0.23855
1.06067 -0.230178
1.0548 -0.220924
1.0386 -0.218649
1.0397 -0.207369
1.06209 -0.204221
1.05971 -0.19265
1.02941 -0.187467
1.0295 -0.177923
1.02711 -0.170423
1.03089 -0.164367
1.0285 -0.158311
1.03891 -0.149939
1.039 -0.138941
1.01452 -0.134339
1.0276 -0.126839
1.00559 -0.118167
1.01949 -0.11531
1.0046 -0.101413
1.00323 -0.0991374
1.00332 -0.0890115
0.997793 -0.0823837
1.00137 -0.0728393
0.994477 -0.0688189
1.00038 -0.0613189
0.982874 -0.048867
1.00389 -0.0396133
0.981883 -0.0321133
0.994762 -0.0275115
0.967141 -0.0214559
0.962721 -0.0110393
0.988247 -0.00208556
0.969726 0.00164407
0.958037 0.0135144
0.973241 0.0146181
0.953557 0.0273607
0.960621 0.0366144
0.954747 0.0412163
0.953816 0.0519144
0.938638 0.0573885
0.937561 0.0666422
0.934158 0.0744422
0.928429 0.0749644
0.931859 0.0856719
0.922641 0.0943441
0.925054 0.102144
0.908858 0.110226
0.914759 0.116572
0.927638 0.1235
0.906645 0.131881
0.904551 0.140253
0.905654 0.146309
0.888441 0.154981
0.886056 0.161909
0.885125 0.170281
0.901347 0.177209
0.882826 0.184137
0.882099 0.188739
0.878696 0.199737
0.888086 0.205492
0.884683 0.210966
0.875816 0.217894
0.85962 0.228892
0.859706 0.236692
0.865957 0.241294
0.849762 0.24735
0.852174 0.253105
0.848771 0.264976
0.850225 0.271031
0.83999 0.277377
0.852723 0.281689
0.83551 0.290361
0.831149 0.298161
0.832543 0.303335
0.826669 0.315787
0.843037 0.322714
0.821231 0.327316
0.837599 0.335116
0.817915 0.3403
0.82149 0.351298
0.814598 0.359098
0.81736 0.365153
0.791861 0.368001
0.810554 0.379581
0.793051 0.383311
0.813053 0.395181
0.791042 0.398911
0.779704 0.40642
0.784587 0.415092
0.789179 0.41795
0.774292 0.42982
0.774379 0.435876
0.767487 0.441931
0.767573 0.448859
0.760681 0.456359
0.763589 0.461542
0.760186 0.467598
0.755766 0.473653
0.738553 0.481453
0.73515 0.487509
0.727241 0.495018
0.732124 0.501074
0.719417 0.508001
0.726772 0.513185
0.718863 0.521566
0.714442 0.52675
0.696212 0.531061
0.688448 0.536244
0.689842 0.541137
0.680916 0.544576
0.685944 0.548596
0.682832 0.551744
0.665619 0.550531
0.667159 0.551935
0.648929 0.548687
0.652794 0.546601
0.646339 0.544516
0.635086 0.539233
0.630956 0.537439
0.622175 0.533027
0.61223 0.527744
0.600251 0.525368
0.593795 0.521248
0.582833 0.521198
0.578849 0.518822
0.560037 0.520226
0.557361 0.523083
0.531716 0.530011
0.522208 0.538101
0.515026 0.546774
0.502524 0.55719
0.495341 0.567607
0.489322 0.577733
0.469842 0.586996
0.469638 0.597122
0.449808 0.606666
0.433322 0.617083
0.440445 0.624883
0.430937 0.631811
0.421429 0.639611
0.408431 0.650027
0.403779 0.656383
0.401249 0.664474
0.389269 0.673727
0.380779 0.681527
0.372288 0.688455
0.368654 0.697127
0.366995 0.704055
0.356033 0.710983
0.352049 0.718501
0.345593 0.723685
0.355769 0.732066
0.342336 0.738413
0.333554 0.743596
0.330442 0.750524
0.330965 0.756298
0.318549 0.764679
0.309767 0.774224
0.307005 0.778826
0.305056 0.787207
0.306596 0.792981
0.290691 0.801363
0.29572 0.80829
0.279816 0.814346
0.277866 0.821274
0.267631 0.825003
0.277312 0.834557
0.258123 0.837996
0.2585 0.84754
0.250591 0.851851
0.24617 0.858207
0.244221 0.86339
0.239801 0.869446
0.244684 0.874629
0.237938 0.880685
0.230029 0.88704
0.229097 0.89484
0.225985 0.900024
0.226071 0.904626
0.207841 0.913307
0.210398 0.921107
0.209321 0.925418
0.195597 0.932346
0.194666 0.936957
0.193734 0.944466
0.182336 0.948196
0.177916 0.953379
0.180473 0.959444
0.169075 0.963755
0.164654 0.968939
0.173027 0.974422
0.155814 0.976989
0.164186 0.981009
0.150462 0.983576
0.153978 0.987896
0.139236 0.989009
0.14063 0.992157
0.125889 0.994733
0.124957 0.993229
0.109198 0.99725
0.106086 0.994883
0.0973044 0.994833
0.0883776 0.995655
0.0877369 0.993861
0.0671211 0.997309
0.0701146 0.998131
0.0636591 0.998953
0.0492081 0.998331
0.0382461 1.00032
0.0352794 0.99765
0.0209739 0.994411
0.00864426 0.992907
0.000153519 0.99025
-0.00484833 0.984676
-0.0203169 0.975031
-0.0253187 0.964814
-0.0383159 0.95517
-0.0478243 0.947851
-0.064165 0.939961
-0.0678585 0.925664
-0.0901594 0.919227
-0.0923993 0.911327
-0.105251 0.898776
-0.123772 0.892629
-0.127321 0.882403
-0.149331 0.87335
-0.164218 0.871264
-0.16544 0.863083
-0.18184 0.858672
-0.193384 0.853389
-0.214231 0.849277
-0.219959 0.85039
-0.228014 0.838139
-0.243046 0.83489
-0.250084 0.827
-0.261627 0.816483
-0.269014 0.809164
-0.280558 0.798948
-0.298061 0.785524
-0.301609 0.774144
-0.312135 0.757813
-0.325133 0.743816
-0.33252 0.727485
-0.347552 0.71407
-0.348774 0.696866
-0.365115 0.69072
-0.371134 0.675551
-0.386517 0.665916
-0.400532 0.659179
-0.411058 0.654487
-0.41228 0.652111
-0.424464 0.649163
-0.431646 0.648531
-0.443481 0.649653
-0.439179 0.651057
-0.447002 0.649563
-0.453167 0.647187
-0.449156 0.645401
-0.4591 0.644479
-0.461399 0.640659
-0.453027 0.635376
-0.468932 0.633881
-0.457071 0.632087
-0.469109 0.628266
-0.463209 0.625018
-0.461087 0.621779
-0.447686 0.618831
-0.450071 0.620816
-0.463069 0.620485
-0.452139 0.620726
-0.452489 0.624755
-0.452839 0.626159
-0.453539 0.634259
-0.453889 0.642931
-0.454239 0.651322
-0.429499 0.660003
-0.453254 0.666931
-0.452936 0.668926
-0.452269 0.681959
-0.426161 0.687733
-0.439945 0.696414
-0.438259 0.70247
-0.447246 0.705918
-0.447596 0.719242
-0.441113 0.723563
-0.447628 0.735442
-0.441146 0.74237
-0.44766 0.75047
-0.444667 0.757398
-0.447693 0.765498
-0.448043 0.773598
-0.448743 0.781398
-0.449093 0.789498
-0.449443 0.797598
-0.450143 0.805398
-0.450493 0.813498
-0.451193 0.820426
-0.451543 0.828526
-0.452243 0.836626
-0.452593 0.843553
-0.452943 0.851653
-0.453293 0.858881
-0.453293 0.866981
-0.453293 0.875081
-0.453293 0.883181
-0.453643 0.890981
-0.453643 0.901116
-0.453643 0.906309
-0.453993 0.914409
-0.453993 0.922509
-0.453993 0.930609
-0.454343 0.938709
-0.454343 0.946809
-0.454343 0.954909
-0.454693 0.962709
-0.454693 0.970809
-0.454693 0.978909
-0.455043 0.989044
-0.455043 0.994237
-0.455043 1.00757
-0.455393 1.00869
-0.455393 1.01592
-0.455743 1.02547
-0.455743 1.03038
-0.455743 1.03673
-0.456093 1.04454
-0.456093 1.05235
-0.456443 1.05783
-0.456443 1.06389
-0.456793 1.06763
-0.456793 1.07544
-0.457143 1.08005
-0.457143 1.08728
-0.457143 1.09014
-0.457493 1.09301
-0.457493 1.09849
-0.457843 1.1031
-0.457843 1.10597
-0.458193 1.11058
-0.458193 1.1149
-0.458543 1.11631
-0.458543 1.12151
-0.458893 1.12437
-0.458893 1.12637
-0.459243 1.12982
-0.459593 1.13239
-0.459593 1.13177
-0.459943 1.13115
-0.459943 1.12936
-0.460293 1.12787
-0.460293 1.12754
-0.460643 1.12255
-0.460993 1.1167
-0.460993 1.11201
-0.461343 1.10878
-0.461343 1.10263
-0.461693 1.09532
-0.462043 1.08917
-0.462043 1.08245
-0.462393 1.07543
-0.462393 1.06841
-0.462743 1.05703
-0.463093 1.04739
-0.463093 1.03514
-0.463443 1.01911
-0.463793 1.00017
-0.463793 0.982105
-0.464143 0.965792
-0.464493 0.941039
-0.464493 0.922972
-0.464843 0.904033
-0.465193 0.886257
-0.465543 0.865864
-0.465543 0.850414
-0.465893 0.832348
-0.466243 0.815444
-0.466243 0.80262
-0.466593 0.784844
-0.466943 0.772011
-0.467293 0.756851
-0.467293 0.743146
-0.467643 0.72944
-0.467993 0.714863
-0.468343 0.702039
-0.468693 0.688333
-0.450085 0.674337
-0.469043 0.657142
-0.468375 0.64082
-0.452589 0.623626
-0.457736 0.608476
-0.455701 0.588955
-0.465355 0.571179
-0.453058 0.556601
-0.465037 0.542024
-0.465387 0.528909
-0.465737 0.515494
-0.465737 0.504696
-0.466087 0.49884
-0.466087 0.490959
-0.466437 0.483068
-0.466437 0.479829
-0.466787 0.47659
-0.468155 0.474814
-0.468155 0.47332
-0.468505 0.472698
-0.475337 0.472666
-0.469872 0.472044
-0.470222 0.472585
-0.470222 0.474579
-0.470572 0.477746
-0.470922 0.478287
-0.470922 0.482026
-0.471272 0.486355
-0.471622 0.487187
-0.471622 0.494414
-0.471972 0.502814
-0.471305 0.510042
-0.471305 0.518142
-0.471655 0.526542
-0.459358 0.53377
-0.470987 0.54187
-0.471337 0.549689
-0.471687 0.559242
-0.472037 0.567342
-0.47102 0.57487
-0.47137 0.58297
-0.47172 0.59137
-0.47172 0.59947
-0.47207 0.60757
-0.47242 0.61597
-0.47277 0.62407
-0.47312 0.63247
-0.47312 0.64057
-0.47347 0.64867
-0.47382 0.65707
-0.47417 0.66517
-0.47452 0.67357
-0.47452 0.68167
-0.47487 0.68977
-0.47522 0.69817
-0.47557 0.705398
-0.47592 0.713798
-0.47592 0.721898
-0.47627 0.729426
-0.47662 0.740433
-0.47697 0.743881
-0.47732 0.751409
-0.47767 0.759509
-0.47802 0.767037
-0.47837 0.775137
-0.47837 0.783537
-0.47872 0.790764
-0.47907 0.799164
-0.47942 0.807264
-0.47977 0.815664
-0.48012 0.823764
-0.48047 0.832164
-0.48082 0.840264
-0.48117 0.848664
-0.48152 0.856764
-0.48187 0.865164
-0.48222 0.873264
-0.48257 0.881664
-0.48292 0.889764
-0.48327 0.897292
-0.48362 0.905392
-0.48397 0.919026
-0.48432 0.923055
-0.48467 0.928839
-0.48502 0.934322
-0.48537 0.94185
-0.48572 0.944135
-0.48607 0.951372
-0.48642 0.958027
-0.48677 0.961766
-0.499767 0.969294
-0.488487 0.974777
-0.488837 0.977363
-0.489187 0.986916
-0.489537 0.9927
-0.489887 0.994413
-0.490237 1.00251
-0.490587 1.00771
-0.490937 1.01611
-0.491287 1.02451
-0.491637 1.02651
-0.492337 1.03345
-0.492687 1.0433
-0.493037 1.04878
-0.493387 1.05369
-0.493737 1.0618
-0.494087 1.06641
-0.494437 1.07133
-0.495137 1.07129
-0.495137 1.07998
-0.495487 1.08169
-0.495837 1.08718
-0.495837 1.09354
-0.496187 1.09816
-0.496537 1.09987
-0.496887 1.10478
-0.496887 1.10765
-0.497237 1.11227
-0.497587 1.11631
-0.497937 1.12035
-0.497937 1.12351
-0.498287 1.12638
-0.498637 1.12867
-0.498987 1.13184
-0.498987 1.13501
-0.499337 1.13556
-0.499687 1.1393
-0.500037 1.14217
-0.500387 1.14359
-0.500387 1.14531
-0.500737 1.14673
-0.501087 1.14931
-0.501437 1.15015
-0.501787 1.15215
-0.502137 1.15444
-0.502487 1.15587
-0.502487 1.15642
-0.502837 1.15812
-0.503187 1.1578
-0.503537 1.15748
-0.503887 1.15803
-0.504237 1.15741
-0.504587 1.15535
-0.504937 1.15328
-0.505287 1.15178
-0.505287 1.15204
-0.505637 1.14591
-0.505987 1.14471
-0.506337 1.14323
-0.506687 1.13942
-0.507037 1.13561
-0.507387 1.13325
-0.507737 1.12856
-0.508087 1.12271
-0.508437 1.12035
-0.508787 1.11247
-0.509137 1.10808
-0.509487 1.09932
-0.509837 1.09086
-0.510187 1.08443
-0.510537 1.07452
-0.510887 1.06605
-0.511237 1.05585
-0.511587 1.04506
-0.511937 1.03398
-0.512287 1.02028
-0.512637 1.00804
-0.512987 0.991144
-0.513337 0.972505
-0.513687 0.952994
-0.514037 0.938426
-0.514737 0.920659
-0.515087 0.900276
-0.515437 0.87902
-0.515787 0.858637
-0.516137 0.835346
-0.516487 0.819905
-0.516837 0.801557
-0.517187 0.783209
-0.517537 0.767187
-0.518237 0.749711
-0.518587 0.735724
-0.518937 0.72319
-0.519287 0.710657
-0.519637 0.698124
-0.519987 0.68559
-0.520687 0.672766
-0.521037 0.660233
-0.52037 0.644211
-0.52072 0.632259
-0.52107 0.619144
-0.520752 0.600796
-0.521102 0.583029
-0.520434 0.562937
-0.520784 0.549831
-0.504998 0.530029
-0.520817 0.517496
-0.521167 0.504381
-0.521517 0.48865
-0.521867 0.479024
-0.522567 0.47027
-0.522917 0.464133
-0.523267 0.458868
-0.523617 0.454476
-0.523967 0.452709
-0.524317 0.451805
-0.524667 0.451483
-0.524667 0.453196
-0.526034 0.45579
-0.526384 0.458085
-0.526734 0.461251
-0.527084 0.463846
-0.527084 0.466431
-0.527434 0.471924
-0.527784 0.475381
-0.528134 0.47972
-0.528484 0.48405
-0.528484 0.487798
-0.527817 0.495626
-0.528167 0.504026
-0.527499 0.511553
-0.527849 0.520253
-0.505085 0.527781
-0.514534 0.535309
-0.526514 0.544009
-0.520032 0.551537
-0.526196 0.560809
-0.518696 0.56224
-0.524861 0.576164
-0.509075 0.583692
-0.523526 0.59152
-0.523876 0.597013
-0.50809 0.609192
-0.522191 0.61702
-0.522541 0.62542
-0.510244 0.633248
-0.522223 0.641648
-0.497134 0.649176
-0.521906 0.657876
-0.522256 0.666276
-0.499492 0.673803
-0.521938 0.682503
-0.522288 0.690903
-0.522638 0.699603
-0.522988 0.707131
-0.523338 0.715831
-0.523688 0.723359
-0.524038 0.733213
-0.524388 0.739587
-0.524738 0.747114
-0.525088 0.755814
-0.525438 0.764214
-0.525788 0.772042
-0.526138 0.780442
-0.526488 0.789142
-0.526838 0.797542
-0.527538 0.806242
-0.527888 0.814642
-0.528238 0.823342
-0.528588 0.831742
-0.528938 0.840442
-0.529288 0.848842
-0.529638 0.857542
-0.529988 0.865942
-0.530338 0.874642
-0.531038 0.883042
-0.531388 0.891451
-0.531738 0.89927
-0.532088 0.906226
-0.532438 0.912881
-0.532788 0.923616
-0.533488 0.927364
-0.533838 0.935774
-0.534188 0.943011
-0.534538 0.94764
-0.534888 0.957203
-0.535238 0.962705
-0.535938 0.967044
-0.536288 0.976607
-0.536638 0.978039
-0.538006 0.98295
-0.538706 0.992231
-0.539056 0.995698
-0.539406 1.00061
-0.539756 1.00175
-0.540456 1.01073
-0.540806 1.01594
-0.541506 1.01998
-0.541856 1.02374
-0.542556 1.02953
-0.543256 1.03357
-0.543956 1.03878
-0.544306 1.04427
-0.545006 1.04861
-0.545706 1.05178
-0.546406 1.05525
-0.546756 1.05725
-0.547456 1.06072
-0.548156 1.06214
-0.548856 1.06299
-0.549206 1.06558
-0.549906 1.06439
-0.550606 1.06786
-0.551306 1.06753
-0.552006 1.06838
-0.552356 1.07126
-0.553056 1.06978
-0.553756 1.07238
-0.554456 1.07206
-0.555156 1.07378
-0.555856 1.07695
-0.556556 1.07547
-0.556906 1.08097
-0.557606 1.08007
-0.558306 1.08179
-0.559006 1.08409
-0.559706 1.08144
-0.560406 1.08288
-0.561106 1.08285
-0.561806 1.08253
-0.562506 1.08164
-0.562856 1.08132
-0.563556 1.07868
-0.564256 1.07836
-0.564956 1.07601
-0.565656 1.07395
-0.566356 1.07363
-0.567056 1.07187
-0.567756 1.07155
-0.568456 1.06978
-0.569156 1.06801
-0.569856 1.06595
-0.570556 1.06331
-0.571256 1.06241
-0.571956 1.05628
-0.572656 1.05393
-0.573356 1.05129
-0.574056 1.04691
-0.574756 1.04485
-0.575456 1.04016
-0.576156 1.03258
-0.576856 1.03053
-0.577556 1.02498
-0.578256 1.01681
-0.578956 1.01155
-0.579656 1.00513
-0.580356 0.996098
-0.581056 0.988507
-0.581756 0.974529
-0.582806 0.965494
-0.583506 0.950644
-0.584206 0.939283
-0.584906 0.922389
-0.585606 0.909283
-0.586306 0.895305
-0.587006 0.8822
-0.587706 0.868222
-0.588406 0.851327
-0.589456 0.838222
-0.590156 0.824535
-0.590856 0.812011
-0.591556 0.798905
-0.592256 0.7858
-0.592956 0.770068
-0.594006 0.757835
-0.594706 0.743857
-0.595406 0.731624
-0.596106 0.720553
-0.596806 0.707739
-0.597506 0.700448
-0.598206 0.687051
-0.598556 0.677435
-0.598906 0.672761
-0.599606 0.662563
-0.598938 0.656435
-0.597312 0.646818
-0.599988 0.640409
-0.600338 0.633409
-0.601038 0.627281
-0.601388 0.6197
-0.602088 0.617933
-0.602438 0.612968
-0.603138 0.609748
-0.603488 0.609153
-0.604188 0.609131
-0.604538 0.606783
-0.605238 0.609377
-0.605588 0.61139
-0.605938 0.612531
-0.606638 0.615426
-0.606988 0.621509
-0.607688 0.62265
-0.608388 0.631059
-0.608738 0.631037
-0.609438 0.638292
-0.609788 0.649027
-0.610488 0.655983
-0.610838 0.664683
-0.611538 0.669613
-0.611888 0.680639
-0.612588 0.683814
-0.613288 0.692514
-0.613638 0.701514
-0.614338 0.709342
-0.614688 0.718042
-0.615388 0.726742
-0.616088 0.735742
-0.616438 0.744442
-0.617138 0.753142
-0.617488 0.761842
-0.618188 0.76997
-0.618888 0.77867
-0.619238 0.786498
-0.619938 0.795498
-0.620638 0.80885
-0.620988 0.811153
-0.621688 0.819281
-0.622388 0.827109
-0.622738 0.834064
-0.623438 0.847716
-0.624138 0.850601
-0.624488 0.855231
-0.625188 0.868011
-0.625888 0.87235
-0.626588 0.881631
-0.626938 0.883072
-0.627638 0.889737
-0.628338 0.896401
-0.629038 0.899587
-0.629388 0.905379
-0.630088 0.908274
-0.630788 0.909996
-0.631488 0.914044
-0.631838 0.915485
-0.632538 0.918661
-0.633238 0.919811
-0.633938 0.922405
-0.634638 0.923255
-0.635338 0.924987
-0.635688 0.924964
-0.636388 0.925242
-0.637088 0.92522
-0.637788 0.925207
-0.638488 0.921987
-0.639188 0.923427
-0.639538 0.920207
-0.640238 0.917868
-0.640588 0.914357
-0.640938 0.914344
-0.641638 0.909679
-0.641988 0.90704
-0.642338 0.905283
-0.643038 0.904689
-0.643388 0.899433
-0.643738 0.896222
-0.644438 0.895337
-0.644788 0.890372
-0.645138 0.886289
-0.645838 0.884822
-0.646188 0.87724
-0.646538 0.874901
-0.647238 0.874307
-0.647588 0.871668
-0.648288 0.870492
-0.648638 0.869026
-0.648988 0.870176
-0.649688 0.867827
-0.650038 0.870722
-0.650738 0.873616
-0.651088 0.873894
-0.651788 0.876489
-0.652138 0.879383
-0.652838 0.878789
-0.653188 0.881683
-0.653888 0.882824
-0.654238 0.884846
-0.654938 0.885996
-0.655288 0.889763
-0.655988 0.891785
-0.656338 0.895542
-0.657038 0.899309
-0.657388 0.90482
-0.658088 0.910622
-0.658438 0.918459
-0.659138 0.920181
-0.659488 0.934414
-0.660188 0.935564
-0.660538 0.943692
-0.661238 0.950948
-0.661938 0.960529
-0.662288 0.970983
-0.662988 0.975613
-0.663338 0.982287
-0.664038 0.99245
-0.664738 0.999124
-0.665088 1.00958
-0.665788 1.01916
-0.666488 1.02176
-0.666838 1.02669
-0.667538 1.04005
-0.667888 1.04178
-0.668588 1.05368
-0.669288 1.05629
-0.669638 1.06994
-0.670338 1.07167
-0.671038 1.08445
-0.671738 1.08996
-0.672088 1.09896
-0.672788 1.10302
-0.673488 1.1094
-0.673838 1.11753
-0.674538 1.12711
-0.675238 1.13088
-0.675938 1.13726
-0.676288 1.14452
-0.676988 1.15061
-0.677688 1.15786
-0.678388 1.16163
-0.678738 1.16772
-0.679438 1.17091
-0.680138 1.17468
-0.680838 1.17815
-0.681538 1.18512
-0.681888 1.18714
-0.682588 1.18858
-0.683288 1.19206
-0.683988 1.19321
-0.684338 1.19581
-0.685038 1.19783
-0.685738 1.19782
-0.686438 1.19722
-0.687138 1.19693
-0.687488 1.19604
-0.688188 1.19196
-0.688888 1.19108
-0.689588 1.18467
-0.690288 1.18204
-0.690638 1.18028
-0.691338 1.17358
-0.692038 1.16863
-0.692738 1.16164
-0.693438 1.15291
-0.694138 1.14417
-0.694488 1.13049
-0.695188 1.11827
-0.695888 1.10198
-0.696588 1.08976
-0.697288 1.07318
-0.697988 1.05339
-0.698688 1.03216
-0.699388 1.01936
-0.700088 0.998703
-0.700788 0.976594
-0.701488 0.958555
-0.701838 0.940516
-0.702538 0.92365
-0.703238 0.901831
-0.703938 0.889316
-0.704638 0.86837
-0.705338 0.85412
-0.706038 0.83957
-0.706738 0.822403
-0.707438 0.811633
-0.688513 0.797092
-0.707821 0.776437
-0.707503 0.75549
-0.707185 0.736589
-0.707885 0.7107
-0.704224 0.687427
-0.700418 0.663864
-0.681493 0.636822
-0.68699 0.612677
-0.683534 0.589405
-0.70633 0.566724
-0.696709 0.541126
-0.705695 0.519889
-0.705377 0.49837
-0.705059 0.48004
-0.704742 0.465781
-0.705442 0.454729
-0.68201 0.444831
-0.704807 0.438431
-0.704489 0.432022
-0.705539 0.427939
-0.706239 0.425318
-0.696618 0.421235
-0.706621 0.42094
-0.694674 0.416857
-0.681564 0.413937
-0.687411 0.411316
-0.706719 0.412466
-0.687794 0.414789
-0.683987 0.41274
-0.705766 0.415635
-0.687191 0.416503
-0.689345 0.418816
-0.704146 0.423464
-0.703828 0.435372
-0.688392 0.439148
-0.680079 0.446703
-0.701858 0.454831
-0.677118 0.463259
-0.685086 0.466153
-0.69887 0.476907
-0.685905 0.485035
-0.692856 0.49259
-0.668407 0.504798
-0.66838 0.508274
-0.671987 0.515829
-0.662657 0.525701
-0.65696 0.535583
-0.646612 0.542266
-0.639753 0.54894
-0.648508 0.554751
-0.645137 0.564624
-0.646273 0.573051
-0.629093 0.582642
-0.643021 0.587572
-0.626859 0.596
-0.633809 0.603264
-0.62695 0.608776
-0.625965 0.616331
-0.634079 0.623014
-0.622277 0.63027
-0.62792 0.637826
-0.632399 0.645381
-0.632082 0.653809
-0.618304 0.661064
-0.6411 0.670364
-0.629153 0.678792
-0.641483 0.687792
-0.642533 0.697092
-0.643233 0.706392
-0.643933 0.715692
-0.644633 0.724692
-0.645683 0.733992
-0.646383 0.743292
-0.647083 0.752592
-0.647783 0.76072
-0.648833 0.77002
-0.649533 0.77932
-0.650233 0.791527
-0.650933 0.797048
-0.651983 0.806048
-0.652683 0.815929
-0.653383 0.823776
-0.654433 0.833076
-0.655133 0.841503
-0.655833 0.849631
-0.656883 0.858931
-0.657583 0.867359
-0.658633 0.876368
-0.659333 0.888866
-0.660033 0.893514
-0.661083 0.901942
-0.661783 0.912977
-0.662483 0.918498
-0.663533 0.927798
-0.664233 0.936226
-0.665283 0.945526
-0.665983 0.960059
-0.667033 0.963253
-0.667733 0.971681
-0.668433 0.980981
-0.669483 0.992016
-0.670183 0.996664
-0.671233 1.00596
-0.671933 1.01352
-0.672983 1.02195
-0.673683 1.03328
-0.674383 1.04171
-0.675083 1.05218
-0.675783 1.05509
-0.676133 1.06729
-0.676833 1.0702
-0.677533 1.08328
-0.678233 1.08881
-0.678933 1.09404
-0.679283 1.10363
-0.679983 1.11148
-0.680683 1.12136
-0.681383 1.12718
-0.682083 1.13066
-0.682783 1.13764
-0.683133 1.14316
-0.683833 1.14985
-0.684533 1.15421
-0.685233 1.16061
-0.685933 1.1638
-0.686633 1.17049
-0.687333 1.17311
-0.688033 1.17776
-0.688733 1.18038
-0.689083 1.18096
-0.689783 1.1856
-0.690483 1.18648
-0.691183 1.18968
-0.691883 1.18851
-0.692583 1.18939
-0.693283 1.19055
-0.693983 1.18706
-0.694683 1.1859
-0.695383 1.18589
-0.696083 1.18328
-0.696783 1.17833
-0.697483 1.17543
-0.698183 1.17049
-0.698883 1.16061
-0.699583 1.1513
-0.700283 1.13734
-0.700983 1.12746
-0.701683 1.11321
-0.702383 1.10246
-0.703083 1.08966
-0.704133 1.06815
-0.704833 1.05507
-0.705533 1.03995
-0.706233 1.02047
-0.706933 1.00012
-0.707633 0.979477
-0.708333 0.956805
-0.709033 0.935577
-0.709733 0.912905
-0.710783 0.889933
-0.711483 0.866389
-0.712183 0.843135
-0.712883 0.819581
-0.713583 0.801851
-0.714283 0.780042
-0.715333 0.756789
-0.716033 0.744864
-0.716733 0.724227
-0.717433 0.704172
-0.718133 0.687014
-0.719183 0.669285
-0.719883 0.649801
-0.720583 0.630327
-0.721283 0.609109
-0.721983 0.58382
-0.722683 0.561139
-0.723383 0.533233
-0.724083 0.503001
-0.725133 0.474796
-0.725833 0.447472
-0.726533 0.42509
-0.727233 0.401255
-0.727933 0.380027
-0.728633 0.363461
-0.729683 0.35329
-0.730383 0.344283
-0.731083 0.338464
-0.731783 0.33847
-0.732483 0.337894
-0.733533 0.338772
-0.734233 0.341094
-0.734933 0.342263
-0.735633 0.345757
-0.736683 0.34867
-0.737383 0.353327
-0.738083 0.363209
-0.738783 0.369611
-0.739833 0.372814
-0.740533 0.382414
-0.741233 0.392014
-0.742283 0.401614
-0.742983 0.411214
-0.741647 0.41877
-0.742697 0.42837
-0.717958 0.437098
-0.719966 0.445826
-0.741077 0.453681
-0.730438 0.461537
-0.735063 0.46852
-0.71925 0.470851
-0.696109 0.481614
-0.703206 0.482192
-0.69219 0.491501
-0.681987 0.50052
-0.679258 0.506631
-0.669055 0.50809
-0.657021 0.516527
-0.658594 0.523511
-0.657695 0.528168
-0.653657 0.53457
-0.662061 0.543298
-0.647557 0.552607
-0.650146 0.562498
-0.647126 0.568609
-0.641284 0.575592
-0.652074 0.582576
-0.669346 0.590431
-0.666035 0.598287
-0.661211 0.606142
-0.657755 0.61487
-0.642319 0.623598
-0.648166 0.632326
-0.667473 0.641926
-0.668523 0.651526
-0.669223 0.661426
-0.670273 0.671026
-0.670973 0.680626
-0.672023 0.69575
-0.672723 0.699826
-0.673773 0.709135
-0.674473 0.718153
-0.675173 0.730961
-0.676223 0.736781
-0.676923 0.746381
-0.677973 0.755109
-0.678673 0.765009
-0.679373 0.774609
-0.680423 0.784209
-0.681123 0.793809
-0.682173 0.803709
-0.682873 0.812437
-0.683923 0.821164
-0.684623 0.830764
-0.685673 0.840664
-0.686373 0.850264
-0.687423 0.858992
-0.688123 0.868892
-0.689173 0.879946
-0.689873 0.88722
-0.690923 0.89682
-0.691623 0.909627
-0.692673 0.915448
-0.693373 0.925348
-0.694423 0.934076
-0.695473 0.943676
-0.696173 0.953576
-0.697223 0.962303
-0.697923 0.971031
-0.698973 0.980059
-0.700023 0.988787
-0.700723 0.997814
-0.701773 1.00945
-0.702473 1.01353
-0.703523 1.02779
-0.704573 1.03506
-0.705273 1.04147
-0.706323 1.05107
-0.707373 1.05631
-0.708073 1.06301
-0.709123 1.07465
-0.710173 1.08048
-0.710873 1.08339
-0.711923 1.09387
-0.712973 1.09911
-0.714023 1.10465
-0.714723 1.11163
-0.715773 1.12066
-0.716823 1.12764
-0.717523 1.13493
-0.718573 1.14249
-0.719623 1.14978
-0.720673 1.15443
-0.721723 1.1623
-0.722423 1.16958
-0.723473 1.17482
-0.724523 1.18094
-0.725573 1.18705
-0.726273 1.18997
-0.727323 1.19638
-0.728023 1.20163
-0.728723 1.20513
-0.729773 1.20805
-0.730473 1.21097
-0.731523 1.21302
-0.732223 1.21653
-0.733273 1.21479
-0.733973 1.21684
-0.734673 1.21947
-0.735723 1.21803
-0.736423 1.21833
-0.737473 1.21777
-0.738173 1.21748
-0.739223 1.21517
-0.739923 1.21519
-0.740973 1.21113
-0.741673 1.20795
-0.742723 1.20447
-0.743423 1.20013
-0.744473 1.19433
-0.745173 1.18736
-0.746223 1.17982
-0.747273 1.17053
-0.747973 1.16182
-0.749023 1.15311
-0.749723 1.14207
-0.750773 1.1322
-0.751823 1.11768
-0.752523 1.10607
-0.753573 1.08951
-0.754273 1.07382
-0.755323 1.05378
-0.756373 1.03141
-0.757073 1.00932
-0.758123 0.985207
-0.759173 0.963707
-0.759873 0.941635
-0.760923 0.919263
-0.761973 0.897181
-0.762673 0.877426
-0.763723 0.854472
-0.764773 0.838205
-0.765473 0.820485
-0.766523 0.805963
-0.767573 0.790568
-0.768623 0.776627
-0.769323 0.760361
-0.770373 0.744094
-0.771423 0.727837
-0.772473 0.709535
-0.773173 0.691233
-0.774223 0.669733
-0.775273 0.648814
-0.776323 0.624698
-0.777373 0.601453
-0.778073 0.577055
-0.779123 0.552357
-0.780173 0.530857
-0.780873 0.507622
-0.781573 0.492227
-0.782273 0.471027
-0.782623 0.455933
-0.783323 0.446653
-0.784023 0.440272
-0.784373 0.436807
-0.785073 0.435377
-0.785773 0.435401
-0.786123 0.437751
-0.786823 0.442718
-0.787523 0.446513
-0.787873 0.451189
-0.788573 0.454701
-0.789273 0.457924
-0.789973 0.462309
-0.790323 0.467276
-0.791023 0.470207
-0.791723 0.482733
-0.792423 0.491189
-0.793123 0.496437
-0.793473 0.506637
-0.794173 0.516837
-0.794873 0.527037
-0.795573 0.537237
-0.796273 0.547437
-0.774527 0.557637
-0.795288 0.566092
-0.776363 0.574257
-0.770521 0.58562
-0.771658 0.592622
-0.755495 0.597879
-0.768406 0.603137
-0.752243 0.617116
-0.758176 0.625281
-0.751984 0.628503
-0.742799 0.643064
-0.740446 0.646868
-0.738094 0.658522
-0.748534 0.664079
-0.74967 0.675151
-0.760982 0.687387
-0.758629 0.69497
-0.733889 0.704298
-0.756976 0.712753
-0.756659 0.722081
-0.732936 0.732281
-0.758059 0.742481
-0.758759 0.752109
-0.759459 0.762309
-0.760159 0.772509
-0.760859 0.78329
-0.761559 0.792037
-0.762609 0.806316
-0.763309 0.811864
-0.764009 0.826716
-0.764709 0.831392
-0.765409 0.8445
-0.766109 0.85122
-0.766809 0.86142
-0.767509 0.87162
-0.768559 0.88182
-0.769259 0.89232
-0.769959 0.90252
-0.770659 0.91272
-0.771359 0.92292
-0.772059 0.93342
-0.773109 0.943329
-0.773809 0.952948
-0.774509 0.9681
-0.775209 0.971903
-0.776259 0.982103
-0.776959 0.993185
-0.777659 1.00106
-0.778359 1.01039
-0.779409 1.02089
-0.780109 1.03225
-0.780809 1.04275
-0.784184 1.04917
-0.782559 1.06228
-0.783259 1.06813
-0.784309 1.07833
-0.785009 1.09348
-0.785709 1.10339
-0.786759 1.10806
-0.787459 1.12002
-0.788159 1.12847
-0.789209 1.13694
-0.789909 1.14539
-0.790609 1.15182
-0.791659 1.15766
-0.792359 1.16729
-0.793409 1.17633
-0.794109 1.18014
-0.795159 1.18859
-0.795859 1.19473
-0.796559 1.20551
-0.797609 1.2134
-0.798309 1.22128
-0.799359 1.22479
-0.800059 1.23413
-0.801109 1.24259
-0.801809 1.24727
-0.802859 1.25574
-0.803559 1.2639
-0.804609 1.26946
-0.805659 1.27355
-0.806359 1.28202
-0.807409 1.28728
-0.808109 1.29196
-0.809159 1.2949
-0.809859 1.30075
-0.810909 1.30223
-0.811609 1.30488
-0.812659 1.30927
-0.813709 1.31338
-0.814409 1.31485
-0.815459 1.31634
-0.816159 1.31637
-0.817209 1.31641
-0.818259 1.31672
-0.818959 1.31501
-0.820009 1.31504
-0.821059 1.31246
-0.821759 1.30929
-0.822809 1.30816
-0.823859 1.30383
-0.824559 1.29863
-0.825609 1.29401
-0.826659 1.28852
-0.827359 1.28128
-0.828409 1.26997
-0.829459 1.26361
-0.830509 1.2523
-0.831209 1.24507
-0.832259 1.23347
-0.833309 1.22129
-0.834359 1.20853
-0.835059 1.1949
-0.836109 1.17545
-0.837159 1.15687
-0.838209 1.13597
-0.839259 1.11682
-0.840309 1.0933
-0.841009 1.07298
-0.842059 1.04888
-0.843109 1.02798
-0.844159 1.00534
-0.845209 0.985311
-0.846259 0.963248
-0.847309 0.944092
-0.848009 0.926972
-0.849059 0.907235
-0.850109 0.893022
-0.851159 0.875611
-0.852209 0.859372
-0.853259 0.84574
-0.854309 0.826294
-0.855359 0.804522
-0.856409 0.787692
-0.857459 0.763303
-0.858509 0.738624
-0.859559 0.717433
-0.860609 0.6913
-0.861659 0.666339
-0.862709 0.639042
-0.863759 0.6132
-0.864809 0.59259
-0.865859 0.568492
-0.866559 0.55109
-0.867259 0.538922
-0.867959 0.529951
-0.868659 0.523298
-0.869359 0.51927
-0.870059 0.514661
-0.870759 0.515866
-0.871459 0.512129
-0.872159 0.510718
-0.872859 0.509879
-0.873559 0.511085
-0.874609 0.51229
-0.875309 0.512624
-0.876009 0.511503
-0.876709 0.513872
-0.877409 0.515368
-0.878109 0.520063
-0.879159 0.520977
-0.879859 0.529451
-0.880559 0.537926
-0.881259 0.548426
-0.881959 0.559226
-0.883009 0.570026
-0.883709 0.580826
-0.884409 0.591626
-0.885109 0.599518
-0.886159 0.612063
-0.886859 0.627514
-0.886541 0.637442
-0.863109 0.64767
-0.855292 0.656726
-0.862243 0.666653
-0.849569 0.670185
-0.845095 0.681857
-0.868327 0.688587
-0.857688 0.70462
-0.848708 0.713676
-0.847372 0.72215
-0.866158 0.732659
-0.867148 0.741714
-0.866831 0.751942
-0.864537 0.76187
-0.867563 0.77267
-0.867596 0.782598
-0.868296 0.793398
-0.868996 0.804498
-0.870046 0.815298
-0.870746 0.825226
-0.871796 0.836026
-0.872496 0.846826
-0.873546 0.857053
-0.874246 0.871633
-0.875296 0.877781
-0.875996 0.890035
-0.877046 0.898809
-0.877746 0.909609
-0.878796 0.920409
-0.879846 0.930637
-0.880546 0.941437
-0.881596 0.952237
-0.882296 0.963337
-0.883346 0.974137
-0.884396 0.984937
-0.885096 0.996037
-0.886146 1.00684
-0.887196 1.02054
-0.887896 1.02612
-0.888946 1.03692
-0.889996 1.05237
-0.891046 1.05708
-0.891746 1.06788
-0.892796 1.08188
-0.893846 1.09181
-0.894896 1.09826
-0.895946 1.10819
-0.896646 1.1187
-0.897696 1.12834
-0.898746 1.14118
-0.899796 1.14675
-0.900846 1.16221
-0.901896 1.17069
-0.902596 1.17713
-0.903646 1.18648
-0.904696 1.19699
-0.905746 1.20489
-0.906796 1.21133
-0.907846 1.2204
-0.908896 1.22888
-0.909946 1.23387
-0.910996 1.24148
-0.912046 1.25024
-0.913096 1.25785
-0.914146 1.26546
-0.915196 1.27016
-0.916246 1.27835
-0.917296 1.28246
-0.918346 1.29008
-0.919396 1.29652
-0.920446 1.30383
-0.921496 1.30883
-0.922546 1.31353
-0.923596 1.31997
-0.924646 1.32148
-0.925696 1.32705
-0.926746 1.33118
-0.927796 1.33238
-0.928846 1.33389
-0.929896 1.33365
-0.930946 1.33719
-0.932346 1.33578
-0.933396 1.33612
-0.934446 1.33501
-0.935496 1.33215
-0.936546 1.32755
-0.937596 1.32615
-0.938996 1.32183
-0.940046 1.31462
-0.941096 1.31089
-0.942146 1.30425
-0.943196 1.29704
-0.944596 1.28953
-0.945646 1.28202
-0.946696 1.27277
-0.947746 1.25509
-0.948796 1.24642
-0.949846 1.22931
-0.950896 1.2125
-0.951946 1.19627
-0.952996 1.1754
-0.954046 1.15597
-0.955096 1.13509
-0.955796 1.11712
-0.956846 1.09886
-0.957896 1.07885
-0.958946 1.06117
-0.959996 1.04233
-0.961046 1.02465
-0.962096 1.00871
-0.963146 0.993944
-0.964196 0.97975
-0.965246 0.962939
-0.966296 0.946427
-0.967346 0.930489
-0.968396 0.917757
-0.969796 0.897457
-0.970846 0.878611
-0.971896 0.85832
-0.972946 0.835403
-0.973996 0.812787
-0.975046 0.788998
-0.976096 0.768126
-0.977146 0.742011
-0.978196 0.717359
-0.979596 0.695605
-0.980646 0.677931
-0.981696 0.662574
-0.982746 0.649261
-0.983796 0.642044
-0.984846 0.635709
-0.986246 0.631109
-0.987296 0.626227
-0.988346 0.624835
-0.976748 0.623724
-0.989778 0.624657
-0.990828 0.623546
-0.991878 0.625351
-0.992928 0.627157
-0.994328 0.624883
-0.995378 0.629887
-0.996428 0.631111
-0.997828 0.635233
-0.998878 0.639074
-0.999928 0.64117
-1.00133 0.651398
-1.00238 0.656401
-1.00343 0.664603
-1.00483 0.676003
-1.00588 0.687103
-1.00693 0.698503
-1.00833 0.709903
-1.00938 0.71985
-1.01078 0.734448
-1.005 0.744676
-0.985753 0.750551
-0.998869 0.765731
-0.978609 0.774514
-0.995563 0.78387
-0.979809 0.793816
-0.996414 0.803181
-1.00159 0.812537
-1.00096 0.822192
-0.985205 0.831848
-0.989367 0.840331
-0.986406 0.849987
-0.988096 0.859642
-0.991618 0.86987
-0.995489 0.880398
-0.986568 0.890926
-0.99858 0.901453
-0.998962 0.911681
-1.00036 0.925989
-1.00074 0.932737
-1.00214 0.944137
-1.00354 0.955537
-1.00494 0.966637
-1.00634 0.980072
-1.00774 0.988564
-1.00914 0.999964
-1.01054 1.01136
-1.01194 1.02422
-1.01334 1.03329
-1.01474 1.04469
-1.01614 1.05579
-1.01754 1.06719
-1.01894 1.07772
-1.02034 1.09377
-1.02174 1.10052
-1.02314 1.11192
-1.02454 1.12245
-1.02594 1.13298
-1.02769 1.1435
-1.02909 1.15781
-1.03049 1.16659
-1.03189 1.1777
-1.03329 1.18183
-1.03469 1.19294
-1.03644 1.20173
-1.03784 1.21196
-1.03924 1.22018
-1.04064 1.22634
-1.04204 1.23513
-1.04379 1.24129
-1.04519 1.24891
-1.04659 1.2577
-1.04799 1.26444
-1.04974 1.26654
-1.05114 1.27621
-1.05254 1.28063
-1.05394 1.28272
-1.05569 1.29034
-1.05709 1.29389
-1.05849 1.2992
-1.06024 1.30129
-1.06164 1.30543
-1.05621 1.30898
-1.06378 1.31166
-1.06518 1.31172
-1.05044 1.31296
-1.06696 1.3136
-1.04772 1.31134
-1.06772 1.30967
-1.06912 1.30944
-1.04741 1.30544
-1.07091 1.30144
-1.07231 1.29685
-1.07269 1.29256
-1.07409 1.28681
-1.07549 1.27903
-1.07587 1.2695
-1.05765 1.26347
-1.07664 1.2554
-1.07804 1.2415
-1.07842 1.23227
-1.08017 1.21199
-1.07823 1.19636
-1.08093 1.17666
-1.08132 1.15491
-1.0817 1.13608
-1.08208 1.11261
-1.08145 1.10017
-1.08218 1.07902
-1.08256 1.06019
-1.07131 1.04166
-1.08231 1.02283
-1.07688 1.00749
-1.0638 0.987198
-1.08177 0.972731
-1.07285 0.960009
-1.06326 0.94467
-1.08225 0.933401
-1.071 0.919516
-1.06092 0.906213
-1.07444 0.886513
-1.06901 0.870011
-1.08451 0.847113
-1.08524 0.828866
-1.07981 0.804805
-1.08601 0.783661
-1.08674 0.764833
-1.08814 0.741935
-1.08852 0.720781
-1.06716 0.702244
-1.07452 0.683998
-1.09037 0.667496
-1.07215 0.653611
-1.08364 0.644096
-1.08983 0.638642
-1.07161 0.634933
-1.08862 0.632968
-1.08799 0.631876
-1.08872 0.634281
-1.08561 0.634642
-1.09216 0.63762
-1.09254 0.638853
-1.09429 0.642131
-1.0847 0.643364
-1.09541 0.644889
-1.09614 0.648739
-1.09754 0.652307
-1.09929 0.657029
-1.09967 0.661461
-1.10142 0.666192
-1.10282 0.677892
-1.10457 0.689892
-1.10263 0.701892
-1.10635 0.713592
-1.10674 0.72472
-1.10747 0.735848
-1.10785 0.745522
-1.09791 0.758103
-1.08696 0.762535
-1.09365 0.779187
-1.10464 0.790314
-1.07508 0.80057
-1.09936 0.810826
-1.07111 0.819037
-1.06945 0.82842
-1.08676 0.837803
-1.06199 0.846314
-1.06034 0.855698
-1.065 0.864209
-1.05985 0.873592
-1.05506 0.882976
-1.06039 0.892359
-1.08083 0.901742
-1.05743 0.911126
-1.06959 0.924289
-1.05549 0.930764
-1.05617 0.940148
-1.07798 0.950403
-1.05525 0.960659
-1.06645 0.971787
-1.07511 0.982042
-1.07715 0.992298
-1.05442 1.00255
-1.07623 1.01281
-1.06534 1.02394
-1.05525 1.03506
-1.05947 1.04649
-1.05986 1.05762
-1.06408 1.06875
-1.05516 1.07988
-1.06519 1.091
-1.07174 1.10126
-1.07561 1.11269
-1.08114 1.12294
-1.08289 1.13494
-1.08327 1.14607
-1.08401 1.16128
-1.07543 1.16775
-1.08614 1.17946
-1.08789 1.19322
-1.08862 1.20347
-1.09037 1.20995
-1.09177 1.22661
-1.09352 1.23628
-1.09527 1.24625
-1.09702 1.25768
-1.09877 1.26706
-1.10017 1.2747
-1.10192 1.28206
-1.10367 1.29289
-1.10542 1.29851
-1.10717 1.30847
-1.10892 1.31408
-1.11032 1.32666
-1.11207 1.33228
-1.11382 1.34254
-1.11522 1.35135
-1.11697 1.35812
-1.11735 1.36431
-1.1191 1.37458
-1.1205 1.38194
-1.12225 1.38871
-1.124 1.39665
-1.12439 1.40285
-1.12614 1.41049
-1.12687 1.41494
-1.12725 1.41939
-1.129 1.42355
-1.12973 1.42539
-1.13012 1.43042
-1.13187 1.43312
-1.12577 1.43321
-1.11684 1.43505
-1.12339 1.43659
-1.11482 1.43581
-1.11206 1.43502
-1.13352 1.43656
-1.13193 1.43229
-1.11188 1.43209
-1.12206 1.4287
-1.13305 1.42152
-1.11765 1.41521
-1.11038 1.40716
-1.1101 1.39678
-1.1088 1.3838
-1.10851 1.36993
-1.10721 1.35432
-1.11937 1.34103
-1.11225 1.32456
-1.10397 1.30779
-1.10165 1.29014
-1.11081 1.26931
-1.09221 1.2473
-1.0864 1.22296
-1.07957 1.19719
-1.09455 1.17198
-1.08191 1.14997
-1.0854 1.12274
-1.06927 1.09579
-1.06361 1.07001
-1.06158 1.04219
-1.05824 1.01553
-1.05389 0.989174
-1.05302 0.965713
-1.04866 0.944005
-1.03951 0.921998
-1.03065 0.891859
-1.02978 0.867816
-1.02229 0.83855
-1.02142 0.811318
-1.01358 0.779135
-1.00472 0.744344
-1.00385 0.708672
-1.00298 0.675916
-0.987143 0.638218
-0.985259 0.6043
-0.979885 0.569509
-0.964191 0.538207
-0.95184 0.510685
-0.944432 0.485779
-0.94153 0.468142
-0.933771 0.451668
-0.934359 0.441881
-0.919972 0.429477
-0.909075 0.420563
-0.905156 0.414846
-0.897747 0.406803
-0.887868 0.403422
-0.880459 0.401194
-0.863747 0.397513
-0.876109 0.396157
-0.861723 0.396546
-0.855333 0.396653
-0.847924 0.394716
-0.841534 0.399176
-0.830986 0.396948
-0.828084 0.40287
-0.825183 0.409364
-0.828096 0.412951
-0.808912 0.423226
-0.798015 0.429148
-0.790607 0.429246
-0.781222 0.441264
-0.786607 0.44835
-0.768732 0.452518
-0.760306 0.457859
-0.742576 0.465516
-0.733483 0.473183
-0.719242 0.481713
-0.712124 0.491696
-0.702681 0.501107
-0.690244 0.511381
-0.678765 0.521664
-0.669321 0.535137
-0.659878 0.548037
-0.652093 0.55832
-0.654134 0.572664
-0.634223 0.584401
-0.628619 0.597001
-0.616704 0.608157
-0.619095 0.620176
-0.612995 0.629587
-0.605586 0.641324
-0.598528 0.645492
-0.589811 0.654613
-0.596563 0.665187
-0.590172 0.671109
-0.577821 0.678776
-0.581752 0.68557
-0.574403 0.692364
-0.575862 0.697124
-0.578484 0.709442
-0.577472 0.717981
-0.577623 0.72652
-0.576321 0.737103
-0.587143 0.746514
-0.57203 0.755926
-0.574216 0.766209
-0.582217 0.776792
-0.586788 0.787948
-0.578217 0.799976
-0.59305 0.810259
-0.604104 0.823459
-0.606204 0.841011
-0.607954 0.847514
-0.609704 0.859842
-0.611804 0.87187
-0.613554 0.884198
-0.615304 0.895353
-0.624236 0.908253
-0.632819 0.923489
-0.646403 0.933481
-0.64321 0.950461
-0.630859 0.959581
-0.633977 0.975689
-0.648374 0.983937
-0.638845 0.997137
-0.641612 1.01004
-0.643712 1.02527
-0.645462 1.03556
-0.647562 1.04759
-0.649312 1.0637
-0.651412 1.07573
-0.653162 1.09038
-0.655262 1.09573
-0.657362 1.11067
-0.659112 1.12387
-0.661212 1.13067
-0.662962 1.14852
-0.665062 1.15415
-0.667162 1.17113
-0.668912 1.17852
-0.671012 1.1891
-0.672762 1.20056
-0.674512 1.21288
-0.676612 1.22464
-0.678362 1.239
-0.680112 1.25046
-0.682212 1.25902
-0.683962 1.2664
-0.685712 1.28018
-0.687812 1.29426
-0.689562 1.30136
-0.691312 1.31281
-0.693412 1.32021
-0.695162 1.32992
-0.697262 1.34051
-0.699012 1.34848
-0.701112 1.35587
-0.702862 1.36442
-0.704962 1.37094
-0.706712 1.37804
-0.708812 1.38689
-0.710562 1.39136
-0.712662 1.39701
-0.714412 1.40092
-0.716512 1.40685
-0.718612 1.41163
-0.720362 1.4132
-0.722462 1.41449
-0.724212 1.41723
-0.726312 1.41765
-0.72158 1.41573
-0.729145 1.4144
-0.731245 1.41278
-0.733345 1.40884
-0.735095 1.40518
-0.737195 1.40268
-0.739295 1.39438
-0.741395 1.38636
-0.743495 1.37718
-0.745595 1.36945
-0.747695 1.3594
-0.737147 1.34905
-0.750877 1.34104
-0.752977 1.3307
-0.755077 1.31395
-0.757177 1.29809
-0.759277 1.27902
-0.761377 1.25822
-0.763477 1.23508
-0.765577 1.21108
-0.767677 1.18764
-0.759456 1.16451
-0.770859 1.13963
-0.772959 1.11592
-0.774392 1.09366
-0.776492 1.07081
-0.778592 1.04884
-0.780692 1.03094
-0.781774 1.0113
-0.783874 0.992237
-0.786324 0.974337
-0.788424 0.954111
-0.790524 0.933303
-0.792624 0.909879
-0.795074 0.884139
-0.797174 0.857226
-0.799274 0.82944
-0.801724 0.796422
-0.803824 0.763694
-0.805924 0.722535
-0.808374 0.686027
-0.810474 0.654753
-0.812924 0.62784
-0.815024 0.602963
-0.817474 0.583027
-0.819574 0.567753
-0.822024 0.555668
-0.824474 0.545909
-0.826574 0.538766
-0.829024 0.534822
-0.818477 0.529433
-0.832557 0.524616
-0.835007 0.520672
-0.837107 0.515855
-0.839557 0.511339
-0.841657 0.50565
-0.844107 0.502577
-0.861675 0.500677
-0.849007 0.494116
-0.857939 0.492507
