angle_1 angle_2
-0.968458 2.4444
-0.968458 2.4444
-0.968458 2.4444
-0.968545 2.44449
-0.968661 2.44461
-0.968807 2.44475
-0.96901 2.44496
-0.969243 2.44519
-0.969417 2.44536
-0.969592 2.44554
-0.969737 2.44568
-0.969853 2.4458
-0.969999 2.44594
-0.970173 2.44609
-0.970318 2.44615
-0.970522 2.44629
-0.970725 2.44641
-0.970958 2.44653
-0.971249 2.44664
-0.971481 2.44673
-0.971714 2.44673
-0.971918 2.4467
-0.972121 2.44664
-0.972325 2.44655
-0.972499 2.44647
-0.972703 2.44641
-0.972906 2.44632
-0.973168 2.44626
-0.973429 2.44626
-0.973691 2.44624
-0.973953 2.44618
-0.974243 2.44618
-0.974505 2.44609
-0.975028 2.446
-0.97529 2.44592
-0.975581 2.44586
-0.975872 2.44571
-0.976162 2.4456
-0.976453 2.44548
-0.976802 2.44536
-0.977122 2.44519
-0.977471 2.44504
-0.977849 2.44493
-0.978198 2.44478
-0.978546 2.44461
-0.978895 2.4444
-0.979244 2.4442
-0.979593 2.444
-0.979971 2.44379
-0.980349 2.44356
-0.980756 2.44333
-0.981163 2.44307
-0.981599 2.4428
-0.982064 2.44257
-0.98253 2.44231
-0.982995 2.44205
-0.98346 2.44182
-0.983954 2.44167
-0.984419 2.44153
-0.984914 2.44144
-0.985524 2.44141
-0.986077 2.44144
-0.986658 2.44144
-0.987327 2.44161
-0.987966 2.44179
-0.988606 2.44199
-0.989246 2.44216
-0.989856 2.44231
-0.990467 2.44248
-0.991019 2.4426
-0.991601 2.44275
-0.992153 2.4428
-0.992705 2.4428
-0.993258 2.4428
-0.993839 2.44278
-0.994421 2.44266
-0.995002 2.44251
-0.995555 2.44234
-0.996078 2.44202
-0.99666 2.4417
-0.997183 2.44132
-0.997677 2.4408
-0.998171 2.44033
-0.998608 2.43969
-0.999073 2.43911
-0.999538 2.43856
-1.00009 2.4378
-1.00058 2.43731
-1.00105 2.43682
-1.00154 2.43641
-1.00201 2.43606
-1.00253 2.43586
-1.003 2.43565
-1.00349 2.43554
-1.00399 2.43545
-1.00448 2.43542
-1.00497 2.43542
-1.00544 2.43539
-1.00591 2.43539
-1.00637 2.43539
-1.00678 2.43536
-1.00721 2.43536
-1.00759 2.4353
-1.00797 2.43522
-1.00835 2.43513
-1.00867 2.43495
-1.00899 2.43475
-1.00931 2.43455
-1.0096 2.43429
-1.00983 2.43397
-1.01009 2.43365
-1.01032 2.43333
-1.01056 2.43301
-1.01079 2.43266
-1.01102 2.43237
-1.01125 2.43211
-1.01146 2.43181
-1.01169 2.43158
-1.01192 2.43135
-1.01216 2.43117
-1.01236 2.431
-1.01259 2.43088
-1.01282 2.4308
-1.01306 2.43068
-1.01332 2.43062
-1.01355 2.43054
-1.01378 2.43042
-1.01402 2.43027
-1.01428 2.43016
-1.01448 2.42992
-1.01471 2.42969
-1.01492 2.42937
-1.01512 2.42902
-1.01533 2.42865
-1.0155 2.42821
-1.01573 2.4278
-1.01591 2.42731
-1.01608 2.42681
-1.01628 2.42635
-1.01646 2.42583
-1.01663 2.4253
-1.01684 2.42484
-1.01701 2.42437
-1.01719 2.42394
-1.01739 2.42353
-1.01756 2.42312
-1.01774 2.42274
-1.01791 2.42234
-1.01809 2.42196
-1.01823 2.42158
-1.01838 2.4212
-1.01849 2.42077
-1.01864 2.42039
-1.01873 2.41995
-1.01878 2.41949
-1.01884 2.41902
-1.01887 2.41859
-1.01887 2.41812
-1.01887 2.41771
-1.01887 2.41731
-1.01887 2.41693
-1.01887 2.41655
-1.01887 2.4162
-1.01884 2.41579
-1.01881 2.41545
-1.01873 2.41501
-1.01867 2.41463
-1.01858 2.41425
-1.01847 2.41388
-1.01838 2.4135
-1.01823 2.41309
-1.01815 2.41274
-1.018 2.41236
-1.01791 2.41207
-1.01777 2.41167
-1.01768 2.4114
-1.01756 2.41111
-1.01748 2.41085
-1.01739 2.41059
-1.0173 2.41033
-1.01721 2.41007
-1.01713 2.40981
-1.01704 2.40957
-1.01695 2.40931
-1.0169 2.40908
-1.01681 2.40885
-1.01675 2.40858
-1.01669 2.40835
-1.01663 2.40809
-1.01658 2.40783
-1.01655 2.4076
-1.01649 2.4073
-1.01646 2.40707
-1.01643 2.40678
-1.0164 2.40652
-1.0164 2.40626
-1.0164 2.40603
-1.01637 2.40573
-1.01637 2.4055
-1.01637 2.40518
-1.01637 2.40492
-1.01637 2.40466
-1.01637 2.40437
-1.01637 2.40408
-1.01637 2.40379
-1.01637 2.40353
-1.0164 2.40326
-1.0164 2.40294
-1.0164 2.40265
-1.01643 2.40236
-1.01643 2.40204
-1.01643 2.40175
-1.01643 2.40146
-1.01643 2.40117
-1.01643 2.40091
-1.01643 2.40065
-1.01643 2.40039
-1.01643 2.40015
-1.01643 2.39995
-1.01643 2.39972
-1.01643 2.39951
-1.01643 2.39931
-1.01643 2.39911
-1.01643 2.39893
-1.0164 2.3987
-1.01637 2.39847
-1.01637 2.39826
-1.01634 2.39803
-1.01631 2.3978
-1.01628 2.39754
-1.01623 2.3973
-1.01617 2.39701
-1.01614 2.39675
-1.01608 2.39649
-1.01608 2.39626
-1.01605 2.39602
-1.01602 2.39579
-1.01599 2.39559
-1.01596 2.39538
-1.01596 2.39524
-1.01594 2.39506
-1.01591 2.39489
-1.01588 2.39474
-1.01588 2.39463
-1.01585 2.39448
-1.01582 2.39437
-1.01582 2.39428
-1.01579 2.39416
-1.01579 2.39411
-1.01576 2.39402
-1.01576 2.39396
-1.01573 2.39387
-1.01573 2.39381
-1.0157 2.39373
-1.0157 2.3937
-1.01567 2.39364
-1.01564 2.39355
-1.01562 2.39349
-1.01562 2.39347
-1.01559 2.39341
-1.01556 2.39335
-1.01556 2.39335
-1.01556 2.39332
-1.0155 2.39326
-1.0155 2.39323
-1.01547 2.39317
-1.01547 2.39317
-1.01547 2.39315
-1.01544 2.39312
-1.01544 2.39309
-1.01544 2.39309
-1.01541 2.39303
-1.01541 2.393
-1.01541 2.39297
-1.01541 2.39294
-1.01541 2.39291
-1.01541 2.39288
-1.01541 2.39283
-1.01541 2.39277
-1.01541 2.39271
-1.01541 2.39265
-1.01541 2.39256
-1.01541 2.39248
-1.01541 2.39239
-1.01541 2.39227
-1.01541 2.39216
-1.01541 2.39204
-1.01541 2.39192
-1.01541 2.39178
-1.01541 2.39163
-1.01541 2.39146
-1.01541 2.39129
-1.01541 2.39111
-1.01541 2.39094
-1.01541 2.3907
-1.01541 2.3905
-1.01541 2.39027
-1.01541 2.38998
-1.01541 2.38969
-1.01541 2.38937
-1.01541 2.38905
-1.01541 2.3887
-1.01541 2.38832
-1.01541 2.38791
-1.01541 2.38751
-1.01541 2.38707
-1.01541 2.38663
-1.01541 2.38617
-1.01541 2.38564
-1.01541 2.38512
-1.01541 2.3846
-1.01541 2.38405
-1.01541 2.38346
-1.01541 2.38285
-1.01541 2.38224
-1.01541 2.38157
-1.01541 2.38091
-1.01541 2.38021
-1.01541 2.37948
-1.01541 2.37873
-1.01541 2.37791
-1.01541 2.3771
-1.01541 2.37617
-1.01541 2.37524
-1.01541 2.37425
-1.01541 2.37326
-1.01541 2.37221
-1.01541 2.37119
-1.01541 2.37018
-1.01541 2.36913
-1.01541 2.36811
-1.01541 2.36707
-1.01541 2.36608
-1.01541 2.36512
-1.01541 2.36419
-1.01541 2.36329
-1.01541 2.36244
-1.01541 2.3616
-1.01541 2.36076
-1.01541 2.35989
-1.01538 2.35898
-1.01533 2.35785
-1.01524 2.35683
-1.01515 2.35576
-1.01503 2.35465
-1.01492 2.35352
-1.01474 2.35221
-1.01463 2.35099
-1.01445 2.34971
-1.01431 2.34843
-1.01413 2.34712
-1.01396 2.3459
-1.01378 2.34471
-1.01361 2.34357
-1.01341 2.3425
-1.0132 2.34151
-1.01303 2.34067
-1.01282 2.33991
-1.01262 2.33921
-1.01242 2.3386
-1.01221 2.33805
-1.01201 2.33756
-1.01175 2.33706
-1.01152 2.33663
-1.01125 2.33619
-1.01093 2.33572
-1.01064 2.33535
-1.0103 2.33488
-1.00995 2.3345
-1.00957 2.3341
-1.00916 2.33366
-1.00875 2.33325
-1.00832 2.33282
-1.00779 2.33229
-1.00733 2.33183
-1.00684 2.33133
-1.00634 2.33087
-1.00582 2.33037
-1.00515 2.32976
-1.0046 2.32927
-1.00402 2.32878
-1.00338 2.32825
-1.00279 2.32785
-1.00221 2.32744
-1.0016 2.32706
-1.00099 2.32674
-1.00041 2.32648
-0.999829 2.32628
-0.999247 2.3261
-0.998666 2.32596
-0.998142 2.32593
-0.997619 2.32587
-0.997125 2.32587
-0.996601 2.32584
-0.996107 2.32581
-0.995642 2.32575
-0.995148 2.32566
-0.994683 2.32561
-0.994217 2.32546
-0.993752 2.32532
-0.993287 2.32514
-0.99288 2.325
-0.992502 2.32485
-0.992153 2.32468
-0.991804 2.3245
-0.991513 2.32436
-0.991223 2.32421
-0.990932 2.32401
-0.99067 2.32383
-0.990438 2.32369
-0.990205 2.32351
-0.990031 2.32337
-0.989827 2.32319
-0.989682 2.32305
-0.989565 2.32293
-0.989449 2.32282
-0.989362 2.32273
-0.989275 2.32264
-0.989246 2.32261
-0.989217 2.32255
-0.989188 2.3225
-0.989188 2.32247
-0.989158 2.32244
-0.989158 2.32241
-0.989158 2.32238
-0.989158 2.32235
-0.989158 2.32229
-0.989188 2.32229
-0.989217 2.32229
-0.989246 2.32226
-0.989246 2.32221
-0.989275 2.32218
-0.989304 2.32215
-0.989362 2.32218
-0.989391 2.32218
-0.98942 2.32212
-0.989449 2.32212
-0.989478 2.32212
-0.989507 2.32212
-0.989536 2.32212
-0.989536 2.32212
-0.989536 2.32209
-0.989565 2.32212
-0.989565 2.32209
-0.989565 2.32209
-0.989565 2.32209
-0.989565 2.32209
-0.989565 2.32209
-0.989565 2.32209
-0.989565 2.32209
-0.989565 2.32209
-0.989565 2.32209
-0.989565 2.32206
-0.989565 2.32206
-0.989536 2.32203
-0.989536 2.32203
-0.989536 2.322
-0.989536 2.32194
-0.989536 2.32189
-0.989536 2.32183
-0.989536 2.32174
-0.989536 2.32165
-0.989536 2.32154
-0.989536 2.32142
-0.989536 2.32133
-0.989536 2.32122
-0.989536 2.32113
-0.989536 2.32104
-0.989536 2.32093
-0.989536 2.32087
-0.989536 2.32081
-0.989565 2.32078
-0.989565 2.32072
-0.989565 2.32066
-0.989565 2.32061
-0.989565 2.32055
-0.989595 2.32055
-0.989595 2.32052
-0.989595 2.32046
-0.989595 2.32043
-0.989595 2.3204
-0.989595 2.32034
-0.989624 2.32032
-0.989624 2.32026
-0.989624 2.3202
-0.989624 2.32014
-0.989624 2.32005
-0.989624 2.32
-0.989624 2.31991
-0.989624 2.31982
-0.989624 2.31973
-0.989624 2.31962
-0.989624 2.31953
-0.989624 2.31941
-0.989595 2.3193
-0.989595 2.31915
-0.989595 2.31904
-0.989595 2.31892
-0.989595 2.3188
-0.989595 2.31869
-0.989595 2.31854
-0.989595 2.3184
-0.989595 2.31828
-0.989595 2.31813
-0.989595 2.31796
-0.989595 2.31781
-0.989595 2.31761
-0.989595 2.31744
-0.989595 2.31723
-0.989595 2.31703
-0.989595 2.3168
-0.989595 2.31659
-0.989595 2.31639
-0.989595 2.31616
-0.989595 2.3159
-0.989595 2.31566
-0.989595 2.31543
-0.989595 2.31523
-0.989595 2.31499
-0.989595 2.31476
-0.989595 2.31453
-0.989595 2.3143
-0.989595 2.31409
-0.989595 2.31383
-0.989595 2.3136
-0.989595 2.31334
-0.989595 2.31308
-0.989595 2.31284
-0.989565 2.31252
-0.989565 2.31226
-0.989565 2.31197
-0.989565 2.31165
-0.989565 2.31133
-0.989565 2.31101
-0.989565 2.31069
-0.989565 2.31037
-0.989565 2.31002
-0.989565 2.30967
-0.989565 2.3093
-0.989565 2.30895
-0.989565 2.3086
-0.989565 2.30822
-0.989565 2.30784
-0.989565 2.30744
-0.989565 2.30688
-0.989565 2.30642
-0.989565 2.30592
-0.989565 2.30543
-0.989565 2.30491
-0.989565 2.30435
-0.989565 2.30377
-0.989565 2.30322
-0.989565 2.30264
-0.989565 2.30209
-0.989565 2.3015
-0.989565 2.30089
-0.989595 2.30034
-0.989595 2.29961
-0.989595 2.29895
-0.989595 2.29825
-0.989595 2.29749
-0.989595 2.29677
-0.989595 2.29598
-0.989595 2.2952
-0.989595 2.29441
-0.989595 2.2936
-0.989595 2.29281
-0.989595 2.292
-0.989595 2.29121
-0.989595 2.29043
-0.989595 2.28967
-0.989595 2.28892
-0.989565 2.28813
-0.989565 2.28729
-0.989565 2.28659
-0.989565 2.28595
-0.989536 2.28528
-0.989507 2.28458
-0.989478 2.28397
-0.989449 2.28333
-0.98942 2.28272
-0.989391 2.28208
-0.989333 2.28144
-0.989246 2.28072
-0.989188 2.28005
-0.9891 2.27932
-0.989013 2.27859
-0.988926 2.27784
-0.98881 2.27708
-0.988722 2.27636
-0.988606 2.27557
-0.98849 2.27479
-0.988373 2.274
-0.988257 2.27319
-0.98817 2.27243
-0.988054 2.27167
-0.987937 2.27092
-0.98785 2.27025
-0.987763 2.26964
-0.987647 2.269
-0.987588 2.26851
-0.987501 2.26801
-0.987414 2.26757
-0.987356 2.2672
-0.987298 2.26682
-0.98724 2.2665
-0.987152 2.26621
-0.987094 2.26592
-0.987036 2.26563
-0.986949 2.26537
-0.986891 2.2651
-0.986803 2.26487
-0.986745 2.26464
-0.986629 2.26438
-0.986542 2.26414
-0.986455 2.26391
-0.986338 2.26371
-0.986222 2.26348
-0.986106 2.2633
-0.98596 2.2631
-0.985815 2.26295
-0.98567 2.26281
-0.985553 2.26269
-0.985379 2.26252
-0.985233 2.26237
-0.985117 2.26225
-0.984914 2.26208
-0.984768 2.26196
-0.984594 2.26185
-0.984448 2.26173
-0.984274 2.26161
-0.9841 2.2615
-0.983954 2.26141
-0.98378 2.26132
-0.983663 2.26127
-0.983518 2.26121
-0.983373 2.26112
-0.983256 2.26106
-0.983111 2.261
-0.982995 2.26095
-0.982878 2.26086
-0.982762 2.26077
-0.982646 2.26068
-0.982559 2.2606
-0.982471 2.26051
-0.982384 2.26042
-0.982297 2.26034
-0.98221 2.26025
-0.982123 2.26016
-0.982064 2.2601
-0.982006 2.26004
-0.981948 2.25999
-0.98189 2.25987
-0.981832 2.25978
-0.981774 2.2597
-0.981715 2.25961
-0.981657 2.25952
-0.98157 2.25941
-0.981512 2.25932
-0.981454 2.2592
-0.981367 2.25909
-0.981279 2.25897
-0.981221 2.25885
-0.981134 2.25874
-0.981076 2.25868
-0.980989 2.25856
-0.980901 2.25847
-0.980814 2.25839
-0.980727 2.2583
-0.98064 2.25821
-0.980553 2.25813
-0.980436 2.25801
-0.980349 2.25792
-0.980262 2.25784
-0.980145 2.25772
-0.980058 2.25763
-0.979971 2.25754
-0.979855 2.25743
-0.979738 2.25731
-0.979622 2.2572
-0.979506 2.25708
-0.979419 2.25699
-0.979302 2.25688
-0.979186 2.25676
-0.979099 2.25664
-0.978983 2.25653
-0.978866 2.25641
-0.978779 2.25632
-0.978663 2.25621
-0.978546 2.25606
-0.97843 2.25595
-0.978343 2.25583
-0.978198 2.25568
-0.978081 2.25554
-0.977965 2.25539
-0.977849 2.25525
-0.977703 2.25504
-0.977587 2.25487
-0.977442 2.2547
-0.977296 2.25449
-0.97718 2.25432
-0.977005 2.25411
-0.97686 2.25394
-0.976715 2.25374
-0.976569 2.25353
-0.976395 2.25333
-0.97622 2.25313
-0.976075 2.25292
-0.975901 2.25269
-0.975726 2.25249
-0.975552 2.25222
-0.975348 2.25199
-0.975174 2.25176
-0.974999 2.25153
-0.974825 2.25129
-0.974621 2.25103
-0.974418 2.25074
-0.974214 2.25048
-0.974011 2.25019
-0.973807 2.24993
-0.973575 2.24961
-0.973371 2.24935
-0.973168 2.24905
-0.972906 2.24868
-0.972644 2.2483
-0.972383 2.24798
-0.972179 2.24769
-0.971918 2.24731
-0.971714 2.24702
-0.971452 2.24667
-0.97122 2.24638
-0.970958 2.24603
-0.970725 2.24571
-0.970464 2.24536
-0.970231 2.24507
-0.96994 2.24466
-0.969708 2.24434
-0.969446 2.244
-0.969214 2.24371
-0.968952 2.24333
-0.96869 2.24301
-0.968458 2.24269
-0.968225 2.24237
-0.967993 2.24205
-0.967731 2.24173
-0.967527 2.24144
-0.967266 2.24109
-0.967062 2.24077
-0.966859 2.24051
-0.966626 2.24016
-0.966423 2.23987
-0.966219 2.23955
-0.966015 2.23926
-0.965812 2.23894
-0.965638 2.23868
-0.965463 2.23838
-0.965289 2.23806
-0.965143 2.23783
-0.964998 2.23754
-0.964853 2.23728
-0.964707 2.23702
-0.964591 2.23679
-0.964475 2.23655
-0.964387 2.23635
-0.964271 2.23609
-0.964184 2.23588
-0.964126 2.23568
-0.964038 2.23545
-0.963951 2.23524
-0.963893 2.23504
-0.963864 2.23484
-0.963835 2.23466
-0.963806 2.23446
-0.963777 2.23426
-0.963777 2.23405
-0.963777 2.23385
-0.963777 2.23365
-0.963777 2.23344
-0.963777 2.23321
-0.963777 2.23301
-0.963777 2.2328
-0.963777 2.23257
-0.963777 2.23234
-0.963777 2.2321
-0.963777 2.23187
-0.963777 2.23164
-0.963806 2.23144
-0.963806 2.2312
-0.963835 2.231
-0.963864 2.2308
-0.963922 2.23059
-0.963922 2.23036
-0.963951 2.23013
-0.963951 2.22987
-0.963951 2.2296
-0.963951 2.22934
-0.963951 2.22905
-0.963951 2.22876
-0.963951 2.22847
-0.963951 2.22815
-0.963951 2.22783
-0.963951 2.22748
-0.963951 2.22713
-0.963951 2.22678
-0.963951 2.22644
-0.963951 2.22606
-0.963951 2.22568
-0.963951 2.2253
-0.963951 2.22489
-0.963951 2.22452
-0.963951 2.22408
-0.963951 2.22361
-0.963951 2.22312
-0.963951 2.2226
-0.963951 2.22202
-0.963951 2.22135
-0.963951 2.22059
-0.963951 2.21975
-0.963951 2.2189
-0.963951 2.21803
-0.963951 2.21713
-0.963951 2.21623
-0.963951 2.21542
-0.963951 2.21463
-0.963951 2.21385
-0.963951 2.21306
-0.96398 2.21236
-0.96398 2.21164
-0.96398 2.21094
-0.96398 2.21024
-0.96398 2.20954
-0.96398 2.20885
-0.96398 2.20818
-0.96398 2.20754
-0.96398 2.2069
-0.96398 2.20626
-0.963951 2.20559
-0.963951 2.20498
-0.963893 2.20425
-0.963835 2.20352
-0.963777 2.2028
-0.96369 2.20198
-0.963602 2.20114
-0.963515 2.2003
-0.963399 2.1994
-0.963312 2.19849
-0.963195 2.19756
-0.963079 2.19661
-0.962992 2.19567
-0.962905 2.19474
-0.962788 2.19378
-0.962701 2.19288
-0.962614 2.19198
-0.962527 2.19111
-0.962468 2.19033
-0.962381 2.18951
-0.962294 2.18876
-0.962236 2.18809
-0.962207 2.1875
-0.962178 2.18698
-0.962149 2.18652
-0.96212 2.18611
-0.962061 2.18567
-0.962003 2.18524
-0.961974 2.18489
-0.961945 2.18454
-0.961916 2.18419
-0.961858 2.18381
-0.961829 2.18352
-0.961742 2.18314
-0.961683 2.18282
-0.961625 2.18253
-0.961538 2.18218
-0.96148 2.18192
-0.961364 2.1816
-0.961276 2.18137
-0.961189 2.18111
-0.961073 2.18088
-0.960986 2.18067
-0.96084 2.18047
-0.960724 2.18032
-0.960608 2.18021
-0.960462 2.18006
-0.960346 2.17997
-0.96023 2.17992
-0.960084 2.1798
-0.959939 2.17968
-0.959794 2.17957
-0.959648 2.17945
-0.959532 2.17936
-0.959416 2.17931
-0.95927 2.17922
-0.959154 2.17913
-0.959009 2.17904
-0.958892 2.17899
-0.958747 2.1789
-0.958631 2.17887
-0.958485 2.17878
-0.958369 2.17875
-0.958282 2.17875
-0.958136 2.17867
-0.958049 2.17864
-0.957962 2.17861
-0.957846 2.17855
-0.957758 2.17846
-0.957671 2.1784
-0.957584 2.17832
-0.957468 2.1782
-0.95738 2.17811
-0.957322 2.17806
-0.957264 2.178
-0.957148 2.17788
-0.957061 2.17779
-0.957003 2.17774
-0.956915 2.17762
-0.956828 2.1775
-0.956741 2.17739
-0.956654 2.17727
-0.956537 2.17715
-0.95645 2.17704
-0.956363 2.17695
-0.956276 2.17683
-0.956188 2.17675
-0.956072 2.17663
-0.955985 2.17654
-0.955869 2.17643
-0.955781 2.17634
-0.955665 2.17622
-0.955549 2.17611
-0.955433 2.17599
-0.955316 2.17588
-0.955229 2.17579
-0.955084 2.17564
-0.954996 2.17556
-0.95488 2.17544
-0.954735 2.17529
-0.954618 2.17518
-0.954473 2.17503
-0.954357 2.17492
-0.954211 2.17477
-0.954095 2.17465
-0.953979 2.17454
-0.953892 2.17445
-0.953746 2.17431
-0.953601 2.17416
-0.953485 2.17401
-0.953339 2.17387
-0.953194 2.17369
-0.953078 2.17358
-0.952932 2.1734
-0.952787 2.1732
-0.952641 2.17303
-0.952467 2.17282
-0.952293 2.17259
-0.952089 2.17236
-0.951915 2.17215
-0.951711 2.17192
-0.951537 2.17172
-0.951333 2.17149
-0.951071 2.17119
-0.950868 2.17099
-0.950693 2.17079
-0.95049 2.17058
-0.950286 2.17035
-0.950054 2.17012
-0.94985 2.16992
-0.949618 2.16965
-0.949385 2.16939
-0.949123 2.1691
-0.94892 2.1689
-0.948716 2.16869
-0.948484 2.16843
-0.948251 2.1682
-0.94799 2.16794
-0.947757 2.16768
-0.947553 2.16747
-0.947292 2.16721
-0.94703 2.16695
-0.946798 2.16672
-0.946565 2.16646
-0.946303 2.16619
-0.946071 2.16593
-0.945838 2.16567
-0.945635 2.16544
-0.945373 2.16518
-0.945169 2.16494
-0.944937 2.16468
-0.944733 2.16445
-0.944501 2.16419
-0.944297 2.16393
-0.944094 2.16369
-0.94389 2.16343
-0.943716 2.1632
-0.943512 2.16297
-0.94328 2.16265
-0.943105 2.16238
-0.942873 2.16207
-0.942698 2.16183
-0.942495 2.16151
-0.942349 2.16131
-0.942204 2.16105
-0.942058 2.16081
-0.941913 2.16055
-0.941797 2.16032
-0.941651 2.16006
-0.941506 2.15977
-0.941419 2.15956
-0.941303 2.1593
-0.941215 2.15904
-0.941128 2.15878
-0.941012 2.15849
-0.940954 2.15823
-0.940925 2.15799
-0.940866 2.1577
-0.940837 2.15747
-0.940808 2.15715
-0.940779 2.1568
-0.94075 2.15651
-0.94075 2.15622
-0.94075 2.15596
-0.94075 2.15564
-0.94075 2.15532
-0.94075 2.15497
-0.94075 2.15456
-0.94075 2.15419
-0.94075 2.15378
-0.94075 2.1534
-0.94075 2.15296
-0.94075 2.1525
-0.94075 2.15203
-0.94075 2.15154
-0.940779 2.15105
-0.940779 2.15052
-0.940779 2.14997
-0.940808 2.14945
-0.940808 2.14889
-0.940808 2.14831
-0.940808 2.14773
-0.940808 2.14709
-0.940808 2.14645
-0.940808 2.14575
-0.940808 2.14503
-0.940808 2.14427
-0.940808 2.14352
-0.940808 2.14273
-0.940808 2.14195
-0.940808 2.14113
-0.940808 2.14026
-0.940808 2.13945
-0.940808 2.13854
-0.940808 2.13773
-0.940808 2.13692
-0.940808 2.1361
-0.940808 2.13535
-0.940808 2.13456
-0.940808 2.13383
-0.940808 2.13311
-0.940808 2.13241
-0.940808 2.13174
-0.940808 2.13107
-0.940808 2.1304
-0.940808 2.12973
-0.940779 2.12904
-0.94075 2.12831
-0.940692 2.1275
-0.940663 2.12671
-0.940605 2.12587
-0.940518 2.12497
-0.940459 2.12409
-0.940343 2.12313
-0.940285 2.12223
-0.940198 2.1213
-0.94014 2.1204
-0.940052 2.11938
-0.939994 2.11851
-0.939907 2.11761
-0.93982 2.11665
-0.939733 2.11584
-0.939674 2.11511
-0.939616 2.11447
-0.939558 2.11389
-0.939529 2.11342
-0.939471 2.11299
-0.939413 2.11261
-0.939355 2.11223
-0.939296 2.11191
-0.939238 2.11159
-0.939209 2.11133
-0.939151 2.11104
-0.939064 2.11066
-0.939006 2.11037
-0.938948 2.11008
-0.93886 2.10976
-0.938773 2.10947
-0.938686 2.10915
-0.93857 2.10883
-0.938453 2.10854
-0.938308 2.10825
-0.938163 2.10796
-0.938046 2.10778
-0.937901 2.10761
-0.937755 2.10743
-0.937581 2.10726
-0.937436 2.10717
-0.93729 2.10706
-0.937116 2.10688
-0.93697 2.10677
-0.936796 2.10662
-0.936622 2.10648
-0.936447 2.10633
-0.936302 2.10624
-0.936127 2.10613
-0.935953 2.10604
-0.935778 2.10595
-0.935633 2.10592
-0.935459 2.10584
-0.935313 2.10575
-0.935168 2.10569
-0.935052 2.10566
-0.934935 2.10563
-0.934819 2.10557
-0.934674 2.10546
-0.934557 2.10534
-0.934441 2.10525
-0.934354 2.10517
-0.934238 2.10505
-0.934121 2.10493
-0.934034 2.10485
-0.933947 2.10476
-0.93386 2.10467
-0.933772 2.10459
-0.933685 2.10447
-0.933598 2.10438
-0.933511 2.10427
-0.933423 2.10418
-0.933336 2.10406
-0.933249 2.10395
-0.933162 2.10386
-0.933075 2.10374
-0.933016 2.10363
-0.9329 2.10348
-0.932813 2.10336
-0.932755 2.10328
-0.932668 2.10313
-0.93258 2.10302
-0.932493 2.10293
-0.932406 2.10281
-0.932348 2.10275
-0.932231 2.10264
-0.932173 2.10258
-0.932086 2.10249
-0.93197 2.10238
-0.931912 2.10232
-0.931853 2.10226
-0.931737 2.10214
-0.931679 2.10209
-0.931592 2.102
-0.931534 2.10194
-0.931446 2.10185
-0.931388 2.10179
-0.931301 2.10171
-0.931243 2.10165
-0.931185 2.10159
-0.931127 2.1015
-0.931068 2.10145
-0.93101 2.10139
-0.930952 2.1013
-0.930894 2.10124
-0.930836 2.10115
-0.930778 2.10107
-0.930749 2.10101
-0.930661 2.10089
-0.930632 2.10081
-0.930603 2.10072
-0.930545 2.1006
-0.930487 2.10049
-0.930458 2.10037
-0.9304 2.10025
-0.930342 2.10011
-0.930313 2.10002
-0.930254 2.09985
-0.930225 2.09973
-0.930167 2.09958
-0.930109 2.09941
-0.93008 2.09929
-0.930022 2.09912
-0.929964 2.09895
-0.929935 2.0988
-0.929876 2.09863
-0.929818 2.09845
-0.929789 2.09831
-0.929731 2.09813
-0.929673 2.09796
-0.929615 2.09775
-0.929586 2.09761
-0.929528 2.09743
-0.929469 2.09726
-0.92944 2.09706
-0.929353 2.09682
-0.929295 2.09662
-0.929208 2.09636
-0.92915 2.09615
-0.929091 2.09592
-0.929004 2.09566
-0.928946 2.09546
-0.928888 2.09522
-0.92883 2.09499
-0.928772 2.09473
-0.928684 2.09444
-0.928597 2.09415
-0.92851 2.09389
-0.928423 2.09357
-0.928335 2.09325
-0.928248 2.09296
-0.928161 2.09264
-0.928045 2.09226
-0.927958 2.09191
-0.92787 2.09153
-0.927754 2.09112
-0.927638 2.09072
-0.92755 2.09037
-0.927434 2.08993
-0.927347 2.08955
-0.927231 2.08915
-0.927114 2.08868
-0.926998 2.08822
-0.926882 2.08778
-0.926736 2.08726
-0.92662 2.08676
-0.926504 2.08624
-0.926388 2.08569
-0.926242 2.08511
-0.926097 2.0845
-0.925951 2.0838
-0.925777 2.08313
-0.925632 2.08246
-0.925486 2.08179
-0.925341 2.08112
-0.925166 2.0804
-0.924992 2.07964
-0.924847 2.07888
-0.924672 2.07807
-0.924498 2.07723
-0.924323 2.07633
-0.924149 2.07542
-0.923945 2.07446
-0.923771 2.07351
-0.923538 2.07246
-0.923364 2.0715
-0.92316 2.07045
-0.922957 2.06946
-0.922695 2.06845
-0.922492 2.06746
-0.922259 2.0665
-0.922026 2.06554
-0.921794 2.06455
-0.921561 2.06365
-0.9213 2.06269
-0.921038 2.06173
-0.920747 2.06077
-0.920456 2.05981
-0.920195 2.05891
-0.919875 2.05798
-0.919555 2.05705
-0.919235 2.05618
-0.918886 2.05531
-0.918538 2.0544
-0.91813 2.05344
-0.917782 2.05257
-0.917345 2.05161
-0.916909 2.05062
-0.916502 2.04972
-0.916095 2.04882
-0.915688 2.04792
-0.915252 2.04702
-0.914816 2.04618
-0.91438 2.0453
-0.913944 2.04446
-0.91345 2.04356
-0.912984 2.04277
-0.91249 2.04196
-0.912054 2.04126
-0.911589 2.04056
-0.911182 2.04001
-0.910746 2.03943
-0.91031 2.03891
-0.909903 2.03844
-0.909495 2.03804
-0.909059 2.0376
-0.908652 2.03719
-0.908274 2.03684
-0.907838 2.03641
-0.90746 2.03603
-0.907053 2.03562
-0.906646 2.03521
-0.906268 2.03484
-0.90589 2.03449
-0.905483 2.03411
-0.905134 2.03379
-0.904785 2.03347
-0.904437 2.03318
-0.904088 2.03292
-0.903768 2.03266
-0.903448 2.03242
-0.903128 2.03219
-0.902838 2.03199
-0.902518 2.03178
-0.902256 2.03164
-0.901965 2.03146
-0.901675 2.03129
-0.901413 2.03114
-0.901151 2.03103
-0.900802 2.03085
-0.900541 2.03074
-0.900337 2.03071
-0.900105 2.03062
-0.899901 2.03056
-0.899668 2.0305
-0.899465 2.03045
-0.899261 2.03042
-0.899087 2.03036
-0.898913 2.03033
-0.898738 2.0303
-0.898593 2.0303
-0.898418 2.03027
-0.898273 2.03024
-0.898128 2.03021
-0.898011 2.03021
-0.897895 2.03021
-0.89775 2.03019
-0.897633 2.03019
-0.897546 2.03019
-0.89743 2.03016
-0.897313 2.03013
-0.897255 2.03016
-0.897139 2.03013
-0.897081 2.03016
-0.896994 2.03013
-0.896935 2.03013
-0.896877 2.0301
-0.896819 2.0301
-0.89679 2.0301
-0.896761 2.03007
-0.896732 2.03007
-0.896703 2.03004
-0.896674 2.03001
-0.896645 2.02998
-0.896645 2.02998
-0.896645 2.02998
-0.896645 2.02998
-0.896645 2.02998
-0.896645 2.02998
-0.896645 2.02998
-0.896645 2.02995
-0.896645 2.02995
-0.896645 2.02992
-0.896645 2.02987
-0.896645 2.02987
-0.896645 2.02984
-0.896645 2.02981
-0.896645 2.02981
-0.896645 2.02978
-0.896645 2.02975
-0.896645 2.02975
-0.896645 2.02972
-0.896645 2.02969
-0.896645 2.02966
-0.896645 2.02963
-0.896645 2.0296
-0.896645 2.02955
-0.896645 2.02949
-0.896645 2.02946
-0.896645 2.02943
-0.896645 2.0294
-0.896645 2.02937
-0.896645 2.02934
-0.896645 2.02931
-0.896645 2.02928
-0.896616 2.02923
-0.896616 2.02917
-0.896616 2.02911
-0.896616 2.02908
-0.896616 2.02902
-0.896616 2.02893
-0.896616 2.02885
-0.896616 2.02873
-0.896616 2.02862
-0.896616 2.0285
-0.896616 2.02838
-0.896616 2.02827
-0.896616 2.02809
-0.896616 2.02795
-0.896616 2.02774
-0.896616 2.02757
-0.896616 2.02734
-0.896616 2.02713
-0.896616 2.02687
-0.896616 2.02661
-0.896616 2.02632
-0.896616 2.02594
-0.896616 2.02562
-0.896616 2.02527
-0.896616 2.02492
-0.896616 2.02454
-0.896616 2.02417
-0.896616 2.0237
-0.896616 2.02329
-0.896616 2.02283
-0.896616 2.02236
-0.896616 2.02187
-0.896616 2.02138
-0.896616 2.02085
-0.896616 2.0203
-0.896616 2.01975
-0.896616 2.0192
-0.896616 2.01864
-0.896616 2.01809
-0.896616 2.01757
-0.896616 2.01701
-0.896616 2.01646
-0.896616 2.01594
-0.896616 2.01539
-0.896616 2.01483
-0.896616 2.01428
-0.896587 2.0137
-0.896558 2.01306
-0.896528 2.01248
-0.896499 2.01187
-0.89647 2.01129
-0.896412 2.01065
-0.896383 2.01007
-0.896325 2.0094
-0.896267 2.00876
-0.896209 2.00806
-0.896121 2.00736
-0.896063 2.00669
-0.895976 2.00597
-0.895889 2.00524
-0.895802 2.00448
-0.895743 2.00379
-0.895627 2.00306
-0.89554 2.00236
-0.895424 2.00169
-0.895336 2.00102
-0.89522 2.00038
-0.895133 1.99977
-0.895017 1.99916
-0.894929 1.99858
-0.894813 1.998
-0.894697 1.99742
-0.89461 1.9969
-0.894493 1.99631
-0.894348 1.99562
-0.894232 1.99501
-0.894144 1.99445
-0.894028 1.99384
-0.893912 1.9932
-0.893795 1.99259
-0.893679 1.99198
-0.893534 1.99131
-0.893388 1.99067
-0.893301 1.99009
-0.893185 1.98951
-0.893069 1.98893
-0.892923 1.98835
-0.892807 1.98782
-0.892691 1.9873
-0.892545 1.98675
-0.892429 1.98628
-0.892313 1.98582
-0.892196 1.98538
-0.89208 1.98495
-0.891935 1.98451
-0.891848 1.98416
-0.891702 1.98378
-0.891586 1.98343
-0.89147 1.98311
-0.891324 1.98274
-0.891237 1.98247
-0.891092 1.98215
-0.890946 1.98186
-0.89083 1.9816
-0.890714 1.98134
-0.890568 1.98111
-0.890452 1.9809
-0.890307 1.9807
-0.890161 1.98053
-0.890045 1.98038
-0.889929 1.98026
-0.889783 1.98012
-0.889667 1.98
-0.889522 1.97986
-0.889405 1.97974
-0.889289 1.97963
-0.889144 1.97951
-0.889027 1.97939
-0.888911 1.97931
-0.888795 1.97919
-0.888678 1.9791
-0.888591 1.97904
-0.888504 1.97899
-0.888417 1.97893
-0.88833 1.97887
-0.888213 1.97878
-0.888155 1.97872
-0.888068 1.97867
-0.88801 1.97861
-0.887923 1.97852
-0.887893 1.97849
-0.887835 1.97843
-0.887806 1.9784
-0.887777 1.97838
-0.887719 1.97832
-0.887719 1.97832
-0.88769 1.97829
-0.887661 1.97826
-0.887603 1.9782
-0.887603 1.9782
-0.887603 1.9782
-0.887603 1.9782
-0.887603 1.97817
-0.887603 1.97814
-0.887574 1.97808
-0.887574 1.97803
-0.887574 1.978
-0.887574 1.97794
-0.887574 1.97788
-0.887574 1.97785
-0.887574 1.97779
-0.887574 1.97776
-0.887574 1.97768
-0.887574 1.97762
-0.887574 1.97756
-0.887574 1.97753
-0.887574 1.97747
-0.887574 1.97744
-0.887574 1.97739
-0.887574 1.97733
-0.887574 1.97733
-0.887574 1.97727
-0.887574 1.97724
-0.887574 1.97721
-0.887574 1.97718
-0.887574 1.97712
-0.887574 1.97707
-0.887574 1.97704
-0.887574 1.97701
-0.887574 1.97695
-0.887574 1.97689
-0.887574 1.97683
-0.887574 1.97678
-0.887545 1.97666
-0.887545 1.9766
-0.887545 1.97649
-0.887545 1.9764
-0.887545 1.97628
-0.887545 1.97617
-0.887515 1.97602
-0.887515 1.9759
-0.887515 1.97576
-0.887515 1.97564
-0.887486 1.97547
-0.887486 1.97529
-0.887457 1.97512
-0.887428 1.97492
-0.887428 1.97477
-0.887399 1.97457
-0.88737 1.97436
-0.88737 1.97419
-0.887341 1.97398
-0.887312 1.97375
-0.887283 1.97352
-0.887225 1.97326
-0.887196 1.973
-0.887167 1.97271
-0.887138 1.97241
-0.887079 1.97207
-0.88705 1.97175
-0.887021 1.97134
-0.886992 1.97096
-0.886934 1.9705
-0.886876 1.97003
-0.886847 1.96957
-0.886789 1.96904
-0.88673 1.96846
-0.886701 1.96794
-0.886614 1.9673
-0.886585 1.96672
-0.886527 1.96599
-0.886469 1.96535
-0.886411 1.96465
-0.886353 1.96398
-0.886294 1.96326
-0.886236 1.96253
-0.886207 1.96177
-0.886149 1.96099
-0.886091 1.96015
-0.886033 1.95927
-0.885945 1.95828
-0.885887 1.9573
-0.885858 1.95634
-0.8858 1.95535
-0.885742 1.95439
-0.885684 1.95343
-0.885597 1.95247
-0.885538 1.95154
-0.885451 1.95064
-0.885393 1.94968
-0.885306 1.94878
-0.885219 1.94788
-0.885102 1.94686
-0.885015 1.94599
-0.884899 1.94506
-0.884812 1.94413
-0.884724 1.94322
-0.884579 1.94224
-0.884434 1.94122
-0.884288 1.94017
-0.884143 1.93907
-0.883968 1.93793
-0.883823 1.93677
-0.88362 1.93555
-0.883445 1.93436
-0.883242 1.93316
-0.883038 1.932
-0.882835 1.93084
-0.882631 1.92973
-0.882398 1.92863
-0.882224 1.92761
-0.881991 1.92657
-0.881759 1.92558
-0.881555 1.92468
-0.881294 1.92377
-0.881061 1.92293
-0.880858 1.92215
-0.880625 1.92139
-0.880363 1.92063
-0.880131 1.91997
-0.879869 1.91927
-0.879607 1.91863
-0.879346 1.91802
-0.879084 1.91741
-0.878822 1.91688
-0.878532 1.91636
-0.87827 1.91589
-0.877979 1.91543
-0.877688 1.91502
-0.877369 1.91459
-0.877049 1.91424
-0.876729 1.91389
-0.876409 1.91357
-0.87606 1.91322
-0.875711 1.91287
-0.875392 1.91261
-0.875043 1.91229
-0.874694 1.91197
-0.874316 1.91162
-0.873938 1.9113
-0.873589 1.91101
-0.873211 1.91072
-0.872833 1.91049
-0.872484 1.91031
-0.872106 1.91011
-0.871728 1.90996
-0.871321 1.90979
-0.870943 1.90967
-0.870536 1.90959
-0.870158 1.90953
-0.869751 1.90944
-0.869373 1.90941
-0.868995 1.90941
-0.868617 1.90938
-0.868239 1.90941
-0.867861 1.90941
-0.867483 1.90938
-0.867135 1.90941
-0.866786 1.90941
-0.866379 1.90932
-0.86603 1.90927
-0.865652 1.90915
-0.865303 1.90906
-0.864925 1.90889
-0.864605 1.90877
-0.864256 1.90857
-0.863907 1.90836
-0.863588 1.90816
-0.863268 1.9079
-0.862948 1.90767
-0.862657 1.90743
-0.862366 1.90717
-0.862076 1.90688
-0.861785 1.90662
-0.861523 1.90636
-0.861291 1.90613
-0.861 1.90584
-0.860767 1.9056
-0.860564 1.9054
-0.86036 1.9052
-0.860157 1.90499
-0.859982 1.90479
-0.859808 1.90461
-0.859633 1.90441
-0.859488 1.90424
-0.859343 1.90406
-0.859226 1.90389
-0.859139 1.90374
-0.859023 1.90354
-0.858936 1.90336
-0.858878 1.90319
-0.858819 1.90304
-0.858761 1.90287
-0.858703 1.90267
-0.858703 1.90258
-0.858674 1.9024
-0.858645 1.90226
-0.858645 1.90211
-0.858645 1.902
-0.858645 1.90185
-0.858645 1.90174
-0.858645 1.90162
-0.858645 1.9015
-0.858674 1.90145
-0.858674 1.90136
-0.858674 1.9013
-0.858703 1.90124
-0.858732 1.90121
-0.858761 1.90118
-0.858819 1.90118
-0.858848 1.90118
-0.858878 1.90115
-0.858907 1.90113
-0.858907 1.9011
-0.858936 1.90107
-0.858994 1.9011
-0.858994 1.90104
-0.858994 1.90101
-0.858994 1.90098
-0.858994 1.90089
-0.858994 1.90086
-0.858994 1.90081
-0.858994 1.90075
-0.858994 1.90072
-0.858994 1.90066
-0.858994 1.9006
-0.858994 1.90051
-0.858994 1.90046
-0.858994 1.9004
-0.858994 1.90034
-0.858994 1.90025
-0.858965 1.90014
-0.858965 1.90005
-0.858965 1.89996
-0.858965 1.89985
-0.858965 1.89976
-0.858965 1.89967
-0.858965 1.89953
-0.858965 1.89944
-0.858965 1.89932
-0.858965 1.89918
-0.858965 1.89906
-0.858965 1.89892
-0.858965 1.89877
-0.858965 1.8986
-0.858965 1.89845
-0.858965 1.89828
-0.858965 1.8981
-0.858965 1.89793
-0.858965 1.89775
-0.858965 1.89758
-0.858965 1.89737
-0.858965 1.8972
-0.858965 1.897
-0.858965 1.89679
-0.858965 1.89662
-0.858965 1.89642
-0.858965 1.89624
-0.858965 1.89607
-0.858965 1.89589
-0.858965 1.89572
-0.858965 1.89554
-0.858936 1.89531
-0.858936 1.89514
-0.858936 1.89496
-0.858907 1.89476
-0.858907 1.89458
-0.858907 1.89438
-0.858878 1.89418
-0.858878 1.894
-0.858878 1.89383
-0.858848 1.8936
-0.858848 1.89342
-0.858848 1.89325
-0.858819 1.89304
-0.858819 1.89284
-0.858819 1.89264
-0.858819 1.89243
-0.858761 1.89214
-0.858761 1.89197
-0.858761 1.89173
-0.858761 1.8915
-0.858761 1.89127
-0.858761 1.89104
-0.858732 1.89075
-0.858732 1.89051
-0.858732 1.89025
-0.858732 1.89002
-0.858732 1.88973
-0.858732 1.88947
-0.858732 1.88918
-0.858732 1.88886
-0.858732 1.88857
-0.858732 1.88825
-0.858732 1.88793
-0.858732 1.88761
-0.858732 1.88711
-0.858732 1.88676
-0.858732 1.88624
-0.858732 1.88583
-0.858732 1.8854
-0.858703 1.88481
-0.858703 1.88429
-0.858703 1.88368
-0.858703 1.88307
-0.858703 1.88243
-0.858703 1.88165
-0.858703 1.88092
-0.858703 1.88005
-0.858674 1.87923
-0.858674 1.87842
-0.858674 1.87749
-0.858674 1.87664
-0.858645 1.8758
-0.858645 1.87499
-0.858645 1.87423
-0.858616 1.87339
-0.858616 1.87263
-0.858616 1.87193
-0.858587 1.87118
-0.858587 1.87048
-0.858558 1.86973
-0.858529 1.86897
-0.8585 1.86816
-0.8585 1.86734
-0.858412 1.86653
-0.858383 1.86574
-0.858325 1.86487
-0.858267 1.86397
-0.858209 1.86307
-0.858122 1.86208
-0.858063 1.86109
-0.858005 1.86007
-0.857918 1.85894
-0.857802 1.85786
-0.857715 1.85682
-0.857598 1.85577
-0.857482 1.85464
-0.857395 1.85368
-0.857278 1.85248
-0.857133 1.85132
-0.857046 1.85036
-0.8569 1.84923
-0.856784 1.8483
-0.856639 1.84737
-0.856493 1.84647
-0.856406 1.84574
-0.856261 1.84493
-0.856145 1.84423
-0.85597 1.84344
-0.855854 1.84283
-0.855708 1.84219
-0.855505 1.84144
-0.85536 1.84083
-0.855214 1.84019
-0.855011 1.83958
-0.854836 1.83902
-0.854633 1.83838
-0.854429 1.83786
-0.854226 1.83734
-0.853993 1.83684
-0.85376 1.83641
-0.853557 1.83603
-0.853324 1.83568
-0.853063 1.83533
-0.85283 1.83507
-0.852568 1.83478
-0.852278 1.83452
-0.852016 1.83431
-0.851754 1.83411
-0.851435 1.83385
-0.851115 1.83359
-0.850824 1.83341
-0.850504 1.83318
-0.850213 1.83306
-0.849865 1.83289
-0.849545 1.83277
-0.849196 1.83266
-0.848818 1.83257
-0.848469 1.83251
-0.848091 1.83245
-0.847684 1.83242
-0.847306 1.83242
-0.84687 1.83242
-0.846521 1.83245
-0.846085 1.83242
-0.845707 1.83242
-0.8453 1.83234
-0.844922 1.83234
-0.844515 1.83225
-0.844108 1.83219
-0.843701 1.83207
-0.843294 1.83193
-0.842887 1.83178
-0.842422 1.83152
-0.842015 1.83129
-0.841608 1.83106
-0.8412 1.8308
-0.840793 1.8305
-0.840415 1.83021
-0.840038 1.82992
-0.839601 1.82954
-0.839223 1.82923
-0.838845 1.82888
-0.838468 1.8285
-0.838119 1.82818
-0.83777 1.82783
-0.837392 1.82745
-0.837043 1.8271
-0.836723 1.82678
-0.836374 1.82643
-0.836025 1.82609
-0.835705 1.82574
-0.835386 1.82542
-0.835095 1.8251
-0.834775 1.82472
-0.834484 1.82437
-0.834223 1.82405
-0.833932 1.8237
-0.83367 1.82335
-0.833409 1.823
-0.833147 1.82265
-0.832885 1.82228
-0.832653 1.82193
-0.83242 1.82158
-0.832158 1.8212
-0.831926 1.82085
-0.831693 1.82047
-0.831461 1.82015
-0.831257 1.81983
-0.831054 1.81954
-0.83085 1.81925
-0.830676 1.81902
-0.830472 1.81879
-0.830269 1.81853
-0.830123 1.81835
-0.829949 1.81818
-0.829774 1.81797
-0.829629 1.81783
-0.829484 1.81768
-0.829338 1.81754
-0.829193 1.81739
-0.829077 1.81728
-0.82896 1.81716
-0.828844 1.81704
-0.828728 1.81693
-0.828611 1.81681
-0.828495 1.81669
-0.828437 1.81664
-0.828321 1.81652
-0.828263 1.81646
-0.828175 1.81637
-0.828146 1.81635
-0.828088 1.81629
-0.828001 1.8162
-0.827972 1.81617
-0.827943 1.81614
-0.827914 1.81611
-0.827885 1.81608
-0.827885 1.81608
-0.827885 1.81608
-0.827855 1.81605
-0.827855 1.81605
-0.827855 1.81605
-0.827855 1.81605
-0.827855 1.81603
-0.827855 1.816
-0.827855 1.81597
-0.827855 1.81591
-0.827855 1.81588
-0.827855 1.81582
-0.827855 1.81573
-0.827855 1.81565
-0.827855 1.81556
-0.827855 1.81547
-0.827855 1.81539
-0.827855 1.81527
-0.827855 1.81515
-0.827855 1.81507
-0.827855 1.81495
-0.827855 1.81486
-0.827855 1.81475
-0.827855 1.81463
-0.827855 1.81451
-0.827855 1.81443
-0.827855 1.81431
-0.827855 1.81419
-0.827855 1.81405
-0.827855 1.81393
-0.827855 1.81382
-0.827855 1.81367
-0.827855 1.81353
-0.827826 1.81335
-0.827826 1.81318
-0.827826 1.81303
-0.827797 1.81283
-0.827797 1.81262
-0.827768 1.81239
-0.827768 1.81219
-0.827739 1.81196
-0.827739 1.81175
-0.827739 1.81155
-0.827739 1.81134
-0.827681 1.81108
-0.827681 1.81088
-0.827652 1.81065
-0.827652 1.81041
-0.827623 1.81018
-0.827623 1.81001
-0.827594 1.80977
-0.827594 1.80957
-0.827565 1.80934
-0.827536 1.80913
-0.827507 1.8089
-0.827478 1.80864
-0.827448 1.80841
-0.827419 1.80815
-0.827361 1.80783
-0.827332 1.80754
-0.827303 1.80725
-0.827245 1.80693
-0.827187 1.80658
-0.827158 1.80629
-0.8271 1.80594
-0.827012 1.80553
-0.826954 1.80515
-0.826896 1.8048
-0.826809 1.8044
-0.826751 1.80402
-0.826663 1.80361
-0.826605 1.80317
-0.826518 1.80274
-0.826431 1.8023
-0.826344 1.80184
-0.826256 1.80134
-0.826169 1.80082
-0.826024 1.80024
-0.825937 1.79974
-0.82582 1.7991
-0.825675 1.79841
-0.825559 1.79777
-0.825471 1.79716
-0.825326 1.7964
-0.82521 1.79567
-0.825093 1.79492
-0.824977 1.79413
-0.824832 1.79323
-0.824686 1.79227
-0.824541 1.79137
-0.824367 1.79038
-0.824221 1.78945
-0.824076 1.78852
-0.823901 1.78759
-0.823756 1.78675
-0.823611 1.78593
-0.823407 1.78503
-0.823233 1.78416
-0.823058 1.78338
-0.822884 1.78253
-0.82268 1.78166
-0.822506 1.78085
-0.822302 1.78
-0.822128 1.77922
-0.821924 1.77832
-0.821692 1.77744
-0.821488 1.77657
-0.821285 1.77567
-0.821023 1.77465
-0.82079 1.77366
-0.820529 1.77265
-0.820296 1.77166
-0.820035 1.77067
-0.819802 1.76968
-0.819511 1.76866
-0.81922 1.76768
-0.818959 1.76672
-0.818668 1.76576
-0.818377 1.76486
-0.818087 1.76398
-0.817767 1.76311
-0.817476 1.7623
-0.817156 1.76151
-0.816836 1.76073
-0.816546 1.75997
-0.816226 1.75924
-0.815935 1.75858
-0.815615 1.75791
-0.815266 1.75721
-0.814947 1.75654
-0.814569 1.75584
-0.81422 1.7552
-0.8139 1.75459
-0.813551 1.75395
-0.813173 1.75328
-0.812766 1.75259
-0.812388 1.75189
-0.81201 1.75122
-0.811632 1.75055
-0.811254 1.74991
-0.810876 1.74927
-0.810527 1.74872
-0.810178 1.74817
-0.80983 1.74761
-0.809481 1.74715
-0.809161 1.74671
-0.808812 1.74628
-0.808463 1.7459
-0.808085 1.74549
-0.807765 1.74517
-0.807445 1.74485
-0.807097 1.7445
-0.806777 1.74418
-0.80637 1.74378
-0.806079 1.74349
-0.805759 1.74319
-0.805439 1.74288
-0.805178 1.74267
-0.804916 1.74244
-0.804654 1.74221
-0.804393 1.74197
-0.804131 1.74174
-0.803898 1.74154
-0.803695 1.74136
-0.803491 1.74119
-0.803288 1.74101
-0.803113 1.74087
-0.802939 1.74072
-0.802794 1.74064
-0.802619 1.74049
-0.802474 1.74037
-0.802328 1.74023
-0.802212 1.74011
-0.802067 1.74
-0.80198 1.73991
-0.801892 1.73982
-0.801776 1.73971
-0.801747 1.73968
-0.801689 1.73962
-0.80166 1.73959
-0.801602 1.73953
-0.801602 1.73953
-0.801573 1.7395
-0.801543 1.73947
-0.801543 1.73944
-0.801543 1.73944
-0.801543 1.73942
-0.801543 1.73939
-0.801543 1.73936
-0.801543 1.73933
-0.801543 1.7393
-0.801543 1.73927
-0.801543 1.73924
-0.801573 1.73924
-0.801602 1.73921
-0.801602 1.73918
-0.80166 1.73921
-0.80166 1.73918
-0.801689 1.73918
-0.801689 1.73915
-0.801718 1.73915
-0.801718 1.73912
-0.801718 1.7391
-0.801718 1.73904
-0.801718 1.73898
-0.801718 1.73895
-0.801718 1.73889
-0.801718 1.73883
-0.801718 1.73878
-0.801718 1.73869
-0.801718 1.73863
-0.801718 1.73857
-0.801689 1.73846
-0.801689 1.73837
-0.801689 1.73828
-0.801689 1.73822
-0.801689 1.73811
-0.80166 1.73799
-0.80166 1.7379
-0.80166 1.73779
-0.80166 1.7377
-0.80166 1.73755
-0.80166 1.73747
-0.80166 1.73732
-0.80166 1.73721
-0.80166 1.73706
-0.80166 1.73691
-0.80166 1.73674
-0.80166 1.7366
-0.80166 1.73642
-0.80166 1.73625
-0.80166 1.73607
-0.80166 1.73587
-0.80166 1.73566
-0.80166 1.73546
-0.80166 1.73523
-0.801631 1.73497
-0.801631 1.73476
-0.801631 1.73453
-0.801631 1.7343
-0.801631 1.73407
-0.801631 1.73383
-0.801602 1.73357
-0.801602 1.73331
-0.801573 1.73305
-0.801573 1.73282
-0.801543 1.73255
-0.801543 1.73232
-0.801514 1.73209
-0.801456 1.73183
-0.801427 1.73157
-0.801398 1.73136
-0.801369 1.73113
-0.80134 1.73093
-0.801282 1.73063
-0.801253 1.73043
-0.801224 1.7302
-0.801165 1.72994
-0.801107 1.72965
-0.801049 1.72938
-0.80102 1.72912
-0.800962 1.72883
-0.800904 1.72857
-0.800817 1.72822
-0.800758 1.72793
-0.800671 1.72758
-0.800584 1.72726
-0.800526 1.72691
-0.80041 1.72654
-0.800322 1.72619
-0.800235 1.72584
-0.800119 1.72543
-0.800032 1.72502
-0.799915 1.72462
-0.799799 1.72421
-0.799683 1.72377
-0.799537 1.72331
-0.799421 1.72287
-0.799276 1.72244
-0.79913 1.72191
-0.799014 1.72145
-0.798869 1.72098
-0.798694 1.7204
-0.79852 1.71988
-0.798345 1.71933
-0.7982 1.71877
-0.797996 1.71816
-0.797822 1.71755
-0.797648 1.71688
-0.797444 1.71616
-0.79724 1.71537
-0.797037 1.71462
-0.796833 1.71386
-0.796601 1.71305
-0.796368 1.7122
-0.796107 1.71124
-0.795874 1.71034
-0.795612 1.70938
-0.795351 1.70848
-0.795118 1.70764
-0.794827 1.70674
-0.794537 1.70583
-0.794246 1.70499
-0.793926 1.70418
-0.793635 1.70342
-0.793345 1.70267
-0.793025 1.70191
-0.792676 1.70104
-0.792356 1.70025
-0.792007 1.69938
-0.791658 1.69848
-0.79128 1.69758
-0.790902 1.69671
-0.790524 1.6958
-0.790117 1.69493
-0.789739 1.69412
-0.789361 1.6933
-0.788954 1.69249
-0.788605 1.69176
-0.788228 1.69104
-0.78785 1.69031
-0.787443 1.68958
-0.787035 1.68886
-0.786687 1.68827
-0.786338 1.68769
-0.785902 1.68705
-0.785524 1.6865
-0.785088 1.68595
-0.784739 1.68551
-0.784332 1.68508
-0.783954 1.6847
-0.783605 1.68435
-0.783256 1.684
-0.782907 1.68368
-0.782558 1.68333
-0.78218 1.68298
-0.78186 1.68266
-0.78157 1.6824
-0.78125 1.68211
-0.780988 1.68194
-0.780697 1.6817
-0.780407 1.68147
-0.780145 1.6813
-0.779854 1.68112
-0.779593 1.68095
-0.779331 1.68083
-0.77904 1.68069
-0.778778 1.68054
-0.778546 1.68045
-0.778313 1.68037
-0.778081 1.68028
-0.777906 1.68022
-0.777674 1.68013
-0.777499 1.68008
-0.777325 1.68002
-0.777121 1.6799
-0.776976 1.67984
-0.776801 1.67976
-0.776656 1.67967
-0.776511 1.67955
-0.776365 1.67944
-0.776249 1.67935
-0.776104 1.6792
-0.775987 1.67909
-0.775842 1.67894
-0.775726 1.67882
-0.775638 1.67874
-0.775522 1.67862
-0.775435 1.67853
-0.775348 1.67845
-0.77526 1.67836
-0.775173 1.67827
-0.775115 1.67819
-0.775057 1.67813
-0.774999 1.67807
-0.774941 1.67798
-0.774883 1.67792
-0.774824 1.67784
-0.774766 1.67772
-0.774737 1.67766
-0.774679 1.67757
-0.77465 1.67749
-0.774621 1.6774
-0.774563 1.67731
-0.774563 1.67728
-0.774505 1.67717
-0.774505 1.67711
-0.774475 1.67705
-0.774446 1.67699
-0.774446 1.67694
-0.774417 1.67688
-0.774388 1.67682
-0.774388 1.67679
-0.774359 1.6767
-0.774359 1.67664
-0.774359 1.67662
-0.77433 1.67656
-0.77433 1.67653
-0.77433 1.67647
-0.774301 1.67641
-0.774301 1.67638
-0.774301 1.6763
-0.774243 1.67621
-0.774243 1.67612
-0.774243 1.67606
-0.774214 1.67598
-0.774214 1.67589
-0.774214 1.6758
-0.774185 1.67566
-0.774185 1.67557
-0.774156 1.67542
-0.774156 1.67531
-0.774127 1.67519
-0.774098 1.67502
-0.774068 1.67481
-0.774039 1.67464
-0.77401 1.67443
-0.773981 1.6742
-0.773923 1.67394
-0.773894 1.67371
-0.773865 1.67345
-0.773807 1.67313
-0.773749 1.67278
-0.77369 1.6724
-0.773661 1.67205
-0.773574 1.67164
-0.773516 1.67124
-0.773429 1.67071
-0.773371 1.67028
-0.773283 1.66975
-0.773196 1.6692
-0.773109 1.66868
-0.773022 1.6681
-0.772905 1.66746
-0.772789 1.66682
-0.772702 1.66618
-0.772586 1.66542
-0.772469 1.66469
-0.772324 1.66385
-0.772208 1.66298
-0.772062 1.66208
-0.771917 1.66115
-0.771772 1.6601
-0.771626 1.659
-0.771452 1.65783
-0.771248 1.65664
-0.771074 1.65545
-0.770899 1.65426
-0.770696 1.65315
-0.770521 1.65205
-0.770289 1.65083
-0.770085 1.64972
-0.769853 1.64859
-0.769649 1.64751
-0.769388 1.64644
-0.769126 1.64527
-0.768864 1.64423
-0.768603 1.64321
-0.768312 1.6421
-0.768021 1.64103
-0.767701 1.63984
-0.767352 1.63859
-0.767003 1.63734
-0.766684 1.63612
-0.766306 1.63478
-0.765957 1.6335
-0.765608 1.63216
-0.765259 1.63079
-0.76491 1.6294
-0.764532 1.62797
-0.764125 1.62646
-0.763689 1.62495
-0.763253 1.62353
-0.762817 1.62216
-0.762352 1.62088
-0.761886 1.61969
-0.76145 1.6187
-0.760927 1.61768
-0.760462 1.61684
-0.759968 1.616
-0.759531 1.61533
-0.759008 1.6146
-0.758543 1.61399
-0.758078 1.61341
-0.757671 1.61294
-0.757205 1.61242
-0.75674 1.61193
-0.756304 1.61146
-0.755839 1.611
-0.755374 1.61053
-0.754909 1.61006
-0.754414 1.60957
-0.753978 1.60913
-0.753571 1.60873
-0.753135 1.60829
-0.752757 1.60794
-0.75235 1.60762
-0.751943 1.60727
-0.751536 1.60692
-0.751187 1.60666
-0.750838 1.60643
-0.75046 1.60623
-0.75017 1.60611
-0.749792 1.60597
-0.749472 1.60591
-0.749123 1.60588
-0.748774 1.60585
-0.748483 1.60585
-0.748134 1.60585
-0.747815 1.60582
-0.747466 1.60579
-0.747146 1.60573
-0.746826 1.6057
-0.746506 1.60567
-0.746157 1.60562
-0.745838 1.60559
-0.745547 1.60556
-0.745198 1.60553
-0.744878 1.60553
-0.744587 1.6055
-0.744268 1.60544
-0.743948 1.60538
-0.743628 1.60527
-0.743366 1.60518
-0.743075 1.60501
-0.742785 1.60486
-0.742523 1.60466
-0.742261 1.60442
-0.742 1.60422
-0.741767 1.60399
-0.741535 1.60378
-0.741302 1.60355
-0.74104 1.60329
-0.740837 1.60312
-0.740633 1.60291
-0.740401 1.60271
-0.740168 1.60248
-0.739965 1.60227
-0.739732 1.60207
-0.739558 1.60192
-0.739354 1.60172
-0.73918 1.60155
-0.738947 1.60131
-0.738802 1.60117
-0.738627 1.60099
-0.738482 1.60082
-0.738307 1.60062
-0.738191 1.6005
-0.738046 1.60032
-0.7379 1.60015
-0.737784 1.60001
-0.737697 1.59986
-0.73758 1.59971
-0.737464 1.59954
-0.737377 1.59939
-0.737261 1.59922
-0.737173 1.5991
-0.737115 1.59896
-0.737057 1.59887
-0.736999 1.59875
-0.73697 1.59867
-0.736912 1.59855
-0.736883 1.59849
-0.736854 1.59841
-0.736825 1.59832
-0.736825 1.59829
-0.736795 1.59823
-0.736795 1.5982
-0.736795 1.59817
-0.736795 1.59814
-0.736795 1.59812
-0.736795 1.59809
-0.736795 1.59806
-0.736795 1.59803
-0.736795 1.59797
-0.736795 1.59791
-0.736795 1.59788
-0.736795 1.59782
-0.736795 1.59777
-0.736795 1.59771
-0.736795 1.59762
-0.736795 1.59753
-0.736795 1.59745
-0.736795 1.59736
-0.736795 1.59727
-0.736795 1.59718
-0.736795 1.5971
-0.736795 1.59698
-0.736795 1.59687
-0.736795 1.59675
-0.736795 1.59663
-0.736795 1.59649
-0.736795 1.59634
-0.736795 1.59623
-0.736766 1.59605
-0.736766 1.59588
-0.736737 1.59564
-0.736679 1.59541
-0.736679 1.59521
-0.73665 1.59498
-0.736621 1.59471
-0.736592 1.59448
-0.736563 1.59419
-0.736563 1.59396
-0.736505 1.59364
-0.736476 1.59335
-0.736447 1.59303
-0.736418 1.59274
-0.736359 1.59242
-0.73633 1.5921
-0.736301 1.59178
-0.736272 1.59146
-0.736214 1.59114
-0.736185 1.59085
-0.736127 1.5905
-0.736098 1.59021
-0.73601 1.58983
-0.735952 1.58948
-0.735923 1.58916
-0.735865 1.58878
-0.735836 1.58849
-0.735778 1.58811
-0.735691 1.58774
-0.735633 1.58739
-0.735574 1.58698
-0.735516 1.58657
-0.735458 1.58617
-0.7354 1.5857
-0.735342 1.58526
-0.735284 1.5848
-0.735196 1.58428
-0.735109 1.58375
-0.735022 1.58323
-0.734964 1.58274
-0.734877 1.58221
-0.734789 1.58166
-0.734702 1.58117
-0.734644 1.5807
-0.734528 1.58018
-0.73447 1.57968
-0.734353 1.57916
-0.734266 1.57861
-0.733975 1.57715
-0.733859 1.57648
-0.733743 1.57573
-0.733597 1.57483
-0.733452 1.57395
-0.733307 1.57305
-0.73319 1.57221
-0.733045 1.57137
-0.732929 1.57055
-0.732783 1.56965
-0.732667 1.56881
-0.732551 1.56791
-0.732405 1.56698
-0.732289 1.5661
-0.732144 1.56532
-0.732027 1.56439
-0.731882 1.56355
-0.731678 1.56247
-0.731562 1.56171
-0.731417 1.56096
-0.7313 1.56023
-0.731155 1.55945
-0.730981 1.55872
-0.730864 1.55805
-0.730719 1.55735
-0.730574 1.55668
-0.730399 1.55602
-0.730254 1.55541
-0.730108 1.55482
-0.729992 1.5543
-0.729818 1.55366
-0.729672 1.55317
-0.729527 1.5527
-0.729382 1.55224
-0.729294 1.55183
-0.729149 1.55134
-0.729004 1.55093
-0.728887 1.55055
-0.728742 1.55023
-0.728655 1.54994
-0.728509 1.54968
-0.728393 1.54953
-0.728306 1.54945
-0.72819 1.54933
-0.728073 1.54921
-0.728015 1.54918
-0.727899 1.5491
-0.727812 1.54901
-0.727724 1.54898
-0.727637 1.54892
-0.72755 1.54883
-0.727434 1.54875
-0.727346 1.54869
-0.72723 1.5486
-0.727143 1.54854
-0.727027 1.54843
-0.72691 1.54831
-0.726794 1.5482
-0.726707 1.54811
-0.72659 1.54799
-0.726503 1.5479
-0.726416 1.54782
-0.7263 1.5477
-0.726213 1.54761
-0.726096 1.5475
-0.72598 1.54738
-0.725893 1.54729
-0.725805 1.54721
-0.725689 1.54709
-0.725602 1.547
-0.725486 1.54689
-0.725398 1.54674
-0.725282 1.54663
-0.725195 1.54654
-0.725108 1.54645
-0.724991 1.54631
-0.724875 1.54619
-0.724759 1.54607
-0.724643 1.54596
-0.724526 1.54584
-0.724439 1.54575
-0.724323 1.54564
-0.724206 1.54552
-0.724061 1.54537
-0.723945 1.54526
-0.723828 1.54511
-0.723683 1.54497
-0.723567 1.54485
-0.72345 1.54471
-0.723276 1.54453
-0.72316 1.54439
-0.722985 1.54418
-0.722869 1.54404
-0.722695 1.54383
-0.722578 1.54369
-0.722404 1.54349
-0.722258 1.54325
-0.722113 1.54305
-0.721939 1.54282
-0.721764 1.54255
-0.721619 1.54229
-0.721444 1.54203
-0.72127 1.54174
-0.721095 1.54142
-0.720892 1.54104
-0.720659 1.54064
-0.720456 1.54026
-0.720252 1.53982
-0.719991 1.53936
-0.719758 1.53892
-0.719525 1.53846
-0.719293 1.53796
-0.719089 1.53752
-0.718799 1.53694
-0.718479 1.53627
-0.718188 1.53566
-0.717897 1.53505
-0.717607 1.53441
-0.717316 1.5338
-0.717025 1.53316
-0.716734 1.5325
-0.716415 1.53177
-0.716095 1.53098
-0.715804 1.53026
-0.715513 1.5295
-0.715106 1.52848
-0.714757 1.52758
-0.714408 1.52656
-0.71406 1.52563
-0.713682 1.52462
-0.713275 1.52342
-0.712926 1.52244
-0.712519 1.52133
-0.71217 1.52034
-0.711763 1.51927
-0.711327 1.5181
-0.710861 1.51697
-0.710396 1.51589
-0.709931 1.51482
-0.709437 1.51366
-0.708913 1.51255
-0.708419 1.51145
-0.707867 1.51034
-0.707431 1.50932
-0.706878 1.50822
-0.706384 1.50717
-0.705919 1.50615
-0.705425 1.50517
-0.704959 1.50424
-0.704465 1.50319
-0.704029 1.50232
-0.703564 1.50141
-0.703099 1.50054
-0.702692 1.49973
-0.702285 1.499
-0.701878 1.49827
-0.7015 1.49766
-0.701122 1.49711
-0.700773 1.49662
-0.700395 1.49615
-0.700046 1.4958
-0.699697 1.49545
-0.699377 1.49519
-0.699057 1.4949
-0.698825 1.4947
-0.698592 1.4945
-0.698389 1.49435
-0.698185 1.4942
-0.697982 1.49406
-0.697807 1.49394
-0.697662 1.49388
-0.697516 1.49383
-0.697342 1.49374
-0.697255 1.49374
-0.697109 1.49371
-0.697022 1.49371
-0.696906 1.49371
-0.69679 1.49365
-0.696731 1.49368
-0.696644 1.49362
-0.696528 1.49356
-0.69647 1.49354
-0.696412 1.49351
-0.696353 1.49345
-0.696295 1.49339
-0.696237 1.49333
-0.696179 1.49327
-0.69615 1.49325
-0.69615 1.49325
-0.696121 1.49319
-0.696121 1.49319
-0.696121 1.49316
-0.696121 1.49313
-0.696121 1.4931
-0.696121 1.49307
-0.696121 1.49304
-0.696121 1.49301
-0.696121 1.49295
-0.696121 1.49293
-0.696121 1.49287
-0.696121 1.49284
-0.69615 1.49281
-0.69615 1.49278
-0.69615 1.49275
-0.69615 1.49272
-0.69615 1.49269
-0.69615 1.49266
-0.69615 1.49266
-0.69615 1.49263
-0.69615 1.49258
-0.69615 1.49255
-0.69615 1.49252
-0.69615 1.49249
-0.69615 1.49246
-0.69615 1.49243
-0.69615 1.49237
-0.696121 1.49231
-0.696121 1.49226
-0.696092 1.49217
-0.696063 1.49205
-0.696034 1.49194
-0.696034 1.49185
-0.696005 1.4917
-0.695975 1.49159
-0.695975 1.49144
-0.695946 1.4913
-0.695917 1.49115
-0.695917 1.49098
-0.695859 1.49072
-0.69583 1.49048
-0.695801 1.49022
-0.695772 1.48993
-0.695743 1.48964
-0.695685 1.48926
-0.695685 1.48897
-0.695627 1.48851
-0.695568 1.48801
-0.695481 1.48749
-0.695423 1.48691
-0.695365 1.48621
-0.69522 1.48545
-0.695132 1.48484
-0.695045 1.48414
-0.694929 1.48342
-0.694813 1.48269
-0.694696 1.48176
-0.694551 1.48086
-0.694405 1.47981
-0.694231 1.47859
-0.694028 1.47743
-0.693853 1.47632
-0.693679 1.47519
-0.693504 1.47403
-0.693272 1.47284
-0.693068 1.47164
-0.692835 1.4701
-0.692516 1.46876
-0.692254 1.46746
-0.691963 1.46612
-0.691614 1.46469
-0.691295 1.46347
-0.690946 1.46225
-0.690597 1.46106
-0.690248 1.45984
-0.689841 1.45847
-0.689492 1.45722
-0.689056 1.45562
-0.688591 1.45408
-0.688184 1.45245
-0.687689 1.45088
-0.687311 1.44946
-0.686904 1.4478
-0.686439 1.44615
-0.686003 1.44455
-0.685596 1.44301
-0.685131 1.44149
-0.684695 1.44007
-0.684259 1.43879
-0.683823 1.43766
-0.683386 1.43667
-0.682979 1.43579
-0.682543 1.43498
-0.682049 1.43417
-0.681584 1.43347
-0.681148 1.43286
-0.680653 1.43225
-0.680246 1.43175
-0.67981 1.43126
-0.679403 1.43079
-0.678967 1.43033
-0.67856 1.42992
-0.678211 1.42957
-0.677862 1.42922
-0.677513 1.42888
-0.677165 1.42853
-0.676845 1.42821
-0.676554 1.42794
-0.676263 1.42771
-0.676002 1.42751
-0.675682 1.42725
-0.67542 1.42707
-0.675158 1.4269
-0.674926 1.42681
-0.674693 1.42675
-0.674432 1.42672
-0.674228 1.42675
-0.673966 1.42672
-0.673734 1.42672
-0.673472 1.42672
-0.67321 1.42667
-0.672978 1.42664
-0.672716 1.42661
-0.672484 1.42658
-0.672222 1.42652
-0.671989 1.42655
-0.671699 1.42643
-0.671495 1.4264
-0.671263 1.42626
-0.671059 1.42614
-0.670885 1.426
-0.670681 1.42579
-0.670536 1.42565
-0.67039 1.4255
-0.670245 1.42536
-0.670129 1.42524
-0.670012 1.42512
-0.669896 1.42501
-0.66978 1.42489
-0.669693 1.4248
-0.669576 1.42469
-0.669489 1.4246
-0.669431 1.42454
-0.669373 1.42448
-0.669315 1.42443
-0.669256 1.42434
-0.669227 1.42431
-0.669227 1.42431
-0.669198 1.42425
-0.669198 1.42425
-0.669198 1.42422
-0.669198 1.42419
-0.669198 1.42417
-0.669198 1.42414
-0.669198 1.42411
-0.669198 1.42408
-0.669198 1.42405
-0.669198 1.42399
-0.669198 1.42396
-0.669227 1.42396
-0.669227 1.42393
-0.669256 1.4239
-0.669256 1.42385
-0.669256 1.42382
-0.669256 1.42376
-0.669256 1.4237
-0.669256 1.42364
-0.669256 1.42358
-0.669256 1.4235
-0.669256 1.42344
-0.669256 1.42338
-0.669256 1.42332
-0.669256 1.42321
-0.669256 1.42315
-0.669256 1.42306
-0.669227 1.42294
-0.669227 1.42286
-0.669198 1.42274
-0.669198 1.42265
-0.669169 1.42254
-0.66914 1.42242
-0.669111 1.42228
-0.669053 1.42213
-0.668995 1.42196
-0.668966 1.42181
-0.668937 1.42164
-0.668908 1.42143
-0.668849 1.42123
-0.66882 1.42105
-0.668762 1.42085
-0.668704 1.42062
-0.668646 1.42039
-0.668617 1.42015
-0.668559 1.41986
-0.668471 1.41957
-0.668413 1.41928
-0.668355 1.41899
-0.668268 1.41864
-0.66821 1.41832
-0.668123 1.41797
-0.668035 1.41762
-0.667948 1.41722
-0.667803 1.41684
-0.667686 1.41646
-0.667599 1.41608
-0.667483 1.4157
-0.667367 1.41533
-0.66725 1.41492
-0.667134 1.41457
-0.667018 1.41416
-0.666872 1.41373
-0.666727 1.41326
-0.666582 1.41277
-0.666407 1.41224
-0.666262 1.41172
-0.666087 1.41117
-0.665913 1.41059
-0.665738 1.40998
-0.665535 1.40934
-0.66539 1.40873
-0.665157 1.40806
-0.664924 1.40739
-0.664721 1.40666
-0.664459 1.40591
-0.664198 1.40512
-0.663936 1.40434
-0.663674 1.40352
-0.663383 1.40259
-0.663064 1.40172
-0.662802 1.40085
-0.662453 1.39992
-0.662104 1.39899
-0.661784 1.39806
-0.661406 1.39704
-0.661028 1.39599
-0.66065 1.39489
-0.660243 1.3937
-0.659865 1.39242
-0.659429 1.39108
-0.658964 1.38965
-0.658557 1.38835
-0.658092 1.38698
-0.657656 1.38567
-0.657191 1.3843
-0.656696 1.38291
-0.656173 1.38157
-0.655679 1.38023
-0.655155 1.37898
-0.654632 1.37776
-0.654167 1.37669
-0.653644 1.37555
-0.653091 1.37439
-0.652539 1.37326
-0.652045 1.37227
-0.651492 1.37122
-0.650969 1.37029
-0.650475 1.36939
-0.650009 1.36855
-0.649515 1.36762
-0.64905 1.36677
-0.648643 1.3661
-0.648236 1.36538
-0.647829 1.36471
-0.647422 1.36413
-0.647102 1.36372
-0.646782 1.36334
-0.646462 1.36302
-0.646172 1.36273
-0.645881 1.36253
-0.64559 1.36235
-0.645358 1.36224
-0.645154 1.36218
-0.64495 1.36215
-0.644718 1.36209
-0.644573 1.36218
-0.644369 1.36215
-0.644195 1.36212
-0.64402 1.36209
-0.643875 1.36209
-0.6437 1.36203
-0.643526 1.362
-0.64338 1.362
-0.643206 1.36195
-0.643032 1.36192
-0.642857 1.36186
-0.642712 1.36183
-0.642537 1.3618
-0.642392 1.36177
-0.642247 1.36171
-0.642072 1.36166
-0.641927 1.36157
-0.64181 1.36145
-0.641694 1.36134
-0.641607 1.36125
-0.641491 1.36113
-0.641433 1.36107
-0.641374 1.36102
-0.641316 1.36096
-0.641258 1.3609
-0.6412 1.36084
-0.641113 1.36075
-0.641084 1.36073
-0.641055 1.3607
-0.641025 1.36067
-0.640996 1.36064
-0.640967 1.36058
-0.640967 1.36058
-0.640938 1.36052
-0.640938 1.36049
-0.640938 1.36046
-0.640938 1.36043
-0.640938 1.36038
-0.640938 1.36035
-0.640938 1.36026
-0.640938 1.36023
-0.640938 1.36014
-0.640938 1.36009
-0.640938 1.36003
-0.640938 1.35994
-0.640938 1.35985
-0.640938 1.3598
-0.640938 1.35971
-0.640938 1.35962
-0.640938 1.35953
-0.640938 1.35945
-0.640938 1.35936
-0.640938 1.35924
-0.640909 1.3591
-0.640909 1.35901
-0.64088 1.35884
-0.640851 1.35869
-0.640822 1.35854
-0.640793 1.3584
-0.640764 1.3582
-0.640735 1.35802
-0.640706 1.35785
-0.640648 1.35761
-0.640618 1.35735
-0.64056 1.35709
-0.640473 1.35677
-0.640415 1.35648
-0.640357 1.35619
-0.64027 1.35584
-0.640182 1.35543
-0.640095 1.35506
-0.639979 1.35456
-0.639921 1.35415
-0.639804 1.35369
-0.639688 1.35314
-0.639601 1.35261
-0.639426 1.35195
-0.63931 1.35133
-0.639136 1.35064
-0.638961 1.34988
-0.638816 1.34912
-0.638641 1.34834
-0.638467 1.34753
-0.638263 1.34657
-0.638031 1.34564
-0.637827 1.34468
-0.637566 1.34354
-0.637333 1.34247
-0.637071 1.34133
-0.63681 1.34017
-0.636519 1.33898
-0.636228 1.33787
-0.635908 1.33668
-0.635618 1.33563
-0.635298 1.33462
-0.634949 1.33351
-0.6346 1.33244
-0.634251 1.33139
-0.633902 1.33037
-0.633524 1.3293
-0.633059 1.32799
-0.632478 1.32645
-0.632013 1.32508
-0.631402 1.32342
-0.630995 1.32206
-0.630501 1.32052
-0.630006 1.319
-0.629541 1.31758
-0.629105 1.31613
-0.62864 1.31473
-0.628204 1.31342
-0.627826 1.31226
-0.62739 1.31101
-0.626983 1.30982
-0.626605 1.30871
-0.626227 1.30772
-0.625849 1.30673
-0.625413 1.30569
-0.625006 1.30476
-0.624599 1.30389
-0.624192 1.3031
-0.623814 1.30237
-0.623436 1.30168
-0.623087 1.30104
-0.622651 1.30031
-0.622302 1.29973
-0.621953 1.29909
-0.621546 1.29845
-0.621197 1.29787
-0.620848 1.29726
-0.620499 1.2967
-0.620238 1.29627
-0.619976 1.29586
-0.619685 1.29545
-0.619423 1.29511
-0.619191 1.29484
-0.618929 1.29455
-0.618697 1.29432
-0.618464 1.29412
-0.61826 1.29391
-0.618086 1.29374
-0.617912 1.29356
-0.617708 1.29336
-0.617563 1.29324
-0.617359 1.29304
-0.617185 1.2929
-0.61701 1.29272
-0.616865 1.29258
-0.61669 1.2924
-0.616545 1.29229
-0.6164 1.29214
-0.616254 1.29199
-0.616109 1.29185
-0.615964 1.2917
-0.615818 1.29156
-0.615673 1.29141
-0.615528 1.29127
-0.615382 1.29112
-0.615266 1.29101
-0.615179 1.29092
-0.615091 1.29083
-0.615004 1.29074
-0.614888 1.2906
-0.614801 1.29051
-0.614713 1.2904
-0.614626 1.29031
-0.614539 1.29016
-0.614481 1.29008
-0.614423 1.28999
-0.614365 1.2899
-0.614277 1.28978
-0.614219 1.28967
-0.614161 1.28958
-0.614103 1.28946
-0.614045 1.28935
-0.613987 1.28923
-0.613899 1.28909
-0.613841 1.28897
-0.613783 1.28885
-0.613725 1.28871
-0.613667 1.28862
-0.61358 1.28848
-0.613521 1.28836
-0.613434 1.28819
-0.613376 1.28807
-0.613289 1.28789
-0.613202 1.28775
-0.613143 1.28758
-0.613056 1.28737
-0.612969 1.28717
-0.612911 1.28696
-0.612795 1.2867
-0.612678 1.28644
-0.612562 1.28615
-0.612475 1.28592
-0.612388 1.28563
-0.612242 1.28531
-0.612126 1.28505
-0.61201 1.28473
-0.611864 1.28441
-0.611748 1.28414
-0.611603 1.28382
-0.611457 1.2835
-0.611312 1.28318
-0.611137 1.28284
-0.610992 1.28252
-0.610818 1.28214
-0.610614 1.28179
-0.610469 1.28147
-0.610265 1.28103
-0.610033 1.28066
-0.609829 1.28025
-0.609625 1.27987
-0.609393 1.27946
-0.60916 1.27909
-0.608928 1.27868
-0.608666 1.27827
-0.608404 1.27786
-0.608172 1.27749
-0.60791 1.27708
-0.607619 1.27661
-0.6073 1.27615
-0.607038 1.27574
-0.606689 1.27528
-0.606398 1.27484
-0.606078 1.2744
-0.605759 1.27397
-0.605439 1.27353
-0.605119 1.2731
-0.604799 1.27266
-0.60445 1.27219
-0.604101 1.27176
-0.603723 1.27126
-0.603375 1.2708
-0.602938 1.27025
-0.60256 1.26975
-0.602095 1.2692
-0.601717 1.26871
-0.601252 1.26818
-0.600845 1.26769
-0.600409 1.26717
-0.599973 1.26667
-0.599566 1.26621
-0.59913 1.26571
-0.598752 1.26528
-0.598374 1.26484
-0.597967 1.2644
-0.597531 1.26391
-0.597124 1.26347
-0.596746 1.26307
-0.596368 1.26266
-0.59599 1.26222
-0.595612 1.26182
-0.595263 1.26147
-0.594943 1.26115
-0.594623 1.26083
-0.594303 1.26051
-0.594013 1.26022
-0.593693 1.2599
-0.593431 1.25963
-0.59314 1.25934
-0.592879 1.25908
-0.592646 1.25885
-0.592385 1.25859
-0.592152 1.25836
-0.591948 1.25815
-0.591745 1.25795
-0.591541 1.25775
-0.591396 1.2576
-0.591193 1.2574
-0.591047 1.25722
-0.590873 1.25705
-0.590727 1.25687
-0.590582 1.2567
-0.590466 1.25652
-0.590349 1.25638
-0.590204 1.25612
-0.590088 1.25591
-0.589971 1.25568
-0.589913 1.25551
-0.589826 1.2553
-0.589739 1.25507
-0.589652 1.25475
-0.589593 1.25452
-0.589506 1.25423
-0.589477 1.25399
-0.589419 1.25367
-0.589332 1.25335
-0.589274 1.25301
-0.589245 1.25266
-0.589186 1.25219
-0.589157 1.25178
-0.589099 1.25135
-0.589012 1.25083
-0.588983 1.25036
-0.588925 1.24987
-0.588867 1.24931
-0.588808 1.2487
-0.588721 1.24806
-0.588634 1.24731
-0.588547 1.24646
-0.58843 1.24559
-0.588343 1.24469
-0.588227 1.24362
-0.588082 1.24248
-0.587965 1.24138
-0.58782 1.24018
-0.587675 1.23879
-0.587471 1.23742
-0.587297 1.23614
-0.587064 1.23489
-0.58686 1.23353
-0.586599 1.23225
-0.586366 1.231
-0.586075 1.2296
-0.585814 1.22838
-0.585523 1.22713
-0.585232 1.22594
-0.584942 1.22469
-0.584651 1.22344
-0.58436 1.22204
-0.58404 1.2207
-0.58375 1.21919
-0.58343 1.21759
-0.583139 1.21611
-0.58279 1.21434
-0.582499 1.21283
-0.582209 1.21105
-0.581831 1.20931
-0.58154 1.20768
-0.581191 1.20602
-0.580842 1.20448
-0.580522 1.20314
-0.580203 1.20184
-0.579883 1.20061
-0.579563 1.19957
-0.579214 1.19855
-0.578894 1.19765
-0.578545 1.19678
-0.578225 1.19602
-0.577906 1.19529
-0.577557 1.19457
-0.577237 1.19393
-0.576946 1.19338
-0.576655 1.19279
-0.576307 1.19221
-0.576045 1.19181
-0.575783 1.19146
-0.575522 1.19117
-0.575318 1.19096
-0.575144 1.19079
-0.574969 1.19064
-0.574824 1.1905
-0.574678 1.19038
-0.574562 1.19029
-0.574446 1.19021
-0.57433 1.19012
-0.574213 1.19003
-0.574068 1.18992
