angle_1 angle_2
-0.863471 2.02969
-0.863471 2.02969
-0.863471 2.02969
-0.863471 2.02972
-0.863471 2.02978
-0.863471 2.02987
-0.863471 2.02995
-0.863471 2.03004
-0.863471 2.03013
-0.863471 2.03021
-0.863471 2.0303
-0.863471 2.03036
-0.863471 2.03045
-0.863442 2.03045
-0.863442 2.03048
-0.863384 2.0305
-0.863326 2.03045
-0.863268 2.03045
-0.86321 2.03042
-0.863122 2.03036
-0.863064 2.03036
-0.863006 2.03033
-0.862948 2.0303
-0.862919 2.0303
-0.862861 2.0303
-0.862803 2.03027
-0.862744 2.03027
-0.862657 2.03021
-0.862599 2.03019
-0.86257 2.03019
-0.862483 2.03016
-0.862454 2.03013
-0.862395 2.03016
-0.862337 2.0301
-0.862279 2.03007
-0.862221 2.03004
-0.862192 2.03001
-0.862134 2.02998
-0.862105 2.02995
-0.862076 2.02995
-0.862018 2.02989
-0.861988 2.02989
-0.861959 2.02987
-0.86193 2.02984
-0.861872 2.02978
-0.861872 2.02978
-0.861843 2.02975
-0.861814 2.02972
-0.861814 2.02972
-0.861785 2.02969
-0.861756 2.02966
-0.861756 2.02966
-0.861727 2.02963
-0.861669 2.02957
-0.861669 2.02957
-0.86164 2.02955
-0.86161 2.02952
-0.86161 2.02952
-0.861581 2.02949
-0.861552 2.02946
-0.861552 2.02946
-0.861523 2.02943
-0.861494 2.0294
-0.861465 2.02937
-0.861436 2.02934
-0.861407 2.02931
-0.861349 2.02925
-0.861291 2.0292
-0.861262 2.02917
-0.861233 2.02914
-0.861174 2.02908
-0.861145 2.02905
-0.861087 2.02899
-0.861029 2.02893
-0.860971 2.02888
-0.860913 2.02882
-0.860825 2.02876
-0.860767 2.0287
-0.86068 2.02862
-0.860622 2.02856
-0.860535 2.0285
-0.860477 2.02844
-0.86036 2.02832
-0.860273 2.02824
-0.860186 2.02818
-0.86007 2.02806
-0.860011 2.02803
-0.859895 2.02792
-0.859808 2.02789
-0.859721 2.0278
-0.859604 2.02771
-0.859517 2.02763
-0.859401 2.02754
-0.859314 2.02745
-0.859197 2.02736
-0.859081 2.02725
-0.858994 2.02719
-0.858907 2.0271
-0.858819 2.02702
-0.858703 2.0269
-0.858587 2.02678
-0.8585 2.0267
-0.858383 2.02658
-0.858267 2.02646
-0.85818 2.02638
-0.858063 2.02626
-0.857976 2.02617
-0.85786 2.02609
-0.857773 2.026
-0.857656 2.02588
-0.857569 2.02579
-0.857453 2.02568
-0.857366 2.02559
-0.857249 2.02548
-0.857133 2.02536
-0.857046 2.02527
-0.85693 2.02516
-0.856813 2.02504
-0.856697 2.02492
-0.85661 2.02484
-0.856493 2.02472
-0.856377 2.0246
-0.856261 2.02449
-0.856174 2.0244
-0.856057 2.02428
-0.855941 2.02417
-0.855825 2.02405
-0.855738 2.02396
-0.855592 2.02382
-0.855476 2.0237
-0.85536 2.02359
-0.855214 2.02344
-0.855127 2.02335
-0.854982 2.02321
-0.854836 2.02306
-0.85472 2.02295
-0.854545 2.02277
-0.854429 2.02265
-0.854284 2.02251
-0.854109 2.02234
-0.853964 2.02219
-0.85379 2.02202
-0.853615 2.02184
-0.85347 2.0217
-0.853266 2.02149
-0.853092 2.02132
-0.852917 2.02114
-0.852714 2.02094
-0.85251 2.02074
-0.852278 2.0205
-0.852074 2.0203
-0.851842 2.02007
-0.851609 2.01983
-0.851376 2.0196
-0.851115 2.01934
-0.850882 2.01911
-0.85062 2.01885
-0.850301 2.01853
-0.85001 2.01824
-0.849719 2.01792
-0.849428 2.01763
-0.849109 2.01731
-0.848789 2.01699
-0.848469 2.01667
-0.84812 2.01632
-0.847771 2.01597
-0.847422 2.01562
-0.847044 2.01524
-0.846695 2.01489
-0.846318 2.01451
-0.84594 2.01414
-0.845503 2.0137
-0.845125 2.01332
-0.844718 2.01292
-0.844311 2.01251
-0.843875 2.01207
-0.843439 2.01164
-0.843003 2.0112
-0.842538 2.01073
-0.842102 2.0103
-0.841578 2.00978
-0.841113 2.00931
-0.840648 2.00884
-0.840154 2.00835
-0.839689 2.00789
-0.839194 2.00739
-0.8387 2.0069
-0.838235 2.00643
-0.837741 2.00594
-0.837246 2.00544
-0.836752 2.00495
-0.836229 2.00443
-0.835705 2.0039
-0.835182 2.00338
-0.834659 2.00286
-0.834135 2.00233
-0.833612 2.00181
-0.833089 2.00129
-0.832565 2.00076
-0.832071 2.00027
-0.831548 1.99974
-0.831054 1.99925
-0.830414 1.99861
-0.829891 1.99809
-0.829367 1.99756
-0.828815 1.99701
-0.828292 1.99649
-0.827768 1.99596
-0.827245 1.99544
-0.826693 1.99489
-0.826169 1.99437
-0.825646 1.99384
-0.825093 1.99329
-0.82457 1.99277
-0.824047 1.99224
-0.823553 1.99175
-0.823029 1.99123
-0.822506 1.9907
-0.822012 1.99021
-0.821488 1.98971
-0.820936 1.98916
-0.820383 1.98861
-0.81986 1.98809
-0.819337 1.98756
-0.818784 1.98701
-0.818203 1.98643
-0.81768 1.98591
-0.817185 1.98541
-0.816691 1.98492
-0.816197 1.98442
-0.815703 1.98393
-0.815237 1.98346
-0.814772 1.983
-0.814249 1.98247
-0.813784 1.98201
-0.813289 1.98152
-0.812795 1.98102
-0.81233 1.98056
-0.811865 1.98009
-0.8114 1.97963
-0.810963 1.97919
-0.810498 1.97872
-0.810091 1.97832
-0.809655 1.97788
-0.809277 1.9775
-0.808841 1.97707
-0.808463 1.97669
-0.808056 1.97628
-0.807649 1.97587
-0.807271 1.9755
-0.806893 1.97512
-0.806544 1.97477
-0.806166 1.97439
-0.805817 1.97404
-0.805498 1.97372
-0.805178 1.9734
-0.804858 1.97308
-0.804567 1.97279
-0.804276 1.9725
-0.804015 1.97224
-0.803753 1.97198
-0.803491 1.97172
-0.803259 1.97148
-0.803026 1.97125
-0.802823 1.97105
-0.80259 1.97084
-0.802416 1.97067
-0.802212 1.97047
-0.802067 1.97032
-0.801892 1.97015
-0.801747 1.97
-0.801602 1.96986
-0.801456 1.96971
-0.801369 1.96962
-0.801253 1.96951
-0.801136 1.96939
-0.801049 1.9693
-0.800962 1.96922
-0.800904 1.96916
-0.800846 1.9691
-0.800788 1.96904
-0.800758 1.96901
-0.800729 1.96898
-0.8007 1.96896
-0.800671 1.96893
-0.800671 1.96893
-0.800642 1.9689
-0.800642 1.9689
-0.800642 1.9689
-0.800642 1.9689
-0.800642 1.9689
-0.800642 1.9689
-0.800642 1.9689
-0.800642 1.9689
-0.800642 1.9689
-0.800642 1.96884
-0.800642 1.96884
-0.800642 1.96884
-0.800642 1.96884
-0.800642 1.96884
-0.800642 1.96881
-0.800642 1.96881
-0.800642 1.96881
-0.800642 1.96881
-0.800613 1.96878
-0.800613 1.96878
-0.800584 1.96875
-0.800555 1.96872
-0.800526 1.96869
-0.800526 1.96869
-0.800468 1.96864
-0.800468 1.96864
-0.800439 1.96858
-0.80041 1.96855
-0.80038 1.96852
-0.800351 1.96849
-0.800322 1.96843
-0.800293 1.9684
-0.800264 1.96837
-0.800235 1.96832
-0.800177 1.96826
-0.800119 1.9682
-0.80009 1.96814
-0.800032 1.96808
-0.799973 1.968
-0.799915 1.96794
-0.799857 1.96785
-0.79977 1.96773
-0.799712 1.96768
-0.799625 1.96759
-0.799508 1.96744
-0.79945 1.96736
-0.799363 1.96724
-0.799247 1.96709
-0.79913 1.96698
-0.799014 1.96683
-0.798898 1.96669
-0.798752 1.96654
-0.798636 1.9664
-0.798462 1.96619
-0.798345 1.96608
-0.798171 1.96587
-0.797996 1.96567
-0.797793 1.96544
-0.797618 1.96523
-0.797444 1.96506
-0.797211 1.9648
-0.797008 1.96454
-0.796775 1.96427
-0.796514 1.96401
-0.796252 1.96372
-0.796019 1.96346
-0.795758 1.96317
-0.795438 1.96285
-0.795147 1.96253
-0.794856 1.96221
-0.794566 1.96192
-0.794246 1.96157
-0.793926 1.96125
-0.793577 1.9609
-0.793228 1.96055
-0.792821 1.96015
-0.792472 1.95977
-0.792065 1.95936
-0.791687 1.95898
-0.79128 1.95858
-0.790873 1.95817
-0.790437 1.9577
-0.790001 1.95727
-0.789565 1.95683
-0.789129 1.9564
-0.788693 1.95596
-0.788257 1.95552
-0.787791 1.95506
-0.787355 1.95459
-0.786919 1.95413
-0.786454 1.95366
-0.785989 1.9532
-0.785524 1.95273
-0.785029 1.95224
-0.784535 1.95174
-0.784041 1.95125
-0.783576 1.95078
-0.783052 1.95026
-0.782558 1.94977
-0.782093 1.9493
-0.781628 1.94884
-0.781163 1.94837
-0.780697 1.94788
-0.780203 1.94738
-0.779738 1.94692
-0.779273 1.94645
-0.778778 1.94596
-0.778284 1.94543
-0.77779 1.94494
-0.777296 1.94445
-0.776801 1.94395
-0.776336 1.94349
-0.775871 1.94302
-0.775377 1.94253
-0.774941 1.94209
-0.774475 1.94163
-0.77401 1.94116
-0.773545 1.9407
-0.77308 1.94023
-0.772615 1.93976
-0.77215 1.9393
-0.771713 1.93886
-0.771219 1.93837
-0.770783 1.93793
-0.770289 1.93744
-0.769824 1.93697
-0.769358 1.93651
-0.768893 1.93604
-0.768399 1.93555
-0.767905 1.93505
-0.76741 1.93456
-0.766945 1.9341
-0.766451 1.9336
-0.765957 1.93311
-0.765492 1.93264
-0.764997 1.93215
-0.764532 1.93168
-0.764067 1.93122
-0.763602 1.93075
-0.763078 1.93023
-0.762584 1.92973
-0.762119 1.92927
-0.761625 1.92877
-0.761043 1.92819
-0.760549 1.9277
-0.760084 1.92723
-0.759619 1.92677
-0.759153 1.9263
-0.758688 1.92584
-0.758252 1.9254
-0.757816 1.92497
-0.757351 1.9245
-0.756915 1.92406
-0.756479 1.92363
-0.756013 1.92316
-0.755548 1.9227
-0.755083 1.92223
-0.754647 1.9218
-0.754269 1.92142
-0.753862 1.92101
-0.753455 1.9206
-0.753106 1.92026
-0.752728 1.91988
-0.75235 1.9195
-0.751972 1.91912
-0.751623 1.91877
-0.751303 1.91845
-0.750984 1.91813
-0.750664 1.91781
-0.750344 1.91749
-0.750053 1.9172
-0.749763 1.91691
-0.749501 1.91665
-0.749239 1.91639
-0.748978 1.91613
-0.748658 1.91581
-0.748396 1.91555
-0.748134 1.91528
-0.747902 1.91505
-0.747669 1.91482
-0.747437 1.91459
-0.747233 1.91438
-0.747 1.91415
-0.746826 1.91398
-0.746652 1.9138
-0.746448 1.9136
-0.746245 1.91339
-0.74607 1.91322
-0.745896 1.91305
-0.745721 1.91287
-0.745576 1.91273
-0.745401 1.91255
-0.745256 1.91241
-0.74514 1.91229
-0.744994 1.91214
-0.744849 1.912
-0.744704 1.91185
-0.744558 1.91171
-0.744413 1.91156
-0.744268 1.91142
-0.744122 1.91127
-0.744006 1.91116
-0.74386 1.91101
-0.743715 1.91087
-0.74357 1.91072
-0.743453 1.9106
-0.743308 1.91046
-0.743163 1.91031
-0.743017 1.91017
-0.742872 1.91002
-0.742727 1.90988
-0.742552 1.9097
-0.742407 1.90956
-0.742232 1.90938
-0.742029 1.90918
-0.741913 1.90906
-0.741738 1.90886
-0.741593 1.90871
-0.741389 1.90851
-0.741215 1.90834
-0.74104 1.90816
-0.740866 1.90796
-0.740691 1.90778
-0.740517 1.90761
-0.740313 1.90741
-0.740139 1.9072
-0.739935 1.907
-0.739732 1.90677
-0.739528 1.90656
-0.739325 1.90633
-0.739121 1.9061
-0.738918 1.90586
-0.738714 1.90566
-0.738482 1.90537
-0.738249 1.90511
-0.738046 1.90488
-0.737842 1.90461
-0.73761 1.90435
-0.737406 1.90409
-0.737173 1.9038
-0.736941 1.90351
-0.736679 1.90319
-0.736476 1.90293
-0.736243 1.90264
-0.73601 1.90235
-0.735778 1.90203
-0.735545 1.90174
-0.735342 1.90142
-0.735109 1.9011
-0.734877 1.90078
-0.734644 1.90043
-0.734411 1.90005
-0.734179 1.8997
-0.733975 1.89932
-0.733743 1.89894
-0.733539 1.89857
-0.733278 1.8981
-0.733074 1.89769
-0.73287 1.89729
-0.732638 1.89682
-0.732434 1.89639
-0.732231 1.89595
-0.732027 1.89551
-0.731824 1.89508
-0.731649 1.89464
-0.731446 1.89418
-0.731271 1.89374
-0.731097 1.89328
-0.730923 1.89278
-0.730719 1.89229
-0.730574 1.89179
-0.73037 1.89124
-0.730196 1.89069
-0.73005 1.89014
-0.729876 1.88955
-0.72973 1.88894
-0.729556 1.88827
-0.729411 1.88758
-0.729236 1.88688
-0.72912 1.88624
-0.728975 1.88554
-0.728829 1.88484
-0.728684 1.88415
-0.728568 1.88342
-0.728451 1.88269
-0.728306 1.88188
-0.72819 1.88109
-0.728073 1.88028
-0.727957 1.87941
-0.727841 1.87851
-0.727724 1.87758
-0.727608 1.87667
-0.727521 1.87577
-0.727434 1.87487
-0.727317 1.87394
-0.72723 1.87307
-0.727114 1.87217
-0.727027 1.87132
-0.72691 1.87045
-0.726823 1.86961
-0.726736 1.86877
-0.72662 1.86792
-0.726532 1.86711
-0.726445 1.86629
-0.7263 1.86545
-0.726213 1.86467
-0.726096 1.86391
-0.725951 1.86313
-0.725835 1.86237
-0.725718 1.86161
-0.725573 1.86083
-0.725428 1.85993
-0.725253 1.85911
-0.725079 1.85827
-0.724933 1.85743
-0.724759 1.85658
-0.724555 1.85571
-0.724352 1.85481
-0.724177 1.85394
-0.723974 1.85307
-0.72377 1.85219
-0.723538 1.85132
-0.723305 1.85045
-0.723073 1.84964
-0.72284 1.84888
-0.722578 1.84812
-0.722346 1.84745
-0.722055 1.84676
-0.721793 1.8462
-0.721532 1.84568
-0.72127 1.84524
-0.720979 1.84478
-0.720688 1.84437
-0.720369 1.84397
-0.720078 1.84362
-0.719758 1.84324
-0.719409 1.84286
-0.719089 1.84251
-0.71874 1.84213
-0.718363 1.84173
-0.718014 1.84135
-0.717636 1.84097
-0.717229 1.84056
-0.716851 1.84019
-0.716415 1.83975
-0.71592 1.83926
-0.715455 1.83879
-0.715019 1.83841
-0.714554 1.83798
-0.71406 1.83754
-0.713594 1.83716
-0.7131 1.83673
-0.712606 1.83638
-0.712112 1.83603
-0.711588 1.83565
-0.711094 1.83533
-0.7106 1.83501
-0.710076 1.83469
-0.709553 1.83434
-0.70903 1.83405
-0.708506 1.83376
-0.707954 1.83347
-0.707373 1.83312
-0.706849 1.83286
-0.706297 1.83254
-0.705773 1.83228
-0.70525 1.83199
-0.704727 1.83173
-0.704203 1.83141
-0.70368 1.83111
-0.703128 1.83077
-0.702604 1.83042
-0.702081 1.83007
-0.701587 1.82975
-0.701063 1.82937
-0.700569 1.82899
-0.700075 1.82861
-0.69961 1.82827
-0.699174 1.82792
-0.698679 1.82751
-0.698243 1.82716
-0.697778 1.82678
-0.697284 1.82635
-0.696819 1.82594
-0.696383 1.82553
-0.695917 1.82513
-0.695481 1.82475
-0.695045 1.82434
-0.694638 1.82396
-0.694144 1.82347
-0.693766 1.82312
-0.693359 1.82271
-0.692952 1.82231
-0.692574 1.82193
-0.692196 1.82155
-0.691789 1.82114
-0.691382 1.82074
-0.690975 1.82033
-0.690597 1.81995
-0.69019 1.81954
-0.689783 1.81914
-0.689405 1.81876
-0.689027 1.81838
-0.688649 1.818
-0.688271 1.81762
-0.687893 1.81725
-0.687515 1.81687
-0.687137 1.81649
-0.686759 1.81611
-0.68641 1.81576
-0.686032 1.81539
-0.685654 1.81501
-0.685276 1.81463
-0.684927 1.81428
-0.684549 1.8139
-0.6842 1.81355
-0.683852 1.81321
-0.683503 1.81286
-0.683154 1.81251
-0.682834 1.81219
-0.682485 1.81184
-0.682165 1.81152
-0.681845 1.8112
-0.681526 1.81088
-0.681235 1.81059
-0.680915 1.81027
-0.680624 1.80998
-0.680363 1.80972
-0.680072 1.80943
-0.67981 1.80916
-0.679578 1.80893
-0.679316 1.80867
-0.679113 1.80847
-0.67888 1.80823
-0.678676 1.80803
-0.678473 1.80783
-0.678269 1.80762
-0.678095 1.80745
-0.67792 1.80727
-0.677746 1.8071
-0.67763 1.80698
-0.677484 1.80684
-0.677339 1.80669
-0.677223 1.80658
-0.677077 1.80643
-0.67699 1.80634
-0.676903 1.80626
-0.676845 1.8062
-0.676758 1.80608
-0.676699 1.80602
-0.676641 1.80597
-0.676583 1.80591
-0.676554 1.80588
-0.676525 1.80585
-0.676525 1.80582
-0.676496 1.80579
-0.676496 1.80579
-0.676467 1.80576
-0.676438 1.80573
-0.676438 1.8057
-0.676438 1.8057
-0.676438 1.80568
-0.676438 1.80565
-0.676438 1.80565
-0.676438 1.80562
-0.676438 1.80559
-0.676467 1.80559
-0.676467 1.80559
-0.676467 1.80556
-0.676467 1.80553
-0.676496 1.80553
-0.676496 1.8055
-0.676496 1.80547
-0.676496 1.80547
-0.676496 1.80544
-0.676496 1.80541
-0.676496 1.80541
-0.676496 1.80536
-0.676496 1.80533
-0.676496 1.80527
-0.676496 1.80518
-0.676496 1.80509
-0.676496 1.80501
-0.676496 1.80495
-0.676467 1.8048
-0.676438 1.80469
-0.676409 1.80457
-0.67638 1.80445
-0.67638 1.80437
-0.676321 1.80422
-0.676292 1.80411
-0.676263 1.80396
-0.676234 1.80384
-0.676205 1.80373
-0.676147 1.80355
-0.676089 1.80338
-0.67606 1.80323
-0.676002 1.80303
-0.675943 1.80283
-0.675885 1.80259
-0.675798 1.80233
-0.67574 1.8021
-0.675682 1.80184
-0.675595 1.80155
-0.675507 1.80123
-0.67542 1.80094
-0.675333 1.80062
-0.675217 1.80027
-0.6751 1.79986
-0.675013 1.79954
-0.674897 1.79916
-0.674751 1.79878
-0.674635 1.79838
-0.67449 1.79797
-0.674344 1.79756
-0.67417 1.79713
-0.674025 1.79672
-0.67385 1.79628
-0.673676 1.79585
-0.673501 1.79544
-0.673298 1.79498
-0.673094 1.79448
-0.672891 1.79402
-0.672687 1.79355
-0.672455 1.79306
-0.672222 1.79256
-0.671989 1.79204
-0.671699 1.79152
-0.671437 1.79099
-0.671175 1.79044
-0.670885 1.78992
-0.670594 1.78936
-0.670303 1.78881
-0.670012 1.78829
-0.669693 1.78771
-0.669373 1.78715
-0.669024 1.7866
-0.668675 1.78611
-0.668326 1.78558
-0.667948 1.78506
-0.66757 1.78454
-0.667192 1.78404
-0.666785 1.78358
-0.666378 1.78308
-0.665942 1.78259
-0.665535 1.78213
-0.66507 1.78163
-0.664634 1.78117
-0.664198 1.78073
-0.663645 1.78015
-0.663151 1.77965
-0.662657 1.77916
-0.662133 1.77864
-0.661639 1.77814
-0.661087 1.77759
-0.660534 1.77704
-0.659982 1.77648
-0.6594 1.77593
-0.658848 1.77538
-0.658266 1.77486
-0.657714 1.7743
-0.657162 1.77378
-0.65658 1.77323
-0.655999 1.77268
-0.655388 1.77212
-0.654807 1.7716
-0.654167 1.77099
-0.653556 1.77047
-0.652946 1.76991
-0.652306 1.76933
-0.651725 1.76881
-0.651085 1.7682
-0.650475 1.76765
-0.649864 1.76712
-0.649253 1.76654
-0.648672 1.76599
-0.64812 1.76547
-0.647567 1.76494
-0.646986 1.76436
-0.646375 1.76378
-0.645765 1.76317
-0.645125 1.76253
-0.644369 1.76177
-0.643671 1.76108
-0.642973 1.76038
-0.642334 1.75974
-0.641723 1.75913
-0.6412 1.7586
-0.640706 1.75811
-0.640211 1.75762
-0.639717 1.75712
-0.639252 1.75666
-0.638729 1.75613
-0.638234 1.75564
-0.637682 1.75509
-0.637159 1.75456
-0.636606 1.75401
-0.636112 1.75352
-0.63556 1.75296
-0.635065 1.75247
-0.634571 1.75198
-0.634135 1.75154
-0.633699 1.7511
-0.633292 1.7507
-0.632827 1.75023
-0.632361 1.74977
-0.631896 1.74933
-0.631431 1.74886
-0.630995 1.74846
-0.63053 1.74802
-0.630123 1.74767
-0.629716 1.74729
-0.629309 1.74692
-0.628931 1.74657
-0.628582 1.74628
-0.628233 1.74596
-0.627884 1.74564
-0.627535 1.74532
-0.627186 1.745
-0.626866 1.74471
-0.626547 1.74445
-0.626256 1.74415
-0.625965 1.74389
-0.625703 1.74363
-0.625413 1.74334
-0.625151 1.74308
-0.624889 1.74282
-0.624628 1.74256
-0.624366 1.74229
-0.624133 1.74206
-0.623901 1.74183
-0.623668 1.7416
-0.623465 1.74139
-0.623319 1.74125
-0.623145 1.74107
-0.623 1.74093
-0.622825 1.74075
-0.622709 1.74064
-0.622593 1.74052
-0.622447 1.74037
-0.622331 1.74026
-0.622244 1.74017
-0.622156 1.74008
-0.622069 1.74
-0.622011 1.73994
-0.621953 1.73988
-0.621866 1.73979
-0.621837 1.73976
-0.621778 1.73971
-0.62172 1.73965
-0.621691 1.73959
-0.621662 1.73956
-0.621633 1.73953
-0.621604 1.7395
-0.621604 1.7395
-0.621575 1.73947
-0.621575 1.73944
-0.621546 1.73942
-0.621546 1.73942
-0.621546 1.73942
-0.621546 1.73942
-0.621517 1.73936
-0.621517 1.73936
-0.621517 1.73936
-0.621517 1.73933
-0.621517 1.73933
-0.621517 1.7393
-0.621517 1.7393
-0.621517 1.73927
-0.621517 1.73927
-0.621517 1.73924
-0.621517 1.73918
-0.621517 1.73918
-0.621488 1.7391
-0.621488 1.7391
-0.621459 1.73901
-0.621459 1.73898
-0.6214 1.73889
-0.6214 1.73883
-0.621371 1.73878
-0.621342 1.73869
-0.621313 1.73863
-0.621284 1.73854
-0.621255 1.73848
-0.621226 1.7384
-0.621168 1.73831
-0.621139 1.73822
-0.621052 1.73808
-0.620993 1.73796
-0.620935 1.73785
-0.620877 1.73773
-0.620819 1.73761
-0.620732 1.73744
-0.620674 1.73732
-0.620557 1.73715
-0.620499 1.737
-0.620383 1.73683
-0.620267 1.73662
-0.620179 1.73645
-0.620063 1.73622
-0.619976 1.73601
-0.61983 1.73578
-0.619685 1.73549
-0.619569 1.73523
-0.619394 1.73491
-0.619278 1.73465
-0.619104 1.73433
-0.618958 1.73404
-0.618813 1.73372
-0.618638 1.73337
-0.618464 1.73302
-0.61829 1.73264
-0.618115 1.73226
-0.617941 1.73189
-0.617737 1.73145
-0.617534 1.73101
-0.61733 1.73058
-0.617127 1.73008
-0.616894 1.72959
-0.616661 1.72906
-0.616429 1.72854
-0.616196 1.72796
-0.615964 1.72741
-0.615644 1.72665
-0.615382 1.72604
-0.61512 1.7254
-0.614859 1.72476
-0.614568 1.72406
-0.614277 1.72337
-0.614016 1.7227
-0.613725 1.72197
-0.613405 1.72124
-0.613114 1.72052
-0.612736 1.71959
-0.612417 1.7188
-0.612068 1.71796
-0.611748 1.71712
-0.611399 1.71627
-0.61105 1.7154
-0.610672 1.71453
-0.610294 1.7136
-0.609945 1.7127
-0.609509 1.71171
-0.609073 1.71066
-0.608608 1.70944
-0.608172 1.70834
-0.607736 1.7072
-0.6073 1.70607
-0.606863 1.7049
-0.606427 1.70374
-0.605962 1.70255
-0.605526 1.70142
-0.605061 1.70028
-0.604596 1.69918
-0.60413 1.69807
-0.603636 1.69697
-0.603084 1.6958
-0.60259 1.69479
-0.602037 1.69371
-0.601543 1.69272
-0.60099 1.69168
-0.600467 1.69072
-0.599944 1.68976
-0.59942 1.68886
-0.598868 1.68793
-0.598374 1.68708
-0.597821 1.68624
-0.597298 1.68542
-0.596775 1.68464
-0.596251 1.68391
-0.595699 1.68319
-0.595118 1.68246
-0.594565 1.68176
-0.593896 1.68101
-0.593315 1.68039
-0.592733 1.67981
-0.592152 1.67923
-0.591512 1.67862
-0.590931 1.67807
-0.590408 1.67757
-0.589826 1.67705
-0.589332 1.67664
-0.588838 1.67621
-0.588314 1.67577
-0.58782 1.67542
-0.587355 1.67513
-0.586831 1.67481
-0.586337 1.67458
-0.585814 1.67432
-0.585349 1.67414
-0.584883 1.674
-0.584418 1.67385
-0.583924 1.67371
-0.583488 1.67362
-0.58311 1.67359
-0.582703 1.67353
-0.582296 1.6735
-0.581889 1.67345
-0.581511 1.67345
-0.581133 1.67342
-0.580726 1.67342
-0.580377 1.67342
-0.579999 1.67336
-0.579592 1.6733
-0.579243 1.67324
-0.578894 1.67318
-0.578487 1.67304
-0.578138 1.67295
-0.577789 1.67281
-0.577499 1.67266
-0.577179 1.67252
-0.576888 1.67234
-0.576597 1.67214
-0.576336 1.67193
-0.576045 1.67167
-0.575754 1.67141
-0.575522 1.67118
-0.575318 1.67097
-0.575056 1.67071
-0.574853 1.67051
-0.574678 1.67034
-0.574504 1.67016
-0.57433 1.66999
-0.574184 1.66984
-0.574039 1.6697
-0.573893 1.66952
-0.573748 1.66938
-0.573661 1.66926
-0.573545 1.66911
-0.573428 1.66897
-0.57337 1.66885
-0.573283 1.66871
-0.573225 1.66862
-0.573167 1.66847
-0.573108 1.66833
-0.573079 1.66821
-0.57305 1.66813
-0.57305 1.66804
-0.573021 1.66792
-0.572992 1.66778
-0.572992 1.66772
-0.572992 1.66763
-0.572992 1.66754
-0.572992 1.66749
-0.572992 1.66743
-0.572992 1.66734
-0.572992 1.66731
-0.572992 1.66728
-0.573021 1.66725
-0.573021 1.66722
-0.57305 1.66722
-0.57305 1.6672
-0.573079 1.6672
-0.573079 1.66717
-0.573079 1.66711
-0.573108 1.66714
-0.573108 1.66711
-0.573108 1.66711
-0.573108 1.66708
-0.573108 1.66705
-0.573108 1.66702
-0.573108 1.66699
-0.573108 1.66693
-0.573108 1.6669
-0.573079 1.66682
-0.573079 1.66676
-0.57305 1.66667
-0.57305 1.66658
-0.573021 1.66647
-0.572992 1.66635
-0.572934 1.66624
-0.572905 1.66612
-0.572876 1.666
-0.572847 1.66589
-0.572789 1.66571
-0.57276 1.66557
-0.572701 1.66542
-0.572643 1.66525
-0.572614 1.6651
-0.572556 1.66493
-0.572469 1.66472
-0.572411 1.66455
-0.572323 1.66429
-0.572265 1.66408
-0.572149 1.66382
-0.572062 1.66356
-0.572004 1.66333
-0.571887 1.66301
-0.5718 1.66275
-0.571684 1.66243
-0.571597 1.66217
-0.57148 1.66182
-0.571364 1.6615
-0.571219 1.66112
-0.571102 1.6608
-0.570928 1.66039
-0.570812 1.66007
-0.570666 1.65972
-0.570521 1.65935
-0.570346 1.65897
-0.570201 1.65865
-0.570027 1.6583
-0.569852 1.65792
-0.569649 1.65751
-0.569474 1.65716
-0.569242 1.65676
-0.569038 1.65638
-0.568835 1.656
-0.568602 1.65562
-0.568398 1.65525
-0.568195 1.65487
-0.567962 1.65446
-0.56773 1.65405
-0.567468 1.65362
-0.567235 1.65318
-0.566945 1.65269
-0.566654 1.65216
-0.566392 1.6517
-0.566073 1.65115
-0.565782 1.65062
-0.565462 1.65007
-0.565142 1.64952
-0.564822 1.64899
-0.564415 1.64836
-0.564066 1.6478
-0.563747 1.64731
-0.56334 1.64667
-0.562962 1.64609
-0.562584 1.64554
-0.562235 1.64501
-0.561799 1.64443
-0.561421 1.64391
-0.561043 1.64338
-0.560636 1.64283
-0.560258 1.64234
-0.559851 1.64181
-0.559444 1.64123
-0.558949 1.64062
-0.558513 1.64001
-0.558077 1.63946
-0.557583 1.63882
-0.557118 1.63824
-0.556682 1.63769
-0.556216 1.63707
-0.555722 1.63646
-0.555257 1.63588
-0.554734 1.63521
-0.554268 1.63463
-0.553803 1.63408
-0.55328 1.63344
-0.552698 1.63277
-0.552146 1.63213
-0.551623 1.63155
-0.551099 1.63097
-0.550576 1.63036
-0.550053 1.62981
-0.549529 1.62925
-0.548977 1.6287
-0.548483 1.62821
-0.547959 1.62768
-0.547436 1.62716
-0.546913 1.62664
-0.546389 1.62611
-0.545866 1.62559
-0.545343 1.62507
-0.54479 1.62451
-0.544267 1.62399
-0.543744 1.62347
-0.543249 1.62297
-0.542726 1.62248
-0.542232 1.62199
-0.541738 1.62149
-0.541272 1.62105
-0.540778 1.62059
-0.540313 1.62012
-0.539848 1.61969
-0.539353 1.61922
-0.538888 1.61876
-0.538423 1.61832
-0.537958 1.61786
-0.537493 1.61742
-0.537057 1.61701
-0.53662 1.61661
-0.536184 1.6162
-0.535777 1.61582
-0.535341 1.61541
-0.534934 1.61501
-0.534498 1.6146
-0.534062 1.61416
-0.533684 1.61379
-0.533248 1.61338
-0.53287 1.613
-0.532463 1.61259
-0.532114 1.61225
-0.531736 1.6119
-0.531358 1.61152
-0.531009 1.61117
-0.53066 1.61082
-0.530311 1.61047
-0.529963 1.61012
-0.529614 1.60977
-0.529265 1.60943
-0.528916 1.60908
-0.528596 1.60876
-0.528276 1.60844
-0.527956 1.60812
-0.527666 1.60783
-0.527346 1.60751
-0.527026 1.60719
-0.526706 1.60687
-0.526445 1.6066
-0.526125 1.60629
-0.525834 1.60599
-0.525543 1.6057
-0.525311 1.60547
-0.52502 1.60518
-0.524758 1.60492
-0.524526 1.60469
-0.524351 1.60451
-0.524177 1.60434
-0.524002 1.60416
-0.523828 1.60399
-0.523683 1.60387
-0.523537 1.60373
-0.523392 1.60358
-0.523275 1.60346
-0.523188 1.60338
-0.523072 1.60326
-0.523014 1.6032
-0.522927 1.60312
-0.522868 1.60306
-0.522839 1.60303
-0.522781 1.60297
-0.522752 1.60294
-0.522752 1.60294
-0.522752 1.60294
-0.522723 1.60291
-0.522723 1.60291
-0.522723 1.60291
-0.522723 1.60291
-0.522723 1.60291
-0.522723 1.60288
-0.522723 1.60283
-0.522723 1.6028
-0.522752 1.6028
-0.522752 1.60277
-0.522781 1.6028
-0.522781 1.60277
-0.522781 1.60274
-0.522839 1.6028
-0.522839 1.60277
-0.522839 1.60277
-0.522839 1.60277
-0.522839 1.60274
-0.522839 1.60274
-0.522839 1.60274
-0.522839 1.60271
-0.522839 1.60271
-0.522839 1.60271
-0.522839 1.60271
-0.522839 1.60271
-0.522839 1.60271
-0.522839 1.60271
-0.522839 1.60271
-0.52281 1.60265
-0.52281 1.60265
-0.52281 1.60265
-0.52281 1.60259
-0.522781 1.60256
-0.522781 1.60256
-0.522781 1.60253
-0.522781 1.60253
-0.522752 1.60248
-0.522723 1.60245
-0.522723 1.60242
-0.522694 1.60236
-0.522694 1.60233
-0.522665 1.60227
-0.522665 1.60221
-0.522607 1.6021
-0.522578 1.60198
-0.522578 1.60189
-0.522549 1.60178
-0.52252 1.6016
-0.52249 1.60146
-0.522461 1.60131
-0.522461 1.60117
-0.522432 1.60099
-0.522403 1.60079
-0.522374 1.60059
-0.522287 1.60032
-0.522258 1.60009
-0.522229 1.59983
-0.522171 1.59951
-0.522113 1.59922
-0.522054 1.59887
-0.521967 1.59846
-0.521909 1.59797
-0.521793 1.59748
-0.521735 1.59701
-0.521647 1.59649
-0.52156 1.59596
-0.521415 1.59527
-0.521298 1.59468
-0.521182 1.59402
-0.521095 1.59341
-0.520979 1.59279
-0.520804 1.59201
-0.520659 1.59131
-0.520513 1.59056
-0.520368 1.58992
-0.520194 1.58925
-0.51999 1.58849
-0.519845 1.58791
-0.51967 1.58727
-0.519496 1.58669
-0.519292 1.58605
-0.519089 1.58541
-0.518885 1.58474
-0.518653 1.58407
-0.518449 1.58343
-0.518217 1.58274
-0.518013 1.58204
-0.51778 1.58134
-0.517548 1.58064
-0.517286 1.57994
-0.517054 1.57925
-0.516763 1.57852
-0.516501 1.57782
-0.51624 1.57715
-0.515891 1.57637
-0.5156 1.5757
-0.515309 1.57506
-0.515018 1.57445
-0.514699 1.57384
-0.514379 1.57326
-0.51403 1.57268
-0.51371 1.57212
-0.513361 1.5716
-0.513012 1.57113
-0.512663 1.57067
-0.512256 1.5702
-0.511878 1.56977
-0.51153 1.56942
-0.511181 1.56907
-0.510803 1.56869
-0.510425 1.56831
-0.510047 1.56794
-0.50964 1.56753
-0.509233 1.56712
-0.508768 1.56666
-0.50836 1.56628
-0.507953 1.56593
-0.507517 1.56552
-0.507081 1.56515
-0.506616 1.56471
-0.50618 1.56436
-0.505715 1.56395
-0.50522 1.56358
-0.504755 1.56323
-0.504261 1.56285
-0.503767 1.56247
-0.503273 1.56212
-0.502807 1.5618
-0.502342 1.56148
-0.501848 1.56116
-0.501383 1.56084
-0.500888 1.56052
-0.500394 1.56017
-0.4999 1.55985
-0.499377 1.5595
-0.498853 1.55916
-0.49833 1.55878
-0.497807 1.55843
-0.497312 1.55808
-0.496789 1.55773
-0.496295 1.55738
-0.49583 1.55706
-0.495335 1.55671
-0.49487 1.55639
-0.494376 1.55602
-0.493911 1.5557
-0.493416 1.55532
-0.492951 1.555
-0.492486 1.55465
-0.492021 1.5543
-0.491527 1.55395
-0.49109 1.55363
-0.490625 1.55331
-0.490189 1.55302
-0.489753 1.5527
-0.489346 1.55244
-0.48891 1.55215
-0.488503 1.55189
-0.488096 1.55163
-0.487689 1.55136
-0.487282 1.55113
-0.486875 1.55087
-0.486497 1.55067
-0.486032 1.55038
-0.485683 1.55017
-0.485305 1.54994
-0.484956 1.54974
-0.484607 1.5495
-0.484287 1.5493
-0.483938 1.5491
-0.483618 1.54889
-0.483299 1.54869
-0.482979 1.54849
-0.482688 1.54831
-0.482368 1.54811
-0.482048 1.5479
-0.481729 1.5477
-0.481409 1.5475
-0.481118 1.54729
-0.480827 1.54712
-0.480508 1.54692
-0.480246 1.54677
-0.479955 1.54657
-0.479693 1.54642
-0.479374 1.54619
-0.479112 1.54601
-0.47885 1.54581
-0.478589 1.54564
-0.478327 1.54546
-0.478065 1.54526
-0.477833 1.54506
-0.477571 1.54482
-0.477338 1.54465
-0.477077 1.54439
-0.476844 1.54421
-0.476612 1.54401
-0.476379 1.54378
-0.476146 1.54354
-0.475914 1.54331
-0.47571 1.54311
-0.475478 1.54287
-0.475274 1.54267
-0.475071 1.54247
-0.474896 1.54229
-0.474664 1.54206
-0.474489 1.54189
-0.474286 1.54168
-0.47414 1.54154
-0.473937 1.54133
-0.473791 1.54119
-0.473617 1.54101
-0.473472 1.54087
-0.473297 1.54069
-0.473181 1.54058
-0.473035 1.54043
-0.472919 1.54032
-0.472803 1.5402
-0.472687 1.54008
-0.47257 1.53997
-0.472483 1.53988
-0.472396 1.53979
-0.472309 1.53971
-0.472221 1.53959
-0.472134 1.5395
-0.472047 1.53941
-0.471989 1.53936
-0.471931 1.5393
-0.471902 1.53927
-0.471873 1.53924
-0.471843 1.53921
-0.471814 1.53918
-0.471785 1.53915
-0.471756 1.53912
-0.471756 1.53912
-0.471727 1.53909
-0.471727 1.53909
-0.471727 1.53909
-0.471727 1.53909
-0.471727 1.53909
-0.471727 1.53909
-0.471727 1.53907
-0.471727 1.53907
-0.471727 1.53904
-0.471727 1.53904
-0.471727 1.53901
-0.471727 1.53901
-0.471727 1.53898
-0.471727 1.53898
-0.471727 1.53895
-0.471727 1.53895
-0.471727 1.53892
-0.471727 1.53892
-0.471727 1.53886
-0.471727 1.53886
-0.471727 1.53883
-0.471727 1.53883
-0.471727 1.5388
-0.471727 1.53878
-0.471727 1.53875
-0.471727 1.53872
-0.471727 1.53869
-0.471727 1.53869
-0.471727 1.53866
-0.471727 1.53863
-0.471698 1.5386
-0.471669 1.53854
-0.47164 1.53851
-0.471611 1.53843
-0.471611 1.5384
-0.471553 1.53834
-0.471524 1.53828
-0.471495 1.53825
-0.471436 1.53816
-0.471407 1.53811
-0.471378 1.53808
-0.47132 1.53799
-0.471262 1.5379
-0.471233 1.53784
-0.471175 1.53779
-0.471088 1.53767
-0.471058 1.53758
-0.470971 1.53744
-0.470913 1.53735
-0.470855 1.53726
-0.470768 1.53712
-0.47068 1.537
-0.470593 1.53686
-0.470477 1.53665
-0.470419 1.53654
-0.470303 1.53639
-0.470215 1.53625
-0.470099 1.53607
-0.469954 1.53587
-0.469837 1.53566
-0.469721 1.53549
-0.469605 1.53532
-0.469488 1.53514
-0.469343 1.53494
-0.469227 1.53473
-0.469081 1.53453
-0.468907 1.5343
-0.468762 1.53407
-0.468587 1.5338
-0.468442 1.5336
-0.468267 1.53334
-0.468093 1.53308
-0.467918 1.53284
-0.467744 1.53258
-0.46754 1.53229
-0.467366 1.53206
-0.467192 1.5318
-0.466988 1.53151
-0.466814 1.53127
-0.46661 1.53098
-0.466407 1.53072
-0.466203 1.53046
-0.466 1.5302
-0.465767 1.52991
-0.465563 1.52962
-0.465331 1.52936
-0.465098 1.52906
-0.464866 1.52877
-0.464633 1.52848
-0.4644 1.52822
-0.464168 1.52793
-0.463935 1.52764
-0.463645 1.52732
-0.463412 1.52703
-0.46315 1.52671
-0.462918 1.52645
-0.462627 1.52613
-0.462365 1.52587
-0.462104 1.52558
-0.461813 1.52526
-0.461551 1.52499
-0.46126 1.5247
-0.460999 1.52444
-0.460708 1.52412
-0.460417 1.52383
-0.460098 1.52351
-0.459836 1.52325
-0.459516 1.52293
-0.459225 1.52264
-0.458905 1.52232
-0.458586 1.522
-0.458266 1.52168
-0.457946 1.52136
-0.457655 1.52107
-0.457335 1.52075
-0.456958 1.52037
-0.456609 1.52002
-0.456289 1.5197
-0.455911 1.51932
-0.455562 1.51898
-0.455213 1.51863
-0.454864 1.51828
-0.454515 1.51793
-0.454137 1.51755
-0.45373 1.51714
-0.453381 1.5168
-0.453003 1.51642
-0.452625 1.51604
-0.452248 1.51566
-0.45184 1.51528
-0.451463 1.51493
-0.451055 1.51453
-0.450648 1.51412
-0.450241 1.51371
-0.449834 1.51331
-0.449427 1.5129
-0.44902 1.51249
-0.448613 1.51209
-0.448206 1.51168
-0.44777 1.51124
-0.447334 1.51081
-0.446898 1.51037
-0.446462 1.50993
-0.446026 1.5095
-0.44559 1.50906
-0.445183 1.50868
-0.444775 1.50828
-0.444339 1.50784
-0.443932 1.50743
-0.443554 1.50706
-0.44306 1.50659
-0.442653 1.50618
-0.442246 1.50578
-0.441839 1.50537
-0.441461 1.50499
-0.441083 1.50464
-0.440676 1.50424
-0.440298 1.50389
-0.439949 1.50357
-0.4396 1.50325
-0.439251 1.50293
-0.438903 1.50261
-0.438583 1.50232
-0.438263 1.50203
-0.437972 1.50176
-0.437681 1.5015
-0.437391 1.50124
-0.4371 1.50101
-0.436838 1.50075
-0.436577 1.50054
-0.436315 1.50031
-0.436082 1.50011
-0.43585 1.49993
-0.435646 1.49976
-0.435414 1.49958
-0.435239 1.49944
-0.435036 1.49926
-0.434861 1.49915
-0.434716 1.49903
-0.434541 1.49891
-0.434425 1.49883
-0.434309 1.49877
-0.434163 1.49862
-0.434047 1.49854
-0.43396 1.49848
-0.433873 1.49839
-0.433785 1.49833
-0.433727 1.49827
-0.43364 1.49819
-0.433611 1.49816
-0.433524 1.49807
-0.433495 1.49804
-0.433437 1.49798
-0.433408 1.49796
-0.433378 1.49793
-0.433349 1.4979
-0.433349 1.4979
-0.43332 1.49787
-0.43332 1.49787
-0.43332 1.49787
-0.43332 1.49787
-0.43332 1.49787
-0.43332 1.49787
-0.43332 1.49787
-0.43332 1.49787
-0.43332 1.49787
-0.43332 1.49784
-0.43332 1.49784
-0.43332 1.49784
-0.43332 1.49781
-0.43332 1.49781
-0.43332 1.49781
-0.43332 1.49781
-0.43332 1.49778
-0.43332 1.49778
-0.43332 1.49778
-0.43332 1.49778
-0.43332 1.49778
-0.43332 1.49778
-0.43332 1.49778
-0.43332 1.49778
-0.43332 1.49778
-0.43332 1.49778
-0.433291 1.49775
-0.433291 1.49775
-0.433233 1.49769
-0.433233 1.49769
-0.433204 1.49766
-0.433204 1.49766
-0.433175 1.49764
-0.433146 1.49761
-0.433117 1.49758
-0.433088 1.49755
-0.433059 1.49749
-0.43303 1.49746
-0.433 1.49743
-0.432942 1.49734
-0.432884 1.49729
-0.432855 1.49726
-0.432826 1.49723
-0.432797 1.49717
-0.432739 1.49711
-0.432681 1.49702
-0.432593 1.49691
-0.432535 1.49685
-0.432477 1.49676
-0.43239 1.49665
-0.432332 1.49656
-0.432245 1.49644
-0.432157 1.49636
-0.43207 1.49624
-0.431954 1.49612
-0.431867 1.49601
-0.43175 1.49586
-0.431663 1.49575
-0.431547 1.49563
-0.43143 1.49548
-0.431285 1.49534
-0.431169 1.49519
-0.431023 1.49502
-0.430878 1.49487
-0.430733 1.49473
-0.430587 1.49455
-0.430413 1.49438
-0.430238 1.49415
-0.430064 1.49397
-0.42989 1.4938
-0.429657 1.49356
-0.429453 1.49333
-0.42925 1.49313
-0.429017 1.4929
-0.428785 1.49266
-0.428552 1.4924
-0.42829 1.49214
-0.428058 1.49191
-0.427738 1.49159
-0.427476 1.49133
-0.427186 1.49104
-0.426895 1.49074
-0.426575 1.49042
-0.426255 1.49011
-0.425935 1.48979
-0.425616 1.48947
-0.425296 1.48915
-0.424947 1.4888
-0.42454 1.48839
-0.424162 1.48801
-0.423813 1.48766
-0.423464 1.48731
-0.423057 1.48691
-0.422592 1.48644
-0.422185 1.48603
-0.421749 1.4856
-0.421342 1.48519
-0.420935 1.48478
-0.420557 1.48441
-0.42015 1.484
-0.419743 1.48359
-0.419307 1.48316
-0.4189 1.48275
-0.418493 1.48234
-0.418085 1.48194
-0.417649 1.4815
-0.417213 1.48106
-0.416835 1.48069
-0.416428 1.48028
-0.41605 1.4799
-0.415672 1.47952
-0.415265 1.47912
-0.414916 1.4788
-0.414509 1.47839
-0.414131 1.47801
-0.413753 1.47763
-0.413375 1.47725
-0.412968 1.47685
-0.41259 1.4765
-0.412242 1.47615
-0.411835 1.47574
-0.411457 1.47536
-0.411108 1.47504
-0.41073 1.47467
-0.41041 1.47435
-0.410061 1.47403
-0.409683 1.47365
-0.409334 1.4733
-0.408985 1.47295
-0.408665 1.47266
-0.408317 1.47231
-0.408026 1.47202
-0.407706 1.4717
-0.407386 1.47138
-0.407095 1.47109
-0.406776 1.4708
-0.406485 1.47051
-0.406165 1.47022
-0.405903 1.46999
-0.405613 1.4697
-0.405351 1.46949
-0.405089 1.46926
-0.404828 1.469
-0.404537 1.46874
-0.404304 1.4685
-0.404043 1.46827
-0.40381 1.46807
-0.403578 1.46786
-0.403345 1.46763
-0.403112 1.46743
-0.40288 1.46719
-0.402676 1.46702
-0.402444 1.46682
-0.402211 1.46658
-0.402008 1.46641
-0.401775 1.46624
-0.401542 1.466
-0.401339 1.46583
-0.401135 1.46565
-0.400961 1.46548
-0.400757 1.4653
-0.400554 1.46513
-0.40035 1.46493
-0.400147 1.46475
-0.399943 1.46455
-0.39974 1.46437
-0.399536 1.4642
-0.399362 1.46403
-0.399158 1.46382
-0.398984 1.46368
-0.39878 1.46347
-0.398606 1.46333
-0.398402 1.46312
-0.398228 1.46301
-0.398053 1.46283
-0.39785 1.46263
-0.397646 1.46246
-0.397472 1.46228
-0.397298 1.46211
-0.397094 1.46193
-0.39692 1.46176
-0.396745 1.46158
-0.396542 1.46141
-0.396367 1.46123
-0.396164 1.46103
-0.395989 1.46089
-0.395786 1.46068
-0.395611 1.46051
-0.395437 1.46036
-0.395233 1.46016
-0.39503 1.45996
-0.394855 1.45981
-0.394681 1.45964
-0.394506 1.45946
-0.394332 1.45929
-0.394158 1.45914
-0.393954 1.45894
-0.393809 1.45879
-0.393605 1.45862
-0.393402 1.45841
-0.393256 1.45827
-0.393082 1.45812
-0.392907 1.45795
-0.392733 1.45777
-0.392588 1.45763
-0.392442 1.45754
-0.392268 1.45737
-0.392151 1.45725
-0.392006 1.45714
-0.391861 1.45699
-0.391715 1.45687
-0.39157 1.45673
-0.391425 1.45661
-0.391308 1.45652
-0.391192 1.45641
-0.391047 1.45629
-0.39093 1.45618
-0.390814 1.45609
-0.390727 1.456
-0.39061 1.45588
-0.390523 1.4558
-0.390436 1.45571
-0.39032 1.45562
-0.390233 1.45554
-0.390145 1.45545
-0.390058 1.45536
-0.39 1.4553
-0.389942 1.45525
-0.389855 1.45516
-0.389796 1.4551
-0.389738 1.45504
-0.38968 1.45498
-0.389651 1.45495
-0.389593 1.4549
-0.389564 1.45487
-0.389506 1.45481
-0.389477 1.45478
-0.389448 1.45475
-0.389418 1.45472
-0.389389 1.45469
-0.38936 1.45466
-0.38936 1.45466
-0.389331 1.45463
-0.389331 1.45463
-0.389302 1.45461
-0.389302 1.45461
-0.389302 1.45461
-0.389273 1.45458
-0.389273 1.45458
-0.389273 1.45458
-0.389273 1.45458
-0.389244 1.45455
-0.389244 1.45455
-0.389244 1.45455
-0.389244 1.45455
-0.389244 1.45455
-0.389244 1.45455
-0.389244 1.45455
-0.389186 1.45449
-0.389186 1.45449
-0.389186 1.45449
-0.389186 1.45449
-0.389186 1.45449
-0.389186 1.45449
-0.389157 1.45446
-0.389157 1.45446
-0.389128 1.45443
-0.389099 1.4544
-0.389099 1.4544
-0.38907 1.45437
-0.38904 1.45434
-0.38904 1.45434
-0.389011 1.45431
-0.388982 1.45429
-0.388953 1.45426
-0.388924 1.45423
-0.388837 1.45414
-0.388808 1.45408
-0.388779 1.45405
-0.388721 1.454
-0.388692 1.45397
-0.388633 1.45391
-0.388546 1.45379
-0.388517 1.45373
-0.388459 1.45368
-0.388401 1.45362
-0.388343 1.45356
-0.388255 1.45347
-0.388168 1.45336
-0.38811 1.4533
-0.388023 1.45321
-0.387907 1.45309
-0.387819 1.45298
-0.387732 1.45289
-0.387645 1.4528
-0.387558 1.45269
-0.387441 1.45257
-0.387354 1.45248
-0.387238 1.45237
-0.387122 1.45225
-0.387034 1.45216
-0.386889 1.45202
-0.386773 1.45187
-0.386656 1.45176
-0.386511 1.45161
-0.386395 1.45149
-0.386278 1.45138
-0.386162 1.45123
-0.386017 1.45109
-0.385871 1.45094
-0.385755 1.45083
-0.38561 1.45068
-0.385435 1.45051
-0.38529 1.45036
-0.385145 1.45022
-0.385028 1.4501
-0.384883 1.44995
-0.384738 1.44981
-0.384563 1.44963
-0.384389 1.44946
-0.384243 1.44931
-0.384069 1.44914
-0.383894 1.44897
-0.383749 1.44882
-0.383545 1.44862
-0.383371 1.44844
-0.383168 1.44824
-0.382993 1.44806
-0.382819 1.44789
-0.382615 1.44769
-0.382441 1.44751
-0.382208 1.44728
-0.382034 1.4471
-0.381801 1.44687
-0.381598 1.44667
-0.381365 1.44644
-0.381132 1.4462
-0.3809 1.44597
-0.380696 1.44577
-0.380464 1.44553
-0.380231 1.4453
-0.379969 1.44504
-0.379737 1.44481
-0.379475 1.44455
-0.379184 1.44426
-0.378923 1.44399
-0.378661 1.44373
-0.378399 1.44347
-0.378109 1.44318
-0.377818 1.44289
-0.377527 1.4426
-0.377207 1.44228
-0.376917 1.44199
-0.376597 1.44167
-0.376306 1.44138
-0.375928 1.441
-0.375637 1.44071
-0.375288 1.44036
-0.37494 1.44001
-0.374591 1.43966
-0.374242 1.43931
-0.373893 1.43896
-0.373544 1.43861
-0.373166 1.43824
-0.372788 1.43786
-0.37241 1.43748
-0.372003 1.43707
-0.371625 1.4367
-0.371247 1.43632
-0.37084 1.43591
-0.370462 1.43553
-0.370055 1.43513
-0.36959 1.43466
-0.369183 1.43425
-0.368776 1.43385
-0.368369 1.43344
-0.367962 1.43303
-0.367555 1.43263
-0.367119 1.43219
-0.366683 1.43178
-0.366275 1.43138
-0.365868 1.43097
-0.365461 1.43056
-0.365025 1.43015
-0.364647 1.42978
-0.36424 1.4294
-0.363862 1.42902
-0.363455 1.42861
-0.363077 1.42826
-0.36267 1.42789
-0.362292 1.42751
-0.361943 1.42719
-0.361565 1.42681
-0.361188 1.42646
-0.360839 1.42614
-0.36049 1.42582
-0.360141 1.4255
-0.359763 1.42518
-0.359443 1.42489
-0.359094 1.42457
-0.358803 1.42434
-0.358455 1.42408
-0.358193 1.42387
-0.357873 1.42364
-0.357582 1.42344
-0.357292 1.42323
-0.35703 1.42303
-0.356768 1.42289
-0.356507 1.42271
-0.356245 1.42254
-0.355983 1.42236
-0.35578 1.42225
-0.355547 1.4221
-0.355285 1.42193
-0.355082 1.42181
-0.354878 1.42169
-0.354675 1.42158
-0.3545 1.42146
-0.354326 1.42137
-0.354123 1.42126
-0.353948 1.42117
-0.353774 1.42105
-0.353628 1.421
-0.353483 1.42094
-0.353338 1.42088
-0.353192 1.42082
-0.353047 1.42076
-0.35293 1.42073
-0.352814 1.42071
-0.352669 1.42062
-0.352553 1.42059
-0.352436 1.42056
-0.352349 1.42053
-0.352262 1.4205
-0.352145 1.42047
-0.352058 1.42041
-0.351942 1.42033
-0.351884 1.4203
-0.351797 1.42021
-0.351738 1.42018
-0.35168 1.42012
-0.351593 1.42004
-0.351564 1.42001
-0.351506 1.41995
-0.351448 1.41989
-0.351419 1.41986
-0.35136 1.4198
-0.351273 1.41972
-0.351244 1.41969
-0.351215 1.41966
-0.351186 1.41963
-0.351157 1.4196
-0.351128 1.41957
-0.351099 1.41954
-0.35107 1.41951
-0.351041 1.41948
-0.350983 1.41943
-0.350983 1.41943
-0.350983 1.41943
-0.350953 1.4194
-0.350953 1.4194
-0.350924 1.41937
-0.350924 1.41937
-0.350895 1.41934
-0.350895 1.41934
-0.350866 1.41931
-0.350866 1.41928
-0.350866 1.41928
-0.350866 1.41928
-0.350837 1.41925
-0.350837 1.41925
-0.350837 1.41925
-0.350808 1.41922
-0.350779 1.41919
-0.350779 1.41919
-0.35075 1.41916
-0.350721 1.41914
-0.350721 1.41914
-0.350663 1.41905
-0.350634 1.41902
-0.350605 1.41899
-0.350575 1.41896
-0.350546 1.41893
-0.350517 1.4189
-0.350459 1.41884
-0.35043 1.41882
-0.350401 1.41876
-0.350314 1.41867
-0.350285 1.41864
-0.350227 1.41858
-0.350168 1.41852
-0.350081 1.41841
-0.349994 1.41832
-0.349936 1.41826
-0.34982 1.41815
-0.349761 1.41806
-0.349645 1.41794
-0.349529 1.41783
-0.349442 1.41774
-0.349325 1.41759
-0.349238 1.41751
-0.349122 1.41739
-0.349005 1.41727
-0.348889 1.41716
-0.348744 1.41701
-0.348598 1.41687
-0.348453 1.41669
-0.348308 1.41655
-0.348133 1.41637
-0.347959 1.4162
-0.347813 1.41605
-0.347639 1.41588
-0.347406 1.41565
-0.347232 1.41547
-0.347028 1.41527
-0.346825 1.41506
-0.346592 1.41483
-0.346389 1.41463
-0.346127 1.41437
-0.345924 1.41416
-0.345691 1.41393
-0.345429 1.41367
-0.345168 1.41341
-0.344906 1.41315
-0.344615 1.41286
-0.344325 1.41256
-0.343976 1.41222
-0.343656 1.4119
-0.343365 1.41161
-0.343045 1.41129
-0.342725 1.41097
-0.342377 1.41062
-0.342057 1.4103
-0.341708 1.40995
-0.341359 1.4096
-0.34101 1.40925
-0.340661 1.4089
-0.340283 1.40852
-0.339934 1.40817
-0.339556 1.4078
-0.339208 1.40745
-0.3388 1.40704
-0.338423 1.40666
-0.338015 1.40626
-0.337638 1.40588
-0.337289 1.40553
-0.336911 1.40515
-0.336504 1.40474
-0.336126 1.40437
-0.335719 1.40396
-0.33537 1.40361
-0.334992 1.40323
-0.334643 1.40288
-0.334265 1.4025
-0.333916 1.40216
-0.33348 1.40172
-0.333102 1.40134
-0.332695 1.40096
-0.332346 1.40062
-0.33191 1.40018
-0.331503 1.39983
-0.331183 1.39954
-0.330747 1.3991
-0.330427 1.39878
-0.330078 1.39846
-0.329817 1.3982
-0.329526 1.39794
-0.329235 1.39765
-0.328973 1.39739
-0.328712 1.39713
-0.328421 1.39686
-0.328101 1.39654
-0.327869 1.39631
-0.327607 1.39605
-0.327345 1.39579
-0.327113 1.39559
-0.32688 1.39535
-0.326648 1.39515
-0.326415 1.39495
-0.326182 1.39471
-0.325979 1.39454
-0.325775 1.39434
-0.325543 1.39413
-0.32531 1.39393
-0.325107 1.39372
-0.324874 1.39355
-0.32467 1.39335
-0.324496 1.3932
-0.324234 1.39297
-0.324031 1.39279
-0.323856 1.39262
-0.323682 1.39247
-0.323478 1.3923
-0.323304 1.39213
-0.32313 1.39195
-0.322955 1.39181
-0.322752 1.3916
-0.322577 1.39146
-0.322403 1.39131
-0.322228 1.39114
-0.322054 1.39099
-0.321908 1.3909
-0.321734 1.39073
-0.321589 1.39061
-0.321443 1.39047
-0.321298 1.39035
-0.321123 1.39021
-0.320978 1.39006
-0.320804 1.38992
-0.320687 1.38983
-0.320513 1.38965
-0.320397 1.38957
-0.32028 1.38945
-0.320135 1.38931
-0.31999 1.38919
-0.319873 1.38907
-0.319728 1.38896
-0.319612 1.38884
-0.319495 1.38872
-0.31935 1.38858
-0.319234 1.38849
-0.319117 1.38837
-0.31903 1.38829
-0.318914 1.38823
-0.318798 1.38811
-0.318681 1.388
-0.318565 1.38788
-0.318478 1.38779
-0.318361 1.38768
-0.318274 1.38762
-0.318187 1.38753
-0.3181 1.38744
-0.318013 1.38736
-0.317925 1.38727
-0.317838 1.38718
-0.317722 1.38707
-0.317635 1.38698
-0.317576 1.38692
-0.317518 1.38686
-0.317431 1.38678
-0.317373 1.38672
-0.317286 1.38663
-0.317228 1.38657
-0.31714 1.38649
-0.317082 1.38643
-0.317024 1.38637
-0.316966 1.38631
-0.316879 1.38622
-0.31682 1.38617
-0.316762 1.38611
-0.316733 1.38608
-0.316646 1.38599
-0.316588 1.38593
-0.316559 1.3859
-0.316501 1.38585
-0.316443 1.38579
-0.316384 1.38573
-0.316326 1.38567
-0.316268 1.38561
-0.31621 1.38555
-0.316152 1.3855
-0.316123 1.38547
-0.316065 1.38541
-0.316006 1.38535
-0.315948 1.38529
-0.31589 1.38523
-0.315832 1.38518
-0.315803 1.38515
-0.315745 1.38509
-0.315658 1.385
-0.315628 1.38497
-0.31557 1.38492
-0.315512 1.38486
-0.315454 1.3848
-0.315396 1.38474
-0.315338 1.38468
-0.31528 1.38462
-0.315221 1.38457
-0.315163 1.38451
-0.315105 1.38445
-0.315047 1.38439
-0.314989 1.3843
-0.314931 1.38425
-0.314843 1.38416
-0.314785 1.3841
-0.314756 1.38407
-0.31464 1.38396
-0.314553 1.38387
-0.314524 1.38384
-0.314436 1.38375
-0.314378 1.38369
-0.314291 1.38361
-0.314233 1.38355
-0.314146 1.38346
-0.314058 1.38337
-0.313971 1.38329
-0.313913 1.38323
-0.313826 1.38314
-0.31371 1.38303
-0.313651 1.38297
-0.313564 1.38288
-0.313448 1.38276
-0.313332 1.38265
-0.313215 1.38253
-0.313157 1.38247
-0.313041 1.38236
-0.312954 1.38227
-0.312837 1.38215
-0.312721 1.38204
-0.312605 1.38192
-0.312518 1.38183
-0.312372 1.38169
-0.312285 1.3816
-0.31214 1.38143
-0.311994 1.38128
-0.311849 1.38114
-0.311733 1.38102
-0.311587 1.38087
-0.311442 1.38073
-0.311296 1.38058
-0.311151 1.38044
-0.311006 1.38029
-0.310831 1.38012
-0.310657 1.37994
-0.310511 1.3798
-0.310366 1.37965
-0.310192 1.37948
-0.309988 1.37927
-0.309843 1.3791
-0.309668 1.37893
-0.309494 1.37875
-0.30929 1.37855
-0.309116 1.37837
-0.308941 1.3782
-0.308738 1.378
-0.308563 1.37782
-0.30836 1.37762
-0.308156 1.37741
-0.307982 1.37724
-0.30772 1.37698
-0.307517 1.37677
-0.307313 1.37657
-0.307081 1.37634
-0.306877 1.37613
-0.306615 1.37587
-0.306383 1.37564
-0.306179 1.37544
-0.305947 1.3752
-0.305714 1.37497
-0.305453 1.37471
-0.30522 1.37448
-0.304958 1.37422
-0.304726 1.37398
-0.304493 1.37375
-0.304231 1.37349
-0.30397 1.37323
-0.303708 1.37297
-0.303446 1.3727
-0.303185 1.37244
-0.302894 1.37215
-0.302632 1.37189
-0.302371 1.37163
-0.30208 1.37134
-0.301818 1.37108
-0.301528 1.37079
-0.301237 1.37049
-0.300946 1.3702
-0.300655 1.36991
-0.300365 1.36962
-0.300074 1.36933
-0.299783 1.36904
-0.299463 1.36872
-0.299143 1.3684
-0.298824 1.36808
-0.298504 1.36776
-0.298155 1.36741
-0.297835 1.36709
-0.297515 1.36677
-0.297195 1.36645
-0.296876 1.36613
-0.296556 1.36581
-0.296207 1.36546
-0.295887 1.36514
-0.295538 1.3648
-0.295218 1.36448
-0.29487 1.36413
-0.294521 1.36378
-0.294201 1.36346
-0.293823 1.36308
-0.293474 1.36273
-0.293154 1.36241
-0.292834 1.36212
-0.292456 1.36177
-0.292137 1.36145
-0.291759 1.36107
-0.29141 1.36073
-0.291061 1.36038
-0.290712 1.36003
-0.290363 1.35968
-0.290014 1.35933
-0.289665 1.35898
-0.289287 1.35863
-0.288938 1.35828
-0.28859 1.35793
-0.28827 1.35764
-0.28795 1.35732
-0.287601 1.357
-0.287281 1.35671
-0.286961 1.35642
-0.286613 1.35613
-0.286293 1.35584
-0.285973 1.35555
-0.285682 1.35532
-0.285362 1.35506
-0.285072 1.35482
-0.284752 1.35456
-0.28449 1.35433
-0.284199 1.3541
-0.283938 1.35389
-0.283676 1.35366
-0.283414 1.35346
-0.283153 1.35322
-0.282891 1.35302
-0.282658 1.35285
-0.282426 1.35264
-0.282222 1.35253
-0.281961 1.35232
-0.281757 1.35218
-0.281554 1.35203
-0.28135 1.35189
-0.281176 1.35177
-0.281001 1.35165
-0.280856 1.35157
-0.280681 1.35148
-0.280536 1.35139
-0.280391 1.35133
-0.280274 1.35125
-0.280129 1.35119
-0.279984 1.3511
-0.279867 1.35101
-0.279751 1.35096
-0.279664 1.35093
