angle_1 angle_2
-1.19567 2.01193
-1.19567 2.01193
-1.19567 2.01193
-1.19567 2.01193
-1.19567 2.01193
-1.19567 2.01193
-1.19567 2.01193
-1.19567 2.01196
-1.19567 2.01201
-1.19567 2.01207
-1.19567 2.0121
-1.19564 2.01213
-1.19564 2.01219
-1.19561 2.01219
-1.19561 2.01222
-1.19556 2.01222
-1.19553 2.01222
-1.19547 2.01222
-1.19544 2.01222
-1.19538 2.01219
-1.19532 2.01219
-1.19526 2.01216
-1.19521 2.01213
-1.19515 2.01213
-1.19506 2.01213
-1.195 2.01213
-1.19492 2.0121
-1.19486 2.01213
-1.19474 2.01213
-1.19468 2.01213
-1.19457 2.01213
-1.19448 2.01216
-1.19436 2.01216
-1.19425 2.01216
-1.19413 2.01216
-1.19401 2.01219
-1.19387 2.01219
-1.19372 2.01222
-1.19358 2.01225
-1.19343 2.01225
-1.19326 2.01225
-1.19308 2.01225
-1.19291 2.01225
-1.19274 2.01228
-1.19256 2.01233
-1.1923 2.01228
-1.1921 2.0123
-1.19186 2.01233
-1.19163 2.01236
-1.1914 2.01239
-1.19114 2.01242
-1.19082 2.01245
-1.19053 2.01248
-1.19023 2.01254
-1.18994 2.0126
-1.18962 2.01268
-1.18928 2.01274
-1.18893 2.01286
-1.18855 2.01297
-1.18817 2.01315
-1.18776 2.01329
-1.1873 2.01344
-1.1868 2.01355
-1.18628 2.01358
-1.18576 2.01358
-1.18526 2.01358
-1.18471 2.0135
-1.18413 2.01338
-1.18355 2.01329
-1.18291 2.01315
-1.1823 2.01303
-1.18163 2.01292
-1.18099 2.0128
-1.18038 2.01271
-1.17974 2.0126
-1.1791 2.01248
-1.17843 2.01233
-1.17773 2.01216
-1.17701 2.01207
-1.17628 2.01198
-1.17558 2.01198
-1.17491 2.01204
-1.17421 2.01213
-1.17355 2.01228
-1.17285 2.01239
-1.17218 2.0126
-1.17145 2.01283
-1.17076 2.01315
-1.17012 2.0135
-1.16948 2.0139
-1.16884 2.01431
-1.16814 2.01463
-1.16744 2.01495
-1.16671 2.01518
-1.16599 2.01536
-1.16529 2.01556
-1.16459 2.01571
-1.16378 2.01582
-1.16308 2.01588
-1.16232 2.01585
-1.1616 2.01588
-1.16081 2.01582
-1.16003 2.01576
-1.15924 2.01571
-1.15846 2.01562
-1.1577 2.01559
-1.15694 2.01553
-1.15619 2.0155
-1.15546 2.0155
-1.15468 2.01544
-1.15392 2.01544
-1.15311 2.01539
-1.15232 2.01539
-1.15154 2.01536
-1.15081 2.01539
-1.15011 2.01547
-1.14941 2.0155
-1.14875 2.01556
-1.14808 2.01562
-1.14741 2.01565
-1.14668 2.01562
-1.14595 2.01562
-1.1452 2.01559
-1.14447 2.01562
-1.14377 2.01571
-1.14311 2.01579
-1.14252 2.01603
-1.14194 2.01629
-1.14139 2.01655
-1.14081 2.01681
-1.1402 2.01704
-1.13962 2.01728
-1.13901 2.01745
-1.1384 2.0176
-1.13779 2.01774
-1.1372 2.01786
-1.13662 2.01797
-1.1361 2.01809
-1.13555 2.01815
-1.13502 2.01821
-1.13453 2.01829
-1.13401 2.01826
-1.13354 2.01829
-1.13305 2.01826
-1.13255 2.01818
-1.13206 2.01812
-1.13162 2.01806
-1.13119 2.01806
-1.13075 2.01803
-1.13034 2.01803
-1.12996 2.01809
-1.12959 2.01815
-1.12927 2.01824
-1.12895 2.01835
-1.12866 2.01847
-1.12834 2.01856
-1.12807 2.01864
-1.12781 2.01873
-1.12758 2.01879
-1.12735 2.01885
-1.12714 2.01888
-1.12691 2.01885
-1.12674 2.01885
-1.12656 2.01882
-1.12642 2.01882
-1.12627 2.01879
-1.12616 2.01879
-1.12607 2.01879
-1.12598 2.01882
-1.12589 2.01879
-1.12584 2.01879
-1.12581 2.01882
-1.12578 2.01882
-1.12575 2.01879
-1.12575 2.01882
-1.12575 2.01882
-1.12575 2.01882
-1.12575 2.01882
-1.12575 2.01882
-1.12575 2.01882
-1.12575 2.01882
-1.12575 2.01882
-1.12575 2.01882
-1.12575 2.01882
-1.12575 2.01882
-1.12575 2.01882
-1.12578 2.01885
-1.12578 2.01885
-1.12584 2.0189
-1.12584 2.0189
-1.12584 2.0189
-1.12584 2.0189
-1.12584 2.0189
-1.12584 2.0189
-1.12584 2.0189
-1.12584 2.0189
-1.12584 2.0189
-1.12584 2.01896
-1.12584 2.01896
-1.12584 2.01899
-1.12584 2.01899
-1.12584 2.01905
-1.12581 2.01902
-1.12581 2.01908
-1.12581 2.01911
-1.12578 2.01911
-1.12578 2.01911
-1.12578 2.01914
-1.12578 2.01917
-1.12575 2.01914
-1.12575 2.01917
-1.12575 2.0192
-1.12575 2.01922
-1.12575 2.01922
-1.12575 2.01925
-1.12575 2.01925
-1.12575 2.01928
-1.12575 2.01928
-1.12575 2.01931
-1.12575 2.01931
-1.12575 2.01931
-1.12575 2.01931
-1.12575 2.01931
-1.12575 2.01931
-1.12572 2.01931
-1.12572 2.01931
-1.12572 2.01931
-1.12572 2.01931
-1.12572 2.01934
-1.12569 2.01931
-1.12569 2.01931
-1.12566 2.01931
-1.12563 2.01931
-1.1256 2.01931
-1.12557 2.01931
-1.12554 2.01934
-1.12554 2.01937
-1.12549 2.01937
-1.12546 2.01937
-1.12543 2.0194
-1.12537 2.0194
-1.12534 2.01946
-1.12528 2.01946
-1.12523 2.01946
-1.1252 2.01951
-1.12511 2.01949
-1.12508 2.01957
-1.12499 2.01957
-1.12493 2.0196
-1.12485 2.01963
-1.12476 2.01966
-1.1247 2.01972
-1.12459 2.01975
-1.12453 2.01981
-1.12441 2.01983
-1.12429 2.01986
-1.12421 2.01992
-1.12412 2.02001
-1.124 2.0201
-1.12392 2.02021
-1.12377 2.02033
-1.12363 2.02045
-1.12348 2.02056
-1.12339 2.02079
-1.12322 2.02091
-1.1231 2.02111
-1.12293 2.02132
-1.12278 2.02152
-1.12264 2.02178
-1.12246 2.02199
-1.12232 2.02228
-1.12214 2.0226
-1.12188 2.02286
-1.12171 2.02318
-1.1215 2.02347
-1.12133 2.02373
-1.12115 2.02402
-1.12092 2.02431
-1.12072 2.02469
-1.12049 2.0251
-1.12025 2.0255
-1.12005 2.02597
-1.11982 2.02643
-1.11958 2.0269
-1.11935 2.02736
-1.11909 2.0278
-1.11883 2.02824
-1.11857 2.02862
-1.11831 2.02905
-1.11804 2.0294
-1.11778 2.02978
-1.11749 2.03013
-1.1172 2.0305
-1.11694 2.03088
-1.11665 2.03123
-1.11636 2.03158
-1.1161 2.03193
-1.11583 2.03228
-1.11551 2.03257
-1.11522 2.03298
-1.1149 2.03324
-1.11461 2.0335
-1.11432 2.03376
-1.11394 2.03405
-1.11368 2.03434
-1.11336 2.03466
-1.11301 2.03484
-1.11267 2.03513
-1.11226 2.03542
-1.11194 2.03571
-1.11153 2.036
-1.11118 2.03623
-1.11086 2.03647
-1.11051 2.03667
-1.11011 2.03684
-1.10967 2.03705
-1.10929 2.03716
-1.10889 2.03728
-1.10845 2.03742
-1.10804 2.03751
-1.10758 2.0376
-1.10714 2.03766
-1.10673 2.03772
-1.1063 2.03774
-1.10586 2.03777
-1.10543 2.0378
-1.10493 2.03774
-1.10447 2.03772
-1.10397 2.03774
-1.10351 2.03772
-1.10307 2.03772
-1.10258 2.03772
-1.10211 2.03769
-1.10168 2.03766
-1.10121 2.03763
-1.10077 2.03757
-1.10034 2.03754
-1.09993 2.03748
-1.09955 2.03745
-1.09917 2.03742
-1.0988 2.03742
-1.09842 2.0374
-1.09801 2.0374
-1.09766 2.03742
-1.09731 2.03745
-1.09699 2.03748
-1.0967 2.03754
-1.09641 2.03757
-1.09615 2.03763
-1.09589 2.03766
-1.09563 2.03766
-1.09537 2.03766
-1.09513 2.03766
-1.0949 2.03763
-1.0947 2.03763
-1.09446 2.03763
-1.09426 2.0376
-1.09409 2.03763
-1.09394 2.03766
-1.09377 2.03766
-1.09359 2.03766
-1.09345 2.03766
-1.0933 2.03769
-1.09319 2.03772
-1.09304 2.03772
-1.09295 2.03774
-1.09284 2.03774
-1.09272 2.03777
-1.09263 2.03777
-1.09255 2.03777
-1.09246 2.0378
-1.0924 2.0378
-1.09231 2.0378
-1.09226 2.0378
-1.0922 2.0378
-1.09214 2.0378
-1.09208 2.0378
-1.09205 2.03783
-1.09199 2.0378
-1.09196 2.0378
-1.09191 2.03777
-1.09188 2.0378
-1.09188 2.03783
-1.09185 2.0378
-1.09182 2.0378
-1.09182 2.03783
-1.09179 2.0378
-1.09179 2.03783
-1.09176 2.0378
-1.09176 2.0378
-1.09176 2.03783
-1.09173 2.0378
-1.09173 2.0378
-1.09173 2.03783
-1.09173 2.03783
-1.0917 2.0378
-1.0917 2.03783
-1.0917 2.03783
-1.09167 2.0378
-1.09167 2.0378
-1.09167 2.03783
-1.09167 2.03783
-1.09162 2.03777
-1.09162 2.0378
-1.09159 2.03777
-1.09156 2.0378
-1.09156 2.0378
-1.09153 2.0378
-1.0915 2.0378
-1.09147 2.0378
-1.09144 2.0378
-1.09141 2.03783
-1.09138 2.03783
-1.09135 2.03786
-1.0913 2.03786
-1.09124 2.03786
-1.09121 2.03786
-1.09115 2.03789
-1.09109 2.03789
-1.09103 2.03795
-1.09095 2.03795
-1.09089 2.03798
-1.0908 2.03798
-1.09074 2.03804
-1.09069 2.03809
-1.0906 2.03815
-1.09048 2.03815
-1.09039 2.03821
-1.09028 2.03824
-1.09016 2.03827
-1.09007 2.03835
-1.08993 2.03838
-1.08981 2.03844
-1.08973 2.03853
-1.08958 2.03859
-1.08943 2.03865
-1.08926 2.03867
-1.08914 2.03882
-1.089 2.03891
-1.08882 2.03902
-1.08862 2.03911
-1.08845 2.03923
-1.08827 2.03931
-1.0881 2.03946
-1.08786 2.03958
-1.08766 2.03969
-1.08746 2.03987
-1.08723 2.03998
-1.08699 2.04013
-1.0867 2.04027
-1.08644 2.04036
-1.08618 2.04051
-1.08589 2.04062
-1.08563 2.04077
-1.08534 2.04091
-1.08504 2.04109
-1.08472 2.04126
-1.08438 2.04147
-1.08406 2.0417
-1.08374 2.04196
-1.08339 2.04219
-1.08301 2.04245
-1.08263 2.04272
-1.08225 2.04298
-1.08185 2.04321
-1.08147 2.04347
-1.08103 2.04368
-1.08063 2.04388
-1.08022 2.04411
-1.07978 2.04429
-1.07932 2.04443
-1.07888 2.04461
-1.07842 2.04475
-1.07792 2.04487
-1.07746 2.04501
-1.07696 2.04513
-1.0765 2.04527
-1.07603 2.04545
-1.07554 2.04559
-1.07504 2.04574
-1.07458 2.04594
-1.07408 2.04612
-1.07362 2.04632
-1.07312 2.0465
-1.07263 2.0467
-1.07214 2.04693
-1.07167 2.04716
-1.07112 2.04746
-1.07059 2.04777
-1.07007 2.04815
-1.06958 2.04847
-1.06911 2.04888
-1.06862 2.0492
-1.06815 2.04958
-1.06763 2.0499
-1.06716 2.05025
-1.06658 2.0506
-1.06609 2.05091
-1.06559 2.05118
-1.0651 2.05147
-1.06446 2.05167
-1.064 2.05185
-1.06353 2.05199
-1.06304 2.05208
-1.06254 2.05211
-1.06208 2.05214
-1.06149 2.05217
-1.061 2.05214
-1.06059 2.05222
-1.06013 2.05225
-1.05969 2.05234
-1.05929 2.05248
-1.05885 2.0526
-1.05847 2.0528
-1.05806 2.05295
-1.05769 2.05318
-1.05728 2.05333
-1.05693 2.05353
-1.05658 2.05371
-1.05626 2.05391
-1.05594 2.05408
-1.05562 2.05426
-1.05524 2.05446
-1.05495 2.05464
-1.05463 2.05475
-1.05437 2.05493
-1.05408 2.05501
-1.05379 2.05513
-1.0535 2.05519
-1.05324 2.05522
-1.05301 2.05531
-1.05271 2.05528
-1.05248 2.05531
-1.05222 2.05528
-1.05199 2.05528
-1.05173 2.05522
-1.05149 2.05522
-1.05126 2.05522
-1.05106 2.05522
-1.05085 2.05525
-1.05065 2.05528
-1.05045 2.05533
-1.05027 2.05539
-1.05004 2.05548
-1.04987 2.05557
-1.04972 2.05571
-1.04955 2.0558
-1.0494 2.05594
-1.04925 2.05609
-1.04911 2.05621
-1.04899 2.05635
-1.04885 2.05647
-1.0487 2.05658
-1.04861 2.05676
-1.0485 2.05685
-1.04838 2.05696
-1.0483 2.05708
-1.04818 2.05717
-1.04809 2.05725
-1.04803 2.05737
-1.04795 2.05746
-1.04783 2.05754
-1.04777 2.05766
-1.04771 2.05778
-1.04763 2.05786
-1.04757 2.05798
-1.04751 2.0581
-1.04745 2.05821
-1.04742 2.05839
-1.04739 2.05856
-1.04736 2.05871
-1.04734 2.05885
-1.04728 2.059
-1.04725 2.05914
-1.04722 2.05929
-1.04722 2.05949
-1.04719 2.05964
-1.04719 2.05981
-1.04719 2.05999
-1.04716 2.0601
-1.04716 2.06025
-1.04716 2.06039
-1.04713 2.06048
-1.04713 2.0606
-1.04713 2.06071
-1.04713 2.06083
-1.04713 2.06095
-1.04713 2.06106
-1.04713 2.06115
-1.04713 2.06124
-1.04713 2.06132
-1.0471 2.06141
-1.0471 2.0615
-1.0471 2.06159
-1.0471 2.06167
-1.0471 2.06176
-1.0471 2.06185
-1.04707 2.0619
-1.04707 2.06199
-1.04707 2.06205
-1.04704 2.06211
-1.04702 2.06211
-1.04702 2.06217
-1.04699 2.06217
-1.04696 2.0622
-1.04693 2.06222
-1.0469 2.06222
-1.04687 2.06222
-1.04684 2.06222
-1.04681 2.06225
-1.04675 2.06222
-1.04673 2.06222
-1.04667 2.06222
-1.04661 2.0622
-1.04658 2.0622
-1.04652 2.06222
-1.04646 2.0622
-1.04641 2.0622
-1.04635 2.06217
-1.04632 2.06222
-1.04623 2.0622
-1.04617 2.06222
-1.04609 2.06217
-1.04603 2.0622
-1.04594 2.0622
-1.04588 2.0622
-1.04577 2.06217
-1.04571 2.0622
-1.04562 2.0622
-1.04553 2.0622
-1.04542 2.06217
-1.0453 2.06214
-1.04521 2.06217
-1.0451 2.06217
-1.04498 2.06217
-1.04486 2.06214
-1.04475 2.06214
-1.0446 2.06214
-1.04449 2.06217
-1.04434 2.06214
-1.0442 2.06217
-1.04405 2.06214
-1.0439 2.06217
-1.04376 2.06217
-1.04361 2.06217
-1.04344 2.06214
-1.04329 2.06217
-1.04312 2.06214
-1.04295 2.06214
-1.0428 2.06214
-1.04263 2.06214
-1.04245 2.06214
-1.04228 2.06214
-1.04207 2.06211
-1.0419 2.06214
-1.0417 2.06211
-1.04152 2.06211
-1.04135 2.06214
-1.04114 2.06214
-1.04094 2.06211
-1.04074 2.06211
-1.04053 2.06208
-1.04033 2.06208
-1.04013 2.06208
-1.03992 2.06205
-1.03969 2.06205
-1.03946 2.06202
-1.03925 2.06202
-1.03905 2.06205
-1.03882 2.06202
-1.03861 2.06202
-1.03838 2.06199
-1.03818 2.06199
-1.03794 2.06199
-1.03774 2.06199
-1.03751 2.06199
-1.03728 2.06199
-1.03704 2.06199
-1.03681 2.06196
-1.03661 2.06202
-1.03637 2.06202
-1.03614 2.06205
-1.03588 2.06205
-1.03565 2.06208
-1.03539 2.06211
-1.03515 2.06214
-1.03486 2.06214
-1.0346 2.0622
-1.03434 2.06222
-1.03405 2.06228
-1.03373 2.06228
-1.03344 2.06237
-1.03312 2.06246
-1.0328 2.06254
-1.03245 2.06263
-1.0321 2.06275
-1.03175 2.06286
-1.03137 2.06295
-1.03097 2.06307
-1.03056 2.06316
-1.03015 2.06327
-1.02972 2.06339
-1.02928 2.06353
-1.02882 2.06368
-1.02835 2.06385
-1.02786 2.064
-1.02733 2.06414
-1.02681 2.06432
-1.02629 2.06452
-1.02576 2.0647
-1.02521 2.06484
-1.02466 2.06502
-1.02411 2.06513
-1.02352 2.06519
-1.02291 2.06522
-1.0223 2.06519
-1.02166 2.06513
-1.02108 2.06513
-1.02044 2.06507
-1.01983 2.06504
-1.01922 2.06507
-1.01864 2.06516
-1.01803 2.06528
-1.01745 2.06542
-1.0169 2.06563
-1.01628 2.0658
-1.01567 2.066
-1.01509 2.06624
-1.01445 2.06659
-1.01373 2.06673
-1.01314 2.06699
-1.01256 2.06728
-1.01201 2.0676
-1.01143 2.06789
-1.01088 2.06821
-1.0103 2.06848
-1.00974 2.06877
-1.00913 2.06897
-1.00852 2.06917
-1.00791 2.06935
-1.0073 2.06952
-1.00669 2.06973
-1.00608 2.06996
-1.00541 2.0701
-1.0048 2.07031
-1.00407 2.07057
-1.00349 2.0708
-1.00288 2.07098
-1.0023 2.07121
-1.00172 2.07141
-1.00114 2.07164
-1.00053 2.07182
-0.999945 2.07205
-0.999363 2.07228
-0.998753 2.07255
-0.998084 2.07292
-0.997561 2.07321
-0.997067 2.07353
-0.996543 2.0738
-0.996049 2.07406
-0.995555 2.07435
-0.99506 2.07464
-0.994595 2.07496
-0.994101 2.07534
-0.993694 2.07574
-0.993258 2.07612
-0.992851 2.07653
-0.992473 2.07694
-0.992037 2.07743
-0.991688 2.07787
-0.991368 2.07833
-0.991048 2.07874
-0.990728 2.0792
-0.990438 2.07961
-0.990176 2.08005
-0.989885 2.08043
-0.989653 2.08077
-0.98942 2.08106
-0.989188 2.0813
-0.989013 2.08153
-0.988839 2.0817
-0.988693 2.08188
-0.988519 2.08197
-0.988403 2.08208
-0.988286 2.0822
-0.988228 2.08231
-0.98817 2.08243
-0.98817 2.08258
-0.988141 2.08272
-0.988141 2.08287
-0.988141 2.08298
-0.988141 2.08313
-0.988141 2.08322
-0.98817 2.08333
-0.988228 2.08345
-0.988286 2.08354
-0.988373 2.08365
-0.988432 2.08371
-0.988577 2.08383
-0.988693 2.08391
-0.98881 2.08403
-0.988926 2.08409
-0.989071 2.0842
-0.989188 2.08426
-0.989333 2.08432
-0.98942 2.08432
-0.989536 2.08432
-0.989624 2.08429
-0.989711 2.08429
-0.989769 2.08423
-0.989856 2.08426
-0.989914 2.08426
-0.989973 2.08429
-0.990031 2.08429
-0.990089 2.08432
-0.990147 2.08438
-0.990147 2.08435
-0.990176 2.08438
-0.990176 2.08435
-0.990176 2.08435
-0.990176 2.08435
-0.990176 2.08435
-0.990176 2.08435
-0.990176 2.08435
-0.990147 2.08432
-0.990118 2.08435
-0.990089 2.08432
-0.99006 2.08432
-0.990031 2.08432
-0.990002 2.08432
-0.989973 2.08432
-0.989914 2.08429
-0.989885 2.08429
-0.989856 2.08429
-0.989827 2.08426
-0.989798 2.08426
-0.989769 2.08426
-0.98974 2.08423
-0.98974 2.08423
-0.989711 2.0842
-0.989711 2.0842
-0.989711 2.0842
-0.989711 2.0842
-0.989711 2.0842
-0.989711 2.0842
-0.989711 2.0842
-0.989711 2.0842
-0.989711 2.0842
-0.989711 2.0842
-0.989711 2.0842
-0.989711 2.0842
-0.989711 2.0842
-0.989711 2.0842
-0.989711 2.0842
-0.989711 2.0842
-0.989711 2.0842
-0.989711 2.0842
-0.989711 2.0842
-0.989711 2.0842
-0.989682 2.08418
-0.989682 2.08418
-0.989682 2.0842
-0.989653 2.08418
-0.989595 2.08412
-0.989595 2.08418
-0.989565 2.08415
-0.989565 2.08418
-0.989536 2.08415
-0.989536 2.08415
-0.989536 2.08415
-0.989507 2.08412
-0.989507 2.08415
-0.989507 2.08415
-0.989478 2.08412
-0.989478 2.08412
-0.989478 2.08412
-0.989478 2.08412
-0.989478 2.08412
-0.989478 2.08412
-0.989449 2.08409
-0.989449 2.08412
-0.989449 2.08412
-0.989449 2.08412
-0.989449 2.08412
-0.989449 2.08412
-0.989449 2.08412
-0.989449 2.08412
-0.989449 2.08412
-0.989449 2.08412
-0.989449 2.08412
-0.989449 2.08412
-0.989449 2.08412
-0.989449 2.08412
-0.989449 2.08412
-0.989449 2.08412
-0.989449 2.08415
-0.989449 2.08415
-0.989449 2.08415
-0.98942 2.08412
-0.98942 2.08412
-0.98942 2.08412
-0.98942 2.08412
-0.989391 2.08412
-0.989391 2.08412
-0.989391 2.08412
-0.989362 2.08409
-0.989362 2.08409
-0.989333 2.08409
-0.989333 2.08409
-0.989275 2.08406
-0.989275 2.08409
-0.989246 2.08406
-0.989217 2.08406
-0.989188 2.08403
-0.989188 2.08409
-0.989129 2.08406
-0.9891 2.08403
-0.989071 2.08403
-0.989042 2.08403
-0.989013 2.08403
-0.988955 2.084
-0.988897 2.08397
-0.988868 2.08397
-0.988839 2.08397
-0.98878 2.08394
-0.988722 2.08394
-0.988693 2.08397
-0.988606 2.08391
-0.988548 2.08391
-0.98849 2.08391
-0.988432 2.08391
-0.988373 2.08391
-0.988315 2.08391
-0.988228 2.08388
-0.98817 2.08388
-0.988112 2.08388
-0.988025 2.08388
-0.987937 2.08388
-0.987821 2.08386
-0.987763 2.08386
-0.987647 2.08386
-0.987559 2.08386
-0.987443 2.08383
-0.987356 2.08386
-0.98724 2.08383
-0.987152 2.08386
-0.987007 2.0838
-0.986891 2.08383
-0.986774 2.08383
-0.986629 2.0838
-0.986484 2.0838
-0.986338 2.0838
-0.986193 2.08383
-0.986018 2.08377
-0.985873 2.08377
-0.985699 2.0838
-0.985524 2.08377
-0.98535 2.0838
-0.985146 2.0838
-0.984943 2.0838
-0.984739 2.08377
-0.984507 2.08377
-0.984303 2.08377
-0.98407 2.08377
-0.983838 2.0838
-0.983547 2.08377
-0.983285 2.08377
-0.983053 2.0838
-0.982762 2.08377
-0.982471 2.08377
-0.982181 2.08383
-0.981861 2.0838
-0.981541 2.08383
-0.981192 2.08386
-0.980843 2.08386
-0.980494 2.08388
-0.980087 2.08391
-0.97968 2.084
-0.979186 2.08394
-0.978721 2.08391
-0.978256 2.08394
-0.97779 2.08397
-0.977267 2.084
-0.976744 2.08403
-0.97622 2.08409
-0.97561 2.08415
-0.974999 2.08418
-0.974389 2.08423
-0.973691 2.08426
-0.973022 2.08429
-0.972325 2.08429
-0.971598 2.08432
-0.970842 2.08429
-0.970086 2.08432
-0.969301 2.08435
-0.968516 2.08444
-0.96776 2.08461
-0.966975 2.08479
-0.966219 2.08499
-0.965434 2.08519
-0.96462 2.08534
-0.963777 2.08548
-0.962875 2.08554
-0.961974 2.08557
-0.961073 2.08563
-0.960143 2.08566
-0.95927 2.08572
-0.958398 2.08577
-0.957497 2.08577
-0.956566 2.08577
-0.955636 2.08572
-0.954677 2.08569
-0.953659 2.08563
-0.95267 2.0856
-0.951682 2.08566
-0.950693 2.08575
-0.949705 2.08592
-0.948745 2.08612
-0.947728 2.08644
-0.946798 2.08676
-0.945925 2.08708
-0.945024 2.08743
-0.944065 2.08766
-0.943076 2.08787
-0.942088 2.08801
-0.94107 2.08804
-0.940081 2.08807
-0.939151 2.08804
-0.93825 2.08798
-0.937378 2.08798
-0.936447 2.0879
-0.935517 2.08784
-0.934557 2.08778
-0.933569 2.08772
-0.932638 2.08775
-0.931737 2.08784
-0.930894 2.08801
-0.930051 2.08825
-0.929266 2.08857
-0.928394 2.08897
-0.927609 2.08938
-0.926765 2.08976
-0.925922 2.09016
-0.925108 2.09057
-0.924294 2.09095
-0.923509 2.09136
-0.922724 2.09176
-0.921997 2.09211
-0.921241 2.0924
-0.920515 2.09264
-0.919759 2.09278
-0.919003 2.09287
-0.918276 2.09299
-0.91752 2.09304
-0.916793 2.0931
-0.916095 2.09316
-0.915427 2.09325
-0.914845 2.09342
-0.914235 2.09354
-0.913653 2.09371
-0.913101 2.09392
-0.912519 2.09409
-0.911996 2.09432
-0.911443 2.09453
-0.910978 2.09485
-0.910513 2.09522
-0.910077 2.09563
-0.909728 2.09615
-0.90935 2.09674
-0.90903 2.09732
-0.90874 2.0979
-0.908478 2.09851
-0.908187 2.09909
-0.907955 2.09967
-0.907751 2.10022
-0.907548 2.10075
-0.907344 2.10121
-0.907199 2.10162
-0.907082 2.102
-0.906937 2.10229
-0.906821 2.10249
-0.906704 2.10267
-0.906646 2.10281
-0.906588 2.1029
-0.906559 2.10302
-0.90653 2.10304
-0.90653 2.10313
-0.90653 2.10319
-0.90653 2.10322
-0.90653 2.10328
-0.906588 2.10339
-0.906617 2.10345
-0.906675 2.1036
-0.906763 2.10374
-0.906879 2.10389
-0.907024 2.10412
-0.90717 2.10429
-0.907344 2.10447
-0.907518 2.10464
-0.907722 2.10485
-0.907896 2.10502
-0.908071 2.1052
-0.908274 2.1054
-0.908449 2.10555
-0.908623 2.10569
-0.908856 2.10584
-0.90903 2.10595
-0.909205 2.10607
-0.90935 2.10613
-0.909525 2.10621
-0.90967 2.10627
-0.909786 2.10627
-0.909932 2.10633
-0.910048 2.10636
-0.910164 2.10642
-0.910251 2.10642
-0.910339 2.10645
-0.910397 2.10645
-0.910484 2.1065
-0.910513 2.10653
-0.910542 2.10656
-0.910571 2.10659
-0.910571 2.10659
-0.910571 2.10659
-0.910571 2.10659
-0.910571 2.10659
-0.910571 2.10659
-0.910571 2.10659
-0.910571 2.10659
-0.910542 2.10656
-0.910542 2.10656
-0.910513 2.10656
-0.910484 2.10653
-0.910397 2.10648
-0.910368 2.10645
-0.91031 2.10642
-0.910222 2.10636
-0.910193 2.10633
-0.910164 2.10633
-0.910135 2.1063
-0.910106 2.1063
-0.910077 2.10627
-0.910077 2.10627
-0.910048 2.10624
-0.910019 2.10624
-0.910019 2.10627
-0.910019 2.10627
-0.90999 2.10624
-0.90999 2.10624
-0.90999 2.10624
-0.90999 2.10624
-0.90999 2.10624
-0.90999 2.10624
-0.90999 2.10624
-0.90999 2.10624
-0.90999 2.10624
-0.90999 2.10624
-0.90999 2.10624
-0.90999 2.10624
-0.90999 2.10624
-0.90999 2.10624
-0.90999 2.10624
-0.90999 2.10624
-0.909932 2.10618
-0.909932 2.10618
-0.909903 2.10616
-0.909873 2.10613
-0.909844 2.1061
-0.909786 2.10607
-0.909786 2.10607
-0.909757 2.10607
-0.909728 2.10604
-0.909699 2.10604
-0.90967 2.10601
-0.909612 2.10598
-0.909583 2.10598
-0.909554 2.10595
-0.909525 2.10595
-0.909466 2.10592
-0.909437 2.10589
-0.909408 2.10589
-0.90935 2.10586
-0.909292 2.10584
-0.909263 2.10586
-0.909234 2.10584
-0.909234 2.10586
-0.909205 2.10586
-0.909176 2.10586
-0.909118 2.10584
-0.909088 2.10584
-0.909059 2.10584
-0.909001 2.10581
-0.908972 2.10581
-0.908943 2.10584
-0.908914 2.10581
-0.908885 2.10581
-0.908856 2.10581
-0.908798 2.10578
-0.908798 2.10578
-0.908769 2.10578
-0.90874 2.10578
-0.90871 2.10575
-0.90871 2.10578
-0.908652 2.10572
-0.908652 2.10575
-0.908623 2.10572
-0.908623 2.10575
-0.908594 2.10572
-0.908594 2.10572
-0.908565 2.10572
-0.908565 2.10572
-0.908565 2.10572
-0.908536 2.10572
-0.908536 2.10572
-0.908536 2.10572
-0.908536 2.10575
-0.908507 2.10575
-0.908507 2.10575
-0.908507 2.10575
-0.908478 2.10572
-0.908478 2.10572
-0.908478 2.10572
-0.908478 2.10575
-0.908449 2.10572
-0.908449 2.10572
-0.908449 2.10572
-0.90842 2.10569
-0.90842 2.10572
-0.90842 2.10572
-0.908391 2.10569
-0.908391 2.10569
-0.908391 2.10569
-0.908362 2.10569
-0.908333 2.10566
-0.908303 2.10566
-0.908303 2.10566
-0.908274 2.10563
-0.908245 2.10563
-0.908216 2.1056
-0.908187 2.1056
-0.908158 2.1056
-0.908129 2.1056
-0.9081 2.1056
-0.908071 2.1056
-0.908013 2.10557
-0.907955 2.10555
-0.907896 2.10555
-0.907867 2.10555
-0.907809 2.10555
-0.907751 2.10555
-0.907664 2.10552
-0.907606 2.10552
-0.907518 2.10549
-0.907431 2.10546
-0.907344 2.10543
-0.907286 2.10543
-0.907199 2.10543
-0.907111 2.1054
-0.906995 2.10537
-0.906908 2.10534
-0.906792 2.10534
-0.906675 2.10531
-0.90653 2.10525
-0.906443 2.10528
-0.906297 2.10523
-0.906181 2.10525
-0.906036 2.10523
-0.90589 2.1052
-0.905745 2.10517
-0.90557 2.10514
-0.905425 2.10514
-0.905251 2.10511
-0.905076 2.10511
-0.904902 2.10508
-0.904698 2.10505
-0.904495 2.10505
-0.90432 2.10505
-0.904088 2.10502
-0.903884 2.10502
-0.903681 2.10505
-0.903419 2.10502
-0.903186 2.10502
-0.902925 2.10502
-0.902692 2.10505
-0.902401 2.10502
-0.902111 2.10505
-0.90182 2.10505
-0.9015 2.10505
-0.901151 2.10502
-0.900831 2.10505
-0.900483 2.10502
-0.900134 2.10502
-0.899727 2.10499
-0.899349 2.10499
-0.898942 2.10499
-0.898535 2.10499
-0.898098 2.10496
-0.897691 2.10502
-0.897226 2.10505
-0.896761 2.10508
-0.896267 2.10511
-0.895743 2.1052
-0.89522 2.10528
-0.894697 2.10537
-0.894173 2.10543
-0.893592 2.10549
-0.89301 2.10557
-0.8924 2.1056
-0.89176 2.10566
-0.891121 2.10569
-0.890481 2.10586
-0.889667 2.10578
-0.888998 2.10584
-0.88833 2.10586
-0.887603 2.10586
-0.886905 2.10589
-0.886178 2.10595
-0.885422 2.10598
-0.884637 2.10601
-0.883852 2.10604
-0.883038 2.10607
-0.882253 2.10613
-0.881439 2.10613
-0.880654 2.10616
-0.879869 2.10618
-0.879084 2.10618
-0.87827 2.10616
-0.877456 2.1061
-0.876584 2.10595
-0.87574 2.10584
-0.874868 2.10569
-0.873996 2.10557
-0.873182 2.10555
-0.872368 2.10549
-0.871554 2.10549
-0.870536 2.10552
-0.869751 2.10557
-0.868937 2.10566
-0.868094 2.10572
-0.867222 2.10578
-0.866379 2.10586
-0.865565 2.10598
-0.864809 2.10624
-0.864053 2.10645
-0.863268 2.10668
-0.862483 2.10691
-0.861669 2.10714
-0.860855 2.10735
-0.86007 2.10758
-0.859255 2.10773
-0.858441 2.10784
-0.857627 2.10793
-0.856813 2.10793
-0.855999 2.10784
-0.855185 2.1077
-0.854342 2.10752
-0.853528 2.10735
-0.852714 2.10717
-0.851929 2.10706
-0.851173 2.10694
-0.850446 2.10691
-0.84969 2.10685
-0.848963 2.10685
-0.848236 2.10685
-0.84751 2.10688
-0.846783 2.10694
-0.846085 2.10706
-0.845387 2.10723
-0.844777 2.10752
-0.844166 2.10781
-0.843614 2.10822
-0.843061 2.10863
-0.842509 2.10903
-0.841927 2.10938
-0.841346 2.1097
-0.840764 2.10999
-0.840154 2.1102
-0.839601 2.11046
-0.838933 2.11063
-0.83838 2.11078
-0.837857 2.11092
-0.837363 2.11104
-0.836868 2.11113
-0.836374 2.11119
-0.83588 2.11121
-0.835415 2.11124
-0.83492 2.11121
-0.834455 2.11121
-0.83399 2.11121
-0.833525 2.11121
-0.833089 2.11124
-0.832682 2.1113
-0.832304 2.11139
-0.831984 2.11153
-0.831635 2.11165
-0.831315 2.1118
-0.831054 2.112
-0.830763 2.11214
-0.830501 2.11229
-0.830269 2.11244
-0.830036 2.11258
-0.829833 2.1127
-0.829629 2.11278
-0.829455 2.11287
-0.829309 2.1129
-0.829164 2.1129
-0.829018 2.11281
-0.828902 2.11276
-0.828786 2.11267
-0.828699 2.11258
-0.828611 2.11249
-0.828582 2.11246
-0.828553 2.11244
-0.828524 2.11241
-0.828524 2.11241
-0.828524 2.11241
-0.828524 2.11241
-0.828524 2.11241
-0.828524 2.11241
-0.828524 2.11241
-0.828553 2.11244
-0.828611 2.11249
-0.82864 2.11252
-0.828699 2.11255
-0.828728 2.11258
-0.828786 2.11261
-0.828815 2.11261
-0.828873 2.11267
-0.828902 2.1127
-0.828931 2.11273
-0.828931 2.11273
-0.828931 2.11273
-0.828931 2.11273
-0.828931 2.11273
-0.828931 2.11273
-0.828931 2.11273
-0.828931 2.11273
-0.828931 2.11273
-0.828931 2.11273
-0.828931 2.11273
-0.828902 2.1127
-0.828902 2.1127
-0.828873 2.11267
-0.828844 2.11264
-0.828844 2.11264
-0.828815 2.11261
-0.828786 2.11258
-0.828786 2.11258
-0.828786 2.11258
-0.828786 2.11258
-0.828786 2.11258
-0.828786 2.11258
-0.828786 2.11258
-0.828786 2.11258
-0.828786 2.11258
-0.828786 2.11258
-0.828786 2.11258
-0.828786 2.11258
-0.828786 2.11258
-0.828786 2.11258
-0.828786 2.11258
-0.828786 2.11258
-0.828757 2.11255
-0.828757 2.11255
-0.828757 2.11255
-0.828728 2.11252
-0.828728 2.11252
-0.828699 2.11249
-0.828699 2.11249
-0.82864 2.11244
-0.828611 2.11241
-0.828611 2.11244
-0.828582 2.11241
-0.828582 2.11241
-0.828553 2.11238
-0.828524 2.11235
-0.828495 2.11232
-0.828466 2.11229
-0.828437 2.11226
-0.828408 2.11223
-0.828408 2.11226
-0.828379 2.11223
-0.828321 2.11217
-0.828321 2.11217
-0.828292 2.11214
-0.828263 2.11212
-0.828233 2.11209
-0.828204 2.11209
-0.828175 2.11206
-0.828175 2.11206
-0.828146 2.11203
-0.828117 2.11203
-0.828088 2.112
-0.828059 2.112
-0.828059 2.112
-0.828001 2.11194
-0.827972 2.11194
-0.827972 2.11194
-0.827943 2.11191
-0.827914 2.11191
-0.827885 2.11191
-0.827885 2.11191
-0.827855 2.11191
-0.827826 2.11191
-0.827797 2.11188
-0.827797 2.11191
-0.827768 2.11191
-0.827739 2.11191
-0.827739 2.11191
-0.827681 2.11188
-0.827652 2.11185
-0.827652 2.11188
-0.827623 2.11185
-0.827594 2.11185
-0.827565 2.11185
-0.827536 2.11183
-0.827507 2.11185
-0.827478 2.11183
-0.827478 2.11185
-0.827448 2.11185
-0.827419 2.11185
-0.827361 2.1118
-0.827332 2.1118
-0.827303 2.1118
-0.827274 2.1118
-0.827245 2.11177
-0.827187 2.11177
-0.827158 2.11174
-0.827129 2.1118
-0.8271 2.11177
-0.827041 2.11177
-0.826983 2.11174
-0.826925 2.11171
-0.826867 2.11171
-0.826809 2.11171
-0.82678 2.11171
-0.826693 2.11171
-0.826634 2.11168
-0.826547 2.11165
-0.826489 2.11168
-0.826402 2.11165
-0.826315 2.11165
-0.826227 2.11165
-0.82614 2.11165
-0.826024 2.11165
-0.825937 2.11165
-0.82582 2.11165
-0.825704 2.11162
-0.825588 2.11165
-0.825471 2.11165
-0.825326 2.11165
-0.825181 2.11162
-0.825035 2.11165
-0.82489 2.11165
-0.824745 2.11165
-0.82457 2.11168
-0.824396 2.11165
-0.824221 2.11168
-0.824018 2.11168
-0.823843 2.11174
-0.823611 2.11177
-0.823407 2.11183
-0.823175 2.11188
-0.822942 2.11197
-0.822709 2.11206
-0.822419 2.11214
-0.822157 2.11226
-0.821895 2.11241
-0.821575 2.11249
-0.821198 2.11255
-0.820849 2.11267
-0.8205 2.11273
-0.820122 2.11276
-0.819686 2.11273
-0.81925 2.11273
-0.818784 2.11273
-0.818348 2.11276
-0.817854 2.11273
-0.81736 2.11276
-0.816836 2.11276
-0.816313 2.11281
-0.81579 2.11287
-0.815063 2.11293
-0.814481 2.11296
-0.813871 2.11299
-0.813231 2.11296
-0.812563 2.11293
-0.811894 2.11287
-0.811225 2.11281
-0.810527 2.11273
-0.80983 2.11264
-0.809161 2.11255
-0.808463 2.11246
-0.807794 2.11238
-0.807097 2.11226
-0.806399 2.11229
-0.805556 2.11209
-0.804829 2.11203
-0.804102 2.112
-0.803375 2.11203
-0.802677 2.11209
-0.802038 2.1122
-0.801398 2.11235
-0.8007 2.11249
-0.800032 2.11264
-0.799334 2.11276
-0.798578 2.1129
-0.797851 2.11302
-0.797124 2.1131
-0.796368 2.11316
-0.79567 2.11331
-0.794973 2.11345
-0.794333 2.11366
-0.793664 2.11383
-0.792967 2.11398
-0.792269 2.11412
-0.791513 2.11421
-0.790728 2.11427
-0.789972 2.11435
-0.789216 2.11444
-0.78846 2.11456
-0.787704 2.11465
-0.786977 2.11479
-0.786221 2.11488
-0.785495 2.11497
-0.784768 2.11505
-0.784012 2.11508
-0.783256 2.11511
-0.7825 2.11511
-0.781744 2.11511
-0.780988 2.11511
-0.780232 2.11514
-0.779534 2.11517
-0.778808 2.1152
-0.778081 2.1152
-0.777383 2.11523
-0.776627 2.11526
-0.775929 2.11528
-0.775202 2.11528
-0.774534 2.11534
-0.773894 2.11543
-0.773283 2.11558
-0.772673 2.11575
-0.772062 2.11592
-0.771452 2.1161
-0.770841 2.1163
-0.770202 2.11645
-0.769591 2.11659
-0.76898 2.11674
-0.768341 2.11688
-0.767614 2.11706
-0.767033 2.11723
-0.766451 2.11738
-0.76587 2.11752
-0.765288 2.11764
-0.764648 2.11767
-0.764096 2.11776
-0.763485 2.11767
-0.762875 2.11758
-0.762293 2.11749
-0.761712 2.11738
-0.761101 2.1172
-0.760549 2.11712
-0.759997 2.117
-0.759502 2.11697
-0.759037 2.11697
-0.758601 2.117
-0.758165 2.11706
-0.757729 2.11709
-0.757322 2.11717
-0.756944 2.11729
-0.756566 2.11735
-0.756188 2.11744
-0.755839 2.11752
-0.755548 2.11764
-0.755228 2.1177
-0.754967 2.11779
-0.754705 2.11784
-0.754473 2.1179
-0.75424 2.11796
-0.754036 2.11796
-0.753862 2.11802
-0.753688 2.11802
-0.753571 2.11808
-0.753455 2.11808
-0.753339 2.11805
-0.75328 2.11805
-0.753164 2.11799
-0.753135 2.11799
-0.753077 2.11793
-0.753077 2.11793
-0.753048 2.1179
-0.753048 2.1179
-0.753048 2.1179
-0.753048 2.1179
-0.753048 2.1179
-0.753077 2.11793
-0.753106 2.11796
-0.753164 2.11802
-0.753222 2.11808
-0.75331 2.11816
-0.753368 2.11822
-0.753455 2.11831
-0.753513 2.11837
-0.753571 2.11842
-0.753629 2.11848
-0.753688 2.11854
-0.753746 2.1186
-0.753804 2.11866
-0.753833 2.11869
-0.753891 2.11874
-0.753891 2.11874
-0.75392 2.11877
-0.753949 2.1188
-0.753949 2.1188
-0.753949 2.1188
-0.753949 2.1188
-0.753949 2.1188
-0.753949 2.1188
-0.753949 2.1188
-0.753949 2.1188
-0.753949 2.1188
-0.753949 2.1188
-0.75392 2.11877
-0.753891 2.11874
-0.753891 2.11874
-0.753833 2.11869
-0.753804 2.11866
-0.753804 2.11866
-0.753775 2.11863
-0.753775 2.11863
-0.753746 2.1186
-0.753746 2.1186
-0.753746 2.1186
-0.753717 2.11857
-0.753717 2.11857
-0.753717 2.11857
-0.753717 2.11857
-0.753717 2.11857
-0.753717 2.11857
-0.753717 2.11857
-0.753717 2.11857
-0.753717 2.11857
-0.753717 2.11857
-0.753717 2.11857
-0.753717 2.11857
-0.753717 2.11857
-0.753717 2.11857
-0.753717 2.11857
-0.753688 2.11854
-0.753688 2.11854
-0.753658 2.11851
-0.753629 2.11848
-0.753629 2.11848
-0.7536 2.11845
-0.753571 2.11842
-0.753571 2.11842
-0.753513 2.1184
-0.753513 2.1184
-0.753484 2.11837
-0.753455 2.11837
-0.753426 2.11834
-0.753397 2.11837
-0.753368 2.11834
-0.753339 2.11834
-0.753339 2.11837
-0.75331 2.11837
-0.75331 2.1184
-0.75328 2.1184
-0.753251 2.1184
-0.753222 2.11837
-0.753193 2.11837
-0.753164 2.11837
-0.753135 2.11834
-0.753106 2.11834
-0.753106 2.11837
-0.753077 2.11837
-0.753048 2.11837
-0.753019 2.11834
-0.753019 2.11837
-0.75299 2.11837
-0.752961 2.11834
-0.752932 2.11834
-0.752903 2.11834
-0.752873 2.11831
-0.752844 2.11831
-0.752815 2.11831
-0.752815 2.11834
-0.752786 2.11831
-0.752757 2.11831
-0.752757 2.11831
-0.752728 2.11831
-0.752699 2.11834
-0.75267 2.11831
-0.752641 2.11831
-0.752612 2.11831
-0.752554 2.11828
-0.752554 2.11828
-0.752525 2.11828
-0.752495 2.11828
-0.752466 2.11828
-0.752437 2.11825
-0.752408 2.11825
-0.752379 2.11825
-0.75235 2.11825
-0.752321 2.11828
-0.752292 2.11828
-0.752234 2.11825
-0.752176 2.11822
-0.752147 2.11822
-0.752118 2.11822
-0.752059 2.11819
-0.75203 2.11819
-0.752001 2.11822
-0.751943 2.11822
-0.751885 2.11819
-0.751827 2.11819
-0.751769 2.11819
-0.75171 2.11816
-0.751652 2.11816
-0.751565 2.11813
-0.751507 2.11816
-0.75142 2.11813
-0.751362 2.11813
-0.751303 2.11816
-0.751187 2.11813
-0.7511 2.11811
-0.751013 2.11813
-0.750896 2.11813
-0.750809 2.11811
-0.750693 2.11811
-0.750577 2.11811
-0.750431 2.11808
-0.750286 2.11808
-0.75017 2.11811
-0.750024 2.11811
-0.74985 2.11808
-0.749675 2.11808
-0.749501 2.11808
-0.749297 2.11808
-0.749094 2.11808
-0.74889 2.11808
-0.748658 2.11808
-0.748425 2.11805
-0.748163 2.11805
-0.747902 2.11805
-0.747611 2.11802
-0.74732 2.11805
-0.747 2.11802
-0.746681 2.11802
-0.746332 2.11799
-0.745983 2.11796
-0.745605 2.1179
-0.745198 2.1179
-0.744791 2.11784
-0.744384 2.11784
-0.743948 2.11784
-0.743483 2.11779
-0.742988 2.11779
-0.742494 2.11779
-0.741942 2.11781
-0.741418 2.11784
-0.740866 2.1179
-0.740343 2.11799
-0.739703 2.11799
-0.739005 2.11799
-0.738365 2.11793
-0.737755 2.1179
-0.737086 2.11784
-0.736418 2.11779
-0.735778 2.11779
-0.735022 2.11773
-0.734324 2.11779
-0.733626 2.11779
-0.732929 2.11784
-0.732202 2.11784
-0.731446 2.1179
-0.730719 2.11793
-0.730021 2.11799
-0.729353 2.11805
-0.728655 2.11811
-0.727957 2.11811
-0.727259 2.11808
-0.726561 2.11805
-0.725835 2.11802
-0.725137 2.11802
-0.724439 2.11808
-0.723712 2.11811
-0.722985 2.11822
-0.722258 2.11831
-0.721532 2.11848
-0.720776 2.11863
-0.720107 2.11877
-0.719409 2.11892
-0.718711 2.11904
-0.718014 2.11912
-0.717258 2.11915
-0.716531 2.11918
-0.715775 2.11915
-0.715048 2.11915
-0.714292 2.11909
-0.713565 2.11906
-0.712809 2.11898
-0.712053 2.11892
-0.711298 2.11886
-0.710513 2.1188
-0.709757 2.11872
-0.70903 2.11869
-0.708332 2.11866
-0.707605 2.11857
-0.706936 2.11857
-0.706239 2.11854
-0.70557 2.11854
-0.70493 2.11857
-0.704291 2.1186
-0.703651 2.11863
-0.70304 2.11869
-0.70243 2.11874
-0.701848 2.1188
-0.701238 2.11883
-0.700656 2.11883
-0.700104 2.11889
-0.699552 2.11889
-0.699028 2.11895
-0.698505 2.11898
-0.697982 2.11904
-0.697487 2.11906
-0.696964 2.11912
-0.696441 2.11912
-0.69583 2.11912
-0.695307 2.11909
-0.694813 2.11909
-0.694318 2.11906
-0.693824 2.11904
-0.69333 2.11898
-0.692835 2.11895
-0.69237 2.11895
-0.691876 2.11892
-0.691353 2.11886
-0.690888 2.11886
-0.690422 2.11889
-0.689928 2.11889
-0.689434 2.11889
-0.688969 2.11889
-0.688474 2.11886
-0.68798 2.11883
-0.687515 2.1188
-0.686933 2.11877
-0.686497 2.11877
-0.686061 2.11877
-0.685596 2.11874
-0.68516 2.11874
-0.684753 2.11883
-0.684317 2.11886
-0.68391 2.11892
-0.683503 2.11895
-0.683096 2.11901
-0.682689 2.11901
-0.682282 2.11898
-0.681933 2.11901
-0.681555 2.11898
-0.681206 2.11895
-0.680886 2.11895
-0.680566 2.11889
-0.680246 2.11883
-0.679956 2.1188
-0.679665 2.11874
-0.679403 2.11872
-0.679142 2.11866
-0.678909 2.1186
-0.678705 2.1186
-0.678502 2.11857
-0.678328 2.11854
-0.678182 2.11851
-0.678037 2.11848
-0.67792 2.11845
-0.677833 2.11845
-0.677717 2.1184
-0.677659 2.11837
-0.677601 2.11837
-0.677572 2.11834
-0.677543 2.11831
-0.677543 2.11831
-0.677543 2.11831
-0.677543 2.11831
-0.677543 2.11831
-0.677543 2.11831
-0.677543 2.11831
-0.677601 2.11837
-0.677659 2.11842
-0.677688 2.11845
-0.677746 2.11848
-0.677804 2.11854
-0.677833 2.11854
-0.677891 2.1186
-0.67795 2.11866
-0.677979 2.11869
-0.678008 2.11872
-0.678008 2.11872
-0.678037 2.11872
-0.678037 2.11872
-0.678037 2.11872
-0.678037 2.11872
-0.678037 2.11872
-0.678037 2.11872
-0.678037 2.11872
-0.678008 2.11869
-0.678008 2.11869
-0.677979 2.11866
-0.67795 2.11863
-0.67792 2.1186
-0.677891 2.11857
-0.677891 2.11857
-0.677862 2.11854
-0.677833 2.11851
-0.677804 2.11848
-0.677804 2.11848
-0.677746 2.11842
-0.677746 2.11842
-0.677746 2.11842
-0.677746 2.11842
-0.677746 2.11842
-0.677746 2.11842
-0.677746 2.11842
-0.677746 2.11842
-0.677746 2.11842
-0.677746 2.11842
-0.677746 2.11842
-0.677746 2.11842
-0.677746 2.11842
-0.677746 2.11842
-0.677746 2.11842
-0.677746 2.11842
-0.677746 2.11842
-0.677746 2.11842
-0.677746 2.11842
-0.677746 2.11842
-0.677717 2.1184
-0.677717 2.1184
-0.677717 2.1184
-0.677717 2.1184
-0.677717 2.1184
-0.677717 2.1184
-0.677717 2.1184
-0.677688 2.11837
-0.677688 2.11837
-0.677688 2.11837
-0.677688 2.11837
-0.677688 2.11837
-0.677688 2.11837
-0.677688 2.11837
-0.677688 2.11837
-0.677688 2.11837
-0.677688 2.11837
-0.677688 2.11837
-0.677688 2.11837
-0.677688 2.11837
-0.677688 2.11837
-0.677659 2.11834
-0.677659 2.11834
-0.677659 2.11834
-0.677659 2.11834
-0.67763 2.11831
-0.67763 2.11831
-0.67763 2.11831
-0.67763 2.11831
-0.677601 2.11828
-0.677601 2.11828
-0.677572 2.11825
-0.677572 2.11825
-0.677543 2.11822
-0.677543 2.11822
-0.677513 2.11819
-0.677484 2.11816
-0.677484 2.11816
-0.677426 2.11811
-0.677397 2.11808
-0.677368 2.11805
-0.677368 2.11805
-0.677339 2.11802
-0.67731 2.11799
-0.67731 2.11799
-0.677252 2.11793
-0.677223 2.1179
-0.677223 2.1179
-0.677165 2.11784
-0.677135 2.11781
-0.677077 2.11776
-0.677048 2.11773
-0.677019 2.1177
-0.67699 2.11767
-0.676932 2.11761
-0.676903 2.11758
-0.676874 2.11755
-0.676816 2.11749
-0.676758 2.11744
-0.676699 2.11738
-0.67667 2.11735
-0.676612 2.11729
-0.676554 2.11723
-0.676496 2.11717
-0.676438 2.11712
-0.67638 2.11706
-0.676321 2.117
-0.676234 2.11691
-0.676176 2.11685
-0.676089 2.11677
-0.676031 2.11671
-0.675943 2.11662
-0.675885 2.11656
-0.675798 2.11648
-0.675711 2.11642
-0.675624 2.11633
-0.675536 2.11624
-0.67542 2.11613
-0.675333 2.11604
-0.675217 2.11592
-0.6751 2.11581
-0.674984 2.11575
-0.674868 2.11563
-0.674751 2.11552
-0.674606 2.11537
-0.67449 2.11528
-0.674344 2.11514
-0.674228 2.11505
-0.674083 2.11491
-0.673937 2.11479
-0.673792 2.11465
-0.673647 2.11453
-0.673501 2.11441
-0.673356 2.1143
-0.673181 2.11415
-0.673036 2.11406
-0.672862 2.11395
-0.672716 2.11386
-0.672542 2.11374
-0.672367 2.11366
-0.672193 2.11357
-0.672018 2.11351
-0.671844 2.11345
-0.671699 2.11345
-0.671524 2.11342
-0.671321 2.11342
-0.671146 2.11342
-0.670943 2.1134
-0.670768 2.11342
-0.670565 2.11345
-0.67039 2.11351
-0.670187 2.11354
-0.669983 2.11357
-0.66978 2.11363
-0.669576 2.11366
-0.669373 2.11371
-0.669111 2.11369
-0.668878 2.11371
-0.668617 2.11371
-0.668355 2.11374
-0.668093 2.11374
-0.667832 2.11377
-0.667541 2.11377
-0.667221 2.11374
-0.66696 2.11383
-0.66664 2.11383
-0.666291 2.1138
-0.665942 2.11383
-0.665593 2.11383
-0.665215 2.11389
-0.664808 2.11392
-0.664401 2.11395
-0.664023 2.11403
-0.663587 2.11406
-0.663151 2.11412
-0.662715 2.11421
-0.66225 2.11427
-0.661755 2.11433
-0.661232 2.11438
-0.660738 2.1145
-0.660214 2.11462
-0.659662 2.1147
-0.65908 2.11476
-0.658528 2.11485
-0.657918 2.11488
-0.657336 2.11494
-0.656638 2.11491
-0.656028 2.11485
-0.655388 2.11476
-0.654748 2.11459
-0.65408 2.11433
