torque_1 torque_2
-0.529995 -0.559469
-0.538395 -0.561269
-0.546445 -0.563069
-0.554495 -0.564869
-0.561527 -0.567541
-0.569577 -0.569341
-0.577627 -0.570269
-0.584659 -0.572941
-0.593059 -0.574741
-0.577996 -0.577995
-0.585028 -0.578923
-0.614157 -0.580141
-0.622207 -0.580769
-0.619935 -0.582569
-0.612199 -0.584369
-0.629989 -0.593147
-0.639347 -0.593493
-0.636059 -0.590641
-0.654866 -0.593313
-0.668063 -0.598593
-0.655471 -0.599521
-0.651164 -0.601611
-0.679275 -0.607191
-0.67148 -0.60841
-0.67203 -0.607593
-0.681824 -0.614036
-0.675046 -0.610893
-0.679026 -0.616763
-0.684373 -0.61711
-0.691842 -0.619191
-0.696839 -0.621863
-0.70329 -0.624536
-0.697153 -0.626336
-0.6943 -0.628136
-0.693073 -0.632289
-0.704989 -0.635561
-0.690824 -0.638261
-0.68893 -0.640961
-0.690524 -0.643943
-0.684936 -0.646061
-0.685513 -0.649915
-0.676436 -0.654069
-0.682828 -0.655597
-0.682387 -0.657424
-0.671275 -0.659824
-0.676649 -0.662524
-0.669376 -0.66725
-0.664079 -0.668497
-0.652299 -0.670024
-0.646334 -0.674178
-0.646997 -0.675706
-0.640015 -0.67986
-0.636521 -0.680515
-0.629539 -0.682924
-0.614357 -0.686197
-0.616823 -0.687734
-0.612312 -0.687517
-0.593641 -0.689054
-0.586077 -0.688837
-0.559179 -0.689202
-0.555104 -0.69103
-0.536723 -0.689941
-0.527124 -0.690897
-0.506186 -0.689226
-0.490046 -0.693661
-0.476753 -0.694617
-0.464101 -0.70225
-0.445489 -0.707267
-0.433855 -0.71113
-0.421203 -0.720508
-0.398897 -0.729013
-0.371854 -0.738982
-0.353678 -0.750686
-0.326925 -0.764424
-0.319216 -0.774684
-0.300022 -0.786387
-0.288474 -0.794893
-0.273787 -0.801654
-0.255611 -0.809297
-0.237435 -0.815767
-0.222748 -0.821365
-0.218178 -0.824947
-0.202123 -0.830854
-0.180109 -0.829493
-0.155768 -0.830749
-0.149017 -0.830541
-0.129473 -0.828889
-0.114436 -0.828691
-0.0983817 -0.824423
-0.0868335 -0.816365
-0.0728141 -0.805991
-0.0612659 -0.795036
-0.0507354 -0.782908
-0.0287206 -0.77108
-0.0171724 -0.758671
0.00687759 -0.748297
0.0252581 -0.740821
0.0458193 -0.735099
0.0695193 -0.731411
0.102728 -0.725971
0.108025 -0.723447
0.133092 -0.727019
0.156997 -0.737287
0.175087 -0.7336
0.170063 -0.738045
0.196148 -0.74715
0.229006 -0.754221
0.249131 -0.762154
0.25312 -0.767771
0.268739 -0.775413
0.306454 -0.781902
0.314222 -0.786928
0.318152 -0.788474
0.334206 -0.789149
0.351279 -0.795047
0.369368 -0.798919
0.409554 -0.800747
0.405198 -0.804619
0.432591 -0.809936
0.44036 -0.812063
0.451908 -0.813019
0.450459 -0.8166
0.456483 -0.814067
0.464979 -0.813287
0.47798 -0.812499
0.49761 -0.806476
0.518462 -0.805115
0.540477 -0.808978
0.555514 -0.802093
0.577033 -0.797524
0.581749 -0.801687
0.586465 -0.797119
0.585306 -0.793713
0.592784 -0.793224
0.603751 -0.787211
0.614717 -0.788467
0.629523 -0.788278
0.646014 -0.791569
0.657998 -0.793697
0.666493 -0.798441
0.679495 -0.800287
0.683484 -0.80416
0.694801 -0.805706
0.691957 -0.81046
0.705395 -0.812878
0.705023 -0.813552
0.712937 -0.818297
0.713873 -0.823341
0.721787 -0.828376
0.726707 -0.831376
0.723137 -0.835249
0.729016 -0.841165
0.731551 -0.842711
0.726963 -0.847456
0.738802 -0.851037
0.725346 -0.851711
0.73515 -0.854711
0.718205 -0.858593
0.723503 -0.856069
0.727782 -0.858197
0.726102 -0.859743
0.719915 -0.861871
0.710384 -0.864289
0.704342 -0.866717
0.70208 -0.870589
0.693858 -0.873589
0.691596 -0.876008
0.684828 -0.876391
0.686054 -0.88288
0.66315 -0.885008
0.651875 -0.887136
0.656881 -0.883158
0.645752 -0.891682
0.637966 -0.895263
0.616515 -0.89681
0.625301 -0.894286
0.623475 -0.904263
0.598535 -0.906682
0.592203 -0.904158
0.591685 -0.90803
0.57852 -0.910158
0.577653 -0.918682
0.564488 -0.91703
0.557138 -0.92003
0.549788 -0.92303
0.542438 -0.92603
0.535088 -0.92903
0.527738 -0.93203
0.520388 -0.93503
0.51167 -0.937158
0.50432 -0.940158
0.49697 -0.943158
0.48962 -0.946158
0.48227 -0.949158
0.47457 -0.951858
0.46722 -0.954858
0.45987 -0.957858
0.45252 -0.960858
0.44517 -0.963858
0.43747 -0.966858
0.43047 -0.969858
0.42312 -0.973158
0.41577 -0.976458
0.40842 -0.979458
0.402088 -0.98363
0.395088 -0.988384
0.387738 -0.989058
0.396524 -0.994684
0.39368 -0.995358
0.368741 -0.99953
0.362408 -1.00718
0.356426 -1.00583
0.351402 -1.00826
0.348558 -1.01213
0.336411 -1.01834
0.330079 -1.02454
0.342354 -1.02784
0.332532 -1.02473
0.320385 -1.02948
0.319867 -1.03336
0.298416 -1.03346
0.292084 -1.04024
0.285752 -1.04441
0.285584 -1.04828
0.273437 -1.04954
0.273937 -1.05458
0.262807 -1.05293
0.275082 -1.05768
0.26875 -1.06214
0.244828 -1.06311
0.261609 -1.06844
0.235506 -1.07376
0.240513 -1.07648
0.225894 -1.07367
0.24035 -1.08104
0.235035 -1.08549
0.220271 -1.08704
0.226091 -1.08685
0.226591 -1.09305
0.223311 -1.09692
0.201715 -1.09935
0.217188 -1.10147
0.210419 -1.10418
0.209611 -1.10429
0.205314 -1.10787
0.184735 -1.10999
0.201226 -1.11212
0.178176 -1.11281
0.180506 -1.11552
0.190019 -1.1159
0.184268 -1.1189
0.172993 -1.11958
0.177709 -1.11909
0.174429 -1.12122
0.172167 -1.12248
0.17537 -1.12374
0.176597 -1.12587
0.174335 -1.12451
0.15928 -1.12402
0.166322 -1.12527
0.171705 -1.12567
0.169443 -1.12663
0.16471 -1.12382
0.180765 -1.12391
0.171175 -1.12168
0.170948 -1.1209
0.1604 -1.11779
0.168459 -1.11673
0.167882 -1.11362
0.167655 -1.10993
0.167079 -1.10624
0.179644 -1.10052
0.173253 -1.09944
0.167066 -1.09546
0.174484 -1.09118
0.178764 -1.08721
0.179204 -1.08351
0.180954 -1.0804
0.180436 -1.07671
0.186691 -1.07011
0.190621 -1.06235
0.184434 -1.05895
0.189381 -1.05206
0.189822 -1.04459
0.188141 -1.03595
0.201375 -1.02731
0.197018 -1.02072
0.203333 -1.01382
0.201303 -1.00432
0.209593 -1.0015
0.210093 -0.995474
0.210534 -0.989752
0.21301 -0.986347
0.215836 -0.980624
0.214823 -0.976347
0.222096 -0.970324
0.218757 -0.964602
0.221583 -0.959452
0.233363 -0.956047
0.234821 -0.949452
0.233808 -0.944593
0.241141 -0.941187
0.247105 -0.936337
0.24711 -0.934095
0.256564 -0.931561
0.257586 -0.9299
0.260412 -0.926795
0.262888 -0.922808
0.268416 -0.923763
0.295024 -0.923274
0.27991 -0.923358
0.283404 -0.925767
0.287247 -0.924397
0.291758 -0.925934
0.302084 -0.926317
0.305578 -0.923202
0.310089 -0.928228
0.320124 -0.929474
0.33045 -0.929558
0.345341 -0.931686
0.33706 -0.933513
0.349421 -0.937086
0.366434 -0.939786
0.361496 -0.940741
0.378509 -0.946058
0.371245 -0.948467
0.383606 -0.949141
0.402945 -0.952423
0.396699 -0.955123
0.413566 -0.955787
0.422875 -0.958487
0.44076 -0.961187
0.448324 -0.961271
0.452399 -0.964552
0.461998 -0.963182
0.477557 -0.96501
0.48265 -0.966837
0.497046 -0.966921
0.506645 -0.969621
0.512901 -0.969995
0.5225 -0.975021
0.53239 -0.974523
0.531667 -0.977223
0.540249 -0.980795
0.551302 -0.982913
0.550579 -0.986486
0.570936 -0.990058
0.568033 -0.994502
0.579086 -1.00186
0.585982 -1.00225
0.583225 -1.00525
0.592592 -1.01087
0.596 -1.01387
0.585247 -1.01542
0.590108 -1.01406
0.593602 -1.01619
0.592648 -1.0125
0.597159 -1.01725
0.601003 -1.01618
0.604496 -1.0186
0.607322 -1.01986
0.599331 -1.02198
0.602157 -1.02527
0.603616 -1.0274
0.603098 -1.0307
0.590746 -1.0337
0.59488 -1.03583
0.592995 -1.0397
0.590297 -1.03921
0.58972 -1.04309
0.590161 -1.04289
0.586445 -1.0456
0.582379 -1.04627
0.581135 -1.04665
0.578232 -1.04965
0.574516 -1.05324
0.576411 -1.05536
0.574816 -1.05487
0.570083 -1.057
0.568489 -1.05739
0.569366 -1.05719
0.570447 -1.05932
0.559549 -1.06057
0.561793 -1.06328
0.560199 -1.06541
0.561076 -1.06434
0.556342 -1.06617
0.544427 -1.0683
0.556933 -1.06781
0.546035 -1.0682
0.547262 -1.06771
0.545667 -1.06896
0.544073 -1.06847
0.542829 -1.0703
0.536728 -1.07069
0.535133 -1.07107
0.53005 -1.07203
0.535783 -1.07184
0.538986 -1.06873
0.531577 -1.06969
0.528965 -1.06832
0.533535 -1.06958
0.530632 -1.06909
0.524531 -1.0686
0.523954 -1.06957
0.521342 -1.06878
0.523587 -1.06742
0.518504 -1.06693
0.51342 -1.06557
0.518804 -1.06478
0.51372 -1.06313
0.516632 -1.06235
0.517714 -1.05924
0.516119 -1.05584
0.518014 -1.05273
0.511622 -1.05282
0.510028 -1.04447
0.515266 -1.04137
0.518178 -1.03884
0.513094 -1.03254
0.509379 -1.02914
0.512291 -1.0269
0.511714 -1.02292
0.511137 -1.01865
0.507071 -1.01641
0.517979 -1.0133
0.519728 -1.01281
0.524675 -1.01319
0.516162 -1.01213
0.512096 -1.01135
0.516376 -1.00884
0.522631 -1.00806
0.523422 -1.007
0.523863 -1.00564
0.528142 -1.00457
0.519279 -1.00263
0.526553 -1.00157
0.525017 -1.00108
0.527784 -1.00059
0.542385 -1.00128
0.531051 -0.999915
0.531551 -1.00089
0.531991 -1.00127
0.528943 -1.00107
0.535549 -1.0035
0.539479 -1.00563
0.529598 -1.00544
0.533878 -1.01019
0.536644 -1.01086
0.533741 -1.01154
0.531043 -1.01716
0.531484 -1.02016
0.52989 -1.02259
0.53068 -1.0282
0.524143 -1.02946
0.522549 -1.03363
0.524793 -1.03489
0.51971 -1.03702
0.51579 -1.03856
0.507217 -1.04186
0.505973 -1.04632
0.510339 -1.04699
0.501766 -1.04999
0.495666 -1.05242
0.4841 -1.05542
0.49428 -1.05842
0.486144 -1.06054
0.481206 -1.06065
0.478944 -1.06539
0.477641 -1.06839
0.464707 -1.07052
0.463549 -1.07177
0.460937 -1.07477
0.453818 -1.07807
0.45301 -1.08166
0.442403 -1.08146
0.435429 -1.08446
0.430782 -1.08659
0.427153 -1.08871
0.409713 -1.09084
0.414369 -1.09384
0.407601 -1.09684
0.414729 -1.09752
0.3938 -1.09878
0.39613 -1.10178
0.386977 -1.10129
0.395122 -1.10487
0.367361 -1.10613
0.38481 -1.10651
0.362864 -1.10689
0.355891 -1.10902
0.350226 -1.10941
0.354882 -1.11066
0.352706 -1.10959
0.352856 -1.11056
0.342394 -1.11268
0.339055 -1.11365
0.336879 -1.11403
0.321911 -1.11267
0.322061 -1.11131
0.307092 -1.11082
0.309423 -1.10946
0.306084 -1.1113
0.298093 -1.10818
0.294754 -1.10827
0.293596 -1.10517
0.278628 -1.10294
0.261188 -1.09983
0.249708 -1.0976
0.276461 -1.09682
0.249717 -1.09197
0.259521 -1.088
0.24557 -1.08519
0.250577 -1.0789
0.245929 -1.07436
0.22849 -1.07068
0.234659 -1.06264
0.243822 -1.05896
0.219754 -1.0518
0.218596 -1.04783
0.221131 -1.04008
0.224479 -1.03291
0.211896 -1.02575
0.222077 -1.02032
0.218447 -1.01577
0.209207 -1.01093
0.205578 -1.00493
0.211602 -0.997763
0.203175 -0.99583
0.200563 -0.988663
0.204116 -0.984986
0.199178 -0.981599
0.198891 -0.977621
0.199101 -0.974815
0.190674 -0.970556
0.193877 -0.969495
0.191615 -0.967852
0.183188 -0.967373
0.177087 -0.96573
0.177964 -0.964669
0.17701 -0.963608
0.174398 -0.9637
0.16946 -0.962058
0.162691 -0.960997
0.169383 -0.962552
0.159939 -0.96091
0.157327 -0.962465
0.154047 -0.960523
0.160739 -0.962369
0.154638 -0.965669
0.142722 -0.968097
0.142581 -0.970815
0.135813 -0.972361
0.135672 -0.981186
0.13306 -0.983904
0.122453 -0.991274
0.121294 -0.995147
0.110687 -0.998447
0.113367 -1
0.10872 -1.00126
0.0888091 -1.00398
0.0831443 -1.00786
0.0854748 -1.01203
0.0821359 -1.01358
0.0636785 -1.01746
0.0474017 -1.02163
0.0475517 -1.02405
0.0432544 -1.02415
0.036572 -1.02541
0.036722 -1.03423
0.0320748 -1.0384
0.0323702 -1.03733
0.00809796 -1.0415
0.0245294 -1.0419
0.017847 -1.04868
-0.00061037 -1.04732
-0.00046037 -1.0541
-0.0212437 -1.05973
-0.00582981 -1.05662
-0.0219613 -1.06603
-0.0369298 -1.06613
-0.0204983 -1.06622
-0.0505854 -1.07592
-0.0386604 -1.07311
-0.051303 -1.07728
-0.0685974 -1.08435
-0.0566724 -1.08678
-0.0658261 -1.08803
-0.068352 -1.08665
-0.0933243 -1.09633
-0.0724456 -1.09699
-0.106371 -1.09445
-0.09029 -1.10296
-0.106771 -1.09983
-0.125434 -1.10718
-0.108044 -1.10348
-0.128159 -1.11053
-0.120073 -1.11526
-0.130885 -1.11563
-0.133761 -1.11978
-0.161872 -1.12218
-0.156258 -1.12283
-0.154277 -1.12379
-0.156803 -1.12793
-0.165289 -1.13033
-0.160983 -1.13506
-0.169819 -1.13776
-0.193423 -1.13754
-0.182139 -1.13674
-0.172309 -1.14409
-0.197076 -1.14561
-0.192102 -1.14599
-0.196082 -1.15071
-0.193084 -1.15369
-0.192557 -1.15697
-0.193193 -1.15879
-0.189527 -1.16351
-0.199467 -1.16417
-0.19894 -1.16861
-0.196378 -1.17159
-0.198672 -1.17487
-0.197128 -1.17407
-0.19224 -1.17792
-0.191046 -1.1809
-0.195461 -1.18098
-0.191882 -1.18483
-0.185976 -1.18694
-0.186235 -1.18759
-0.182656 -1.18825
-0.18053 -1.19123
-0.173811 -1.19102
-0.171685 -1.19225
-0.169559 -1.19116
-0.157462 -1.19356
-0.155336 -1.19218
-0.152193 -1.19197
-0.142567 -1.19262
-0.138406 -1.19066
-0.131106 -1.19132
-0.116623 -1.1911
-0.117259 -1.19088
-0.105598 -1.19387
-0.0831206 -1.19278
-0.0810539 -1.1943
-0.0783465 -1.1938
-0.0643002 -1.19445
-0.0574363 -1.19452
-0.0364122 -1.19401
-0.0295483 -1.19205
-0.0261141 -1.19154
-0.0124178 -1.18696
-0.00651222 -1.18558
0.00506278 -1.18188
0.0244285 -1.1738
0.0312063 -1.17184
0.0446119 -1.17192
0.0617109 -1.1653
0.0716276 -1.1616
0.0932331 -1.16399
0.101841 -1.16057
0.115452 -1.15687
0.120571 -1.15316
0.135344 -1.14975
0.14279 -1.14894
0.15823 -1.14698
0.169515 -1.14444
0.183792 -1.13985
0.199583 -1.14168
0.229184 -1.14233
0.23285 -1.14212
0.241663 -1.14307
0.272281 -1.1478
0.269319 -1.14875
0.274293 -1.14854
0.290084 -1.14861
0.305875 -1.14433
0.315355 -1.14615
0.332164 -1.14128
0.359293 -1.137
0.35982 -1.13039
0.391106 -1.12407
0.401954 -1.11805
0.426263 -1.11085
0.43682 -1.1054
0.457263 -1.09734
0.48506 -1.09044
0.507247 -1.08528
0.510827 -1.07925
0.524378 -1.07671
0.551216 -1.07156
0.568256 -1.07425
0.601782 -1.07781
0.62019 -1.0869
0.638247 -1.09279
0.656654 -1.09956
0.651598 -1.10457
0.66797 -1.10668
0.683325 -1.11374
0.688008 -1.10596
0.693041 -1.10952
0.716332 -1.10612
0.731687 -1.10241
0.751489 -1.09842
0.764517 -1.09442
0.773562 -1.08897
0.797203 -1.08177
0.796362 -1.07196
0.795871 -1.06302
0.807823 -1.05321
0.806315 -1.04253
0.824227 -1.03244
0.835511 -1.02204
0.850952 -1.01572
0.862236 -1.003
0.876514 -1.00017
0.88614 -0.997337
0.897424 -0.994504
0.902398 -0.989636
0.909176 -0.98593
0.919092 -0.982515
0.932848 -0.980554
0.939276 -0.978884
0.955153 -0.978376
0.944631 -0.976706
0.946698 -0.975026
0.960744 -0.972193
0.968626 -0.96936
0.974181 -0.965654
0.974417 -0.962821
0.977792 -0.959987
0.984656 -0.955991
0.988527 -0.94996
0.989866 -0.945382
0.981903 -0.93906
0.975742 -0.928367
0.974029 -0.922917
0.973334 -0.913687
0.97546 -0.909982
0.970404 -0.903078
0.972179 -0.901117
0.969449 -0.893913
0.965701 -0.889336
0.960994 -0.885621
0.949251 -0.884232
0.946956 -0.879363
0.938847 -0.879428
0.928557 -0.875141
0.924228 -0.873171
0.91859 -0.872954
0.910771 -0.87331
0.905424 -0.872211
0.89592 -0.869669
0.884758 -0.870897
0.877376 -0.870099
0.863016 -0.867547
0.839497 -0.869647
0.831097 -0.872047
0.822697 -0.874147
0.814297 -0.876247
0.805897 -0.878647
0.797497 -0.880747
0.789097 -0.882847
0.780697 -0.885247
0.771279 -0.886474
0.761862 -0.887702
0.751427 -0.888358
0.723402 -0.889586
0.731574 -0.889941
0.699042 -0.890297
0.711721 -0.891824
0.680207 -0.893052
0.667446 -0.893408
0.676636 -0.894636
0.670707 -0.895863
0.664633 -0.898263
0.656233 -0.900363
0.647483 -0.902463
0.639083 -0.904563
0.630683 -0.906663
0.622283 -0.909063
0.613883 -0.911163
0.605483 -0.913263
0.597083 -0.915363
0.588683 -0.917463
0.580283 -0.919563
0.571883 -0.921663
0.569966 -0.924636
0.555751 -0.926163
0.563487 -0.931461
0.539968 -0.931236
0.531568 -0.933336
0.526512 -0.940087
0.515436 -0.937536
0.507036 -0.939636
0.498636 -0.943771
0.490236 -0.942091
0.481836 -0.944191
0.473436 -0.946291
0.464686 -0.948391
0.456286 -0.950491
0.447886 -0.952591
0.439486 -0.954691
0.430736 -0.956791
0.422336 -0.958891
0.413936 -0.960991
0.405536 -0.963091
0.396786 -0.965191
0.389404 -0.968163
0.381004 -0.970263
0.372604 -0.972363
0.363854 -0.974463
0.355454 -0.976263
0.370167 -0.979236
0.339671 -0.981336
0.331939 -0.984308
0.323539 -0.986408
0.316156 -0.989961
0.307406 -0.989736
0.300024 -0.992408
0.292291 -0.994208
0.303166 -0.99688
0.299273 -1.00246
0.269444 -1.00105
0.261712 -1.00285
0.252962 -1.00523
0.269652 -1.00761
0.256454 -1.01173
0.248722 -1.00771
0.224708 -1.00951
0.234275 -1.01218
0.208953 -1.02008
0.223316 -1.02246
0.194505 -1.02163
0.212213 -1.02518
0.186223 -1.02523
0.179508 -1.02441
0.183115 -1.02766
0.189192 -1.03236
0.182478 -1.03358
0.16297 -1.03653
0.151458 -1.03426
0.150558 -1.03983
0.157654 -1.03843
0.155445 -1.04168
0.133466 -1.04319
0.138441 -1.04643
0.133761 -1.0488
0.125738 -1.0474
0.134868 -1.0521
0.119722 -1.05303
0.12202 -1.0554
0.117341 -1.05633
0.113679 -1.05696
0.120338 -1.06078
0.113187 -1.06258
0.122317 -1.06467
0.113858 -1.06471
0.104236 -1.06622
0.107552 -1.06685
0.105925 -1.06923
0.113602 -1.06899
0.107468 -1.06874
0.106859 -1.0688
0.111192 -1.06826
0.107094 -1.06889
0.101979 -1.0669
0.113144 -1.06521
0.110209 -1.06555
0.111576 -1.06443
0.110966 -1.06157
0.10556 -1.06163
0.110766 -1.05644
0.121641 -1.05561
0.110565 -1.05682
0.12144 -1.05601
0.111381 -1.05751
0.118767 -1.05755
0.119176 -1.05731
0.119584 -1.05968
0.116154 -1.06148
0.116562 -1.06298
0.115953 -1.06215
0.110546 -1.06598
0.116769 -1.06864
0.11616 -1.06927
0.111771 -1.07164
0.115523 -1.07606
0.114564 -1.07756
0.118461 -1.08168
0.117852 -1.08172
0.113754 -1.08642
0.113144 -1.08705
0.10672 -1.09264
0.10995 -1.09299
0.108323 -1.09567
0.105242 -1.09864
0.100477 -1.10218
0.0988498 -1.10167
0.104551 -1.10347
0.106267 -1.10644
0.091848 -1.10853
0.0930424 -1.10976
0.095922 -1.11475
0.0862998 -1.11366
0.0885119 -1.1172
0.0833961 -1.12163
0.0852581 -1.12284
0.0839813 -1.1264
0.0823544 -1.1282
0.0807276 -1.1303
0.0887544 -1.13239
0.0823304 -1.13536
0.0807035 -1.14036
0.0759378 -1.14042
0.0788174 -1.14252
0.0864943 -1.14519
0.0872526 -1.15049
0.0831544 -1.15403
0.0860341 -1.15321
0.0829535 -1.15473
0.0872007 -1.15799
0.0876091 -1.16211
0.0915063 -1.16189
0.102236 -1.16601
0.0936906 -1.16868
0.107909 -1.17078
0.106864 -1.17317
0.115267 -1.17235
0.114222 -1.17299
0.118033 -1.17625
0.130798 -1.1795
0.141237 -1.18305
0.134231 -1.18166
0.151503 -1.1852
0.156331 -1.18613
0.161828 -1.18619
0.170813 -1.19061
0.184304 -1.19154
0.20114 -1.19392
0.204165 -1.19485
0.217656 -1.19636
0.227864 -1.19671
0.234087 -1.19822
0.243944 -1.19712
0.251476 -1.19455
0.260025 -1.19228
0.275552 -1.18972
0.284101 -1.18803
0.306024 -1.1881
0.306287 -1.18554
0.336846 -1.18734
0.341616 -1.18623
0.3522 -1.1828
0.367291 -1.18489
0.384707 -1.18145
0.382499 -1.17453
0.403404 -1.17023
0.415006 -1.16592
0.426608 -1.16191
0.435448 -1.15586
0.456354 -1.15591
0.468973 -1.15102
0.490605 -1.15195
0.50904 -1.15026
0.526166 -1.15119
0.543291 -1.15212
0.55344 -1.15392
0.563588 -1.15397
0.573736 -1.15577
0.584029 -1.1535
0.603481 -1.15443
0.611304 -1.1571
0.634244 -1.16006
0.65137 -1.16099
0.666692 -1.15783
0.697338 -1.1637
0.711556 -1.16202
0.715454 -1.16119
0.717752 -1.15747
0.733424 -1.14501
0.74424 -1.13722
0.767907 -1.12389
0.794482 -1.1158
0.823674 -1.10451
0.842399 -1.09701
0.861791 -1.08746
0.869032 -1.07995
0.885722 -1.07419
0.892091 -1.06843
0.899563 -1.06586
0.910729 -1.06649
0.927854 -1.06741
0.94687 -1.07444
0.958122 -1.08118
0.96638 -1.08559
0.96548 -1.08971
0.968215 -1.09296
0.972925 -1.09534
0.965192 -1.09335
0.956879 -1.09311
0.953739 -1.08938
0.955455 -1.0839
0.952956 -1.07785
0.949235 -1.07237
0.952987 -1.06602
0.954413 -1.05939
0.945167 -1.05479
0.939761 -1.04437
0.940169 -1.03861
0.934704 -1.034
0.936566 -1.02969
0.923454 -1.02305
0.90665 -1.02049
0.908512 -1.01704
0.900053 -1.01447
0.898366 -1.01452
0.876097 -1.01719
0.874556 -1.01549
0.875691 -1.01874
0.850369 -1.02082
0.852608 -1.01884
0.827286 -1.01889
0.830833 -1.02417
0.810454 -1.02567
0.802721 -1.0199
0.793621 -1.0243
0.784871 -1.02349
0.775771 -1.01772
0.766004 -1.0166
0.756904 -1.01723
0.741321 -1.01786
0.738386 -1.01936
0.727251 -1.01911
0.717483 -1.01974
0.707366 -1.02037
0.698616 -1.02217
0.673379 -1.0228
0.679748 -1.0243
0.670648 -1.0258
0.661898 -1.0273
0.652798 -1.0288
0.644048 -1.0303
0.634948 -1.0318
0.626198 -1.0333
0.617098 -1.0348
0.608348 -1.03572
0.599248 -1.03722
0.590498 -1.03785
0.581748 -1.03965
0.572648 -1.04028
0.563898 -1.04208
0.555816 -1.04358
0.547066 -1.04508
0.538316 -1.04688
0.529216 -1.04838
0.520466 -1.04988
0.511366 -1.05138
0.502616 -1.05318
0.493516 -1.05468
0.484766 -1.05618
0.475666 -1.05768
0.466916 -1.05948
0.457816 -1.06098
0.472179 -1.06335
0.440983 -1.06485
0.432233 -1.06665
0.423133 -1.06815
0.417727 -1.07052
0.406301 -1.07406
0.399586 -1.0744
0.390486 -1.0762
0.381736 -1.0777
0.388772 -1.08152
0.365921 -1.0807
0.356821 -1.0822
0.364207 -1.0837
0.356125 -1.08607
0.333274 -1.08758
0.325191 -1.08937
0.317109 -1.09087
0.309377 -1.0915
0.305655 -1.09765
0.321037 -1.09624
0.300162 -1.09919
0.290771 -1.09837
0.296849 -1.10045
0.289784 -1.10602
0.27362 -1.10985
0.283854 -1.10902
0.275336 -1.11285
0.264841 -1.11696
0.271587 -1.11759
0.253765 -1.11677
0.249085 -1.12059
0.254377 -1.12209
0.260018 -1.12272
0.246703 -1.12742
0.251994 -1.12572
0.244553 -1.13129
0.250862 -1.13279
0.252374 -1.13429
0.247258 -1.13579
0.252259 -1.13816
0.2513 -1.14082
0.255138 -1.14232
0.261506 -1.14556
0.262873 -1.14793
0.264385 -1.14856
0.264793 -1.15326
0.268341 -1.15389
0.262439 -1.15509
0.27151 -1.15891
0.278751 -1.16041
0.284333 -1.16278
0.293404 -1.16516
0.311634 -1.16781
0.30928 -1.17076
0.30992 -1.17052
0.32437 -1.17464
0.327481 -1.17467
0.337484 -1.17617
0.349608 -1.17651
0.354754 -1.17627
0.357429 -1.17777
0.374265 -1.17578
0.378975 -1.17525
0.396537 -1.1782
0.404736 -1.17563
0.415552 -1.18092
0.436166 -1.18242
0.458757 -1.18799
0.474866 -1.19007
0.486117 -1.191
0.492427 -1.19163
0.504029 -1.19139
0.517316 -1.19027
0.526096 -1.19352
0.540169 -1.19008
0.547932 -1.19071
0.563691 -1.18901
0.571804 -1.19081
0.591051 -1.19144
0.596779 -1.19294
0.611869 -1.1956
0.621667 -1.19855
0.628413 -1.20034
0.645189 -1.19981
0.645452 -1.20248
0.655686 -1.20369
0.662431 -1.20345
0.679993 -1.20466
0.682668 -1.20063
0.696391 -1.19777
0.702119 -1.19287
0.717501 -1.18565
0.724391 -1.17756
0.736661 -1.17208
0.747913 -1.16573
0.758497 -1.15996
0.772075 -1.15478
0.79234 -1.14611
0.796614 -1.13743
0.804522 -1.13195
0.823974 -1.12822
0.827376 -1.12042
0.841971 -1.11843
0.852205 -1.1141
0.857642 -1.11473
0.878548 -1.11391
0.885293 -1.11715
0.89073 -1.11981
0.897476 -1.12306
0.896371 -1.12514
0.912856 -1.12664
0.905124 -1.12378
0.898495 -1.1215
0.901316 -1.12009
0.90777 -1.11025
0.903613 -1.10447
0.897856 -1.09725
0.904311 -1.08683
0.898118 -1.07903
0.884716 -1.06861
0.889281 -1.06313
0.883816 -1.05939
0.883874 -1.05158
0.876082 -1.04582
0.872652 -1.04324
0.861662 -1.04067
0.848346 -1.04187
0.845352 -1.04192
0.840322 -1.04197
0.821482 -1.04201
0.815435 -1.04874
0.799066 -1.04646
0.786537 -1.04883
0.778454 -1.05063
0.769704 -1.05156
0.760604 -1.05249
0.751504 -1.05429
0.742754 -1.05609
0.733654 -1.05759
0.724554 -1.05851
0.703157 -1.05944
0.69304 -1.06037
0.685248 -1.0613
0.684784 -1.06192
0.673649 -1.06198
0.657716 -1.06291
0.652746 -1.06296
0.641611 -1.06272
0.632511 -1.06452
0.61344 -1.06545
0.613643 -1.06695
0.603526 -1.06787
0.594776 -1.06967
0.585676 -1.07147
0.576576 -1.07297
0.567476 -1.07477
0.558726 -1.07657
0.569251 -1.07895
0.542561 -1.08162
0.533811 -1.08312
0.528054 -1.08579
0.517646 -1.08846
0.509564 -1.09084
0.500464 -1.09176
0.50785 -1.09414
0.484649 -1.09594
0.475549 -1.09774
0.474299 -1.10069
0.459734 -1.10482
0.450634 -1.10254
0.442552 -1.10434
0.433452 -1.10584
0.447466 -1.10851
0.416269 -1.10914
0.407519 -1.11094
0.398419 -1.11244
0.408944 -1.11511
0.381237 -1.11661
0.372137 -1.11841
0.364054 -1.12136
0.355304 -1.12636
0.346204 -1.12321
0.338122 -1.12588
0.329022 -1.12738
0.32094 -1.12888
0.312857 -1.13068
0.303757 -1.13218
0.310793 -1.13398
0.3062 -1.13635
0.292507 -1.13872
0.291403 -1.14285
0.279831 -1.14115
0.257648 -1.14818
0.269191 -1.14532
0.258637 -1.14595
0.241251 -1.14716
0.238692 -1.1539
0.22465 -1.15366
0.216277 -1.15371
0.238141 -1.15521
0.228604 -1.16253
0.226046 -1.16403
0.224505 -1.16553
0.218458 -1.16646
0.197147 -1.16796
0.205928 -1.17033
0.201916 -1.17009
0.201392 -1.17391
0.19738 -1.17513
0.197875 -1.17896
0.19488 -1.18046
0.191886 -1.18021
0.199213 -1.18258
0.192729 -1.18408
0.194241 -1.18617
0.200115 -1.18766
0.192991 -1.19061
0.197846 -1.19037
0.200376 -1.19274
0.192584 -1.19219
0.20747 -1.19602
0.200551 -1.19752
0.21058 -1.19815
0.20933 -1.19935
0.220728 -1.20143
0.222821 -1.20206
0.228404 -1.20268
0.226658 -1.20388
0.22628 -1.20422
0.244219 -1.20427
0.248348 -1.20518
0.26149 -1.2058
0.282422 -1.2044
0.281317 -1.20618
0.288499 -1.20361
0.298152 -1.20569
0.303966 -1.20456
0.315944 -1.20577
0.323126 -1.20553
0.33932 -1.20586
0.351676 -1.20823
0.366271 -1.20943
0.382029 -1.21093
0.40427 -1.21213
0.413487 -1.21421
0.432298 -1.21715
0.461866 -1.21807
0.465064 -1.22364
0.48969 -1.22426
0.499488 -1.22663
0.511116 -1.23365
0.529201 -1.23515
0.538999 -1.23867
0.550918 -1.24105
0.573218 -1.24254
0.586069 -1.24461
0.594209 -1.24844
0.617817 -1.24702
0.620783 -1.24852
0.634738 -1.25117
0.647007 -1.24831
0.658927 -1.24922
0.66669 -1.24897
0.672417 -1.24291
0.689861 -1.23277
0.696606 -1.23282
0.704746 -1.2218
0.728354 -1.21167
0.732629 -1.20502
0.746002 -1.19576
0.749404 -1.18387
0.763649 -1.16909
0.772866 -1.15808
0.777285 -1.14882
0.780191 -1.13257
0.795368 -1.13058
0.795222 -1.12422
0.804439 -1.11641
0.810253 -1.11471
0.813073 -1.11504
0.81438 -1.11391
0.825051 -1.11162
0.824904 -1.11951
0.825544 -1.11752
0.828305 -1.11611
0.819641 -1.11614
0.819059 -1.11298
0.821153 -1.10838
0.808068 -1.10173
0.802166 -1.09682
0.804346 -1.08988
0.794083 -1.08178
0.798589 -1.07281
0.775533 -1.06616
0.788034 -1.05864
0.779079 -1.04588
0.776753 -1.03778
0.777247 -1.02851
0.755295 -1.02129
0.753609 -1.01319
0.750265 -1.00159
0.742909 -0.995234
0.735058 -0.988002
0.733167 -0.983387
0.73497 -0.978773
0.718833 -0.976774
0.716275 -0.974776
0.715402 -0.978593
0.697579 -0.976886
0.691182 -0.980702
0.669521 -0.984519
0.678738 -0.986591
0.664345 -0.987791
0.662891 -0.988991
0.651319 -0.993971
0.646376 -0.990519
0.616197 -0.991428
0.606747 -0.99321
0.597297 -0.991211
0.588197 -0.992121
0.578747 -0.995647
0.569297 -0.990741
0.560197 -0.991941
0.550747 -0.993141
0.541297 -0.994341
0.532197 -0.995541
0.522747 -0.996741
0.513297 -0.997641
0.504197 -0.998841
0.494747 -1.00004
0.485297 -1.00124
0.476197 -1.00244
0.466747 -1.00364
0.457297 -1.00454
0.447847 -1.00574
0.438747 -1.00607
0.429297 -1.01192
0.419847 -1.00847
0.410747 -1.00937
0.402315 -1.01057
0.392865 -1.01177
0.38545 -1.01762
0.37635 -1.01387
0.3669 -1.01507
0.358467 -1.01714
0.349017 -1.01834
0.339917 -1.01924
0.330467 -1.02044
0.321017 -1.02164
0.312585 -1.02341
0.303135 -1.02461
0.294035 -1.02581
0.284585 -1.02671
0.275135 -1.02791
0.278332 -1.03377
0.257253 -1.03001
0.248153 -1.03121
0.23972 -1.03299
0.23027 -1.03419
0.240445 -1.03626
0.212388 -1.03716
0.20977 -1.04068
0.205177 -1.04013
0.186423 -1.04133
0.180316 -1.04805
0.169558 -1.0446
0.160458 -1.04493
0.158858 -1.05108
0.146937 -1.05083
0.137546 -1.0561
0.140743 -1.05381
0.140306 -1.0585
0.13638 -1.05563
0.106202 -1.05915
0.0998044 -1.05803
0.116812 -1.05923
0.1046 -1.06421
0.106489 -1.06395
0.0979702 -1.06254
0.0985507 -1.06694
0.0813961 -1.06494
0.0725276 -1.07021
0.0744757 -1.06908
0.0839239 -1.07348
0.0657517 -1.07525
0.0741822 -1.07791
0.0698202 -1.07823
0.0751119 -1.07769
0.0647896 -1.08063
0.0674054 -1.08009
0.0615896 -1.08303
0.0675489 -1.08394
0.0594072 -1.08602
0.0564128 -1.08604
0.0703674 -1.08724
0.0680406 -1.08844
0.0529211 -1.08877
0.0516119 -1.09055
0.0550998 -1.08971
0.0676007 -1.09178
0.0673091 -1.09298
0.0708563 -1.09418
0.0646044 -1.09364
0.070273 -1.09424
0.0744878 -1.09544
0.0772489 -1.09461
0.0820452 -1.09407
0.0996341 -1.09555
0.093673 -1.0918
0.112279 -1.093
0.127397 -1.09361
0.129722 -1.09336
0.146207 -1.09369
0.150713 -1.09546
0.146496 -1.09666
0.159579 -1.0996
0.163357 -1.10225
0.160304 -1.10083
0.17295 -1.10378
0.183706 -1.107
0.181525 -1.10733
0.201149 -1.10997
0.192135 -1.10856
0.195914 -1.1083
0.205216 -1.11327
0.210013 -1.11273
0.222804 -1.1145
0.227165 -1.11745
0.23952 -1.12009
0.236903 -1.12129
0.250712 -1.12219
0.267429 -1.12688
0.276295 -1.12952
0.277312 -1.12898
0.289667 -1.12755
0.301587 -1.13457
0.302458 -1.13604
0.319261 -1.13694
0.330163 -1.13929
0.336704 -1.14367
0.349581 -1.14776
0.365426 -1.14924
0.371821 -1.15072
0.37967 -1.1522
0.384698 -1.15193
0.379754 -1.15079
0.396616 -1.14936
0.417926 -1.14299
0.420541 -1.13748
0.446271 -1.13315
0.459149 -1.12503
0.466707 -1.12127
0.491419 -1.1178
0.497029 -1.11317
0.521304 -1.10854
0.535259 -1.10682
0.547846 -1.10306
0.567761 -1.09902
0.572412 -1.09787
0.594303 -1.09527
0.594447 -1.09356
0.623666 -1.0927
0.625786 -1.09534
0.647736 -1.09943
0.66925 -1.10324
0.675877 -1.10965
0.692303 -1.11229
0.688608 -1.11551
0.690206 -1.11698
0.688752 -1.11758
0.696251 -1.11818
0.692616 -1.11471
0.709128 -1.11532
0.721483 -1.11418
0.718866 -1.11216
0.725347 -1.11218
0.731161 -1.11162
0.726304 -1.10874
0.724267 -1.10672
0.720718 -1.10499
0.730021 -1.10734
0.725804 -1.10474
0.731704 -1.10592
0.728651 -1.10827
0.723066 -1.1051
0.727281 -1.10657
0.720679 -1.10775
0.722423 -1.10515
0.72527 -1.1075
0.714657 -1.10635
0.716487 -1.10608
0.710671 -1.10494
0.712501 -1.10466
0.697381 -1.10584
0.701887 -1.1015
0.693395 -1.09949
0.693394 -1.10096
0.6897 -1.09807
0.689844 -1.09518
0.677864 -1.09316
0.680334 -1.09202
0.674314 -1.08913
0.66713 -1.08857
0.663786 -1.08481
0.66358 -1.08279
0.660236 -1.07845
0.653053 -1.07817
0.649708 -1.07529
0.639036 -1.07152
0.648484 -1.07182
0.634468 -1.06923
0.634613 -1.06721
0.622923 -1.06694
0.623067 -1.06667
0.613558 -1.06407
0.615011 -1.0638
0.611666 -1.06675
0.60114 -1.06301
0.599104 -1.06479
0.59823 -1.06424
0.581076 -1.06544
0.580203 -1.06403
0.581655 -1.06174
0.5818 -1.06265
0.570605 -1.05803
0.567552 -1.05632
0.560514 -1.05433
0.548156 -1.05175
0.543794 -1.04946
0.533908 -1.0463
0.535506 -1.04546
0.531144 -1.03939
0.518787 -1.03739
0.522506 -1.03335
0.511166 -1.03106
0.509276 -1.02383
0.504914 -1.02242
0.497063 -1.01954
0.471708 -1.01551
0.475632 -1.01409
0.476067 -1.01355
0.474177 -1.00951
0.452516 -1.00896
0.451729 -1.00667
0.455653 -1.00613
0.436463 -1.00529
0.432537 -1.00271
0.408491 -1.00071
0.401076 -0.997547
0.409942 -0.99613
0.394532 -0.993541
0.38232 -0.993869
0.38633 -0.993324
0.374409 -0.985511
0.362488 -0.98583
0.347891 -0.993136
0.333643 -0.991137
0.324193 -0.98943
0.334368 -0.991202
0.318608 -0.993274
0.297529 -0.994474
0.289096 -0.996247
0.279296 -0.997447
0.269846 -0.998347
0.260396 -0.999547
0.250596 -1.00075
0.241146 -1.00165
0.231696 -1.00285
0.221896 -1.00405
0.213464 -1.00582
0.223639 -1.00789
0.195231 -1.00879
0.185781 -1.00999
0.176331 -1.01089
0.179179 -1.01296
0.158099 -1.01386
0.148649 -1.01506
0.139866 -1.01684
0.15353 -1.01891
0.141259 -1.02272
0.129338 -1.02188
0.105787 -1.02365
0.0970044 -1.03038
0.0978757 -1.02662
0.0797896 -1.03073
0.0909822 -1.0357
0.06496 -1.03632
0.0561776 -1.03548
0.0570489 -1.0326
0.063385 -1.03438
0.0559702 -1.03527
0.0227656 -1.035
0.037097 -1.03647
0.00621833 -1.03677
-0.00119648 -1.03824
0.0144433 -1.04465
0.00566093 -1.04379
-0.0207113 -1.03857
-0.0226613 -1.04557
-0.0427233 -1.04122
-0.0294094 -1.04007
-0.0524381 -1.04765
-0.0554057 -1.04649
-0.0748002 -1.04448
-0.0639576 -1.04739
-0.0851826 -1.04479
-0.07434 -1.04829
-0.0948974 -1.04424
-0.114292 -1.04599
-0.115224 -1.05182
-0.129821 -1.04544
-0.127933 -1.05127
-0.121887 -1.04809
-0.13663 -1.05449
-0.138434 -1.05131
-0.168296 -1.05307
-0.154982 -1.04959
-0.175539 -1.05019
-0.168185 -1.05601
-0.200022 -1.05574
-0.197175 -1.05371
-0.19898 -1.05256
-0.225352 -1.05403
-0.217998 -1.05985
-0.236084 -1.05928
-0.231057 -1.0625
-0.257429 -1.0628
-0.251093 -1.06368
-0.255019 -1.05933
-0.282409 -1.05993
-0.265751 -1.06343
-0.283837 -1.0646
-0.288113 -1.06315
-0.314485 -1.06172
-0.295357 -1.06115
-0.312425 -1.06377
-0.323679 -1.0696
-0.331444 -1.06409
-0.339209 -1.06904
-0.338978 -1.07254
-0.346743 -1.07052
-0.375586 -1.06791
-0.383351 -1.06821
-0.362187 -1.06968
-0.388559 -1.06969
-0.382514 -1.0758
-0.399728 -1.07669
-0.395659 -1.07786
-0.41389 -1.0767
-0.41962 -1.077
-0.422878 -1.07963
-0.428608 -1.07703
-0.438844 -1.0814
-0.438613 -1.07996
-0.434021 -1.07968
-0.436262 -1.0823
-0.440974 -1.0794
-0.450193 -1.08058
-0.451416 -1.08407
-0.456128 -1.08205
-0.464329 -1.08642
-0.471862 -1.08759
-0.466108 -1.08615
-0.467476 -1.08877
-0.471171 -1.08849
-0.475883 -1.09112
-0.472599 -1.08822
-0.486615 -1.09084
-0.491327 -1.09172
-0.492696 -1.09347
-0.489412 -1.09232
-0.487583 -1.09174
-0.482409 -1.09379
-0.48654 -1.09292
-0.487532 -1.09582
-0.476689 -1.09494
-0.476313 -1.09756
-0.47492 -1.09726
-0.468061 -1.10046
-0.470157 -1.10016
-0.460768 -1.10103
-0.455218 -1.10103
-0.458767 -1.10218
-0.441528 -1.10393
-0.431558 -1.10363
-0.422955 -1.10421
-0.4172 -1.10217
-0.403741 -1.10449
-0.392812 -1.10332
-0.386331 -1.10245
-0.36633 -1.10476
-0.356128 -1.10476
-0.32944 -1.10417
-0.312346 -1.10853
-0.296621 -1.11056
-0.277492 -1.11056
-0.252548 -1.11171
-0.230426 -1.11666
-0.209262 -1.11868
-0.183592 -1.11751
-0.168738 -1.11867
-0.138707 -1.11488
-0.103151 -1.11139
-0.0699807 -1.11546
-0.0440196 -1.11864
-0.0336131 -1.11283
-0.0149798 -1.11602
0.0205757 -1.11514
0.0245859 -1.11834
0.0549943 -1.11891
0.0915674 -1.12122
0.119359 -1.12588
0.141104 -1.12558
0.164594 -1.1244
0.190351 -1.12586
0.205264 -1.11742
0.208256 -1.11508
0.232123 -1.11536
0.262881 -1.11217
0.297651 -1.10838
0.323176 -1.10808
0.329948 -1.10342
0.360356 -1.10312
0.396929 -1.09672
0.405823 -1.09235
0.444431 -1.0903
0.470247 -1.09175
0.49673 -1.09291
0.517458 -1.09087
0.540307 -1.09377
0.559 -1.09579
0.569842 -1.09462
0.582225 -1.0885
0.595393 -1.0882
0.624493 -1.08936
0.645221 -1.08267
0.661879 -1.0815
0.668446 -1.07945
0.677254 -1.07741
0.705336 -1.07537
0.726064 -1.07332
0.734376 -1.07157
0.738241 -1.07098
0.761962 -1.06748
0.766117 -1.06311
0.783211 -1.06194
0.798791 -1.0628
0.820537 -1.06075
0.813004 -1.05871
0.834167 -1.05579
0.841462 -1.05782
0.858119 -1.0488
0.865559 -1.04674
0.872913 -1.03742
0.889947 -1.0278
0.895352 -1.01643
0.9041 -1.00448
0.912616 -0.997187
0.917294 -0.986411
0.909616 -0.971847
0.919817 -0.965132
0.937347 -0.954928
0.939554 -0.949958
0.952663 -0.945569
0.959144 -0.939145
0.960769 -0.9368
0.963412 -0.937063
0.965037 -0.936163
0.967157 -0.936136
0.951483 -0.935526
0.965901 -0.933173
0.956187 -0.934889
0.971391 -0.93428
0.968654 -0.935124
0.960394 -0.935969
0.945156 -0.934197
0.937537 -0.933297
0.935528 -0.932397
0.921743 -0.930624
0.921188 -0.924782
0.908857 -0.922137
0.901674 -0.920656
0.889779 -0.916267
0.887043 -0.914786
0.868171 -0.914758
0.854591 -0.912404
0.849966 -0.906852
0.817719 -0.905952
0.831701 -0.906797
0.799804 -0.905897
0.789654 -0.904997
0.779504 -0.903797
0.769354 -0.902897
0.757169 -0.900252
0.746352 -0.89848
0.728352 -0.895836
0.722999 -0.894936
0.685374 -0.891419
0.675865 -0.888474
0.657865 -0.88583
0.651494 -0.883186
0.662423 -0.881413
0.651255 -0.879641
0.641455 -0.878441
0.62927 -0.875797
0.61912 -0.874897
0.60897 -0.873997
0.59882 -0.872797
0.58902 -0.871897
0.57887 -0.870997
0.56872 -0.870097
0.559588 -0.869769
0.549438 -0.868869
0.540655 -0.868841
0.531523 -0.868513
0.521373 -0.867613
0.511223 -0.866713
0.51372 -0.866386
0.492291 -0.865486
0.482141 -0.864586
0.471991 -0.863386
0.461841 -0.862486
0.451691 -0.861586
0.441891 -0.860386
0.431741 -0.859486
0.421591 -0.858286
0.411441 -0.857386
0.401291 -0.856486
0.391491 -0.855286
0.381341 -0.854386
0.371191 -0.853186
0.361041 -0.852286
0.350891 -0.851086
0.340741 -0.850186
0.330941 -0.848986
0.320791 -0.848086
0.310641 -0.846886
0.301508 -0.846858
0.292376 -0.84653
0.288391 -0.84563
0.296557 -0.846174
0.283936 -0.846147
0.255179 -0.844947
0.246046 -0.844919
0.235896 -0.843719
0.251536 -0.843691
0.216964 -0.842491
0.206814 -0.841591
0.209311 -0.841263
0.187531 -0.840063
0.177381 -0.839163
0.167581 -0.837963
0.157431 -0.837063
0.147281 -0.835863
0.137131 -0.834663
0.126981 -0.833763
0.116831 -0.832563
0.107031 -0.831363
0.0968813 -0.830463
0.0867313 -0.829263
0.0765813 -0.828063
0.0664313 -0.827163
0.0562813 -0.825963
0.0464813 -0.824763
0.0363313 -0.823563
0.0261813 -0.822663
0.0160313 -0.821463
0.0058813 -0.820263
-0.00325111 -0.819936
0.00171741 -0.819036
-0.0232011 -0.817836
-0.0333511 -0.816636
-0.0435011 -0.815436
-0.0536511 -0.814536
-0.0638011 -0.813336
-0.0739511 -0.812136
-0.0837511 -0.810936
-0.0939011 -0.809736
-0.104051 -0.808536
-0.114201 -0.807636
-0.124351 -0.806436
-0.134501 -0.805236
-0.144651 -0.804036
-0.154801 -0.802836
-0.164601 -0.801636
-0.174751 -0.800436
-0.184901 -0.799236
-0.195051 -0.798036
-0.19488 -0.797708
-0.214334 -0.796508
-0.224484 -0.795608
-0.234284 -0.794408
-0.22132 -0.79408
-0.253566 -0.79288
-0.251069 -0.792552
-0.272848 -0.791352
-0.259884 -0.791024
-0.292131 -0.789824
-0.288616 -0.790369
-0.310046 -0.789169
-0.307548 -0.788841
-0.322496 -0.788513
-0.337443 -0.787886
-0.347593 -0.786686
-0.356725 -0.786358
-0.343761 -0.78603
-0.352894 -0.785702
-0.362026 -0.784774
-0.374647 -0.784147
-0.38378 -0.783219
-0.398872 -0.783163
-0.401027 -0.782536
-0.413648 -0.781608
-0.419292 -0.78098
-0.428424 -0.780052
-0.455146 -0.780297
-0.445671 -0.779369
-0.447971 -0.779313
-0.481526 -0.778686
-0.489641 -0.77863
-0.476677 -0.777702
-0.506888 -0.777947
-0.492907 -0.777891
-0.505528 -0.776963
-0.526435 -0.777208
-0.514925 -0.778024
-0.524408 -0.777097
-0.547641 -0.777341
-0.565059 -0.777286
-0.551078 -0.77723
-0.568642 -0.777174
-0.573268 -0.777419
-0.574405 -0.777363
-0.581502 -0.77818
-0.588599 -0.778997
-0.603692 -0.779241
-0.626925 -0.779186
-0.611926 -0.784654
-0.622512 -0.779947
-0.623795 -0.781063
-0.637724 -0.781008
-0.631011 -0.786476
-0.64843 -0.781769
-0.66832 -0.782586
-0.649832 -0.783402
-0.666378 -0.784519
-0.666497 -0.785336
-0.676416 -0.786152
-0.689328 -0.786969
-0.689593 -0.793891
-0.699161 -0.794126
-0.694774 -0.794071
-0.704343 -0.789363
-0.727721 -0.79396
-0.716502 -0.789252
-0.723599 -0.791232
-0.729679 -0.791476
-0.729944 -0.793747
-0.754631 -0.791947
-0.743411 -0.790147
-0.753997 -0.789219
-0.763566 -0.786547
-0.755835 -0.786491
-0.772236 -0.785273
-0.773809 -0.780274
-0.78236 -0.7808
-0.783934 -0.778128
-0.788996 -0.776328
-0.791732 -0.773356
-0.797144 -0.770684
-0.801188 -0.769756
-0.799272 -0.767084
-0.806806 -0.7679
-0.808379 -0.765228
-0.806609 -0.762556
-0.819957 -0.763082
-0.814697 -0.758356
-0.817724 -0.75741
-0.821769 -0.75501
-0.81715 -0.753482
-0.816688 -0.751663
-0.823204 -0.749263
-0.825213 -0.746863
-0.822775 -0.742719
-0.824784 -0.739447
-0.815309 -0.735302
-0.827785 -0.735228
-0.81831 -0.730784
-0.813837 -0.727511
-0.810322 -0.726856
-0.806808 -0.722711
-0.805764 -0.720311
-0.812048 -0.718493
-0.804027 -0.716965
-0.79964 -0.713974
-0.797579 -0.713028
-0.792029 -0.70743
-0.782322 -0.703867
-0.787239 -0.701176
-0.773839 -0.696732
-0.769743 -0.691424
-0.740702 -0.688152
-0.742566 -0.681391
-0.726113 -0.678991
-0.718964 -0.673674
-0.704837 -0.66953
-0.690188 -0.668584
-0.677515 -0.662686
-0.658009 -0.660286
-0.639812 -0.65963
-0.625104 -0.659556
-0.60842 -0.6586
-0.599962 -0.661143
-0.578421 -0.655545
-0.565167 -0.656334
-0.548423 -0.653061
-0.529704 -0.655604
-0.518921 -0.653776
-0.487785 -0.653993
-0.481799 -0.653628
-0.453717 -0.657324
-0.448748 -0.654924
-0.424941 -0.654841
-0.397876 -0.652441
-0.394361 -0.654111
-0.373547 -0.65083
-0.362764 -0.649302
-0.354657 -0.645149
-0.342856 -0.644493
-0.30547 -0.643537
-0.289162 -0.645499
-0.272855 -0.646287
-0.265851 -0.646504
-0.239572 -0.647293
-0.240419 -0.647219
-0.233124 -0.646263
-0.224667 -0.644445
-0.21243 -0.641745
-0.207521 -0.634393
-0.189759 -0.629376
-0.17069 -0.62406
-0.14944 -0.617871
-0.129353 -0.616052
-0.121913 -0.608991
-0.118312 -0.601639
-0.102732 -0.592843
-0.104305 -0.580549
-0.0885789 -0.571161
-0.0866631 -0.559167
-0.0581446 -0.548326
-0.0429141 -0.537486
-0.0286419 -0.533332
-0.00157704 -0.532095
0.00789796 -0.53143
0.0246415 -0.529021
0.028447 -0.532717
0.0417017 -0.536423
0.0477739 -0.5407
0.0416943 -0.539454
0.0622174 -0.543732
0.0779433 -0.549173
0.0798591 -0.556367
0.0900609 -0.560645
0.104419 -0.569284
0.0983396 -0.575887
0.103017 -0.576967
0.105369 -0.581826
0.101034 -0.582915
0.0978619 -0.58603
0.0961433 -0.585074
0.0887554 -0.582084
0.0914841 -0.578511
0.0784267 -0.574939
0.0858665 -0.565261
0.0776063 -0.559073
0.0718174 -0.548232
0.0766406 -0.542043
0.0583498 -0.536145
0.0466869 -0.529084
0.04366 -0.523486
0.044122 -0.517587
0.027285 -0.511689
0.0290554 -0.508117
0.00887481 -0.504545
0.00512111 -0.500391
-0.00677333 -0.494493
-0.0166919 -0.495263
-0.0237891 -0.486139
-0.0481854 -0.482258
-0.0496724 -0.480402
-0.0763946 -0.478847
-0.0832011 -0.476119
-0.0946594 -0.473691
-0.0958557 -0.470091
-0.115309 -0.466791
-0.125459 -0.463191
-0.135959 -0.459591
-0.146109 -0.456291
-0.156259 -0.452691
-0.166409 -0.449391
-0.187231 -0.444919
-0.205231 -0.439874
-0.212909 -0.435402
-0.213815 -0.430058
-0.250422 -0.425013
-0.237168 -0.420541
-0.273775 -0.415497
-0.260871 -0.411024
-0.279888 -0.404808
-0.308355 -0.399763
-0.319522 -0.395291
-0.32508 -0.389947
-0.336247 -0.385774
-0.3416 -0.381302
-0.355094 -0.37683
-0.380421 -0.371786
-0.385774 -0.367313
-0.396942 -0.362841
-0.388484 -0.359241
-0.398984 -0.355941
-0.434574 -0.351469
-0.420302 -0.347869
-0.430452 -0.344269
-0.440952 -0.340969
-0.451102 -0.337369
