torque_1 torque_2
0.0936276 -0.662558
0.0827776 -0.651458
0.0719276 -0.640358
0.0610776 -0.629258
0.0505776 -0.618158
0.0397276 -0.610837
0.0288776 -0.595086
0.0180276 -0.583123
0.00717759 -0.570569
-0.00367241 -0.557724
-0.0141724 -0.550404
-0.0250224 -0.53378
-0.0358724 -0.52646
-0.0467224 -0.510708
-0.0575724 -0.500189
-0.0680724 -0.487636
-0.0789224 -0.476536
-0.0897724 -0.465436
-0.100622 -0.454336
-0.111472 -0.442936
-0.122322 -0.431236
-0.113547 -0.420408
-0.143355 -0.408708
-0.154205 -0.397308
-0.165055 -0.385608
-0.176255 -0.373908
-0.187105 -0.362208
-0.197955 -0.350508
-0.208805 -0.339108
-0.220005 -0.327408
-0.230855 -0.311928
-0.241705 -0.304008
-0.252905 -0.292308
-0.263755 -0.280608
-0.274605 -0.268908
-0.285455 -0.257508
-0.296655 -0.245808
-0.307505 -0.234108
-0.318355 -0.222408
-0.303765 -0.21158
-0.339387 -0.19988
-0.342387 -0.189924
-0.359052 -0.178224
-0.369902 -0.166524
-0.364616 -0.155997
-0.390584 -0.144597
-0.401434 -0.133197
-0.411267 -0.123541
-0.422117 -0.112141
-0.409503 -0.101613
-0.442449 -0.0902133
-0.442978 -0.0796856
-0.463132 -0.0682856
-0.461334 -0.0577578
-0.483814 -0.0463578
-0.487482 -0.0320504
-0.504146 -0.0261744
-0.504675 -0.0156467
-0.523811 -0.00511889
-0.533644 0.00540889
-0.544144 0.0168089
-0.528536 0.0264644
-0.547672 0.0369922
-0.560994 0.04752
-0.576641 0.0580478
-0.573331 0.0685756
-0.598427 0.0782311
-0.610585 0.0887589
-0.594978 0.0984144
-0.612746 0.10807
-0.63668 0.117726
-0.62209 0.128253
-0.629887 0.137337
-0.651495 0.146992
-0.648475 0.155776
-0.65729 0.165431
-0.665087 0.174214
-0.683351 0.183298
-0.671028 0.192081
-0.682314 0.200864
-0.708719 0.209648
-0.710701 0.218731
-0.714659 0.227514
-0.709664 0.232518
-0.725747 0.245381
-0.732177 0.253292
-0.74797 0.259168
-0.746463 0.272903
-0.763564 0.281687
-0.757201 0.289598
-0.777791 0.298681
-0.77861 0.307464
-0.783732 0.312468
-0.781062 0.326203
-0.795837 0.334987
-0.799796 0.34377
-0.820385 0.352853
-0.818879 0.361637
-0.83563 0.37072
-0.834123 0.379503
-0.841921 0.388587
-0.852857 0.39737
-0.875772 0.406153
-0.873248 0.414364
-0.875898 0.42402
-0.894017 0.433976
-0.89251 0.442759
-0.909261 0.451542
-0.907405 0.460326
-0.918546 0.469981
-0.936459 0.478764
-0.938296 0.48842
-0.951704 0.496331
-0.962845 0.505987
-0.951684 0.51477
-0.977739 0.523253
-0.966929 0.532037
-0.975394 0.541692
-0.995984 0.550476
-0.995145 0.560131
-1.00492 0.568914
-1.02071 0.57857
-1.01536 0.587353
-1.03944 0.596137
-1.03991 0.60522
-1.03806 0.614003
-1.06214 0.622787
-1.0626 0.63157
-1.06075 0.640353
-1.06506 0.649137
-1.068 0.657048
-1.07893 0.665831
-1.08673 0.674614
-1.09316 0.682526
-1.09645 0.690437
-1.11436 0.69922
-1.12661 0.707431
-1.12307 0.713598
-1.12848 0.720637
-1.1259 0.726803
-1.12898 0.733842
-1.14056 0.740881
-1.13914 0.746476
-1.14455 0.752642
-1.14581 0.758809
-1.1409 0.764976
-1.14762 0.771142
-1.15483 0.776737
-1.15539 0.784639
-1.15193 0.784953
-1.15147 0.789348
-1.16046 0.79287
-1.16479 0.796392
-1.15785 0.799914
-1.14954 0.802564
-1.15402 0.805214
-1.14353 0.806992
-1.15184 0.809642
-1.14731 0.809676
-1.14482 0.812326
-1.15177 0.814103
-1.14142 0.815009
-1.13026 0.815914
-1.13169 0.8206
-1.12381 0.815409
-1.12073 0.81457
-1.10486 0.813731
-1.11458 0.812892
-1.09934 0.810309
-1.09292 0.808598
-1.09115 0.806887
-1.08371 0.804303
-1.07962 0.802592
-1.062 0.798264
-1.05491 0.795681
-1.04674 0.790781
-1.04061 0.787326
-1.0275 0.78387
-1.02384 0.779542
-1.00972 0.775214
-1.00155 0.770014
-0.987918 0.765114
-0.972773 0.759914
-0.968096 0.754714
-0.963418 0.749514
-0.95874 0.744314
-0.940107 0.739414
-0.944733 0.734214
-0.924209 0.726398
-0.904704 0.719453
-0.899649 0.711937
-0.887121 0.704992
-0.889712 0.698048
-0.857705 0.689359
-0.847503 0.682714
-0.846605 0.67577
-0.836403 0.668826
-0.831725 0.663926
-0.82603 0.657853
-0.813357 0.652081
-0.79769 0.646037
-0.788856 0.640864
-0.779004 0.63482
-0.760139 0.627331
-0.759591 0.621287
-0.747413 0.615242
-0.738579 0.61037
-0.727709 0.603453
-0.721201 0.598281
-0.696231 0.592537
-0.706004 0.587364
-0.693681 0.582192
-0.689353 0.578192
-0.688514 0.573892
-0.677209 0.569892
-0.665903 0.565592
-0.665064 0.561292
-0.649252 0.55642
-0.641435 0.551539
-0.629112 0.54812
-0.623767 0.542948
-0.614933 0.538076
-0.613744 0.533776
-0.605927 0.529476
-0.602471 0.52722
-0.595672 0.523792
-0.589891 0.521537
-0.587598 0.518981
-0.587777 0.515853
-0.564696 0.512426
-0.567201 0.509298
-0.560402 0.50617
-0.561248 0.503614
-0.554449 0.500487
-0.549976 0.497059
-0.55219 0.495676
-0.545391 0.492248
-0.538156 0.491737
-0.541387 0.490926
-0.537641 0.490414
-0.533895 0.489903
-0.536631 0.489964
-0.546695 0.490326
-0.534662 0.490687
-0.538766 0.49162
-0.534729 0.492853
-0.53985 0.491751
-0.544767 0.496764
-0.544073 0.49887
-0.553701 0.501548
-0.557164 0.503626
-0.546671 0.505403
-0.553623 0.507481
-0.564586 0.511003
-0.562089 0.513653
-0.567587 0.517476
-0.570614 0.52187
-0.576112 0.525692
-0.58911 0.531259
-0.589666 0.536526
-0.605195 0.542964
-0.602261 0.548231
-0.616627 0.55467
-0.622357 0.561681
-0.638903 0.568992
-0.641494 0.576003
-0.648591 0.584187
-0.677434 0.59237
-0.669268 0.601126
-0.693664 0.610181
-0.693493 0.619809
-0.716376 0.628864
-0.726526 0.639664
-0.72054 0.649292
-0.744791 0.65922
-0.754591 0.67002
-0.764741 0.68052
-0.774891 0.690448
-0.785041 0.701248
-0.794841 0.711748
-0.804991 0.724583
-0.815141 0.732476
-0.825291 0.742976
-0.835091 0.759009
-0.845241 0.763703
-0.855391 0.777983
-0.865541 0.784131
-0.875341 0.795513
-0.885491 0.804859
-0.895641 0.815359
-0.905441 0.826159
-0.915591 0.836959
-0.925741 0.847759
-0.935541 0.858559
-0.945691 0.869059
-0.955841 0.879859
-0.964973 0.888914
-0.974773 0.900296
-0.965298 0.909642
-0.994056 0.920142
-1.00284 0.932977
-1.01299 0.939126
-1.02314 0.949926
-1.03294 0.964187
-1.02276 0.96799
-1.05117 0.978772
-1.05995 0.983148
-1.06874 0.997127
-1.07854 1.00121
-1.08732 1.01345
-1.09712 1.02045
-1.09427 1.02861
-1.1157 1.03532
-1.11867 1.03912
-1.11815 1.04873
-1.14205 1.05457
-1.15185 1.06215
-1.149 1.07351
-1.14732 1.08254
-1.15508 1.08664
-1.18459 1.0887
-1.17826 1.09656
-1.18253 1.10327
-1.18448 1.11056
-1.20838 1.11233
-1.21033 1.12194
-1.20778 1.12516
-1.21452 1.12839
-1.24569 1.13161
-1.22555 1.1354
-1.24023 1.13921
-1.25497 1.14243
-1.25024 1.14391
-1.25015 1.14626
-1.25835 1.14656
-1.26059 1.14746
-1.256 1.14806
-1.26653 1.15041
-1.26507 1.15247
-1.2756 1.1525
-1.27348 1.15106
-1.26671 1.15573
-1.2704 1.1546
-1.26727 1.152
-1.27343 1.15319
-1.27125 1.15292
-1.27044 1.15266
-1.27108 1.14745
-1.26823 1.14602
-1.26451 1.13906
-1.26167 1.13908
-1.26129 1.13532
-1.24675 1.13011
-1.24885 1.12694
-1.24295 1.12173
-1.23356 1.1171
-1.22534 1.11393
-1.22772 1.10788
-1.21534 1.10502
-1.20441 1.0975
-1.21029 1.09552
-1.19819 1.09005
-1.1813 1.08515
-1.17584 1.08229
-1.16971 1.07042
-1.1609 1.06989
-1.1443 1.06325
-1.13381 1.054
-1.12631 1.0494
-1.11466 1.04393
-1.11332 1.03815
-1.09899 1.03355
-1.0933 1.03012
-1.07199 1.02261
-1.07414 1.01858
-1.06597 1.01689
-1.05993 1.00764
-1.04377 1.00216
-1.03074 0.996692
-1.01226 0.99092
-1.00801 0.983703
-0.990484 0.977359
-0.97345 0.970142
-0.971184 0.962926
-0.957494 0.956581
-0.960084 0.950237
-0.954039 0.944464
-0.941366 0.938992
-0.922528 0.93352
-0.912326 0.927176
-0.902792 0.921703
-0.896079 0.915359
-0.886895 0.909887
-0.868347 0.90267
-0.860617 0.895453
-0.853554 0.889109
-0.839863 0.882764
-0.836144 0.877292
-0.833937 0.87182
-0.824403 0.866348
-0.804897 0.860003
-0.805684 0.855403
-0.797518 0.850803
-0.784845 0.845331
-0.782288 0.839859
-0.766126 0.834387
-0.760081 0.828914
-0.748425 0.824314
-0.741362 0.815935
-0.7252 0.81337
-0.714358 0.80847
-0.706482 0.802126
-0.694621 0.796653
-0.686396 0.790009
-0.688696 0.785409
-0.675672 0.779937
-0.667506 0.775337
-0.663496 0.771309
-0.657305 0.766709
-0.643323 0.762109
-0.625794 0.755764
-0.627744 0.752037
-0.606784 0.747137
-0.603065 0.741664
-0.598387 0.737064
-0.594668 0.731592
-0.595164 0.728737
-0.592521 0.725581
-0.579062 0.722726
-0.57642 0.71987
-0.573427 0.717014
-0.566946 0.714159
-0.571135 0.712176
-0.564654 0.70932
-0.55919 0.707337
-0.558583 0.705926
-0.56344 0.704814
-0.5635 0.704576
-0.556933 0.704337
-0.551033 0.70497
-0.564903 0.705603
-0.559353 0.706237
-0.567263 0.707742
-0.563544 0.709248
-0.57631 0.711626
-0.573463 0.714876
-0.57992 0.718126
-0.5844 0.721376
-0.587077 0.72637
-0.596732 0.731364
-0.598741 0.735487
-0.612757 0.742226
-0.612962 0.748092
-0.625002 0.754831
-0.63204 0.76157
-0.641259 0.769181
-0.664637 0.777664
-0.650596 0.785276
-0.664321 0.793759
-0.691044 0.803114
-0.708112 0.81247
-0.691455 0.822126
-0.706402 0.832353
-0.711696 0.842581
-0.741557 0.851637
-0.731732 0.861564
-0.760139 0.872364
-0.769939 0.883164
-0.779739 0.893664
-0.789189 0.904464
-0.798989 0.915264
-0.808789 0.926064
-0.818589 0.936864
-0.828389 0.946792
-0.838189 0.957592
-0.847989 0.968692
-0.857789 0.983272
-0.867589 0.98942
-0.877389 1.00022
-0.887189 1.01102
-0.896639 1.02182
-0.906439 1.03262
-0.916239 1.04255
-0.926039 1.05335
-0.935839 1.06415
-0.922525 1.07408
-0.954421 1.08488
-0.964221 1.09568
-0.973004 1.10503
-0.981436 1.11496
-0.991236 1.12547
-1.00002 1.13394
-0.997171 1.143
-1.01758 1.15205
-1.02738 1.16576
-1.03617 1.17424
-1.03564 1.1801
-1.05236 1.18596
-1.06013 1.19879
-1.06891 1.20756
-1.06257 1.21517
-1.07136 1.22277
-1.07563 1.23066
-1.0879 1.23478
-1.10977 1.24646
-1.10555 1.24796
-1.12262 1.25759
-1.1096 1.26141
-1.113 1.26525
-1.12208 1.27081
-1.13929 1.27318
-1.12592 1.27788
-1.13514 1.28083
-1.15119 1.28437
-1.14412 1.28557
-1.15334 1.28533
-1.15108 1.28625
-1.15579 1.28426
-1.15332 1.28082
-1.15352 1.27766
-1.16036 1.27304
-1.16719 1.26695
-1.15905 1.25941
-1.16138 1.25013
-1.17519 1.24317
-1.16472 1.23098
-1.17185 1.21878
-1.16036 1.20455
-1.15783 1.1944
-1.15958 1.1761
-1.15507 1.16333
-1.15537 1.14474
-1.15115 1.12963
-1.14345 1.11338
-1.13487 1.0849
-1.13894 1.06428
-1.13249 1.03551
-1.12624 1.01053
-1.11999 0.982053
-1.11141 0.954748
-1.10066 0.928014
-1.09935 0.895476
-1.08757 0.866998
-1.07603 0.824283
-1.07124 0.794933
-1.05161 0.766755
-1.04812 0.73915
-1.03548 0.708646
-1.03446 0.679587
-1.02181 0.653153
-1.02394 0.627583
-1.0078 0.600568
-0.999952 0.577324
-0.987596 0.550018
-0.976259 0.528237
-0.967392 0.503248
-0.959193 0.481176
-0.929684 0.454442
-0.915293 0.429753
-0.913404 0.405937
-0.899013 0.380076
-0.897415 0.353642
-0.880348 0.329826
-0.870464 0.303092
-0.852584 0.279276
-0.849678 0.25575
-0.841102 0.230179
-0.828542 0.206653
-0.824472 0.185453
-0.806738 0.161918
-0.795836 0.141881
-0.775485 0.125333
-0.770194 0.110229
-0.766124 0.0951348
-0.750425 0.0878904
-0.743303 0.0765756
-0.734436 0.0699219
-0.723244 0.06762
-0.715685 0.0615478
-0.710308 0.0522681
-0.701441 0.0531644
-0.695046 0.0479644
-0.686179 0.0404293
-0.672806 0.0334848
-0.670917 0.0300293
-0.661033 0.02482
-0.641699 0.0245626
-0.644317 0.0184811
-0.633996 0.0193867
-0.62513 0.0159219
-0.611757 0.0147922
-0.613211 0.0148163
-0.59853 0.0131052
-0.590681 0.0140107
-0.588646 0.0140348
-0.578471 0.0158126
-0.579926 0.0175811
-0.576584 0.0219756
-0.572078 0.0254978
-0.554925 0.0290107
-0.548094 0.0360219
-0.541262 0.0409885
-0.542717 0.0448015
-0.531088 0.0544293
-0.527746 0.0617219
-0.527746 0.0681515
-0.52891 0.0786515
-0.530946 0.087107
-0.519318 0.0958626
-0.517865 0.106653
-0.521064 0.118026
-0.520774 0.130551
-0.504203 0.139598
-0.520049 0.153587
-0.513799 0.165831
-0.517666 0.176903
-0.514905 0.190601
-0.513161 0.20459
-0.50444 0.217707
-0.500371 0.229651
-0.505459 0.241024
-0.511711 0.254722
-0.517818 0.267839
-0.517092 0.280664
-0.517384 0.288539
-0.517675 0.302237
-0.51346 0.311864
-0.518259 0.324109
-0.527854 0.333737
-0.522331 0.343946
-0.532944 0.35589
-0.529746 0.3661
-0.538034 0.375727
-0.532015 0.385355
-0.544141 0.394411
-0.549811 0.407255
-0.552488 0.417192
-0.559671 0.426848
-0.573337 0.437948
-0.574706 0.449048
-0.585233 0.458403
-0.595119 0.475037
-0.601866 0.485264
-0.607246 0.489968
-0.640596 0.503976
-0.64836 0.510724
-0.647489 0.524731
-0.642461 0.534087
-0.676684 0.545487
-0.686134 0.556587
-0.695934 0.567687
-0.705734 0.579087
-0.715184 0.590187
-0.724984 0.601287
-0.734434 0.616466
-0.744234 0.622042
-0.754034 0.631698
-0.763484 0.646577
-0.773284 0.655933
-0.783751 0.666461
-0.793551 0.677561
-0.804369 0.685181
-0.816145 0.698316
-0.823619 0.705064
-0.835454 0.717037
-0.844904 0.728437
-0.854704 0.742444
-0.864154 0.752972
-0.873954 0.758548
-0.883754 0.769076
-0.893204 0.779303
-0.903004 0.795355
-0.912454 0.799187
-0.922254 0.813494
-0.932054 0.821977
-0.941504 0.829598
-0.951304 0.844477
-0.960754 0.850353
-0.970554 0.861453
-0.980354 0.877505
-0.988786 0.882509
-0.998586 0.892737
-1.00702 0.903264
-1.01682 0.913492
-1.0256 0.92402
-1.03505 0.934548
-1.02523 0.944776
-1.03366 0.954431
-1.05872 0.964359
-1.07015 0.979511
-1.07756 0.984196
-1.08701 0.995277
-1.07335 0.998509
-1.09771 1.00785
-1.11298 1.02243
-1.12141 1.03118
-1.12883 1.03674
-1.13726 1.04055
-1.12223 1.04902
-1.15275 1.0601
-1.14156 1.06304
-1.14418 1.07238
-1.17567 1.07619
-1.15517 1.08553
-1.18119 1.09109
-1.18279 1.09636
-1.20498 1.10424
-1.18928 1.10689
-1.20265 1.11303
-1.19975 1.11655
-1.20478 1.1195
-1.21117 1.12157
-1.20957 1.12916
-1.21844 1.13036
-1.21315 1.13389
-1.23132 1.13916
-1.22871 1.13919
-1.23307 1.14184
-1.22778 1.14566
-1.22763 1.14744
-1.23345 1.14806
-1.22982 1.14896
-1.23179 1.14784
-1.23179 1.14933
-1.22961 1.14704
-1.22845 1.14852
-1.22694 1.14711
-1.21793 1.14627
-1.21822 1.14543
-1.21851 1.14228
-1.2106 1.13795
-1.20188 1.13392
-1.20363 1.1296
-1.19839 1.12614
-1.18496 1.11862
-1.18671 1.11342
-1.16912 1.10881
-1.1663 1.10071
-1.15816 1.09347
-1.14638 1.0845
-1.14508 1.07756
-1.13194 1.06858
-1.11929 1.05961
-1.10897 1.0483
-1.10214 1.03991
-1.08978 1.02949
-1.07859 1.0182
-1.06623 1.00808
-1.06187 0.999116
-1.04501 0.986666
-1.03513 0.975089
-1.02728 0.965255
-1.01571 0.950761
-1.00335 0.940927
-0.994486 0.927605
-0.983584 0.918353
-0.967885 0.90445
-0.950442 0.888511
-0.930236 0.875189
-0.924482 0.860703
-0.910236 0.845637
-0.906167 0.833187
-0.900789 0.820737
-0.891922 0.809159
-0.891342 0.795546
-0.875643 0.781351
-0.864073 0.763959
-0.838344 0.746276
-0.820464 0.731209
-0.804038 0.713526
-0.806946 0.698459
-0.798516 0.685137
-0.794592 0.669498
-0.788401 0.656176
-0.784041 0.64547
-0.763835 0.630694
-0.767761 0.618244
-0.750899 0.606666
-0.74901 0.595089
-0.73084 0.584674
-0.725317 0.57484
-0.721307 0.567051
-0.708951 0.555474
-0.696741 0.545059
-0.694707 0.537842
-0.694853 0.527427
-0.685986 0.522537
-0.679155 0.516492
-0.671306 0.505787
-0.655811 0.504966
-0.655958 0.501239
-0.646364 0.488798
-0.637497 0.484198
-0.626305 0.479598
-0.620782 0.47587
-0.610607 0.472442
-0.606101 0.469587
-0.59927 0.466731
-0.598748 0.463003
-0.591917 0.455796
-0.586103 0.460209
-0.575783 0.458226
-0.590757 0.457705
-0.571133 0.456303
-0.567645 0.45054
-0.566337 0.450892
-0.56538 0.45705
-0.561601 0.459727
-0.552298 0.45222
-0.55448 0.456924
-0.549684 0.460474
-0.545905 0.457909
-0.542126 0.463785
-0.552158 0.464418
-0.542419 0.467087
-0.5528 0.46802
-0.554546 0.473596
-0.55382 0.477146
-0.557891 0.485048
-0.561671 0.488598
-0.560946 0.490976
-0.568215 0.494526
-0.575339 0.498648
-0.577666 0.503942
-0.587321 0.508937
-0.591973 0.514231
-0.599824 0.52097
-0.610146 0.527137
-0.614509 0.533876
-0.625703 0.541787
-0.643875 0.549698
-0.650272 0.558181
-0.65667 0.566964
-0.672371 0.575448
-0.683624 0.584231
-0.686242 0.594759
-0.697 0.604114
-0.71241 0.614642
-0.724186 0.626324
-0.733636 0.635398
-0.743086 0.645926
-0.752536 0.659933
-0.761986 0.668135
-0.771436 0.67779
-0.781236 0.691798
-0.795047 0.698546
-0.802171 0.711981
-0.812639 0.719601
-0.823107 0.731283
-0.834592 0.743555
-0.867156 0.750303
-0.867157 0.764311
-0.865995 0.771059
-0.875445 0.784494
-0.891727 0.798511
-0.895712 0.807866
-0.905162 0.819266
-0.924934 0.825142
-0.92508 0.83567
-0.93453 0.849977
-0.94398 0.857598
-0.95343 0.868126
-0.96323 0.878953
-0.97268 0.888609
-0.98213 0.904961
-0.99193 0.909674
-1.00138 0.9237
-1.01083 0.930739
-1.02028 0.938368
-1.03008 0.953548
-1.03953 0.957979
-1.04898 0.971414
-1.05843 0.980498
-1.06721 0.986083
-1.07666 0.997492
-1.07347 0.999879
-1.09388 1.01361
-1.10333 1.02007
-1.11074 1.02741
-1.12019 1.0359
-1.12999 1.04673
-1.13944 1.05494
-1.13276 1.06285
-1.15732 1.07106
-1.14401 1.07665
-1.17556 1.08631
-1.17817 1.09453
-1.19242 1.09982
-1.20222 1.10948
-1.19205 1.11595
-1.21327 1.12386
-1.22787 1.12771
-1.2363 1.13069
-1.2331 1.13657
-1.24052 1.14013
-1.25991 1.1431
-1.24625 1.1452
-1.25817 1.14876
-1.28419 1.15174
-1.29298 1.15384
-1.27829 1.15565
-1.28469 1.15688
-1.28978 1.15811
-1.29057 1.15848
-1.31077 1.16523
-1.30438 1.16064
-1.31709 1.16071
-1.31302 1.15875
-1.3229 1.15824
-1.32828 1.15685
-1.3468 1.15604
-1.34637 1.15466
-1.33794 1.1556
-1.34913 1.15276
-1.35001 1.15341
-1.35204 1.15055
-1.3564 1.14828
-1.35242 1.14542
-1.36274 1.13995
-1.35911 1.13535
-1.35178 1.13104
-1.35411 1.12063
-1.35644 1.11515
-1.35042 1.10765
-1.35871 1.09636
-1.34272 1.08798
-1.34862 1.07436
-1.3444 1.06103
-1.34121 1.05207
-1.33664 1.03991
-1.32908 1.02659
-1.33185 1.01444
-1.32074 1.00112
-1.31798 0.987798
-1.30833 0.971859
-1.30658 0.961153
-1.29103 0.947831
-1.29286 0.932764
-1.27876 0.920314
-1.27396 0.907864
-1.26533 0.891053
-1.25021 0.877731
-1.23538 0.862374
-1.23271 0.847016
-1.21788 0.828761
-1.21352 0.814276
-1.20183 0.790487
-1.19064 0.772513
-1.18032 0.753085
-1.1618 0.730168
-1.15773 0.705226
-1.14503 0.685798
-1.12933 0.662881
-1.11595 0.637639
-1.08638 0.61385
-1.08726 0.591524
-1.08086 0.568026
-1.06409 0.548016
-1.04185 0.526844
-1.02644 0.508589
-1.01082 0.489451
-1.00167 0.466826
-0.978409 0.450887
-0.967593 0.433503
-0.961488 0.416111
-0.944045 0.39959
-0.924943 0.386568
-0.912006 0.372374
-0.900172 0.357598
-0.87924 0.345448
-0.865285 0.328927
-0.851998 0.318222
-0.84255 0.305781
-0.8206 0.295948
-0.815309 0.288731
-0.80586 0.280942
-0.785946 0.272853
-0.781962 0.265064
-0.756233 0.256976
-0.743296 0.248887
-0.729427 0.237609
-0.726811 0.232137
-0.711198 0.223166
-0.704744 0.214196
-0.692824 0.21134
-0.670234 0.20237
-0.655929 0.195153
-0.649824 0.191998
-0.636537 0.186816
-0.620924 0.181916
-0.595485 0.17877
-0.587141 0.169218
-0.584175 0.169561
-0.572256 0.167568
-0.566964 0.166457
-0.550188 0.164474
-0.541758 0.164807
-0.525999 0.163114
-0.514166 0.164029
-0.503264 0.162337
-0.494338 0.163542
-0.486575 0.166792
-0.478145 0.165681
-0.479249 0.170957
-0.470033 0.170137
-0.470179 0.176876
-0.460962 0.179535
-0.459596 0.185983
-0.448258 0.184863
-0.444565 0.191892
-0.43782 0.189909
-0.429971 0.192868
-0.428313 0.191748
-0.430435 0.192381
-0.42811 0.197085
-0.424999 0.201489
-0.420871 0.203576
-0.423924 0.203046
-0.42532 0.203679
-0.433984 0.210409
-0.433258 0.210751
-0.433635 0.212257
-0.438374 0.217542
-0.442155 0.217585
-0.447911 0.224614
-0.456866 0.229609
-0.456721 0.235476
-0.468002 0.24047
-0.474485 0.246337
-0.482336 0.252776
-0.481842 0.258642
-0.498996 0.265381
-0.511004 0.272992
-0.505567 0.280603
-0.518942 0.289087
-0.548103 0.298442
-0.538886 0.307498
-0.5636 0.317726
-0.562379 0.327953
-0.572933 0.337309
-0.594012 0.348409
-0.603112 0.359509
-0.612212 0.370609
-0.621662 0.38229
-0.630762 0.391937
-0.639862 0.403618
-0.649312 0.414427
-0.671059 0.421748
-0.684666 0.436627
-0.680015 0.446274
-0.689115 0.460281
-0.714351 0.468455
-0.709 0.4807
-0.719118 0.489455
-0.744354 0.496457
-0.737985 0.507539
-0.76671 0.515131
-0.757203 0.525631
-0.765953 0.536131
-0.775053 0.548666
-0.784153 0.556259
-0.792903 0.566459
-0.802003 0.576959
-0.811103 0.587459
-0.819853 0.597959
-0.822121 0.606714
-0.837035 0.617214
-0.845785 0.626842
-0.851542 0.635598
-0.862968 0.645226
-0.871718 0.655726
-0.880818 0.667389
-0.873782 0.673237
-0.89765 0.681992
-0.905733 0.691329
-0.892736 0.702701
-0.923583 0.713783
-0.932683 0.724283
-0.941783 0.72984
-0.950533 0.738014
-0.9528 0.74677
-0.967715 0.756398
-0.966144 0.764281
-0.984547 0.773909
-0.99228 0.787316
-1.00036 0.794327
-1.00946 0.801629
-1.01821 0.812711
-1.02629 0.816814
-1.03539 0.827024
-1.04313 0.836361
-1.04191 0.843372
-1.04766 0.853009
-1.06702 0.85595
-1.07511 0.868485
-1.08319 0.870844
-1.07231 0.880181
-1.07589 0.882831
-1.10607 0.889842
-1.09767 0.895118
-1.10124 0.900385
-1.10831 0.90129
-1.11153 0.904813
-1.1359 0.910079
-1.12566 0.916227
-1.13136 0.914807
-1.14089 0.917166
-1.15625 0.92127
-1.13985 0.921022
-1.15418 0.921055
-1.14642 0.922833
-1.16389 0.921122
-1.15962 0.921455
-1.17293 0.921489
-1.17078 0.921522
-1.1665 0.924472
-1.17182 0.921016
-1.17549 0.921922
-1.17019 0.919639
-1.16636 0.919672
-1.17031 0.914763
-1.17098 0.917131
-1.16845 0.913676
-1.17255 0.909348
-1.16551 0.903576
-1.16196 0.898666
-1.16025 0.897837
-1.16702 0.891183
-1.15766 0.887155
-1.14728 0.882546
-1.14853 0.877646
-1.14411 0.87479
-1.14303 0.871053
-1.13745 0.867898
-1.1257 0.864461
-1.1191 0.860433
-1.1253 0.859603
-1.11332 0.850642
-1.10817 0.853011
-1.09023 0.846657
-1.08843 0.844964
-1.08096 0.844716
-1.07479 0.839826
-1.05918 0.838124
-1.05403 0.836431
-1.04453 0.833276
-1.03836 0.830992
-1.02973 0.829881
-1.02807 0.82847
-1.01842 0.826487
-1.01225 0.824203
-1.00507 0.821348
-0.988587 0.818192
-0.983732 0.815337
-0.983178 0.808401
-0.963204 0.810198
-0.962855 0.807333
-0.961634 0.805059
-0.948492 0.799868
-0.939275 0.794396
-0.929768 0.797064
-0.922586 0.790129
-0.92122 0.790472
-0.914038 0.790514
-0.907874 0.788531
-0.908979 0.781024
-0.882172 0.782811
-0.879497 0.781409
-0.872316 0.773601
-0.86746 0.77627
-0.860279 0.773414
-0.860075 0.769677
-0.845916 0.768276
-0.843241 0.766292
-0.901621 0.767498
-0.830477 0.764642
-0.822278 0.760914
-0.818585 0.758059
-0.811404 0.754903
-0.807711 0.752048
-0.807012 0.750064
-0.804337 0.748081
-0.794684 0.745798
-0.782706 0.743814
-0.776542 0.741831
-0.773867 0.739848
-0.764214 0.737564
-0.757033 0.734709
-0.755375 0.733598
-0.741216 0.730742
-0.731563 0.728759
-0.735866 0.726776
-0.726213 0.724492
-0.715543 0.721637
-0.714321 0.717909
-0.708158 0.715926
-0.705337 0.714814
-0.706151 0.712831
-0.694027 0.71172
-0.682048 0.709737
-0.685188 0.707453
-0.667249 0.706342
-0.670039 0.704059
-0.663175 0.699976
-0.657329 0.696764
-0.652936 0.692109
-0.642584 0.688026
-0.634411 0.684814
-0.627547 0.681031
-0.634494 0.67782
-0.62167 0.675481
-0.623819 0.673442
-0.621316 0.66965
-0.614161 0.669637
-0.618636 0.66847
-0.61244 0.665259
-0.601651 0.65944
-0.604818 0.66437
-0.604496 0.662322
-0.596178 0.660864
-0.602688 0.66027
-0.596406 0.660848
-0.591286 0.660253
-0.597796 0.659659
-0.596021 0.660237
-0.597734 0.660514
-0.586945 0.659348
-0.593164 0.660498
-0.591388 0.661076
-0.593623 0.663098
-0.603332 0.664548
-0.610423 0.667442
-0.607194 0.669764
-0.618937 0.672659
-0.616725 0.675853
-0.621491 0.678748
-0.623785 0.682814
-0.628406 0.686581
-0.627357 0.689776
-0.638955 0.693542
-0.648082 0.698481
-0.649068 0.70342
-0.655723 0.708931
-0.666681 0.714742
-0.664033 0.720253
-0.671851 0.726064
-0.689991 0.732748
-0.683563 0.740003
-0.711007 0.746687
-0.694258 0.75307
-0.732022 0.760626
-0.732572 0.768181
-0.722656 0.775437
-0.751117 0.782992
-0.756173 0.79142
-0.766899 0.801874
-0.774282 0.808848
-0.782332 0.818148
-0.767618 0.826276
-0.798114 0.835576
-0.806514 0.844876
-0.814914 0.853876
-0.823314 0.862303
-0.831714 0.871603
-0.840114 0.880903
-0.848514 0.892811
-0.856914 0.898331
-0.865314 0.906759
-0.873714 0.916059
-0.882114 0.924187
-0.890514 0.933487
-0.898914 0.942787
-0.906964 0.950342
-0.915364 0.959342
-0.923764 0.968642
-0.932164 0.977942
-0.940564 0.98637
-0.948964 0.99567
-0.957364 1.00467
-0.965764 1.01397
-0.974164 1.0224
-0.982564 1.0317
-0.990964 1.04013
-0.996021 1.04768
-1.00573 1.05524
-1.01413 1.06424
-0.999065 1.07732
-1.02854 1.07905
-1.03593 1.08718
-1.04433 1.0956
-1.03871 1.10286
-1.04842 1.11564
-1.0465 1.11737
-1.07147 1.12405
-1.0692 1.13683
-1.06379 1.13856
-1.07364 1.14525
-1.08103 1.1525
-1.10463 1.16179
-1.10518 1.16615
-1.09294 1.17486
-1.1041 1.1795
-1.10663 1.18124
-1.11546 1.18733
-1.11732 1.18995
-1.12964 1.19458
-1.11836 1.20388
-1.13548 1.20387
-1.14083 1.21084
-1.12786 1.21083
-1.12951 1.21111
-1.13384 1.21925
-1.13948 1.21865
-1.13349 1.21893
-1.14474 1.22096
-1.13875 1.22037
-1.14555 1.22269
-1.14784 1.22035
-1.1463 1.22064
-1.14409 1.21917
-1.14638 1.21626
-1.14184 1.21131
-1.13579 1.20985
-1.13372 1.20664
-1.13049 1.20169
-1.14006 1.19412
-1.12965 1.18685
-1.1254 1.17927
-1.11912 1.16997
-1.10353 1.15833
-1.10423 1.14873
-1.10559 1.13535
-1.10279 1.12487
-1.09201 1.10975
-1.08819 1.09462
-1.08505 1.08095
-1.07441 1.06757
-1.06362 1.05215
-1.05646 1.03673
-1.05027 1.01899
-1.04195 1.00444
-1.02913 0.984961
-1.02473 0.963442
-0.998185 0.938135
-0.990304 0.915744
-0.988383 0.890155
-0.974977 0.863103
-0.974014 0.833153
-0.960318 0.808146
-0.945459 0.780803
-0.940048 0.749981
-0.926643 0.721776
-0.90809 0.693861
-0.907913 0.655179
-0.89349 0.629881
-0.877177 0.596733
-0.861968 0.578122
-0.853069 0.555431
-0.843152 0.535076
-0.848063 0.515883
-0.836779 0.494946
-0.818576 0.480105
-0.824505 0.466146
-0.809646 0.452768
-0.799438 0.437064
-0.792515 0.42107
-0.792629 0.409427
-0.789254 0.398666
-0.778901 0.387324
-0.77067 0.376263
-0.769271 0.367518
-0.761098 0.357611
-0.753884 0.351483
-0.738675 0.342157
-0.741783 0.33632
-0.735586 0.332809
-0.728372 0.328426
-0.7202 0.323461
-0.71633 0.318496
-0.730921 0.316729
-0.716439 0.315835
-0.71126 0.316685
-0.712246 0.314046
-0.702271 0.317513
-0.702907 0.314292
-0.701217 0.313689
-0.692549 0.317155
-0.689842 0.317424
-0.675709 0.319437
-0.680852 0.323776
-0.669713 0.329277
-0.662209 0.334489
-0.666334 0.341444
-0.659034 0.347246
-0.659815 0.356818
-0.64417 0.365518
-0.643497 0.372764
-0.645296 0.381174
-0.620347 0.39249
-0.635289 0.399446
-0.617318 0.408727
-0.628275 0.417727
-0.623096 0.426427
-0.615592 0.434255
-0.611781 0.442664
-0.604131 0.447876
-0.603459 0.455703
-0.595809 0.462668
-0.597462 0.467879
-0.598158 0.474835
-0.598503 0.478883
-0.582567 0.484966
-0.591198 0.486116
-0.58602 0.489583
-0.579737 0.495376
-0.5811 0.497098
-0.584789 0.501446
-0.573359 0.502587
-0.573705 0.50489
-0.578761 0.512427
-0.580124 0.509507
-0.573201 0.512101
-0.582414 0.51644
-0.583777 0.519626
-0.590869 0.522511
-0.582928 0.52307
-0.578331 0.52422
-0.579258 0.526814
-0.589488 0.529409
-0.610535 0.532303
-0.591692 0.534898
-0.60294 0.538364
-0.604884 0.542131
-0.610318 0.544726
-0.612612 0.548192
-0.622552 0.554866
-0.625514 0.555426
-0.629494 0.560064
-0.642777 0.564403
-0.643618 0.572522
-0.661408 0.573381
-0.673383 0.584698
-0.662098 0.589627
-0.671602 0.59542
-0.678984 0.60035
-0.709421 0.605851
-0.714128 0.61019
-0.704879 0.616864
-0.711911 0.62382
-0.738919 0.6366
-0.746969 0.639776
-0.755019 0.648776
-0.763069 0.657476
-0.771469 0.671127
-0.779519 0.674303
-0.787569 0.687083
-0.795619 0.695783
-0.803319 0.700966
-0.811019 0.703242
-0.819069 0.71017
-0.838398 0.717098
-0.834469 0.728977
-0.865283 0.732126
-0.850886 0.739926
-0.858586 0.746853
-0.866286 0.754653
-0.873986 0.761581
-0.882036 0.769381
-0.889736 0.779216
-0.897436 0.786144
-0.905136 0.790164
-0.912836 0.797392
-0.920536 0.808972
-0.928236 0.810957
-0.936286 0.820211
-0.943986 0.823068
-0.951686 0.83145
-0.959386 0.840422
-0.967086 0.847931
-0.974786 0.847009
-0.982486 0.859461
-0.989519 0.85912
-0.997219 0.871872
-1.00492 0.876183
-0.999971 0.883983
-1.0193 0.888294
-1.00054 0.889698
-1.03165 0.900705
-1.0397 0.903563
-1.02428 0.909618
-1.05408 0.919744
-1.06076 0.921157
-1.05233 0.92634
-1.04971 0.931524
-1.06569 0.935835
-1.06342 0.945389
-1.08871 0.948827
-1.08507 0.952266
-1.10687 0.960076
-1.10672 0.962061
-1.10759 0.96957
-1.10046 0.972437
-1.10648 0.976748
-1.11549 0.981059
-1.13743 0.983053
-1.12929 0.98562
-1.14876 0.986733
-1.14861 0.991344
-1.15463 0.996237
-1.1616 0.997931
-1.15113 0.9976
-1.16959 1.00249
-1.15795 1.00419
-1.17539 1.00531
-1.16376 1.00788
-1.18155 1.01045
-1.18619 1.01156
-1.18982 1.0121
-1.18066 1.01264
-1.1981 1.01346
-1.18545 1.01516
-1.19292 1.01424
-1.19204 1.01362
-1.20265 1.01357
-1.20526 1.01295
-1.21238 1.01377
-1.1942 1.01082
-1.20714 1.01222
-1.20327 1.0084
-1.20588 1.00981
-1.20151 1.00773
-1.20558 1.00565
-1.21066 1.00415
-1.21574 1.00323
-1.20388 1.00115
-1.2078 0.998487
-1.20838 0.998737
-1.19863 0.99607
-1.2027 0.992831
-1.1963 0.990164
-1.19969 0.987798
-1.19925 0.987748
-1.19948 0.984781
-1.18837 0.981214
-1.17958 0.97852
-1.19193 0.974081
-1.1753 0.970814
-1.18047 0.964631
-1.16732 0.956994
-1.16784 0.956926
-1.15818 0.952487
-1.15884 0.948048
-1.14837 0.941583
-1.14453 0.941214
-1.13487 0.933868
-1.12652 0.928857
-1.12268 0.929361
-1.10546 0.917653
-1.10292 0.913514
-1.08707 0.908203
-1.08119 0.903764
-1.07328 0.897881
-1.05955 0.891698
-1.05396 0.885814
-1.04707 0.880503
-1.03683 0.87432
-1.02577 0.868437
-1.01335 0.861381
-1.00093 0.854626
-0.986187 0.84757
-0.979727 0.839642
-0.967307 0.832887
-0.956109 0.820598
-0.939182 0.81297
-0.925744 0.805042
-0.913759 0.79567
-0.908317 0.788614
-0.907671 0.780987
-0.899758 0.776548
-0.884344 0.76892
-0.872359 0.759248
-0.855433 0.749585
-0.844466 0.743692
-0.833499 0.735192
-0.821515 0.720868
-0.807205 0.71702
-0.798914 0.702987
-0.785621 0.700592
-0.784976 0.692664
-0.768485 0.680385
-0.766532 0.676237
-0.759926 0.664829
-0.761811 0.663298
-0.742413 0.652763
-0.731156 0.651231
-0.728039 0.64215
-0.715619 0.63772
-0.710176 0.629211
-0.702612 0.625653
-0.69717 0.613946
-0.685767 0.614459
-0.684831 0.609448
-0.679243 0.600357
-0.670021 0.599998
-0.670393 0.592942
-0.653525 0.587931
-0.653461 0.582339
-0.65456 0.581098
-0.661474 0.577831
-0.646146 0.575437
-0.643757 0.57187
-0.638228 0.568603
-0.629878 0.564755
-0.635484 0.564387
-0.630622 0.55734
-0.622272 0.553492
-0.624244 0.558648
-0.616389 0.550148
-0.614871 0.551824
-0.614517 0.551746
-0.610673 0.550224
-0.611336 0.553353
-0.604004 0.550377
-0.605017 0.545648
-0.602191 0.546742
-0.598347 0.546092
-0.59901 0.550385
-0.600982 0.550889
-0.596702 0.551101
-0.600504 0.547207
-0.591368 0.547974
-0.597205 0.550766
-0.594696 0.546881
-0.593556 0.547348
-0.594886 0.552476
-0.590257 0.547418
-0.588098 0.545559
-0.591464 0.548651
-0.592299 0.554642
-0.594647 0.549303
-0.594524 0.552968
-0.596872 0.554607
-0.59326 0.558853
-0.589648 0.558166
-0.599642 0.554853
-0.592541 0.562016
-0.599396 0.561611
-0.601598 0.564703
-0.602493 0.56139
-0.606876 0.563901
-0.594978 0.566985
-0.616601 0.566879
-0.605721 0.56939
-0.610104 0.573637
-0.607509 0.575276
-0.611893 0.575742
-0.623109 0.578253
-0.623362 0.580464
-0.621785 0.581522
-0.627186 0.584614
-0.632442 0.583046
-0.628539 0.589337
-0.643244 0.590676
-0.638846 0.593187
-0.654568 0.595398
-0.648194 0.597909
-0.647634 0.60042
-0.662048 0.603503
-0.658 0.606014
-0.671251 0.609398
-0.669034 0.612481
-0.672981 0.615864
-0.702513 0.619248
-0.681893 0.623203
-0.704447 0.626587
-0.700109 0.630542
-0.723331 0.634798
-0.721463 0.638181
-0.730934 0.643009
-0.7186 0.646392
-0.73156 0.65152
-0.737543 0.656648
-0.733059 0.661476
-0.757444 0.665731
-0.76677 0.671731
-0.757634 0.676559
-0.756638 0.681687
-0.785734 0.687687
-0.791717 0.692814
-0.798717 0.698514
-0.805367 0.704514
-0.804517 0.70877
-0.817332 0.71477
-0.824332 0.72047
-0.831332 0.72647
-0.838332 0.734796
-0.845332 0.73847
-0.851982 0.74417
-0.858982 0.75017
-0.865982 0.75617
-0.872982 0.761298
-0.879982 0.767579
-0.886982 0.772998
-0.893982 0.778998
-0.893799 0.784126
-0.906614 0.790126
-0.913614 0.796126
-0.920614 0.801826
-0.927614 0.807826
-0.934614 0.813826
-0.941264 0.818363
-0.948264 0.823781
-0.951921 0.828609
-0.961246 0.834309
-0.967896 0.840309
-0.973879 0.848916
-0.980879 0.849964
-0.967904 0.855092
-0.993511 0.8637
-0.999494 0.864748
-1.00614 0.869876
-1.01213 0.874703
-1.01811 0.879831
-1.02409 0.884659
-1.02972 0.889487
-1.03672 0.895487
-1.02308 0.899442
-1.0322 0.907477
-1.03818 0.908526
-1.05347 0.913353
-1.06492 0.918481
-1.0709 0.927089
-1.05828 0.926692
-1.06673 0.930648
-1.06785 0.939555
-1.09143 0.93944
-1.07531 0.94107
-1.09039 0.945907
-1.10117 0.951316
-1.10512 0.95092
-1.09977 0.953131
-1.09508 0.957968
-1.10237 0.961051
-1.1226 0.962981
-1.10759 0.965774
-1.10804 0.967703
-1.11781 0.970787
-1.11594 0.977077
-1.11605 0.978416
-1.12348 0.97802
-1.13673 0.980231
-1.14731 0.982742
-1.12596 0.983209
-1.14168 0.984848
-1.13531 0.986187
-1.1344 0.987535
-1.14431 0.988292
-1.13924 0.989059
-1.14182 0.996803
-1.14824 0.997561
-1.15117 0.997455
-1.15308 0.998794
-1.14912 0.992292
-1.14173 0.991887
-1.15062 0.992653
-1.14802 0.994001
-1.14508 0.992142
-1.15048 0.992909
-1.1489 0.994248
-1.15977 1.00054
-1.14787 0.997235
-1.15676 0.996248
-1.14835 0.998468
-1.16169 0.996037
-1.15662 1.00261
-1.16101 0.99727
-1.16155 0.99949
-1.15896 0.997631
-1.14706 1.00218
-1.15726 0.998292
-1.15199 0.997887
-1.16669 0.999526
-1.16758 1.00494
-1.1615 0.999887
-1.16553 1.00443
-1.16643 1.00055
-1.16282 1.00014
-1.16371 1.00091
-1.17123 1.00371
-1.16181 1.0007
-1.1627 1.00116
-1.16804 1.00106
-1.15862 1.00095
-1.16881 1.00142
-1.16389 1.00219
-1.15993 1.00148
-1.16048 1.00165
-1.16247 0.99977
-1.15851 0.999064
-1.16487 0.999231
-1.16207 0.998226
-1.15811 0.99752
-1.15764 0.996814
-1.16065 0.995809
-1.15253 0.994231
-1.14523 0.992353
-1.14025 0.990776
-1.14457 0.989198
-1.13378 0.98732
-1.13578 0.985742
-1.1401 0.984164
-1.13861 0.982587
-1.13712 0.980709
-1.1381 0.978259
-1.12629 0.975809
-1.11483 0.973059
-1.1113 0.969737
-1.10777 0.966414
-1.10076 0.962792
-1.10072 0.95947
-1.08571 0.955276
-1.08815 0.951081
-1.07561 0.945714
-1.0667 0.939776
-1.06114 0.934709
-1.0486 0.929642
-1.04688 0.924276
-1.04132 0.919209
-1.02645 0.914142
-1.02918 0.908203
-1.0133 0.901964
-1.00672 0.896026
-0.989673 0.890087
-0.992544 0.883276
-0.984947 0.876164
-0.97488 0.870226
-0.963795 0.863414
-0.953059 0.856603
-0.94212 0.84892
-0.944845 0.842981
-0.936231 0.834998
-0.926163 0.829059
-0.916532 0.820503
-0.904429 0.81282
-0.887529 0.806009
-0.884875 0.797453
-0.878587 0.78947
-0.869306 0.780914
-0.849353 0.771487
-0.844228 0.763803
-0.834596 0.755248
-0.836304 0.748437
-0.832196 0.741626
-0.828089 0.734514
-0.823836 0.729448
-0.813914 0.722637
-0.809661 0.716698
-0.801107 0.71105
-0.791039 0.706564
-0.787949 0.700626
-0.781371 0.693233
-0.773774 0.688748
-0.768213 0.683681
-0.761634 0.673963
-0.755056 0.672676
-0.755309 0.6676
-0.746609 0.663114
-0.753841 0.653396
-0.74828 0.653853
-0.743736 0.649077
-0.739193 0.646337
-0.738138 0.640689
-0.738101 0.639692
-0.733558 0.63259
-0.730032 0.63362
-0.728627 0.628526
-0.72263 0.625466
-0.729075 0.622698
-0.725199 0.615568
-0.722341 0.618042
-0.719833 0.614692
-0.720463 0.610761
-0.714116 0.608864
-0.721579 0.601153
-0.720088 0.604781
-0.719265 0.600268
-0.719896 0.600998
-0.713258 0.596485
-0.717582 0.598659
-0.723736 0.597053
-0.720442 0.594285
-0.723108 0.591807
-0.729467 0.595444
-0.723846 0.597037
-0.732327 0.593396
-0.729033 0.592663
-0.726088 0.595709
-0.726283 0.593822
-0.740287 0.596287
-0.740482 0.596426
-0.736229 0.596564
-0.74093 0.592351
-0.738653 0.598014
-0.736376 0.599026
-0.744916 0.595385
-0.749471 0.600176
-0.750684 0.600614
-0.759891 0.596974
-0.755493 0.603509
-0.756705 0.603948
-0.758934 0.604959
-0.763635 0.60597
-0.773193 0.606981
-0.772951 0.609164
-0.768203 0.610176
-0.77741 0.611187
-0.77999 0.612498
-0.78222 0.613509
-0.777471 0.61452
-0.784208 0.616403
-0.796091 0.617714
-0.789017 0.618726
-0.790229 0.618864
-0.800454 0.621048
-0.796056 0.622059
-0.801774 0.62307
-0.804004 0.624381
-0.803095 0.625392
-0.811284 0.625531
-0.806536 0.626842
-0.81807 0.627853
-0.802042 0.628864
-0.803254 0.629303
-0.814787 0.630314
-0.810184 0.630753
-0.81509 0.631764
-0.819791 0.631903
-0.818532 0.633214
-0.809772 0.632481
-0.817962 0.63292
-0.812196 0.633059
-0.81588 0.632326
-0.823257 0.632764
-0.811676 0.632903
-0.819866 0.633342
-0.816571 0.632609
-0.820605 0.632176
-0.813821 0.631442
-0.822011 0.631581
-0.812234 0.630276
-0.821733 0.629542
-0.812623 0.629109
-0.815144 0.628376
-0.812345 0.62707
-0.811521 0.625464
-0.807209 0.624159
-0.813569 0.623426
-0.81042 0.62242
-0.802969 0.621714
-0.811799 0.621009
-0.809 0.620003
-0.805038 0.619298
-0.808054 0.618592
-0.804092 0.617587
-0.80013 0.616881
-0.802128 0.615303
-0.798166 0.614298
-0.804671 0.613592
-0.79722 0.612887
-0.795729 0.611009
-0.801884 0.610303
-0.794433 0.609598
-0.798466 0.609464
-0.793486 0.607887
-0.796502 0.607181
-0.800535 0.607348
-0.800062 0.606342
-0.791594 0.604764
-0.799116 0.604931
-0.788176 0.604226
-0.803984 0.60322
-0.80104 0.603387
-0.794752 0.602681
-0.798785 0.602848
-0.79933 0.602714
-0.805689 0.603753
-0.800419 0.60392
-0.820238 0.604959
-0.814968 0.604826
-0.808534 0.604992
-0.806608 0.606031
-0.824451 0.60707
-0.822524 0.608109
-0.831064 0.608848
-0.829137 0.609887
-0.839712 0.61267
-0.830808 0.613709
-0.831061 0.61562
-0.840473 0.618403
-0.850031 0.620014
-0.858425 0.621926
-0.86304 0.625581
-0.860822 0.628364
-0.866746 0.631148
-0.870343 0.633931
-0.897054 0.637587
-0.895854 0.640942
-0.893286 0.643726
-0.890923 0.647381
-0.899027 0.651037
-0.919778 0.655564
-0.922067 0.65922
-0.930025 0.663748
-0.936675 0.669148
-0.9237 0.673676
-0.94794 0.678203
-0.95459 0.683603
-0.96124 0.688703
-0.96789 0.694103
-0.961893 0.698631
-0.980172 0.704031
-0.986822 0.709431
-0.993472 0.714831
-1.00012 0.720231
-1.00677 0.725631
-1.01342 0.731031
-1.02007 0.739339
-1.02672 0.741831
-1.03337 0.747231
-1.04002 0.752631
-1.04667 0.758031
-1.05332 0.763431
-1.05997 0.767959
-1.06627 0.774213
-1.07257 0.777559
-1.07887 0.782059
-1.08517 0.786559
-1.09182 0.791359
-1.09812 0.795859
-1.0848 0.799487
-1.1097 0.804287
-1.116 0.808787
-1.10268 0.812414
-1.12794 0.817214
-1.13424 0.821714
-1.13952 0.825342
-1.1448 0.82927
-1.15008 0.832898
-1.15638 0.837698
-1.15039 0.841326
-1.1673 0.844953
-1.1736 0.849753
-1.15446 0.853381
-1.18518 0.858181
-1.1898 0.860937
-1.1961 0.865437
-1.18175 0.868492
-1.20564 0.87212
-1.20409 0.874303
-1.21519 0.882583
-1.20222 0.881559
-1.2075 0.885487
-1.21278 0.889114
-1.21806 0.893042
-1.22233 0.899577
-1.24622 0.898853
-1.22772 0.900737
-1.22966 0.9067
-1.24323 0.904803
-1.26028 0.907859
-1.25176 0.911196
-1.26815 0.911926
-1.26543 0.914681
-1.25938 0.916864
-1.26161 0.917876
-1.25206 0.920059
-1.26229 0.921651
-1.2717 0.923253
-1.27494 0.925137
-1.27369 0.926448
-1.2794 0.926587
-1.26637 0.92877
-1.28174 0.929781
-1.27714 0.93022
-1.27486 0.933266
-1.2736 0.930798
-1.27932 0.931809
-1.27405 0.936027
-1.28108 0.930942
-1.27299 0.931081
-1.26388 0.929776
-1.27686 0.929042
-1.26694 0.928609
-1.26612 0.927003
-1.26631 0.92657
-1.25619 0.925264
-1.25885 0.923659
-1.25489 0.922353
-1.25407 0.920748
-1.26022 0.919442
-1.24457 0.916392
-1.24956 0.914787
-1.23775 0.911737
-1.2394 0.909559
-1.23988 0.907081
-1.23121 0.904031
-1.22036 0.899809
-1.22584 0.897631
-1.2195 0.894581
-1.21562 0.890359
-1.19415 0.887309
-1.2054 0.883387
-1.18806 0.878292
-1.18666 0.873498
-1.18423 0.867831
-1.17236 0.862737
-1.14959 0.852981
-1.14682 0.846414
-1.14091 0.840148
-1.13747 0.833009
-1.12423 0.826742
-1.12428 0.819603
-1.10804 0.812464
-1.09626 0.804453
-1.08933 0.797314
-1.08487 0.789303
-1.06378 0.781292
-1.06063 0.772409
-1.04687 0.764398
-1.02404 0.752898
-1.02307 0.744887
-1.01062 0.736003
-1.00994 0.726248
-0.987834 0.717364
-0.98832 0.707609
-0.970779 0.694364
-0.957976 0.685481
-0.943197 0.676598
-0.939031 0.665389
-0.92521 0.657087
-0.915229 0.647331
-0.905247 0.637576
-0.894916 0.626366
-0.888423 0.618937
-0.882948 0.611798
-0.873984 0.602914
-0.860164 0.593159
-0.86501 0.58602
-0.850232 0.577137
-0.84775 0.566218
-0.825994 0.561114
-0.8368 0.550196
-0.818037 0.54044
-0.807038 0.533301
-0.798074 0.527616
-0.790128 0.519605
-0.779506 0.51014
-0.784352 0.509398
-0.777423 0.497607
-0.776977 0.494257
-0.764234 0.486537
-0.764137 0.486957
-0.757876 0.480109
-0.758943 0.481111
-0.753032 0.471937
-0.750464 0.474101
-0.73141 0.471033
-0.742798 0.463603
-0.733398 0.459381
-0.734115 0.455731
-0.735036 0.453826
-0.726363 0.452792
-0.728302 0.452631
-0.732071 0.450726
-0.726742 0.450864
-0.727372 0.451576
-0.720675 0.454031
-0.721306 0.452126
-0.720919 0.450511
-0.721404 0.455001
-0.713398 0.452814
-0.721879 0.454398
-0.731377 0.456853
-0.7209 0.461635
-0.727055 0.459439
-0.727249 0.462776
-0.72977 0.465231
-0.728596 0.468559
-0.733297 0.471014
-0.733492 0.474342
-0.741332 0.476226
-0.74487 0.481298
-0.746082 0.485207
-0.747294 0.488535
-0.746847 0.493907
-0.748059 0.490548
-0.751597 0.494748
-0.757316 0.501574
-0.755707 0.501703
-0.757936 0.505913
-0.767144 0.506914
-0.766902 0.512568
-0.781574 0.519103
-0.783804 0.516035
-0.79054 0.522861
-0.786809 0.521246
-0.789039 0.527781
-0.786121 0.529364
-0.788351 0.530076
-0.792616 0.532831
-0.814471 0.534414
-0.79876 0.536298
-0.818289 0.537881
-0.815576 0.540637
-0.80952 0.54222
-0.830066 0.544976
-0.820171 0.546559
-0.820946 0.549314
-0.834515 0.55177
-0.84474 0.553353
-0.845166 0.556109
-0.848413 0.557692
-0.865471 0.560448
-0.846621 0.562031
-0.850886 0.564787
-0.876897 0.567242
-0.880145 0.569126
-0.885427 0.572753
-0.888674 0.574337
-0.871801 0.57622
-0.870251 0.578676
-0.892106 0.580559
-0.88256 0.582142
-0.886825 0.584898
-0.887396 0.586481
-0.915066 0.588364
-0.886913 0.589948
-0.899464 0.591831
-0.9062 0.593714
-0.909097 0.595298
-0.898534 0.596309
-0.905271 0.597892
-0.900522 0.598903
-0.919034 0.599614
-0.908121 0.600626
-0.911368 0.602509
-0.910109 0.60322
-0.915827 0.604231
-0.908403 0.605242
-0.906126 0.605081
-0.92362 0.60522
-0.912039 0.605059
-0.917758 0.60607
-0.917602 0.605337
-0.915325 0.605176
-0.919009 0.604442
-0.916732 0.604581
-0.913437 0.603548
-0.913282 0.602814
-0.914494 0.602953
-0.914688 0.60192
-0.90805 0.600314
-0.910571 0.599581
-0.910765 0.598548
-0.908284 0.597814
-0.909786 0.596209
-0.908963 0.594303
-0.905814 0.592698
-0.904991 0.591092
-0.9028 0.588614
-0.898488 0.586709
-0.894176 0.585103
-0.899313 0.582626
-0.891512 0.58072
-0.889321 0.578242
-0.888498 0.576637
-0.886658 0.574159
-0.889323 0.572253
-0.883994 0.569776
-0.882153 0.567298
-0.883451 0.56482
-0.879139 0.562914
-0.872501 0.561309
-0.871969 0.557959
-0.86882 0.556353
-0.880439 0.554748
-0.871621 0.55197
-0.867309 0.550364
-0.865468 0.547887
-0.868134 0.546281
-0.86731 0.544376
-0.869626 0.54277
-0.872292 0.541164
-0.871469 0.539559
-0.871663 0.538826
-0.867351 0.53722
-0.870684 0.536187
-0.870879 0.535453
-0.876888 0.53472
-0.871268 0.533987
-0.877277 0.533253
-0.88096 0.53252
-0.880805 0.531487
-0.885506 0.531626
-0.886718 0.531764
-0.890256 0.531903
-0.890159 0.532914
-0.893697 0.533053
-0.895577 0.534064
-0.897807 0.535076
-0.916318 0.535787
-0.902266 0.536798
-0.91598 0.538681
-0.93202 0.540564
-0.922124 0.542448
-0.917376 0.543459
-0.924112 0.545342
-0.936663 0.547226
-0.947906 0.549981
-0.956968 0.551864
-0.955418 0.55462
-0.970962 0.557376
-0.972901 0.560131
-0.970188 0.562887
-0.959334 0.565342
-0.963599 0.568098
-0.992286 0.570853
-0.9821 0.574481
-0.983894 0.578109
-1.00677 0.580864
-0.993441 0.584492
-1.01733 0.58812
-0.997173 0.590876
-1.02688 0.594503
-1.03181 0.598131
-1.01398 0.600887
-1.02973 0.604514
-1.04664 0.608142
-1.05294 0.612642
-1.05822 0.61627
-1.04141 0.619898
-1.04402 0.623526
-1.05162 0.627153
-1.06039 0.631081
-1.08428 0.634709
-1.09058 0.639209
-1.08424 0.642837
-1.10013 0.645592
-1.09576 0.64922
-1.10104 0.652848
-1.11563 0.656476
-1.1023 0.660103
-1.12619 0.663731
-1.12566 0.667359
-1.13676 0.670987
-1.12308 0.674614
-1.12735 0.67767
-1.15022 0.680426
-1.1462 0.684353
-1.14916 0.687109
-1.14063 0.690164
-1.16452 0.693792
-1.1746 0.696848
-1.15924 0.698731
-1.1635 0.701787
-1.16428 0.704842
-1.16273 0.706726
-1.18226 0.708909
-1.18303 0.711664
-1.1793 0.713848
-1.19534 0.717185
-1.18347 0.717042
-1.19849 0.718353
-1.19127 0.720237
-1.19452 0.72242
-1.18745 0.723431
-1.19418 0.725614
-1.18943 0.726926
-1.18483 0.7291
-1.20567 0.727503
-1.19612 0.729387
-1.1905 0.728953
-1.19622 0.730264
-1.19394 0.731566
-1.19414 0.728226
-1.19884 0.728664
-1.19555 0.727931
-1.20257 0.72837
-1.18997 0.727937
-1.18784 0.727203
-1.19385 0.72677
-1.19652 0.726918
-1.1736 0.722987
-1.19138 0.721681
-1.18126 0.720376
-1.17113 0.71877
-1.17161 0.716592
-1.16847 0.715287
-1.16561 0.711937
-1.16377 0.709759
-1.14811 0.706709
-1.14758 0.703659
-1.14507 0.700309
-1.13684 0.694642
-1.13979 0.691592
-1.1301 0.68737
-1.11925 0.683448
-1.11436 0.678653
-1.11746 0.674731
-1.1021 0.669637
-1.0972 0.664842
-1.09827 0.659176
-1.08407 0.654381
-1.08049 0.648714
-1.07225 0.642748
-1.05936 0.637081
-1.05345 0.631414
-1.04071 0.624876
-1.0348 0.618909
-1.03368 0.61237
-1.02675 0.605831
-1.01503 0.600164
-1.00941 0.592753
-1.00015 0.586214
-0.991189 0.577631
-0.986586 0.571092
-0.978349 0.565426
-0.970403 0.558014
-0.973796 0.552348
-0.958581 0.546681
-0.940168 0.539842
-0.956498 0.533003
-0.946081 0.526164
-0.934296 0.518153
-0.92257 0.507535
-0.924945 0.50622
-0.912056 0.500253
-0.887623 0.49167
-0.908315 0.487448
-0.888594 0.480609
-0.894458 0.47377
-0.890522 0.467803
-0.883303 0.463581
-0.870414 0.452963
-0.881802 0.45252
-0.867605 0.447426
-0.868176 0.439424
-0.859794 0.438109
-0.858389 0.432714
-0.854513 0.429364
-0.857265 0.425142
-0.845394 0.420048
-0.848496 0.416698
-0.841131 0.407824
-0.836905 0.408253
-0.836518 0.404031
-0.839474 0.400681
-0.836616 0.393551
-0.834775 0.396598
-0.825752 0.393539
-0.832197 0.39107
-0.829339 0.388592
-0.835784 0.383207
-0.831122 0.385381
-0.819978 0.382903
-0.821626 0.37839
-0.833596 0.375913
-0.825795 0.379831
-0.830582 0.378226
-0.833247 0.375166
-0.835768 0.376759
-0.832619 0.371374
-0.834121 0.375583
-0.837455 0.372524
-0.83416 0.37179
-0.834355 0.371057
-0.838038 0.372368
-0.834394 0.373379
-0.848398 0.37439
-0.842778 0.378309
-0.847479 0.37932
-0.861484 0.381203
-0.846064 0.381342
-0.851783 0.383226
-0.852995 0.384537
-0.85755 0.38642
-0.862251 0.387431
-0.859624 0.386407
-0.86636 0.390616
-0.875568 0.388429
-0.869802 0.394092
-0.873049 0.397148
-0.878418 0.399031
-0.880647 0.400914
-0.890377 0.400163
-0.896096 0.404353
-0.898993 0.404183
-0.891569 0.40692
-0.890977 0.407622
-0.893874 0.410659
-0.909914 0.411942
-0.91034 0.41497
-0.916726 0.416253
-0.911337 0.418409
-0.911096 0.419692
-0.937107 0.422148
-0.940004 0.423431
-0.941593 0.425587
-0.954811 0.427742
-0.938288 0.429026
-0.936388 0.431181
-0.9451 0.432764
-0.947707 0.435792
-0.961275 0.437948
-0.980309 0.440103
-0.972594 0.442559
-0.966042 0.444714
-0.973446 0.44687
-0.974221 0.449026
-0.985114 0.451181
-1.00415 0.453637
-0.985966 0.455792
-1.01334 0.45882
-1.00461 0.460103
-1.00504 0.462559
-0.999649 0.464714
-1.00391 0.46687
-1.02644 0.469326
-1.01654 0.470609
-1.01464 0.472764
-1.01856 0.47492
-1.01933 0.477376
-1.01976 0.479531
-1.03894 0.480814
-1.03486 0.482398
-1.03578 0.483681
-1.04551 0.485837
-1.05669 0.486248
-1.05028 0.487831
-1.04772 0.489114
-1.03913 0.489526
-1.04799 0.490237
-1.06368 0.49152
-1.05893 0.491931
-1.05252 0.493514
-1.05338 0.493053
-1.05526 0.493764
-1.054 0.494176
-1.04905 0.493714
-1.05573 0.493553
-1.05563 0.493964
-1.05548 0.493231
-1.04971 0.49307
-1.05988 0.492909
-1.05527 0.492748
-1.04814 0.492014
-1.05182 0.490981
-1.05865 0.489948
-1.04605 0.489214
-1.04822 0.488181
-1.04609 0.487148
-1.05422 0.485242
-1.04409 0.483637
-1.04626 0.482603
-1.04311 0.480698
-1.04296 0.479964
-1.03414 0.477187
-1.02715 0.475281
-1.03563 0.473676
-1.02995 0.470898
-1.0361 0.468992
-1.02694 0.466514
-1.02408 0.462864
-1.01607 0.460087
-1.01074 0.457609
-1.00157 0.454831
-1.01151 0.451181
-1.00001 0.448703
-1.00166 0.445926
-1.00529 0.443148
-0.996613 0.439798
-1.00408 0.43702
-0.997379 0.43367
-0.989723 0.430892
-0.983026 0.427242
-0.980168 0.423892
-0.981466 0.421114
-0.978608 0.417764
-0.968421 0.414114
-0.977047 0.411337
-0.973839 0.407987
-0.967492 0.404337
-0.965301 0.401859
-0.958954 0.398209
-0.960252 0.395731
